,1,3,2,5,4,7,6
A[C>A]A,0.281531977235,1.3543637837,2.8194863827,1.51026177319,0.224103359893,0.935387936943,0.310693182108
A[C>A]C,0.199982023991,1.00923579495,2.18382135649,1.12540682171,0.166995850963,0.697026160541,0.269789779882
A[C>A]G,0.0536255439227,0.368487267201,0.572567736975,0.410903067742,0.0609727132779,0.254494803247,0.0732201722822
A[C>A]T,0.175917194691,0.962039812073,1.3610151234,1.07277820771,0.159186443724,0.664430373806,0.280327451236
C[C>A]A,0.354472560799,2.13237530787,2.33145665665,2.37782858071,0.352839079719,1.47271963709,0.354957949692
C[C>A]C,0.257879109901,2.17287632024,1.3374901985,2.42299158013,0.359540686083,1.5006915593,0.364639061842
C[C>A]G,0.0820918924766,0.700332803029,0.479667106518,0.780946650859,0.115882406257,0.483683086984,0.0579856833893
C[C>A]T,0.339751249808,3.53656108706,2.26860955189,3.94364725536,0.585186366924,2.44251700977,0.582984718018
G[C>A]A,0.367190876203,1.7600561899,3.06522363732,1.96265258586,0.291232319192,1.21557837576,0.28727925469
G[C>A]C,0.235995736112,1.78701431298,2.60217545901,1.99271380224,0.295693015817,1.23419693558,0.270703355397
G[C>A]G,0.0771741784106,0.625321507222,0.539924188579,0.697300961291,0.103470465224,0.431876724413,0.0916254793592
G[C>A]T,0.266295561455,1.94846773477,2.34453174375,2.17275179057,0.322408330213,1.3457043348,0.310299432266
T[C>A]A,0.261291938067,1.49112460745,1.65878433054,1.66276485003,0.246732848715,1.0298414555,0.659996273728
T[C>A]C,0.247277060234,1.61333662985,1.42492682734,1.79904444336,0.266954981917,1.11424688105,0.457481106211
T[C>A]G,0.0628179033062,0.398624128001,0.420255910877,0.444508919714,0.0659593880866,0.275308750274,0.0948748012005
T[C>A]T,0.369593381435,2.21474589197,2.72835491178,2.46968067091,0.366468744715,1.52960867359,1.54922115802
A[C>G]A,0.0604403596832,0.462516379622,0.635269760289,0.515755675119,0.0765314872757,0.319435772977,0.0969711297711
A[C>G]C,0.0353337753402,0.286348920667,0.276863204441,0.319309947506,0.0473814760816,0.197766161036,0.0599959711263
A[C>G]G,0.00772774796418,0.148783603128,0.017341442739,0.165909773273,0.0246188695824,0.102757020866,0.0173763530016
A[C>G]T,0.0553723782762,0.448364078384,0.410320030376,0.499974332011,0.0741897395887,0.309661521762,0.0936461706539
C[C>G]A,0.0404498192505,0.339924963255,0.361562019244,0.37905301658,0.0562465766538,0.234768319946,0.0930624239036
C[C>G]C,0.0440886534233,0.353808889831,0.250796971858,0.394535092977,0.0585439170223,0.244357218876,0.0810909134064
C[C>G]G,0.0201536648924,0.204340463753,0.0739704481053,0.227861668214,0.0338117314123,0.141127226765,0.0297791314813
C[C>G]T,0.0479314685129,0.466630373435,0.231693799176,0.520343222175,0.0772122200647,0.322277092444,0.0901532097921
G[C>G]A,0.024474213861,0.361335498898,0.188968916298,0.402928074311,0.0597893271558,0.249555452476,0.0555898126624
G[C>G]C,0.0345056459039,0.477220786175,0.197807592444,0.532152675231,0.0789645905182,0.329591334337,0.0625123492157
G[C>G]G,0.00946303577376,0.120061265629,0.0161921783027,0.133881267428,0.0198662525861,0.082920010794,0.0219013936501
G[C>G]T,0.0349859773742,0.329926266327,0.368606663149,0.367903390508,0.0545921160109,0.227862745089,0.0759415486292
T[C>G]A,0.0836096956145,0.398458629843,0.4022846619,0.444324371408,0.0659320034992,0.275194449388,0.738947109404
T[C>G]C,0.0468372557071,0.434455104273,0.240308705077,0.484464324908,0.0718882546638,0.300055323814,0.0831134727612
T[C>G]G,0.0102709714536,0.090145669261,0.0438310633063,0.100522149176,0.0149161898777,0.0622588794896,0.0423556498287
T[C>G]T,0.153493736563,0.771442633311,0.724316523205,0.860241785346,0.127648781051,0.532794912215,1.32924105594
A[C>T]A,0.256818162143,3.4456655487,1.31451733098,3.84228892121,0.570146097986,2.37974023507,0.605759318871
A[C>T]C,0.477842292419,3.63482340369,1.45191279022,4.05322034224,0.601445599171,2.51038163132,0.973271163432
A[C>T]G,0.364251528518,5.41984564073,2.37408122679,6.04371276485,0.896808990913,3.74320274468,0.561186205344
A[C>T]T,0.319682539596,2.35725627299,1.21547386986,2.62859512455,0.390049599127,1.6280331094,0.610461750987
C[C>T]A,0.628675228236,2.96944361198,1.48021966107,3.31125007091,0.491346784715,2.05083875359,1.04670595944
C[C>T]C,1.01360360097,4.35823666089,1.39191351153,4.85990419021,0.721147073385,3.01000517587,1.81142615668
C[C>T]G,0.44831860741,4.61617113318,1.6020850518,5.14752896146,0.763826878152,3.18814696968,0.568104598314
C[C>T]T,0.845166321206,3.29049700322,1.34037031869,3.66925924819,0.544470727151,2.27257346985,1.70712315777
G[C>T]A,0.326635201987,4.84074996719,1.05127062594,5.39795859651,0.800987404643,3.3432517759,0.836187775698
G[C>T]C,0.67541689637,7.41272923901,1.2728280929,8.2659930363,1.22656670861,5.11958278377,1.75684581776
G[C>T]G,0.383770913184,7.98780752975,1.74116365851,8.90726738929,1.32172354809,5.51675915724,0.651569463166
G[C>T]T,0.496893865844,4.75565578979,1.22963012488,5.30306940588,0.78690707313,3.28448169654,1.2573019952
T[C>T]A,1.35012712899,4.06014084167,1.45579259841,4.52749518316,0.671821865888,2.80412604892,7.96923734473
T[C>T]C,1.80024731242,4.75006677494,1.58715591012,5.29683705119,0.785982272113,3.28062165751,2.2375930295
T[C>T]G,0.666554170606,2.70119316226,1.42613755326,3.01212187158,0.446960019654,1.86557225595,1.72598091547
T[C>T]T,1.05465965054,3.51167909906,1.87952570127,3.91590115363,0.581069203442,2.42533232741,4.76825283175
A[T>A]A,0.149031095711,0.581095063197,1.07656991282,0.647983703565,0.0961524205289,0.401331842208,0.63165675456
A[T>A]C,0.121351962295,0.572531928513,0.854698165775,0.638434884313,0.0947354989625,0.3954177348,0.160820926268
A[T>A]G,0.188642848923,0.542833226825,0.888220768355,0.605317627035,0.0898213253019,0.37490640126,0.265960220462
A[T>A]T,0.13624686982,0.98022898329,1.2150660859,1.09306109647,0.162196162703,0.676992679107,0.191677855886
C[T>A]A,0.194918308166,0.403630731576,1.27640205716,0.45009182298,0.0667878188938,0.278766548427,1.26346584716
C[T>A]C,0.214637827065,0.761239304423,1.27828268252,0.848863972557,0.125960460444,0.52574800881,0.311295947183
C[T>A]G,0.471699672585,0.882051998326,2.76451834871,0.983583163601,0.145951050083,0.60918699165,0.734995494315
C[T>A]T,0.268448840538,0.558138475142,2.09278492501,0.622384630554,0.0923538484048,0.385476932472,0.414236253265
G[T>A]A,0.127488424709,0.260938871602,1.18080769684,0.290975000708,0.0431769355889,0.180216774632,0.532470460827
G[T>A]C,0.0779821903137,0.42773043928,0.47349401942,0.476965597758,0.0707755403125,0.29541095087,0.112401472244
G[T>A]G,0.13946246594,0.428520983135,1.19358364544,0.477847139468,0.0709063497274,0.295956937993,0.241972072567
G[T>A]T,0.0945018719577,0.481055754484,0.781873828834,0.536429078741,0.0795991536196,0.332239945543,0.145154757455
T[T>A]A,0.132810445043,0.66262824404,1.17960329717,0.73890199875,0.109643522395,0.457642528258,0.344506345416
T[T>A]C,0.133567040922,0.509608323151,0.657645709169,0.568268274018,0.0843236793704,0.351959705198,0.160234879151
T[T>A]G,0.169312603945,0.488761588099,0.966766142713,0.545021914787,0.0808742196135,0.337561960126,0.227738277717
T[T>A]T,0.170952727482,0.536120326348,1.13262881885,0.59783201859,0.0887105575972,0.370270153449,0.227133675001
A[T>C]A,0.265874710176,2.15183930025,2.70213139244,2.39953303265,0.356059740329,1.48616239442,0.509458405842
A[T>C]C,0.155429654257,1.06258985962,1.47793806762,1.18490236145,0.175824221377,0.733875010963,0.233114931481
A[T>C]G,0.260743519442,2.17639514744,2.53308074675,2.42691545218,0.360122938066,1.50312182845,0.408846852557
A[T>C]T,0.190398413693,1.496296999,2.12796451681,1.66853262479,0.247588712065,1.03341375471,0.376085768246
C[T>C]A,0.175070455729,0.846030755097,1.70836247571,0.943415590216,0.139990700484,0.584309010714,0.271982489193
C[T>C]C,0.250719524286,0.932389883442,2.21093048968,1.03971533765,0.154280340426,0.643952725255,0.313558932118
C[T>C]G,0.296339566523,2.03387795742,2.73043470729,2.26799340575,0.336540956982,1.40469269001,0.416312187568
C[T>C]T,0.356596426805,1.10257973759,3.22245024812,1.22949539084,0.182441251543,0.761493919485,0.42589029095
G[T>C]A,0.370620199867,1.26057566749,3.05943240272,1.40567790259,0.208584462965,0.870613410638,0.496143416029
G[T>C]C,0.206005735723,1.43983974973,1.67518931892,1.60557669934,0.238246865063,0.994421697654,0.272928749678
G[T>C]G,0.261670576445,1.34930866896,1.82144390197,1.50462477474,0.223266902058,0.931896634677,0.286340780782
G[T>C]T,0.317958133981,1.02498910408,2.32864475419,1.14297346139,0.169602513625,0.707906143826,0.370714099065
T[T>C]A,0.208868479569,1.03597918926,1.72230899298,1.15522859234,0.171421016927,0.715496418479,0.224659070108
T[T>C]C,0.202728474002,1.06197057029,1.86117800648,1.18421178702,0.175721749041,0.733447300345,0.295434132344
T[T>C]G,0.159848321015,1.11103314097,1.03432917992,1.23892184785,0.183840016132,0.767332241248,0.188124831518
T[T>C]T,0.179045188991,0.942603360982,1.87823178203,1.05110446728,0.155970340306,0.6510066378,0.245108582913
A[T>G]A,0.0200183728189,0.519965129991,0.800283245023,0.579817231285,0.08603739561,0.359112607764,0.0391307107015
A[T>G]C,0.0370413802903,0.247666826341,0.373595807194,0.276175238006,0.0409808417686,0.171050469991,0.0543748750507
A[T>G]G,0.0465791361911,0.379646329529,0.523161853216,0.423346626453,0.0628191768285,0.262201781545,0.073377023502
A[T>G]T,0.149034209282,0.65355219391,1.77719019347,0.728781223425,0.108141729928,0.451374177089,0.206755134276
C[T>G]A,0.0181327227322,0.307329580789,0.53896627672,0.342705647642,0.0508530961017,0.21225640112,0.0278294097436
C[T>G]C,0.0978787264073,0.549276401165,0.954428887967,0.612502461731,0.0908874620633,0.379356363395,0.120860297239
C[T>G]G,0.101032064671,0.723631196246,1.12232361934,0.806926873512,0.11973753607,0.499774063595,0.150889205676
C[T>G]T,0.660059186624,1.35256101578,7.13855181061,1.50825149242,0.223805060165,0.934142859819,0.777412644702
G[T>G]A,0.00378320555675,0.146839587818,0.236090960159,0.163741986416,0.0242971979843,0.101414391586,0.0111861707926
G[T>G]C,0.024932049105,0.201554766648,0.23675638921,0.224755315327,0.033350788726,0.139203292074,0.0435789331047
G[T>G]G,0.0630115332179,0.38143182253,0.559109940802,0.425337643829,0.0631146181165,0.263434927791,0.0802277014651
G[T>G]T,0.192341055493,0.790757936641,2.22879122863,0.881780432945,0.130844838437,0.546134977824,0.231639862035
T[T>G]A,0.0212607566411,0.785119553808,1.04820102899,0.875493027627,0.129911868616,0.542240842918,0.0504765145917
T[T>G]C,0.0683368709137,0.372559238179,0.69514699371,0.415443754804,0.0616464926484,0.25730709975,0.104086494837
T[T>G]G,0.0506073017125,0.455318378913,0.633433644434,0.507729127565,0.0753404511871,0.314464491911,0.0957781525978
T[T>G]T,0.346288844341,1.14668832554,4.63446790386,1.27868122632,0.189739794874,0.791957404691,0.557208071082
