,1,3,2,5,4,7,6
A[C>A]A,1.59303468764,0.324895232348,0.628829481964,0.670751447428,2.66739291156,0.26976202768,1.7607225495
A[C>A]C,1.35172624376,0.275681010241,0.533576148854,0.569147892111,2.21641021585,0.243139519735,1.49401321679
A[C>A]G,0.227584575925,0.0464152753532,0.0898360168126,0.0958250846001,0.757010945575,0.0646555402524,0.251540847075
A[C>A]T,1.37623682435,0.28067987865,0.543251378032,0.579468136568,1.60944757284,0.269409529943,1.52110385849
C[C>A]A,1.85146529937,0.377601475528,0.730841565539,0.779564336575,2.67787932649,0.585103615338,2.04635638351
C[C>A]C,1.53230771346,0.312510125772,0.604858307946,0.645182195143,2.24423311674,0.765637837853,1.69360326225
C[C>A]G,0.24481046846,0.0499284508043,0.0966357112341,0.103078091983,0.67852933651,0.260006836677,0.270579991455
C[C>A]T,2.16071081432,0.440671284499,0.852912163547,0.90977297445,3.47920895957,1.99812539529,2.38815405793
G[C>A]A,1.42718388298,0.291070397188,0.563362059073,0.600919529677,2.83135334345,0.267387404843,1.5774137654
G[C>A]C,1.27878847178,0.260805543587,0.504784923071,0.538437251276,3.10933376513,0.415075832923,1.4133977846
G[C>A]G,0.218543426037,0.0445713566259,0.0862671418566,0.092018284647,0.912275717519,0.153708771724,0.241547997198
G[C>A]T,1.44732872857,0.295178885432,0.571313971804,0.609401569924,2.9417531139,0.591968996625,1.59967912105
T[C>A]A,1.65151676478,0.33682249808,0.651914512414,0.695375479908,3.13752153408,0.613684652196,1.82536063476
T[C>A]C,1.55792575086,0.317734857083,0.614970691129,0.655968737204,2.69494865212,0.560905152481,1.72191793516
T[C>A]G,0.219751452021,0.0448177303464,0.0867439942188,0.0925269271667,0.640843935744,0.108106197024,0.242883183813
T[C>A]T,2.20640301524,0.449990088635,0.870948558648,0.929011795892,3.20774901483,0.864023955757,2.43865596422
A[C>G]A,0.539850650247,0.110101119458,0.213098940887,0.227305536946,0.692222043768,0.194574462926,0.596677034483
A[C>G]C,0.281893023975,0.0574913404159,0.111273562095,0.118691799568,0.339709120636,0.131359229387,0.311565973867
A[C>G]G,0.0284263504395,0.00579747936595,0.0112209278051,0.0119689896587,0.0920519201168,0.0319721366728,0.0314185978542
A[C>G]T,0.475369168178,0.0969502908784,0.187645724281,0.200155439233,0.541845590949,0.192124862502,0.525408027986
C[C>G]A,0.531058211268,0.108307924666,0.20962824129,0.223603457376,0.521588203395,0.131253559005,0.586959075611
C[C>G]C,0.3651802761,0.07447755631,0.144150108987,0.153760116253,0.365950415065,0.131125271782,0.403620305164
C[C>G]G,0.076589669697,0.0156202615829,0.0302327643541,0.0322482819777,0.160433884688,0.0358944008189,0.0846517401914
C[C>G]T,0.371088346039,0.0756824916263,0.146482241857,0.156247724648,0.505941573489,0.156767826028,0.410150277201
G[C>G]A,0.267038921751,0.0544618853571,0.105410100691,0.112437440737,0.288342442988,0.103986284926,0.295148281935
G[C>G]C,0.262587012818,0.0535539302459,0.103652768218,0.110562952766,0.349109431917,0.124061484468,0.29022775101
G[C>G]G,0.0323648532588,0.00660072665147,0.0127755999706,0.0136273066353,0.118512662788,0.02247237343,0.0357716799177
G[C>G]T,0.38431468087,0.0783799678089,0.151703163501,0.161816707735,0.427351139791,0.125763919943,0.424768857803
T[C>G]A,2.1647678584,0.441498707963,0.854513628315,0.911481203536,8.00117937099,1.08150304368,2.39263815928
T[C>G]C,0.803606355618,0.163893401475,0.317213035112,0.338360570787,1.93318759076,0.156583763723,0.888196498315
T[C>G]G,0.100815434415,0.0205610425452,0.0397955662166,0.0424486039644,0.333671006142,0.0638089229761,0.111427585406
T[C>G]T,2.56837479564,0.52381328069,1.01383215617,1.08142096659,10.100576542,1.94653546118,2.83873003729
A[C>T]A,2.1229084182,0.432961585291,0.837990165079,0.893856176084,2.23487769382,1.3131459686,2.34637246222
A[C>T]C,2.36853668328,0.483056823565,0.93494869077,0.997278603488,3.02424623495,2.00303259738,2.61785633416
A[C>T]G,1.63628835306,0.333716703585,0.645903297261,0.688963517079,4.30842934851,1.59887830435,1.80852923233
A[C>T]T,1.94909953329,0.397513720606,0.769381394721,0.820673487702,1.89923773933,1.41438876281,2.15426790522
C[C>T]A,3.0231199795,0.61655736424,1.19333683401,1.27289262295,3.34931967957,1.19638066634,3.34134313523
C[C>T]C,3.89638036285,0.794656521372,1.53804488007,1.64058120541,5.49515095723,2.36823790194,4.30652566421
C[C>T]G,1.68851441754,0.344368071997,0.666518849027,0.710953438962,3.2799861249,1.56732365892,1.86625277728
C[C>T]T,3.74900090032,0.764598867829,1.47986877644,1.57852669487,5.24831384635,1.70039632709,4.14363257404
G[C>T]A,1.96211861879,0.400168928832,0.774520507416,0.82615520791,3.79196588927,1.88147188615,2.16865742076
G[C>T]C,3.16812371107,0.646130493705,1.25057514911,1.33394682571,6.87619252826,2.85958991454,3.5016104175
G[C>T]G,1.67824952933,0.34227457506,0.662466919471,0.70663138077,5.47748242422,1.73814753646,1.85490737452
G[C>T]T,2.27157974077,0.463282710289,0.896676213462,0.956454627693,5.12016009706,2.06481930002,2.51069339769
T[C>T]A,4.07759575184,0.831614923073,1.60957727046,1.71688242183,14.1068200822,11.3729742584,4.5068163573
T[C>T]C,6.47533813397,1.32062817206,2.55605452657,2.72645816167,5.38251684341,4.42126250547,7.15695267439
T[C>T]G,2.02817818543,0.413641603607,0.800596652142,0.853969762285,3.32369396954,2.00894027755,2.241670626
T[C>T]T,3.60991613147,0.736232895234,1.424966894,1.51996468693,7.76125846911,7.26586986865,3.9899073032
A[T>A]A,5.08172452511,1.03640434394,2.00594389149,2.13967348426,1.12275528315,0.173919717369,5.61664289617
A[T>A]C,0.918907980442,0.187408864432,0.362726834385,0.386908623344,0.714143384674,0.251002756977,1.01563513628
A[T>A]G,0.712962223696,0.145406769306,0.281432456722,0.300194620504,0.472183980289,0.127048836614,0.788010878822
A[T>A]T,1.17237384202,0.239102559887,0.462779148167,0.493631091379,0.670093698909,0.277233671595,1.29578161487
C[T>A]A,10.3950944189,2.12005215123,4.10332674432,4.37688186061,2.10243060016,0.156728052234,11.4893148841
C[T>A]C,1.14123284256,0.232751434997,0.45048664838,0.480519091606,0.545710696153,0.252977774644,1.26136261547
C[T>A]G,1.43866236984,0.293411404375,0.567893040726,0.605752576775,0.807486798156,0.298368042129,1.59010051403
C[T>A]T,1.47740980831,0.301313842485,0.583188082228,0.62206728771,0.539092742923,0.25751803321,1.63292663024
G[T>A]A,3.89713430645,0.794810286184,1.53834248939,1.64089865535,0.8626819452,0.159065286985,4.30735897029
G[T>A]C,0.536128455221,0.109341987578,0.211629653377,0.225738296935,0.368839856814,0.181168838256,0.592563029455
G[T>A]G,0.813233719158,0.165856876934,0.321013310194,0.34241419754,0.357815607645,0.181215656394,0.898837268543
G[T>A]T,0.826070383594,0.168474880865,0.326080414577,0.347819108882,0.37862079868,0.16869010694,0.913025160815
T[T>A]A,2.4396349027,0.497557118314,0.963013777381,1.02721469587,0.602290042921,0.143242331941,2.69643857667
T[T>A]C,0.954129723578,0.194592246256,0.376630154044,0.40173883098,0.43244343493,0.161458527046,1.05456443132
T[T>A]G,0.508719278738,0.103751958164,0.200810241607,0.214197591048,0.344790185232,0.0968228552119,0.5622686765
T[T>A]T,1.3684600259,0.279093821071,0.54018158917,0.576193695115,0.425675171975,0.191817434449,1.51250844968
A[T>C]A,2.96630622956,0.60497034945,1.17091035377,1.24897104403,1.76269323194,1.06004574729,3.27854899057
A[T>C]C,1.82574581644,0.372356054668,0.720689138067,0.768735080605,0.927923910888,0.685030947127,2.01792958659
A[T>C]G,2.90662653138,0.592798832059,1.14735257818,1.22384275006,1.7917720124,1.45414237279,3.2125872189
A[T>C]T,1.99122004044,0.406104087196,0.786007910702,0.838408438082,1.33944123193,0.719556671629,2.20082214997
C[T>C]A,1.84530743727,0.376345595759,0.728410830501,0.776971552535,0.896457975118,0.696551516333,2.0395503254
C[T>C]C,2.26511649398,0.461964548114,0.894124931834,0.953733260623,0.772407942895,0.637578967707,2.50354980913
C[T>C]G,2.41222687932,0.491967324071,0.952194820783,1.0156744755,1.47968024468,1.56028782129,2.66614549819
C[T>C]T,2.06675341903,0.421508920986,0.815823718037,0.870211965906,0.795285479385,0.537644318952,2.2843064105
G[T>C]A,3.76164474769,0.767177547226,1.48485976882,1.58385042008,2.60610092261,1.2473575721,4.15760735271
G[T>C]C,1.8527526843,0.377864034298,0.731349743803,0.78010639339,1.74449775403,0.668969269676,2.04777928265
G[T>C]G,2.61955251823,0.534250842533,1.03403388877,1.10296948136,1.5593195845,0.98193993657,2.89529488857
G[T>C]T,2.91873198628,0.595267707728,1.15213104721,1.2289397837,1.92661051637,0.801768159126,3.2259669322
T[T>C]A,2.69861293948,0.550375007395,1.0652419498,1.13625807978,1.13268850435,0.591614995263,2.98267745943
T[T>C]C,2.0148467226,0.410922686846,0.795334232606,0.84835651478,1.03793245162,0.678121618877,2.2269358513
T[T>C]G,1.69271109583,0.345223973492,0.668175432565,0.712720461403,0.734113488348,0.637696888209,1.87089121118
T[T>C]T,2.24155205946,0.457158643705,0.884823181364,0.943811393455,0.795740692758,0.516208855046,2.47750490782
A[T>G]A,0.247676692611,0.0505130096772,0.0977671155042,0.104284923204,0.0866914506695,0.0354331890314,0.273747923412
A[T>G]C,0.126186943506,0.0257354950571,0.0498106355944,0.053131344634,0.0893349843237,0.0360153334425,0.139469779664
A[T>G]G,0.355816973867,0.0725679354597,0.140454068632,0.149817673207,0.242734172041,0.0996031821816,0.393271392169
A[T>G]T,0.256297794613,0.0522712607435,0.101170182084,0.10791486089,0.228172667415,0.100489437167,0.283276509836
C[T>G]A,0.116354883179,0.0237302722273,0.0459295591496,0.0489915297596,0.0657106322072,0.0188045686942,0.128602765619
C[T>G]C,0.336849450534,0.0686995589905,0.132966888369,0.141831347593,0.217373115687,0.202148200992,0.372307287432
C[T>G]G,0.541792981434,0.110497252792,0.213865650566,0.228123360604,0.346218577515,0.346002051158,0.598823821585
C[T>G]T,0.631818898605,0.128857801689,0.249402196818,0.266029009939,0.434114909141,0.254844708639,0.69832615109
G[T>G]A,0.0837195693934,0.0170743858631,0.0330471984448,0.0352503450077,0.0310687846968,0.0339031755788,0.0925321556453
G[T>G]C,0.0479485440761,0.00977897938395,0.0189270568722,0.0201888606636,0.107303670786,0.0851793634161,0.052995759242
G[T>G]G,0.479843991804,0.0978629193811,0.189412102028,0.202039575496,0.346666209081,0.160633444846,0.530353885678
G[T>G]T,0.407071958756,0.0830212547463,0.160686299509,0.171398719476,0.582416274182,0.213359593121,0.449921638625
T[T>G]A,0.193998375412,0.0395654581433,0.0765783060838,0.0816835264894,0.114404276925,0.0469558264656,0.214419257035
T[T>G]C,0.23489109695,0.0479054210886,0.0927201698489,0.0989015145055,0.151504838369,0.0812644734559,0.259616475577
T[T>G]G,0.397468095176,0.0810625720425,0.156895300727,0.167354987443,0.225180650681,0.113709209455,0.439306842037
T[T>G]T,0.47708516348,0.0973002636044,0.188323090847,0.20087796357,0.424168285519,0.183512657798,0.527304654372
