,1,3,2,5,4,7,6
A[C>A]A,0.881930649769,0.42666195569,1.26998013567,1.94024742949,1.5169207176,2.65781215832,2.611609225
A[C>A]C,0.364848744695,0.321965499525,0.52538219236,0.802667238328,0.627539840875,2.31457677491,2.09154234506
A[C>A]G,0.0827915401284,0.09502627374,0.119219817785,0.182141388282,0.142401449021,0.263384708996,0.561523830428
A[C>A]T,0.448212254128,0.31475155493,0.645425645945,0.986066959082,0.770925077101,2.36435297481,1.56476415569
C[C>A]A,1.38682570025,0.536660267027,1.99702900837,3.05101654056,2.38534020444,3.12573634072,2.13699324572
C[C>A]C,0.532730466038,0.486548387204,0.767131871094,1.17200702528,0.916296401585,2.96229677343,1.40869384662
C[C>A]G,0.28633784368,0.106901748621,0.4123264949,0.629943256097,0.49250109113,0.617810374012,0.492413476073
C[C>A]T,0.794971867612,0.451752042813,1.14475948936,1.74893810875,1.36735161229,5.38602897908,2.49490184816
G[C>A]A,1.81813962474,0.387996954433,2.61812105962,3.99990717442,3.12720015455,2.1369790977,2.54955111366
G[C>A]C,0.423374682445,0.523537990014,0.60965954272,0.931424301378,0.728204453805,1.6768476859,2.45930103335
G[C>A]G,0.176249003389,0.157925734592,0.25379856488,0.387747807455,0.303148285829,0.366603118968,0.48177446739
G[C>A]T,1.09436844421,0.421667588269,1.57589055966,2.40761057725,1.88231372404,2.15585813445,2.59255083509
T[C>A]A,1.19929157788,0.439255179662,1.72697987215,2.63844147134,2.06278151396,2.86334730823,2.67343195674
T[C>A]C,0.819817468831,0.429950645803,1.18053715512,1.80359843143,1.41008604639,1.99329322467,2.09803005999
T[C>A]G,0.241571837314,0.0837523839004,0.347863445733,0.531458042092,0.415503560181,0.280692893648,0.546626568012
T[C>A]T,2.15508070832,0.579494212454,3.10331621999,4.74117755831,3.70673881832,3.55169203162,7.44494625579
A[C>G]A,0.0898920036342,0.198694665068,0.129444485233,0.197762407995,0.154614246251,0.735750508795,1.09130791697
A[C>G]C,0.0812077960954,0.0977551601449,0.116939226377,0.17865715141,0.139677409284,0.444161811295,0.521314473712
A[C>G]G,0.0449325779507,0.0201721480242,0.0647029122491,0.0988516714916,0.0772840340753,0.0674207699995,0.284122779498
A[C>G]T,0.135426468628,0.183861405096,0.195014114825,0.297938230982,0.232933526041,0.764445052807,0.946955843043
C[C>G]A,0.0594026376436,0.114167084364,0.0855397982068,0.130685802816,0.102172536747,0.611863546441,0.646714527991
C[C>G]C,0.0943033015028,0.138516927146,0.135796754164,0.207467263306,0.162201678585,0.535530365255,0.521203653927
C[C>G]G,0.0899025510255,0.0290270770272,0.129459673477,0.197785612256,0.154632387764,0.0877340292614,0.244357379576
C[C>G]T,0.126867482105,0.137046537143,0.182689174231,0.279108460631,0.21821206922,0.723780248365,0.77651538437
G[C>G]A,0.0487574190938,0.0916472177061,0.0702106834951,0.107266322006,0.0838627608413,0.386692803867,0.580574191575
G[C>G]C,0.107222118758,0.0910109251903,0.154399851011,0.235888661267,0.184422044263,0.401670392948,0.506366586272
G[C>G]G,0.0216615580204,0.0285871107824,0.0311926435494,0.0476554276449,0.0372578797951,0.0546419739003,0.0897080910674
G[C>G]T,0.0606345151901,0.0971925317516,0.0873137018737,0.133395933418,0.104291366127,0.498943116107,0.703394224773
T[C>G]A,0.324722041282,0.151875415707,0.467599739446,0.71438849082,0.558521911005,4.84684486951,2.82503800447
T[C>G]C,0.152251632342,0.12148704569,0.219242350572,0.334953591152,0.261872807628,1.40702478346,0.679341659772
T[C>G]G,0.0410581723478,0.0187061837412,0.0591237681808,0.0903279791652,0.0706200564382,0.175140868061,0.237265019601
T[C>G]T,0.583070786331,0.342004287085,0.839621932317,1.28275572993,1.00288175249,5.88724524858,5.25037869856
A[C>T]A,0.497400591842,0.601692600432,0.716256852253,1.09428130205,0.855529017968,2.75213906029,3.50611947869
A[C>T]C,0.859616003097,0.779915551297,1.23784704446,1.89115520681,1.47853952533,2.41430262548,3.58600741816
A[C>T]G,1.19307841743,0.725951844488,1.71803292111,2.62477251836,2.05209487799,3.04132185822,4.00613586065
A[C>T]T,0.618201288394,0.620133378164,0.890209855287,1.36004283447,1.06330621604,2.78531390421,2.2718708509
C[C>T]A,0.629456277134,1.31083612569,0.906417039073,1.3848038097,1.08266479667,1.50866591678,4.57621091906
C[C>T]C,1.27293458069,2.07366057176,1.83302579619,2.80045607752,2.18944747878,2.52297072326,5.62941070011
C[C>T]G,1.14496488827,0.62671189716,1.64874943911,2.51892275419,1.96933960783,2.54357422,2.88444815818
C[C>T]T,0.913045127503,2.34821391506,1.3147849836,2.00869928051,1.57043761931,2.70285595959,5.36575297201
G[C>T]A,0.604130062317,0.908831434842,0.869947289736,1.3290861371,1.03910370719,2.66369011563,3.80206694008
G[C>T]C,1.39129633764,1.71701563966,2.00346672621,3.06085194282,2.39302970075,3.51163106389,5.1659525731
G[C>T]G,0.65266137373,0.863533239881,0.939832378172,1.43585502221,1.12257756282,1.70089184936,3.12947944884
G[C>T]T,0.761026055063,1.7501849725,1.09587751929,1.67425732114,1.30896481471,2.99610402156,4.05131925559
T[C>T]A,3.5416136032,1.68606601052,5.09992358861,7.79154992705,6.09157539751,3.56970596796,28.039728057
T[C>T]C,1.78636742309,2.30944281444,2.57236908924,3.93000833079,3.07255196771,2.76408601208,8.745876113
T[C>T]G,1.20161642532,0.778339074143,1.73032765246,2.6435561357,2.06678025155,1.61953654629,7.72842098338
T[C>T]T,2.4476708866,1.3072718278,3.52464607671,5.38487595053,4.20999392496,2.71780599652,16.6766115861
A[T>A]A,0.233641331647,0.537087748611,0.336443517572,0.514010929624,0.401863090433,1.14938259919,0.619455812246
A[T>A]C,0.483943025787,0.192944367658,0.696877957133,1.06467465673,0.832382004354,1.44995798178,0.5170489988
A[T>A]G,0.181267344,0.324383953912,0.261024975359,0.398788156799,0.311779831679,1.03445411123,0.595784406651
A[T>A]T,0.218034389943,0.289513853912,0.313969521518,0.479675657874,0.375019150702,1.94438901541,0.828095264577
C[T>A]A,0.0816803732474,0.96975258844,0.117619737476,0.179696821144,0.140490241985,0.927299723712,0.648255990444
C[T>A]C,0.18833563059,0.312490731762,0.271203308049,0.414338387298,0.323937284615,1.47645646302,0.763791801977
C[T>A]G,0.274758199421,0.666403542651,0.395651807167,0.604468038727,0.472584103005,1.33879526178,1.1465119561
C[T>A]T,0.199058673064,0.320214283231,0.286644489213,0.437929080741,0.342380917671,1.86352454569,0.937452493974
G[T>A]A,0.0888481150002,0.419006955429,0.1279412856,0.195465853,0.1528187578,0.67648393257,0.595655227636
G[T>A]C,0.264426287054,0.0991403481819,0.380773853358,0.581737831519,0.454813213733,0.901947449752,0.32557135132
G[T>A]G,0.14762669576,0.209476985084,0.212582441895,0.324778730673,0.253917916708,0.755420788688,0.689099744982
G[T>A]T,0.190246100717,0.173680946229,0.273954385033,0.418541421578,0.327223293234,1.33007061911,0.63624932658
T[T>A]A,0.1872851202,0.422726340125,0.269690573089,0.412027264441,0.322130406745,1.12171694259,0.660250078185
T[T>A]C,0.153665807514,0.212396768343,0.22127876282,0.33806477653,0.264305188924,1.07784364799,0.552691532677
T[T>A]G,0.0795508625136,0.372790459339,0.11455324202,0.17501189753,0.136827483523,0.629232208232,0.467906536013
T[T>A]T,0.174714668863,0.336630521225,0.251589123163,0.384372271498,0.300509230444,1.91292003134,0.723370724414
A[T>C]A,0.553796897754,0.548334157002,0.797467532766,1.21835317506,0.952530664137,3.40563703314,1.17667250786
A[T>C]C,0.322659445781,0.224272975891,0.464629601924,0.709850780717,0.554974246743,2.07484258174,0.905633841738
A[T>C]G,0.461943937645,0.451211994707,0.665199270209,1.01627666282,0.79454357275,3.96776448092,1.33030694857
A[T>C]T,0.46786358716,0.505953810173,0.67372356551,1.02929989175,0.804725369915,2.91004954893,1.17883782095
C[T>C]A,0.362316680093,0.292931912973,0.521736019334,0.797096696204,0.62318468976,2.05030418438,0.439690166589
C[T>C]C,0.249781987795,0.268683715884,0.359686062425,0.549520373149,0.429625019008,2.07350384117,0.76347196896
C[T>C]G,0.40483122942,0.305266657981,0.582956970365,0.890628704724,0.696309714603,4.00229735908,0.669360891469
C[T>C]T,0.388664571757,0.350647794252,0.55967698333,0.855062057865,0.668503063422,1.90325666178,0.679219023257
G[T>C]A,2.10566880256,0.344232468086,3.03216307568,4.63247136563,3.6217503404,4.32557232264,0.776201628703
G[T>C]C,1.03101475295,0.283907034439,1.48466124425,2.2682324565,1.77334537508,2.10197306524,0.842046671176
G[T>C]G,1.38330900233,0.2642237597,1.99196496335,3.04327980512,2.379291484,3.17205991978,0.795767018959
G[T>C]T,1.57762061847,0.394522285552,2.27177369059,3.47076536063,2.71350746376,3.0512236654,1.22257033993
T[T>C]A,0.612907998897,0.268639323217,0.882587518411,1.34839759757,1.0542017581,1.82677087794,0.827606625647
T[T>C]C,0.580620140774,0.245621463305,0.836093002714,1.2773643097,0.99866664213,2.10907495761,0.928784916343
T[T>C]G,0.425229154292,0.206244448589,0.61232998218,0.935504139441,0.731394145381,1.65910437131,0.635419874381
T[T>C]T,0.486479418292,0.329370742102,0.700530362341,1.07025472024,0.836744599463,1.82531018328,0.828159932288
A[T>G]A,0.0267215318229,0.242125471847,0.038479005825,0.0587873700105,0.0459610347355,0.305187278635,0.251234125082
A[T>G]C,0.0725227150261,0.045187912955,0.104432709638,0.159549973057,0.124739069845,0.113511648916,0.183370551246
A[T>G]G,0.0899730875745,0.0905327638832,0.129561246107,0.197940792664,0.154753710628,0.543053206014,0.593512273484
A[T>G]T,0.0652128791669,0.175324906192,0.0939065460003,0.143468334167,0.112166152167,0.310614225298,0.700798436092
C[T>G]A,0.0125456845852,0.146612684812,0.0180657858027,0.0276005060875,0.0215785774866,0.175239282153,0.225826044828
C[T>G]C,0.0530470144557,0.0962963446293,0.0763877008161,0.116703431802,0.0912408648637,0.532013252215,0.393855610848
C[T>G]G,0.126067878064,0.160376653005,0.181537744412,0.277349331741,0.21683675027,1.06834090667,0.71116890834
C[T>G]T,0.129987946874,0.407147125315,0.187182643499,0.285973483123,0.223579268623,0.67761200508,0.89976995387
G[T>G]A,0.0240445857868,0.0560520459249,0.0346242035329,0.0528980887309,0.0413566875532,0.0865357124387,0.244282981235
G[T>G]C,0.0131601947132,0.024951749744,0.018950680387,0.028952428369,0.0226355349067,0.187361955453,0.2200613952
G[T>G]G,0.166526462584,0.158308335381,0.239798106121,0.366358217685,0.286425515645,0.557173736536,0.792278705391
G[T>G]T,0.0732196863132,0.219856838662,0.105436348291,0.161083309889,0.125937860459,0.682698125842,0.591998349035
T[T>G]A,0.017324978663,0.369520585192,0.0249479692747,0.0381149530585,0.0297989633003,0.163526286639,0.479028512394
T[T>G]C,0.0887830069458,0.099895687561,0.127847530002,0.195322615281,0.152706771947,0.296554825017,0.453753870167
T[T>G]G,0.0567297549646,0.129728288261,0.081690847149,0.124805460922,0.0975751785391,0.486469971873,0.669068858674
T[T>G]T,0.139406924427,0.401976630455,0.200745971175,0.30669523374,0.239779910015,0.604668395806,1.60442598747
