,1,3,2,5,4,7,6
A[C>A]A,0.285240313644,0.495134129345,0.855720940933,1.0494690785,0.769610657569,0.462842773083,0.963358795138
A[C>A]C,0.183256423348,0.318105489585,0.549769270044,0.674245331186,0.494446576203,0.297359479395,0.618922637345
A[C>A]G,0.0420057743502,0.0729156837777,0.126017323051,0.154549547138,0.113336334568,0.0681603130966,0.141868558655
A[C>A]T,0.16041957274,0.278464164002,0.481258718221,0.590222956308,0.432830167959,0.260303457654,0.541794406047
C[C>A]A,0.392116133952,0.6806544212,1.17634840186,1.44269143624,1.05797371991,0.636263915469,1.32431675429
C[C>A]C,0.306023234074,0.531210142166,0.918069702221,1.12593454046,0.825685329671,0.496566002459,1.03355016791
C[C>A]G,0.0672720770479,0.116774171479,0.201816231144,0.247510472157,0.181507679582,0.109158464644,0.227201920596
C[C>A]T,0.260688741357,0.452516305752,0.782066224071,0.959137821974,0.703367736115,0.423004372768,0.880439334018
G[C>A]A,0.225742866785,0.391855542343,0.677228600354,0.830563377793,0.609079810382,0.366299746104,0.76241458782
G[C>A]C,0.205912521816,0.357433056737,0.617737565447,0.757602674605,0.55557529471,0.33412220521,0.695440403868
G[C>A]G,0.0469831207581,0.0815556058442,0.140949362274,0.172862425431,0.126765778649,0.0762367619848,0.158678841806
G[C>A]T,0.122993503964,0.213498157825,0.368980511893,0.452523269303,0.331850397489,0.199574364923,0.415393154898
T[C>A]A,0.357431642071,0.620447378689,1.07229492621,1.31507868309,0.964391034266,0.579983419209,1.20717479114
T[C>A]C,0.300795214828,0.52213508989,0.902385644485,1.10669937531,0.811579541895,0.488082801419,1.01589327272
T[C>A]G,0.0587268797028,0.101940998729,0.176180639109,0.216070595133,0.158451769764,0.0952926727254,0.198341725789
T[C>A]T,0.361223630178,0.627029697668,1.08367089054,1.32903033745,0.974622247463,0.586136456516,1.21998169438
A[C>G]A,0.103325986798,0.179358316706,0.309977960395,0.380161649541,0.278785209663,0.167661035182,0.348968898809
A[C>G]C,0.0495620526268,0.0860322422956,0.14868615788,0.182350948344,0.133724028786,0.080421443885,0.167388819249
A[C>G]G,0.000510372301742,0.000885929278496,0.00153111690523,0.00187778488377,0.0013770422481,0.000828151282072,0.00172371022664
A[C>G]T,0.0998559813887,0.17333491109,0.299567944166,0.367394648506,0.269422742237,0.162030460367,0.337249446577
C[C>G]A,0.0676538917022,0.117436944087,0.202961675107,0.248915261923,0.182537858744,0.109778012951,0.22849144556
C[C>G]C,0.0769860957625,0.133636241701,0.230958287287,0.283250729692,0.207717201774,0.124920834633,0.260009644179
C[C>G]G,0.016774658751,0.0291182755678,0.050323976253,0.0617180840839,0.0452599283282,0.027219257596,0.0566540361591
C[C>G]T,0.105792569018,0.183639931125,0.317377707053,0.389236810536,0.285440327727,0.171663413878,0.35729943121
G[C>G]A,0.0412099032728,0.0715341717189,0.123629709819,0.15162134223,0.111188984302,0.0668688996503,0.139180616714
G[C>G]C,0.051565233111,0.0895094612493,0.154695699333,0.189721140691,0.139128836507,0.0836718876895,0.174154277865
G[C>G]G,0.00165588758391,0.00287437090037,0.00496766275172,0.0060924165823,0.00446777216035,0.0026869119286,0.00559252599093
G[C>G]T,0.0548400555409,0.0951940586747,0.164520166623,0.201770015669,0.147964678157,0.0889857505003,0.185214527204
T[C>G]A,0.139191546257,0.241615514257,0.41757463877,0.512119840001,0.375554549334,0.225857980718,0.470099750565
T[C>G]C,0.0991608480471,0.172128264535,0.297482544141,0.364837082437,0.267547193787,0.160902508152,0.334901732084
T[C>G]G,0.00543180451789,0.00942879274803,0.0162954135537,0.0199849411507,0.0146556235105,0.00881387148186,0.0183451511076
T[C>G]T,0.234229863482,0.406587687553,0.702689590445,0.861789120357,0.631978688262,0.380071099235,0.791078218174
A[C>T]A,0.640304692311,1.11147229609,1.92091407693,2.35583801888,1.72761454718,1.03898497243,2.16253848913
A[C>T]C,1.38540723163,2.40485783605,4.1562216949,5.09725302205,3.73798554951,2.24801928152,4.67901687665
A[C>T]G,0.291891548223,0.506679668614,0.87567464467,1.07394060195,0.787556441433,0.4736353424,0.985822398717
A[C>T]T,0.695283612674,1.20690740313,2.08585083802,2.55811895229,1.87595389835,1.12819605075,2.34822201262
C[C>T]A,1.55153405641,2.69322892811,4.65460216924,5.7084743585,4.18621452957,2.51758356324,5.24008671883
C[C>T]C,3.14945399302,5.4669767426,9.44836197906,11.5876137479,8.49758341513,5.11043478113,10.636835184
C[C>T]G,0.432708452766,0.751116559518,1.2981253583,1.59204053376,1.16749639142,0.702130696941,1.46141156689
C[C>T]T,2.91804053017,5.06527790143,8.75412159052,10.7361868563,7.87320369462,4.73493369047,9.8552689604
G[C>T]A,1.0953524969,1.9013665984,3.28605749071,4.03007050748,2.95538503882,1.77736442894,3.69939805558
G[C>T]C,2.64214557237,4.5863658992,7.9264367171,9.72110163418,7.12880786506,4.28725507969,8.92347278214
G[C>T]G,0.314212703296,0.54542582459,0.942638109889,1.15606560647,0.847781444743,0.50985457516,1.06120894132
G[C>T]T,1.89243817545,3.28498702153,5.67731452635,6.96274423043,5.10601243565,3.07074873752,6.39144213973
T[C>T]A,1.36751913321,2.37380679727,4.10255739963,5.0314383203,3.68972143489,2.21899331049,4.61860235556
T[C>T]C,1.54967246809,2.68999749179,4.64901740428,5.70162511846,4.18119175354,2.51456287276,5.23379946771
T[C>T]G,0.360506315776,0.62578454814,1.08151894733,1.32639116182,0.972686852,0.584972512392,1.21755906649
T[C>T]T,1.12210704081,1.94780844821,3.36632112244,4.12850703696,3.0275718271,1.82077746245,3.78975774162
A[T>A]A,0.537719744917,0.933400311932,1.61315923475,1.97840283507,1.45082874572,0.872526378545,1.81607234604
A[T>A]C,0.259998667401,0.451318441526,0.779996002203,0.956598870627,0.701505838459,0.421884630122,0.878108706883
A[T>A]G,0.618662282196,1.07390433891,1.85598684659,2.27621028355,1.66922087461,1.00386709941,2.08944431157
A[T>A]T,0.346690751325,0.601802813621,1.04007225398,1.27556031148,0.935410895085,0.562554804037,1.17089895259
C[T>A]A,0.685513217337,1.1899474716,2.05653965201,2.52217127133,1.84959226564,1.11234220172,2.31522388497
C[T>A]C,0.630420591864,1.09431498965,1.89126177559,2.31947198893,1.70094612522,1.02294662076,2.12915633856
C[T>A]G,1.60474681796,2.78559825005,4.81424045389,5.90425716043,4.32978858431,2.60392879896,5.41980529085
C[T>A]T,0.61804971768,1.07284101937,1.85414915304,2.27395650844,1.66756810619,1.0028731268,2.0873754616
G[T>A]A,0.421158582483,0.731067728083,1.26347574745,1.549545728,1.13633353387,0.683389397991,1.42240351442
G[T>A]C,0.175032643862,0.303830249723,0.525097931587,0.643988029304,0.472257888157,0.284015233437,0.591147985874
G[T>A]G,0.41644585058,0.722887136856,1.24933755174,1.53220643138,1.12361804968,0.675742323583,1.40648692932
G[T>A]T,0.164414485233,0.285398729083,0.493243455698,0.604921219252,0.443608894118,0.266785768491,0.555286657672
T[T>A]A,0.518979075026,0.90086933778,1.55693722508,1.90945131377,1.40026429677,0.842116989664,1.75277838546
T[T>A]C,0.474781592461,0.824149179367,1.42434477738,1.74683793453,1.28101448532,0.770400319843,1.60350764246
T[T>A]G,0.643617195176,1.11722230106,1.93085158553,2.36802552942,1.73655205491,1.04435997708,2.1737259988
T[T>A]T,0.459805684429,0.798153263537,1.37941705329,1.69173789554,1.24060779006,0.746099789828,1.55292863232
A[T>C]A,1.42643371118,2.47607361185,4.27930113353,5.24819950338,3.84867963581,2.31459055021,4.81757800567
A[T>C]C,0.715007067354,1.24114434333,2.14502120206,2.63068637989,1.92917001192,1.16020014703,2.41483518974
A[T>C]G,1.16622182287,2.02438505102,3.49866546861,4.29081614075,3.14659850322,1.892359939,3.93874917536
A[T>C]T,0.833825017004,1.44739436914,2.50147505101,3.06784676067,2.24975429116,1.35299908419,2.81612600082
C[T>C]A,0.763458551664,1.32524880666,2.29037565499,2.80895127499,2.05989760166,1.23881953666,2.57847322166
C[T>C]C,0.898136992642,1.55903025138,2.69441097793,3.30446629368,2.42327528204,1.45735436542,3.03333059779
C[T>C]G,0.987512442368,1.71417254147,2.96253732711,3.63330049551,2.66442036337,1.60237868007,3.33518353177
C[T>C]T,0.854690384238,1.48361349717,2.56407115271,3.14461556465,2.30605141408,1.38685609518,2.88659582601
G[T>C]A,1.20638478752,2.09410189532,3.61915436257,4.438585539,3.2549627286,1.95753003258,4.07439390503
G[T>C]C,0.608491713196,1.0562497663,1.82547513959,2.23879026553,1.64177952806,0.987363911978,2.055094654
G[T>C]G,0.870112655528,1.51038423224,2.61033796659,3.20135788355,2.34766244794,1.41188091274,2.9386823649
G[T>C]T,0.899388875091,1.56120333035,2.69816662527,3.30907227628,2.4266530026,1.45938572185,3.03755865361
T[T>C]A,1.11705765129,1.93904347016,3.35117295386,4.10992909435,3.01394800252,1.81258411341,3.77270414302
T[T>C]C,0.819150708434,1.42192198445,2.4574521253,3.01385638009,2.2101613454,1.32918794199,2.76656560018
T[T>C]G,0.727883865857,1.26349652186,2.18365159757,2.67806328004,1.96391307203,1.18109457479,2.4583247545
T[T>C]T,0.910863368026,1.58112131808,2.73259010408,3.35128975028,2.45761248354,1.47800471038,3.07631212975
A[T>G]A,0.22483189202,0.390274227657,0.67449567606,0.827211678187,0.606621897337,0.364821560636,0.759337899464
A[T>G]C,0.0862980553786,0.149800398016,0.258894166136,0.317511713185,0.232841923003,0.140030806841,0.291459470052
A[T>G]G,0.104056912866,0.180627094031,0.312170738597,0.382850905826,0.280757330939,0.168847066159,0.351437498169
A[T>G]T,0.31185482978,0.541332912071,0.93556448934,1.14739041145,0.841419635066,0.506028591718,1.05324555718
C[T>G]A,0.148356581315,0.257524631717,0.445069743946,0.545840252009,0.400282851474,0.24072954704,0.501053359537
C[T>G]C,0.218257191531,0.378861540015,0.654771574592,0.803021742424,0.588882611111,0.35415317871,0.737132778943
C[T>G]G,0.230468774605,0.400059004975,0.691406323816,0.84795115185,0.62183084469,0.373968200303,0.778375672724
C[T>G]T,0.638836069556,1.10892298866,1.91650820867,2.35043459553,1.72365203673,1.03660192418,2.15757842359
G[T>G]A,0.0343747098379,0.0596693076431,0.103124129514,0.126472989026,0.0927468586192,0.0557778310577,0.116095718132
G[T>G]C,0.026250476933,0.0455668656196,0.078751430799,0.0965819434328,0.0708267585174,0.0425951135139,0.0886572711511
G[T>G]G,0.0719947168288,0.124971961288,0.215984150486,0.264886222295,0.194249896349,0.116821615986,0.243151968158
G[T>G]T,0.218666937084,0.379572796449,0.656000811253,0.80452929682,0.589988151002,0.354818048854,0.738516636568
T[T>G]A,0.32820856162,0.569720522058,0.984625684861,1.20755980219,0.885543854938,0.532564835837,1.10847797227
T[T>G]C,0.166383967683,0.288817453336,0.499151903048,0.612167428266,0.448922780729,0.269981532466,0.561938305947
T[T>G]G,0.126763029425,0.22004148504,0.380289088275,0.466392278073,0.34202100392,0.205690953407,0.428124193718
T[T>G]T,0.750584355467,1.30290114534,2.2517530664,2.76158394936,2.02516156286,1.21792933151,2.53499244582
