,1,3,2,5,4,7,6
A[C>A]A,2.22776205941,1.25399100223,0.86898520048,2.08789598897,2.18036286666,0.363117570502,2.27516125217
A[C>A]C,1.69089541133,0.969753395028,0.659569132079,1.58495043591,1.65491891322,0.336160708017,1.72687190944
A[C>A]G,0.230602983396,0.190371793935,0.089951518346,0.829446706229,0.225696536941,0.0684020173097,0.235509429851
A[C>A]T,1.64110456488,1.16374069305,0.640147170698,1.37279082864,1.60618744648,0.409482488933,1.67602168328
C[C>A]A,1.88659988813,1.35526272119,0.735907757781,2.74057757961,1.84645946498,0.416315574957,1.92674031128
C[C>A]C,1.45888540099,1.21388388014,0.569068773435,2.86591344464,1.42784528607,0.452658981749,1.4899255159
C[C>A]G,0.216316363746,0.174335224466,0.084378723447,0.546597311507,0.211713887922,0.166818487225,0.22091883957
C[C>A]T,1.95750334368,2.90938238589,0.763565134058,2.337155121,1.91585433636,1.05977200653,1.99915235099
G[C>A]A,1.35490132146,1.04680933444,0.528507607661,2.47691986163,1.32607363377,0.392371780616,1.38372900915
G[C>A]C,1.23715602906,1.06916675067,0.482578592897,2.47480909228,1.21083356036,0.50511432735,1.26347849777
G[C>A]G,0.139928663821,0.182457088571,0.0545821029089,1.15213871282,0.136951458208,0.0498236768843,0.142905869434
G[C>A]T,1.56053718492,1.67377969455,0.608720178515,1.88931884888,1.52733426609,0.72844442834,1.59374010375
T[C>A]A,1.86921014827,1.35481384763,0.729124525919,2.153986604,1.82943971958,0.492207541637,1.90898057695
T[C>A]C,1.78409292332,1.29360616885,0.695922771509,2.75373904696,1.74613349942,0.411594021595,1.82205234722
T[C>A]G,0.22181780973,0.180554115754,0.0865246775543,0.556533103546,0.217098281863,0.0962867707837,0.226537337597
T[C>A]T,3.9131269071,2.38693405296,1.5263970205,2.74153324355,3.8298688878,1.14378426252,3.9963849264
A[C>G]A,2.04206525831,0.518244990519,0.796550278066,0.657651087735,1.99861706133,0.184560463128,2.0855134553
A[C>G]C,1.0554059106,0.313907453008,0.411683156619,0.377649498714,1.0329504657,0.111169553066,1.07786135551
A[C>G]G,0.408725077682,0.0654551059038,0.15943176789,0.143661700146,0.400028799433,0.110536345625,0.41742135593
A[C>G]T,1.93915596955,0.529428302591,0.756408356915,0.459760846968,1.8978973319,0.234823194078,1.9804146072
C[C>G]A,1.41447830477,0.387802259079,0.55174685647,0.602152401866,1.38438302169,0.10261040846,1.44457358785
C[C>G]C,1.15452315967,0.327333250426,0.450345913345,0.577725221191,1.12995883712,0.0977361695871,1.17908748221
C[C>G]G,0.34690515454,0.093551914124,0.135317613473,0.278031022219,0.339524193805,0.0809080973805,0.354286115275
C[C>G]T,1.89202817158,0.499830707092,0.738025173311,0.583810959028,1.85177225304,0.127974708979,1.93228409012
G[C>G]A,0.989026890897,0.249562636445,0.385790631201,0.394745776105,0.967983765559,0.217988440803,1.01007001624
G[C>G]C,0.869551279714,0.313085788885,0.339186669392,0.512279079595,0.851050188656,0.282867418028,0.888052370772
G[C>G]G,0.138497941613,0.0367059856605,0.0540240197781,0.273618487813,0.135551176898,0.035340291373,0.141444706328
G[C>G]T,1.44199209379,0.39829841807,0.562479185521,0.413788076507,1.41131141094,0.116084907898,1.47267277664
T[C>G]A,1.48215320727,0.449445181855,0.578144868083,0.405290066038,1.45061803264,0.548026783191,1.51368838189
T[C>G]C,1.61757901407,0.483447602517,0.630970537404,0.620631192964,1.5831624393,0.114743767801,1.65199558884
T[C>G]G,0.229328502695,0.0348126269908,0.0894543804837,0.143338965643,0.22444917285,0.0653380288633,0.234207832539
T[C>G]T,2.93679431569,0.787597169879,1.14555806641,0.694551157259,2.87430933025,1.05803020212,2.99927930113
A[C>T]A,2.50080196416,1.99873273619,0.975490127864,1.23037764033,2.44759341173,2.09182683096,2.55401051659
A[C>T]C,1.37147628996,1.58164822818,0.534973020905,0.827932799182,1.34229594336,1.86947635729,1.40065663655
A[C>T]G,3.27592619129,4.37413776769,1.27784354979,1.17350735148,3.20622563403,2.50348574161,3.34562674855
A[C>T]T,1.77444926423,1.5771841668,0.692161060514,0.804012938984,1.73669502456,1.20407086235,1.81220350389
C[C>T]A,2.14782107113,1.80941050609,0.837802545477,1.76231574876,2.10212275047,2.18809931945,2.19351939179
C[C>T]C,1.38531017302,1.6542497823,0.540369216428,1.45140374039,1.35583548849,2.59074904348,1.41478485756
C[C>T]G,2.08226956172,2.65013146938,0.812232807762,1.09413359054,2.03796595402,2.13822549262,2.12657316941
C[C>T]T,2.1268909395,2.00076399644,0.829638309735,2.03680080351,2.08163794079,2.24179051804,2.17214393822
G[C>T]A,2.15070891539,2.1842001098,0.83892900955,1.35908997877,2.10494915124,2.29568297755,2.19646867955
G[C>T]C,1.62429497501,2.5718490908,0.633590238479,1.90719658973,1.58973550746,3.23101624274,1.65885444256
G[C>T]G,2.22837099706,3.81170513013,0.86922272935,1.47012271107,2.18095884819,1.81868360345,2.27578314593
G[C>T]T,1.78246025105,2.22724282963,0.695285913531,1.78107540614,1.74453556486,2.15138118852,1.82038493724
T[C>T]A,3.08417287588,1.51687470238,1.20304615726,1.8416474429,3.01855217639,7.31446344803,3.14979357537
T[C>T]C,2.30483795029,1.96495562937,0.899050264298,1.30568681818,2.25579884497,3.77386110045,2.35387705562
T[C>T]G,2.60893061202,1.82301203564,1.01766796923,0.647879669095,2.55342145006,2.00241260035,2.66443977398
T[C>T]T,2.66237410654,1.73029574772,1.03851472241,1.52097590985,2.60572784895,4.53383548057,2.71902036412
A[T>A]A,1.20448762305,2.33823317811,0.469835597645,1.39323385466,1.17886022682,0.943699172771,1.23011501929
A[T>A]C,0.842266133727,0.765683912413,0.328543527341,0.607029491591,0.824345577691,0.890400523115,0.860186689764
A[T>A]G,0.928598677209,0.752478067214,0.362219342174,0.671316535728,0.908841258545,0.314501675821,0.948356095873
A[T>A]T,1.37500689356,1.07841828074,0.536350206707,0.67966265835,1.34575142774,0.472387494196,1.40426235938
C[T>A]A,0.999934799386,4.03769256928,0.390045489122,2.51871058818,0.978659590888,1.38875918507,1.02121000788
C[T>A]C,1.31377913202,1.0092079225,0.512467037312,1.0866999293,1.28582638453,0.401654710789,1.34173187951
C[T>A]G,1.79365020097,1.35495681486,0.699650787613,1.81158954735,1.75548743074,0.34858573917,1.83181297121
C[T>A]T,2.00017727793,0.980763778602,0.780210994938,1.06803726314,1.95762031457,0.234566897717,2.04273424129
G[T>A]A,0.8823460056,1.54352751586,0.344177519915,1.094181149,0.863572686332,0.529544868258,0.901119324868
G[T>A]C,0.592715445786,0.450593587807,0.231201060413,0.474712177804,0.580104478854,0.46343527736,0.605326412717
G[T>A]G,1.1729615088,0.505546995007,0.45753817719,0.741679243244,1.14800488095,0.247751234216,1.19791813664
G[T>A]T,1.0123111703,0.452574630437,0.394873151536,0.427694176805,0.990772634763,0.365101910733,1.03384970584
T[T>A]A,1.30564416171,1.54588908857,0.509293821945,0.935054549548,1.2778644987,0.521262170773,1.33342382473
T[T>A]C,0.867892200598,0.811455617076,0.338539510872,0.586096407748,0.849426409096,0.349968711779,0.8863579921
T[T>A]G,0.924232004875,0.786454849568,0.36051603027,0.720718319489,0.904567494133,0.16271785832,0.943896515617
T[T>A]T,1.65000161823,1.05171707154,0.643617652501,0.859819401362,1.61489520082,0.269286957816,1.68510803564
A[T>C]A,2.36664662057,3.77127307717,0.923160029301,1.52442641389,2.31629243716,0.957035269599,2.41700080399
A[T>C]C,1.29744115478,1.90912878731,0.506094067467,0.771451130222,1.26983602383,0.718434302504,1.32504628573
A[T>C]G,1.98181468788,3.18115663047,0.773048282507,1.34986377158,1.93964841793,1.01482578382,2.02398095784
A[T>C]T,2.36038669516,2.68488543268,0.920718214425,1.18000669448,2.31016570165,0.785280839017,2.41060768868
C[T>C]A,1.23250325282,2.16702059115,0.480763680177,1.2939389647,1.20627977935,0.669974624659,1.25872672628
C[T>C]C,1.79255957073,2.1919873909,0.699225364471,1.60706326516,1.7544200054,0.453984708358,1.83069913607
C[T>C]G,1.54135021516,2.74739973808,0.601235899531,1.95020903244,1.50855552973,0.71154356319,1.57414490059
C[T>C]T,2.28347106497,2.27008800899,0.890715663641,1.5072280588,2.23488657423,0.667237774136,2.33205555572
G[T>C]A,1.28397407669,3.93057984473,0.500840951898,1.81693354788,1.25665547931,3.54807324462,1.31129267406
G[T>C]C,1.00511603293,2.0619795329,0.392066537668,1.19138158135,0.983730585421,1.8558682485,1.02650148044
G[T>C]G,1.09563415534,2.39614619463,0.427375025134,1.3024530091,1.07232279034,2.39727631607,1.11894552035
G[T>C]T,1.39751748156,2.77642349076,0.545130932522,1.30816081682,1.36778306706,2.7612839182,1.42725189606
T[T>C]A,1.46221848074,2.50190321307,0.570368910927,1.01692296657,1.43110744924,1.06417428425,1.49332951225
T[T>C]C,1.4714864547,2.29763516248,0.573984078074,1.34917092666,1.44017823226,1.05307469177,1.50279467714
T[T>C]G,1.02093139072,1.72848700295,0.398235648863,0.927382279793,0.999209446237,0.853421513131,1.0426533352
T[T>C]T,1.8874006695,2.39639310998,0.736220119307,1.28330367588,1.84724320844,0.810233631211,1.92755813055
A[T>G]A,0.829676825114,0.884519586369,0.323632804123,0.651007516505,0.812024126708,0.139821779451,0.847329523521
A[T>G]C,0.295853037058,0.302727807101,0.115403666938,0.461775657087,0.289558291589,0.152557413429,0.302147782528
A[T>G]G,0.919439564296,0.379485015429,0.358646638555,0.347987826429,0.899877020375,0.227907437974,0.939002108217
A[T>G]T,1.11217113761,1.05512953221,0.433825621054,2.09934763163,1.08850792192,0.323807981892,1.13583435331
C[T>G]A,0.5260403582,0.558715597201,0.205193047525,0.50666384484,0.514848010153,0.104262178892,0.537232706247
C[T>G]C,0.726005756579,0.62227693486,0.283193734836,0.937099827522,0.710558825588,0.185843030477,0.74145268757
C[T>G]G,1.27298900142,0.759175665584,0.49655599346,0.873964252067,1.24590412905,0.244084099316,1.30007387379
C[T>G]T,3.0893379716,2.14268535616,1.20506091091,4.28940328998,3.02360737646,0.392275591688,3.15506856674
G[T>G]A,0.488127043566,0.190284339557,0.19040416593,0.130310230621,0.477741361788,0.0767018759636,0.498512725344
G[T>G]C,0.380896820476,0.158043390243,0.148576773944,0.0859014470389,0.372792632806,0.0799002314932,0.389001008146
G[T>G]G,1.44210552624,0.406477326912,0.56252343222,0.416885908933,1.41142242993,0.211136118991,1.47278862254
G[T>G]T,1.20193699623,0.91770853794,0.46884067229,1.32101031688,1.17636386865,0.222520069414,1.22751012381
T[T>G]A,1.31771264671,1.2891640334,0.514001387013,0.970039986989,1.28967620741,0.224888919039,1.345749086
T[T>G]C,0.751221363465,0.54091589198,0.293029609862,0.802516853112,0.735237930199,0.192951412126,0.76720479673
T[T>G]G,1.16358457503,0.502470261092,0.453880507991,0.589352901187,1.13882745641,0.247544115023,1.18834169365
T[T>G]T,2.67669712411,2.4287941652,1.04410171508,5.5434504717,2.61974612147,0.218296411039,2.73364812675
