,1,3,2,5,4,7,6
A[C>A]A,2.47492102978,0.583827524974,1.39610929885,0.481080748546,0.774206065726,0.427627332041,1.91363231088
A[C>A]C,1.68161198559,0.396687955574,0.948601632895,0.363920300541,0.526042723696,0.323484711592,1.44759408437
A[C>A]G,0.463451069981,0.109326919073,0.261433936913,0.124669621741,0.144977001379,0.110817441548,0.495908050925
A[C>A]T,2.07123486132,0.488598992928,1.16838889613,0.391617613576,0.647924751491,0.348104545401,1.55776784067
C[C>A]A,3.63892816723,0.858413824065,2.05272870972,0.758164452007,1.13833137539,0.67392395734,3.0158097091
C[C>A]C,3.12652026006,0.737538112629,1.76367809542,0.710328672315,0.978039671095,0.63140326428,2.82552960765
C[C>A]G,1.17373089109,0.276880107641,0.662104605229,0.169375205082,0.367167099264,0.150555737851,0.673736926881
C[C>A]T,8.50894815422,2.00723905176,4.79991947161,1.207377003,2.66177352516,1.07322400266,4.80267741192
G[C>A]A,3.47237809053,0.819125088022,1.9587773844,0.637961403578,1.08623109499,0.56707680318,2.53766869423
G[C>A]C,2.45972236084,0.580242197941,1.38753569073,0.49220582804,0.769451610313,0.437516291592,1.95788540487
G[C>A]G,0.827740949742,0.195261967631,0.466930792162,0.179090957159,0.258934348381,0.159191961919,0.712384029587
G[C>A]T,4.42397173881,1.04360358967,2.49557380138,0.855090404911,1.38390910804,0.760080359921,3.40135961065
T[C>A]A,3.23351626012,0.762778194694,1.8240348134,0.546184313141,1.0115102147,0.485497167237,2.17259982338
T[C>A]C,2.63295356016,0.621106993679,1.48525585445,0.654486274503,0.823641882922,0.581765577336,2.60340095858
T[C>A]G,0.695272841382,0.164013080531,0.392205192575,0.1508876485,0.217495606791,0.134122354222,0.600197535145
T[C>A]T,9.77803635959,2.30661370534,5.51581538233,0.921181381824,3.05877034839,0.818827894955,3.66425482992
A[C>G]A,0.770040817041,0.181650654276,0.434381999357,0.113163409125,0.24088456328,0.100589697,0.450138894074
A[C>G]C,0.523669576818,0.123532310429,0.295403351025,0.0747802334466,0.163814585569,0.0664713186192,0.297459150821
A[C>G]G,0.181135169187,0.042729321962,0.102178813387,0.0308850505778,0.0566627965149,0.0274533782914,0.122853867854
A[C>G]T,0.708955890862,0.167240876819,0.399923835871,0.110363014252,0.221775945347,0.0981004571128,0.43899954558
C[C>G]A,0.499095902244,0.117735443606,0.281541278189,0.098240320578,0.156127436087,0.0873247294027,0.390778164077
C[C>G]C,0.514170029868,0.121291391661,0.290044632233,0.0906017933556,0.16084293242,0.0805349274272,0.360393800237
C[C>G]G,0.235174512503,0.0554770644878,0.132662545514,0.0587619017436,0.0735674116034,0.0522328015498,0.233741786936
C[C>G]T,0.627008652974,0.147909733522,0.353697188857,0.120914305541,0.196141168366,0.107479382703,0.480970237597
G[C>G]A,0.453585954196,0.106999763554,0.255868999803,0.0775417973582,0.1418909908,0.0689260420962,0.30844403838
G[C>G]C,0.472255824875,0.111403938176,0.266400721724,0.0999883715125,0.14773130932,0.0888785524555,0.397731522239
G[C>G]G,0.109327144857,0.0257899931457,0.0616717227396,0.0379087914061,0.0341997735193,0.0336967034721,0.150792748038
G[C>G]T,0.474838932307,0.112013286595,0.26785785925,0.0830485520257,0.148539358311,0.073820935134,0.330348684725
T[C>G]A,2.24229448116,0.528951518633,1.2648840663,0.074299189316,0.701435709491,0.0660437238365,0.295545664168
T[C>G]C,0.988815735484,0.233259096576,0.557793491811,0.146855289951,0.309321845459,0.130538035512,0.584157708917
T[C>G]G,0.167859412558,0.0395976050138,0.0946899250329,0.0224023158241,0.0525098675183,0.0199131696215,0.089111434056
T[C>G]T,2.81466538817,0.663972347978,1.58775996256,0.126248482033,0.880485070144,0.112220872918,0.502188406309
A[C>T]A,4.03332213045,0.95145034872,2.27520735564,0.748858148353,1.26170589722,0.665651687425,2.97879130123
A[C>T]C,3.72160578216,0.877917261432,2.09936736429,0.640790946541,1.16419462929,0.569591952481,2.54892398735
A[C>T]G,4.7637313332,1.12375200681,2.68723305975,2.13400837492,1.49019287859,1.89689633326,8.48861109136
A[C>T]T,2.88246139378,0.679965251866,1.62600386316,0.47332062349,0.901693051387,0.420729443102,1.88276425788
C[C>T]A,3.25404347586,0.767620512254,1.83561426843,0.6130322081,1.01793154886,0.544917518311,2.43850589444
C[C>T]C,4.59430909023,1.08378573411,2.59166153808,0.666234686577,1.43719412566,0.592208610291,2.65013353105
C[C>T]G,4.26698601541,1.00657106004,2.40701775228,1.45820788613,1.33480075354,1.29618478767,5.80042692483
C[C>T]T,4.16382012557,0.982234491159,2.34882160929,0.686133691387,1.30252834697,0.609896614566,2.72928735018
G[C>T]A,5.92959575485,1.39877643448,3.3449001694,1.238279993,1.85489918485,1.10069332711,4.92560263882
G[C>T]C,8.07739057531,1.90543572546,4.55647673479,2.18152769524,2.52677346202,1.9391357291,8.67763238773
G[C>T]G,5.71414517703,1.34795219561,3.22336394601,3.29623561186,1.78750182461,2.92998721054,13.1116927672
G[C>T]T,6.42014422185,1.51449556003,3.62161981745,1.43360070338,2.00835280786,1.27431173634,5.70254502011
T[C>T]A,3.5046484447,0.826737581827,1.97698117394,0.502065506968,1.09632592373,0.446280450638,1.99710501661
T[C>T]C,3.73937645189,0.882109316855,2.10939184465,0.712777971836,1.16975365931,0.63358041941,2.83527237686
T[C>T]G,5.85436766505,1.38103032099,3.30246381105,0.910820287432,1.83136629522,0.809618033273,3.6230406989
T[C>T]T,3.20551798675,0.756173473798,1.8082409156,0.521452847796,1.00275178047,0.463513642485,2.07422355012
A[T>A]A,0.693799365081,0.16366549125,0.391374000815,0.478054270171,0.217034673179,0.424937129041,1.90159365246
A[T>A]C,0.713808707761,0.168385643882,0.402661322327,0.255979020754,0.223294006017,0.227536907337,1.01822766033
A[T>A]G,0.800919578615,0.188934874955,0.451800787936,0.359242761324,0.25054407331,0.319326898955,1.42898787282
A[T>A]T,1.33995766844,0.316092578196,0.755873556555,0.286121059316,0.419166244999,0.254329830503,1.1381259915
C[T>A]A,0.438839154738,0.103521031374,0.247550292416,0.775839820578,0.137277889431,0.689635396069,3.08611839741
C[T>A]C,0.866079332535,0.204305893829,0.488557572199,0.395488759109,0.270927380947,0.351545563652,1.57316639734
C[T>A]G,0.937720284387,0.221205810676,0.528970416834,0.976577690788,0.293338140244,0.868069058479,3.88460903669
C[T>A]T,0.881297006948,0.207895704203,0.497141901356,0.359636229567,0.275687781661,0.319676648504,1.43055300205
G[T>A]A,0.443377303169,0.104591568953,0.250110273582,0.371568219856,0.13869751535,0.330282862095,1.47801580787
G[T>A]C,0.570473373363,0.134573206024,0.321805492666,0.160221432894,0.178455773206,0.142419051461,0.637325255288
G[T>A]G,0.513952418244,0.121240057637,0.289921876958,0.295796308775,0.16077485904,0.262930052244,1.17661198379
G[T>A]T,0.627147572587,0.147942504302,0.353775553767,0.159214995032,0.196184625271,0.141524440028,0.633321869127
T[T>A]A,0.779061324979,0.183778568969,0.439470491014,0.332528039685,0.243706363198,0.29558047972,1.32272264675
T[T>A]C,0.672969103913,0.158751686051,0.379623597079,0.252870482295,0.210518540199,0.22477376204,1.00586258513
T[T>A]G,0.556138351864,0.131191611209,0.313719070282,0.32259921025,0.173971484429,0.286754853556,1.28322796966
T[T>A]T,0.916013529804,0.216085242928,0.516725580915,0.218956160557,0.286547822144,0.194627698273,0.87095894977
A[T>C]A,2.88771474607,0.681204504201,1.62896729265,0.840583969738,0.903336407745,0.747185750878,3.34365623518
A[T>C]C,2.02228413439,0.477051641958,1.14077566555,0.421184207741,0.632611959987,0.374385962437,1.6753771819
A[T>C]G,4.2924617866,1.01258072915,2.42138870013,0.728703202597,1.34277009735,0.647736180086,2.89861940589
A[T>C]T,2.06545216057,0.487234868648,1.16512685981,0.47941065353,0.646115804077,0.426142803138,1.90698904404
C[T>C]A,1.51473886195,0.357323013587,0.85446807597,0.3923148408,0.473841387583,0.348724302933,1.56054125563
C[T>C]C,1.85384390804,0.437317024461,1.04575810197,0.433147743518,0.579920402003,0.385020216461,1.72296546866
C[T>C]G,4.54406841083,1.07193408666,2.56332064201,0.692856265942,1.42147781057,0.615872236393,2.75602825786
C[T>C]T,1.72265948977,0.406370956562,0.971756635257,0.416669072022,0.538883225006,0.370372508464,1.65741697538
G[T>C]A,1.67338085736,0.394746253532,0.943958432359,0.917538323361,0.523467857945,0.815589620765,3.64976355293
G[T>C]C,1.77410047368,0.418505752766,1.00077462618,0.822602354379,0.554975019972,0.731202092782,3.2721293652
G[T>C]G,2.59931780208,0.613172404593,1.46628183707,0.64371969452,0.81311992783,0.572195284018,2.56057389598
G[T>C]T,1.70758416676,0.402814726517,0.963252606888,0.607030705361,0.534167354729,0.53958284921,2.41463325022
T[T>C]A,1.54270795401,0.36392085069,0.870245512519,0.569635020405,0.482590693306,0.50634224036,2.26588152561
T[T>C]C,1.85916243896,0.438571652268,1.0487582989,0.470847940693,0.581584147573,0.418531502838,1.8729284752
T[T>C]G,2.03501632976,0.480055134199,1.14795792961,0.428738368898,0.636594851872,0.381100772354,1.70542595628
T[T>C]T,1.59003013847,0.375084032666,0.896940078114,0.409541993324,0.497394043318,0.364037327399,1.62906704011
A[T>G]A,0.352221103241,0.0830880551234,0.198688827469,0.03705012826,0.110181986142,0.0329334473422,0.147377176856
A[T>G]C,0.277516638191,0.0654654633682,0.156547847185,0.0517586212891,0.0868128970752,0.0460076633681,0.205884293572
A[T>G]G,0.478648467225,0.112911946115,0.270006827666,0.0670880599467,0.149731058978,0.0596338310637,0.26686139401
A[T>G]T,0.717912749239,0.169353776743,0.404976422647,0.112990787792,0.224577834377,0.100436255815,0.449452244772
C[T>G]A,0.273456114575,0.0645075962586,0.154257295401,0.0143926721414,0.0855426819951,0.0127934863479,0.0572508514071
C[T>G]C,0.737807961894,0.174047006396,0.41619936312,0.118729228146,0.230801465003,0.105537091685,0.472278485292
C[T>G]G,1.287411531,0.303697079109,0.726232145695,0.13606038538,0.40272873534,0.120942564782,0.541217977399
C[T>G]T,1.35697484494,0.320106886499,0.765472989454,0.21570513855,0.424489566879,0.191737900934,0.858027106678
G[T>G]A,0.138849054282,0.032754135882,0.0783251075439,0.0036982283522,0.0434348323653,0.00328731409084,0.0147107305565
G[T>G]C,0.249912563611,0.0589537329545,0.140976317935,0.0445869919551,0.0781777763092,0.0396328817379,0.177357145777
G[T>G]G,0.674673009121,0.159153632921,0.380584774376,0.100977661337,0.211051556699,0.0897579211885,0.401666697319
G[T>G]T,0.872309909862,0.205775671044,0.492072256845,0.245376993391,0.272876433341,0.218112883015,0.97605515149
T[T>G]A,0.571197042468,0.13474391771,0.322213716264,0.0461588139493,0.178682151746,0.0410300568438,0.183609504376
T[T>G]C,0.525022522341,0.123851466809,0.296166551064,0.0674744672161,0.164237814681,0.0599773041921,0.26839843626
T[T>G]G,0.482866377012,0.113906940218,0.272386161392,0.0741431381989,0.151050507681,0.0659050117324,0.294924927502
T[T>G]T,1.99584474568,0.470814657955,1.12586113859,0.161618036788,0.624341176853,0.143660477145,0.642880635225
