,1,3,2,5,4,7,6
A[C>A]A,2.8790043172,0.438973223111,2.36569346995,2.2317862924,1.36171285536,0.631684810464,1.83629305367
A[C>A]C,1.25164247144,0.331551708324,1.02848141064,0.970265481738,1.02848693195,0.474466463591,1.37926297556
A[C>A]G,0.49218810249,0.176044294808,0.404433634604,0.381541164721,0.546096587976,0.161326238728,0.468971624208
A[C>A]T,1.36951896797,0.431596128798,1.12534116748,1.06164261083,1.3388288077,0.296832517676,0.862885225802
C[C>A]A,4.33313361343,0.692802919426,3.56055940328,3.35901830499,2.14910293373,0.781744431352,2.27251288184
C[C>A]C,1.78238359473,0.436966898808,1.46459427164,1.38169270909,1.35548915549,0.760353077243,2.21032871292
C[C>A]G,0.921477540267,0.191459226792,0.757183095103,0.714323674626,0.593914336171,0.315648446164,0.917582692336
C[C>A]T,2.25688790126,0.741024119024,1.85449703514,1.74952550485,2.2986870631,1.42819184112,4.15172046837
G[C>A]A,5.7750059669,0.575267564797,4.74535374024,4.47674881155,1.78450346631,0.888276581627,2.5821993652
G[C>A]C,2.14542648121,1.01344886586,1.76290858146,1.66312130326,3.14375974717,0.687359615196,1.99813841627
G[C>A]G,0.908390333033,0.368312809804,0.746429265903,0.704178552738,1.14252136919,0.207358041802,0.602785005237
G[C>A]T,3.5431050251,0.770882857394,2.91138862528,2.74659304271,2.39131008824,0.749404164122,2.1785004771
T[C>A]A,3.43374179202,0.605104510168,2.82152426321,2.66181534265,1.87705888868,0.454467782222,1.3211272739
T[C>A]C,2.82068617134,0.745237135151,2.31777313304,2.18657842739,2.31175601108,0.481358861238,1.39929901523
T[C>A]G,0.837491694644,0.122674279942,0.688171470018,0.649218367941,0.380540623494,0.154655908269,0.44958112869
T[C>A]T,5.37300002812,0.766705430779,4.41502327892,4.16511630087,2.37835154037,1.02520936257,2.98025977492
A[C>G]A,0.49522298887,0.264716324666,0.406927417211,0.383893789821,0.821160843861,0.113036991131,0.328595904452
A[C>G]C,0.328786234689,0.151768729862,0.270165433155,0.254873050146,0.470792794675,0.0625260101787,0.181761657496
A[C>G]G,0.189958143914,0.0332469338731,0.156089637635,0.147254375127,0.103133345892,0.0242060481055,0.0703664189113
A[C>G]T,0.449679265746,0.199917960383,0.369503892783,0.348588578097,0.620153673026,0.0871456054392,0.25333024837
C[C>G]A,0.399714214612,0.227625373386,0.328447339139,0.309855980319,0.706103199076,0.0419482822513,0.121942680963
C[C>G]C,0.460317491169,0.220457348206,0.378245380341,0.356835264472,0.683867692393,0.0391764093833,0.113884910998
C[C>G]G,0.325542949219,0.0390919051015,0.267500407886,0.252358875364,0.121264685213,0.0505941295025,0.147075957856
C[C>G]T,0.490678853814,0.259349135339,0.403193476777,0.380371204507,0.804511603502,0.0381277014931,0.11083634155
G[C>G]A,0.322348135041,0.122301994621,0.264875211739,0.249882275226,0.379385779231,0.0377170181135,0.109642494516
G[C>G]C,0.338954626508,0.155020557868,0.27852085589,0.262755524425,0.480880097876,0.0987945258977,0.287193389237
G[C>G]G,0.133162146171,0.0530594597553,0.109420058094,0.1032264699,0.164592609853,0.0178584988571,0.0519142408638
G[C>G]T,0.250750761871,0.15863118743,0.206043261693,0.194380435559,0.49208041815,0.0742935833918,0.215969719162
T[C>G]A,1.39898582762,0.930221144492,1.14955424595,1.08448513769,2.88558395843,0.0218983819211,0.0636580869798
T[C>G]C,0.804028631723,0.352766828894,0.660674689633,0.623278009088,1.09429710188,0.0590275141695,0.171591610958
T[C>G]G,0.179335790401,0.0549400738607,0.147361192112,0.139019992559,0.170426351568,0.019586897722,0.0569386561685
T[C>G]T,1.84421758391,1.1952226855,1.51540359608,1.42962603404,3.70762955502,0.045985823215,0.133679718648
A[C>T]A,2.17422850788,0.633066689699,1.78657536306,1.68544845572,1.9637987109,1.01665327292,2.95538742129
A[C>T]C,2.57855866701,1.2564229178,2.11881564886,1.99888268761,3.89747517358,1.72639041674,5.01857679284
A[C>T]G,3.15284758622,0.545701757931,2.59071197007,2.4440678963,1.69278912664,1.93303399559,5.6192848709
A[C>T]T,1.50524963591,0.68834498625,1.23687179385,1.16686018288,2.13527424306,1.08532642819,3.1550186866
C[C>T]A,3.17803033983,1.289084763,2.61140477536,2.46358941072,3.99879355052,0.784302131287,2.27994805607
C[C>T]C,4.61497599045,2.58211109971,3.79215081386,3.57750076779,8.00981402358,2.11567223348,6.15020998105
C[C>T]G,2.53392146096,0.537494599148,2.08213701443,1.96428020229,1.66733018511,1.93973944564,5.63877745826
C[C>T]T,4.09882820096,2.21135242283,3.36802937443,3.1773862023,6.8597054749,1.22076827634,3.54874498936
G[C>T]A,2.38911158222,1.11800519694,1.96314595128,1.85202448234,3.46809775379,1.63190446907,4.74390834032
G[C>T]C,4.12394037436,2.2103949794,3.38866418358,3.19685300338,6.85673544629,2.62306386335,7.62518564926
G[C>T]G,2.39663247213,0.721758211754,1.96932590733,1.85785462956,2.23892343238,2.61304660775,7.59606572022
G[C>T]T,2.86051798942,1.61311687544,2.3505031541,2.21745580575,5.00395438912,1.61383844873,4.69139083932
T[C>T]A,2.88704764478,2.25040393349,2.37230271587,2.23802143007,6.98084485492,0.787869068417,2.29031705935
T[C>T]C,2.83403021012,2.53499793745,2.32873800211,2.1969226435,7.86366707126,2.17523781904,6.32336575302
T[C>T]G,1.90101437435,0.786461685755,1.56207382698,1.47365455376,2.43963624969,1.16258531921,3.37960848607
T[C>T]T,1.96797603472,1.55646136083,1.61709658667,1.52556281761,4.82820667033,1.41625076231,4.11700802997
A[T>A]A,0.601426839028,0.260309493174,0.494195697186,0.466222355836,0.807490672704,0.0629129398315,0.182886452999
A[T>A]C,0.358486098565,0.100382396311,0.294569972464,0.277896200438,0.311390290598,0.116983570749,0.34006851962
A[T>A]G,0.603830329718,0.153312485346,0.496170658528,0.468085526913,0.475581587197,0.0815335010979,0.237015991564
A[T>A]T,0.649833368338,0.209336015335,0.533971604991,0.503746797161,0.649368863896,0.16996553065,0.494085844913
C[T>A]A,0.528646831097,0.396121189779,0.434391969738,0.409803745036,1.22878409891,0.0596223679021,0.173320836925
C[T>A]C,0.722538050621,0.261169953033,0.593713436944,0.560107015985,0.810159854306,0.114234067703,0.332075778206
C[T>A]G,1.49301303507,0.217578803216,1.22681691254,1.15737444579,0.674938328344,0.17916243428,0.520821029884
C[T>A]T,1.07063497101,0.240748446445,0.879746565324,0.829949589928,0.74681150734,0.0888618921407,0.258319453897
G[T>A]A,0.640074477985,0.157194182079,0.525952671833,0.49618176588,0.487622768897,0.0672800930375,0.195581665807
G[T>A]C,0.310595029715,0.116577853271,0.255217621317,0.240771340865,0.361629259127,0.0851337044452,0.247481698969
G[T>A]G,0.742626654459,0.0849839316239,0.610220351726,0.5756795771,0.263623624629,0.083045208711,0.241410490439
G[T>A]T,0.560282749896,0.0930210490276,0.460387375884,0.434327713098,0.288555090861,0.0830718970251,0.241488072747
T[T>A]A,0.68620919254,0.207791678918,0.563861817126,0.531945110496,0.644578269295,0.0646148311433,0.187833811463
T[T>A]C,0.465431467988,0.206906901223,0.382447562843,0.360799587588,0.641833652773,0.0592481231139,0.172232916029
T[T>A]G,0.475627032178,0.220144170305,0.390825313262,0.368703125719,0.682896201763,0.0495925320597,0.144164337383
T[T>A]T,0.560938185429,0.278462973457,0.460925950818,0.434835802658,0.863803509499,0.0478143304878,0.138995146767
A[T>C]A,1.23562496813,0.356594107484,1.01531974125,0.9578488125,1.10616947628,0.248953349503,0.723701597392
A[T>C]C,0.640036657642,0.196498347608,0.525921594651,0.496152447784,0.609545894621,0.198656489274,0.5774897944
A[T>C]G,1.1144465494,0.271291424949,0.915746777024,0.863912053797,0.841557073311,0.538856644373,1.56644373364
A[T>C]T,1.01620780333,0.357445421912,0.835023466301,0.787757987076,1.10881028838,0.132093666159,0.38399321558
C[T>C]A,0.534790623523,0.270536453898,0.439440357313,0.414566374824,0.839215122296,0.137364213375,0.399314573765
C[T>C]C,1.02980287005,0.453188626251,0.846194606398,0.798296798488,1.40580961613,0.115282540677,0.335123664759
C[T>C]G,1.04637406421,0.361017985045,0.859811246563,0.811142685437,1.11989252504,0.552072593319,1.60486218988
C[T>C]T,1.40855147634,0.29874377788,1.15741439141,1.09190036925,0.926715392606,0.117957597035,0.342899991381
G[T>C]A,0.631074213253,0.17079467452,0.518557105463,0.489204816475,0.529812051571,0.379359347452,1.10278880073
G[T>C]C,0.581897295233,0.241532273372,0.478148165075,0.451083174599,0.74924297046,0.238177313354,0.692375910912
G[T>C]G,0.786249541214,0.181316804245,0.646065514486,0.609495768383,0.562452127455,0.358449532113,1.04200445382
G[T>C]T,0.881735929851,0.245788067183,0.724527198172,0.683516224691,0.762444616567,0.281208371092,0.817466195035
T[T>C]A,0.623307196583,0.239501574032,0.51217490572,0.48318387332,0.742943658221,0.212020218456,0.61633784435
T[T>C]C,0.882222353508,0.361004605194,0.724926895131,0.683893297293,1.11985102019,0.162996076813,0.473825804689
T[T>C]G,0.587733202842,0.218632829552,0.482943562025,0.455607133986,0.678207961059,0.24908840986,0.72409421471
T[T>C]T,0.675264598398,0.343842237817,0.55486858473,0.52346092899,1.06661265608,0.121829911623,0.354156719834
A[T>G]A,0.217736526243,0.214074209506,0.17891528513,0.168788004839,0.66406693561,0.0161090164791,0.0468285362765
A[T>G]C,0.255554890274,0.147656648172,0.20999084007,0.198104566104,0.458036949431,0.0442340186535,0.128587263528
A[T>G]G,0.387759983659,0.13470781813,0.318624482697,0.30058913462,0.417869150116,0.0596372218896,0.173364017121
A[T>G]T,0.837912124299,0.640262022437,0.688516939346,0.649544282402,1.98611892674,0.0890546584138,0.25887982097
C[T>G]A,0.116196848571,0.166455000825,0.0954795809967,0.090075076412,0.51635020664,0.0215480828361,0.0626397756864
C[T>G]C,0.577779829715,0.288552667708,0.474764821317,0.447891340865,0.895102152889,0.0945199651671,0.274767340602
C[T>G]G,0.717651064454,0.237889494432,0.589697773893,0.556318654616,0.737942921502,0.159567102675,0.463857856613
C[T>G]T,3.17137251502,1.00616147862,2.60593400459,2.45842830622,3.12115397449,0.219371674188,0.637708355198
G[T>G]A,0.150903126394,0.0586675630108,0.123997917813,0.116979167748,0.181989175054,0.0135077454727,0.0392667019555
G[T>G]C,0.117078019227,0.0471752369006,0.0962036437061,0.0907581544397,0.146339510386,0.0343069444651,0.0997294897241
G[T>G]G,0.630230965196,0.181671566594,0.51786420396,0.488551135811,0.56355261474,0.0881353219006,0.256207331107
G[T>G]T,0.930755097814,0.330237380783,0.764806514483,0.721515579701,1.02440983427,0.121114449802,0.35207688896
T[T>G]A,0.242458256672,0.328845362719,0.199229265172,0.187952136955,1.02009173741,0.042249051633,0.122817010561
T[T>G]C,0.455730370374,0.255726477553,0.374476118292,0.353279356879,0.793273971185,0.0616817925392,0.179307536451
T[T>G]G,0.429671144928,0.203013290753,0.353063111336,0.333078406921,0.629755514173,0.059087187317,0.17176507941
T[T>G]T,1.88401686227,1.62556401471,1.54810687907,1.46047818781,5.0425659232,0.242488345493,0.704907981085
