,1,3,2,5,4,7,6
A[C>A]A,1.61970099075,3.09065393133,0.396661467123,3.14023661472,2.19816563031,0.524207917485,1.14040171798
A[C>A]C,0.741702989228,1.41529039781,0.181641548382,1.43799559136,1.00659691395,0.279094622421,0.522219451599
A[C>A]G,0.158700214201,0.302825918935,0.0388653585799,0.307684088758,0.21537886213,0.112085207456,0.111737905917
A[C>A]T,0.98837715346,1.8859849765,0.242051547786,1.91624141997,1.34136899398,0.290645330667,0.695898199885
C[C>A]A,2.35929706693,4.50192399506,0.577787036799,4.57414737466,3.20190316226,0.801952890211,1.6611377308
C[C>A]C,0.909935323861,1.7363051588,0.222841303803,1.76416032177,1.23491222524,0.626213836303,0.640668748433
C[C>A]G,0.446119399367,0.851268649812,0.109253730457,0.864925366119,0.605447756283,0.207247747179,0.314104475064
C[C>A]T,1.80673456118,3.4475445198,0.442465606819,3.50285272065,2.45199690446,0.939074067333,1.27208861961
G[C>A]A,2.98914921978,5.70378473571,0.732036543621,5.79528930366,4.05670251256,0.942159900554,2.10460506291
G[C>A]C,0.980083408308,1.87015915667,0.240020426525,1.90016170999,1.33011319699,0.452505009242,0.690058726258
G[C>A]G,0.31715125177,0.605176368173,0.077669694311,0.614885079962,0.430419555973,0.164211401068,0.223300371144
G[C>A]T,2.05673245688,3.92458132078,0.503689581276,3.98754251844,2.79127976291,0.678188189994,1.44810754617
T[C>A]A,2.26081317663,4.31400065337,0.553668533053,4.38320922001,3.068246454,0.820492212713,1.59179703253
T[C>A]C,1.53580027938,2.93055767596,0.376114354134,2.97757197023,2.08430037916,0.548809962076,1.08132876814
T[C>A]G,0.445144694913,0.849408754579,0.109015027326,0.863035632994,0.604124943096,0.145556261269,0.313418203561
T[C>A]T,5.49668267988,10.4885679708,1.34612637058,10.6568337671,7.45978363698,1.32818519619,3.87011331542
A[C>G]A,0.354046985687,0.67557945228,0.0867053842498,0.686417625311,0.480492337718,0.118936910758,0.249277979718
A[C>G]C,0.258338885798,0.492952771879,0.0632666659097,0.500861105118,0.350602773583,0.0702770002914,0.18189166449
A[C>G]G,0.0985202660406,0.187992752547,0.0241274120916,0.191008679058,0.133706075341,0.0576056720833,0.0693663097633
A[C>G]T,0.395717262635,0.755093144007,0.096910350033,0.767206937761,0.537044856433,0.107746420836,0.278617256345
C[C>G]A,0.284485359234,0.542844512008,0.0696698838941,0.551553247495,0.386087273247,0.0790804755502,0.200300916196
C[C>G]C,0.298639408388,0.569852748659,0.0731361816461,0.578994771365,0.405296339955,0.0824899759358,0.210266522232
C[C>G]G,0.155316573714,0.296369380455,0.0380367119301,0.301123969446,0.210786778612,0.074325580238,0.109355546799
C[C>G]T,0.362301525712,0.691330462329,0.0887269042561,0.702421325361,0.491694927753,0.122285574599,0.255089849736
G[C>G]A,0.192871201291,0.368029741238,0.0472337635814,0.373933961686,0.26175377318,0.100469569031,0.135797070297
G[C>G]C,0.188953091362,0.360553347803,0.046274226456,0.36633762611,0.256436338277,0.139146798313,0.133038401061
G[C>G]G,0.0399503462351,0.0762317831221,0.00978375826166,0.0774547529048,0.0542183270333,0.0402666361014,0.0281283050023
G[C>G]T,0.249618308255,0.476312486161,0.0611310142666,0.483953862944,0.338767704061,0.0947554576699,0.175751666017
T[C>G]A,0.502195635886,0.958271264395,0.122986686339,0.973644600188,0.681551220131,0.738801993267,0.353586723226
T[C>G]C,0.403891378634,0.770690691884,0.0989121743595,0.783054713679,0.548138299575,0.266546166557,0.284372501283
T[C>G]G,0.065121972258,0.124263355227,0.015948238104,0.12625688499,0.0883798194929,0.0563427374886,0.045851184549
T[C>G]T,0.841994844278,1.60666363143,0.206202819007,1.6324389838,1.14270728866,0.90060491678,0.592833104645
A[C>T]A,1.16242193975,2.21809084422,0.284674760756,2.25367518932,1.57757263252,0.861146245828,0.818439937173
A[C>T]C,0.75879283445,1.44790061268,0.1858268166,1.47112896475,1.02979027533,0.616817942811,0.534252097725
A[C>T]G,1.12151304138,2.14002998712,0.274656255031,2.174362019,1.5220534133,1.07795883276,0.789636733215
A[C>T]T,0.923004511115,1.76124330182,0.226041921089,1.78949854196,1.25264897937,0.416327749041,0.649870523132
C[C>T]A,1.44083780157,2.74935376422,0.352858237119,2.79346104386,1.9554227307,0.801858934582,1.01446743172
C[C>T]C,0.97569110532,1.86177792546,0.238944760486,1.89164602052,1.32415221436,0.716507395545,0.686966186399
C[C>T]G,1.06534312444,2.03284861501,0.260900357007,2.06546115964,1.44582281175,1.0369562246,0.750088526395
C[C>T]T,1.25391385143,2.39267234917,0.307080943209,2.43105746707,1.70174022695,0.593774488613,0.882857711724
G[C>T]A,1.10435586212,2.10729128793,0.270454496847,2.14109810004,1.49876867002,1.01591001586,0.777556678434
G[C>T]C,1.32762049603,2.53331666079,0.325131550048,2.57395810455,1.80177067318,1.22479046022,0.934753206389
G[C>T]G,1.34761920339,2.57147745954,0.330029192668,2.61273110862,1.82891177603,1.49904057924,0.94883392892
G[C>T]T,1.14226142422,2.17962128907,0.279737491645,2.21458847553,1.55021193287,0.82473026251,0.804245288481
T[C>T]A,4.5006038689,8.58788697433,1.10218870259,8.72566056215,6.10796239351,1.06061319482,3.16879251994
T[C>T]C,2.1668637206,4.13472975256,0.530660503003,4.20106231544,2.94074362081,0.894343654002,1.52564894613
T[C>T]G,2.69495495069,5.14241403856,0.659988967515,5.2249126595,3.65743886165,0.697007301179,1.89746828161
T[C>T]T,2.93516426113,5.60077262072,0.718815737419,5.6906245879,3.98343721153,0.610314037706,2.06659524508
A[T>A]A,2.30472684324,4.39779509883,0.564422900385,4.46834796138,3.12784357297,0.209717297713,1.62271583861
A[T>A]C,0.456913154313,0.871864896496,0.111897099015,0.885852033873,0.620096423711,0.132808308358,0.32170415967
A[T>A]G,0.464045276347,0.885474149764,0.113643741146,0.899679617408,0.629775732185,0.175497909723,0.326725755795
A[T>A]T,0.566933229394,1.08180116221,0.138840790872,1.09915626107,0.769409382749,0.313309981952,0.399167273757
C[T>A]A,4.59548448347,8.76893467765,1.12542477146,8.90961277408,6.23672894186,0.127506199555,3.23559621796
C[T>A]C,0.479719293152,0.915382732852,0.117482275874,0.930068017336,0.651047612135,0.182388243926,0.337761543138
C[T>A]G,0.519227894357,0.990771594333,0.127157851679,1.00666632579,0.704666428055,0.286443245349,0.365578823578
C[T>A]T,0.566682706518,1.08132312366,0.138779438331,1.09867055345,0.769069387417,0.142086213099,0.398990885201
G[T>A]A,1.69183281345,3.22829322567,0.414326403295,3.28008402608,2.29605881826,0.094108069762,1.19118840947
G[T>A]C,0.266190689018,0.507935294351,0.0651895564943,0.516083988913,0.361258792239,0.107955069088,0.187419974921
G[T>A]G,0.261270187396,0.498546173909,0.0639845356888,0.50654424087,0.354580968609,0.132351079682,0.183955540105
G[T>A]T,0.346548737113,0.661271569796,0.0848690784765,0.671880204606,0.470316143224,0.13734898499,0.24399860062
T[T>A]A,1.12020954295,2.13754269931,0.274337030927,2.17183482817,1.52028437972,0.295475474486,0.788718963915
T[T>A]C,0.494290069175,0.943186152406,0.121050629186,0.958317481054,0.670822236738,0.121254643052,0.348020558909
T[T>A]G,0.272311382303,0.519614576434,0.0666885017884,0.527950639158,0.369565447411,0.202062616468,0.191729442642
T[T>A]T,0.589849631982,1.1255293998,0.144452971098,1.14358602119,0.800510214833,0.1776423721,0.415302291906
A[T>C]A,1.99955670198,3.81548064561,0.489687355587,3.87669156506,2.71368409554,0.412900465005,1.40785114731
A[T>C]C,1.09139887503,2.08256724112,0.267281357149,2.11597741076,1.48118418753,0.255962521657,0.768433901804
A[T>C]G,1.86870085608,3.56578632742,0.457641025979,3.62299145567,2.53609401897,0.508361763925,1.31571794969
A[T>C]T,1.48346472665,2.83069289678,0.363297484078,2.87610508229,2.0132735576,0.336450421499,1.04448026673
C[T>C]A,1.13677302488,2.16914852706,0.278393393848,2.20394770129,1.54276339091,0.255247964436,0.800381007312
C[T>C]C,1.17422811427,2.24061895274,0.287566068801,2.27656471134,1.59359529794,0.204271030062,0.826752447802
C[T>C]G,1.50295593465,2.86788530387,0.368070841138,2.91389415901,2.03972591131,0.465841224073,1.05820366827
C[T>C]T,1.12387486342,2.14453672919,0.27523466043,2.17894106174,1.52525874322,0.339973144138,0.791299648737
G[T>C]A,2.18655825081,4.17231013165,0.53548365326,4.23924558831,2.96747191182,0.314546940306,1.53951550312
G[T>C]C,1.14908665163,2.1926449373,0.28140897591,2.22782105929,1.5594747415,0.281563472737,0.809050805742
G[T>C]G,1.44990738804,2.76666001595,0.355079360336,2.81104493599,1.96773145519,0.338135475345,1.02085316097
G[T>C]T,1.68389669179,3.21314980984,0.412382863295,3.26469766775,2.28528836743,0.310422299876,1.18560073197
T[T>C]A,1.32653444684,2.53124430163,0.324865578819,2.57185249898,1.80029674929,0.254241093833,0.933988539104
T[T>C]C,1.35909926563,2.59338329257,0.33284063648,2.63498837213,1.84449186049,0.301035936727,0.95691682988
T[T>C]G,0.947933083645,1.80881108818,0.232146877627,1.83782944788,1.28648061352,0.271374257318,0.667422273178
T[T>C]T,1.20491850841,2.29918123544,0.295082083693,2.3360664959,1.63524654713,0.363989185806,0.848360990616
A[T>G]A,0.128913469388,0.24598794669,0.0315706455644,0.249934277385,0.17495399417,0.343975605082,0.0907656059978
A[T>G]C,0.131419365648,0.250769605879,0.0321843344443,0.254792647684,0.178354853379,0.0866427267261,0.0925299615274
A[T>G]G,0.237412437915,0.453021692757,0.0581418215303,0.460289420448,0.322202594314,0.115746268573,0.1671577369
A[T>G]T,0.283259914744,0.540506163848,0.0693697750393,0.549177385728,0.38442417001,0.279738742351,0.199438103238
C[T>G]A,0.0923187558051,0.176159258526,0.022608674891,0.178985342887,0.125289740021,0.230290014853,0.0649999403117
C[T>G]C,0.24605923246,0.46952118847,0.0602594038678,0.477053613954,0.333937529767,0.152057334389,0.17324578612
C[T>G]G,0.414512865463,0.790958222873,0.101513354807,0.803647392224,0.562553174557,0.255545237228,0.291850895071
C[T>G]T,0.597030860949,1.13923235712,0.146211639416,1.15750881204,0.810256168431,0.632302883113,0.420358463322
G[T>G]A,0.0617594690574,0.11784715014,0.0151247679324,0.119737746132,0.0838164222922,0.0930173064822,0.0434837078057
G[T>G]C,0.0633140188128,0.120813484878,0.015505473995,0.122751669127,0.0859261683889,0.0352568372673,0.0445782377356
G[T>G]G,0.412686537338,0.787473290635,0.101066090777,0.800106551982,0.560074586387,0.134750078697,0.290565010983
G[T>G]T,0.333703748234,0.636761233875,0.0817233669145,0.64697665474,0.452883658318,0.2718141921,0.234954679879
T[T>G]A,0.186512871121,0.35589700918,0.0456766214991,0.361606586868,0.253124610807,0.528872891489,0.13132028681
T[T>G]C,0.303686401546,0.579483235604,0.0743721799705,0.5887797581,0.41214583067,0.144628042535,0.213820017415
T[T>G]G,0.2406588358,0.459216349944,0.0589368577468,0.466583457162,0.326608420014,0.163608591566,0.169443466022
T[T>G]T,0.856577989245,1.63449065295,0.209774201448,1.66071242813,1.16249869969,0.621071384522,0.603100829162
