,1,3,2,5,4,7,6
A[C>A]A,1.61599903816,1.99204912881,1.13831378789,0.365886574679,1.83959638936,2.83723774197,1.99204912881
A[C>A]C,1.2854415531,1.58456946168,0.905468263816,0.291043370512,1.46330139063,1.44522110748,1.58456946168
A[C>A]G,0.565125336685,0.696632490504,0.39807570886,0.127952906419,0.643318779496,0.301172148883,0.696632490504
A[C>A]T,1.20657581947,1.48735132463,0.849915042644,0.273186977993,1.37352341713,1.46327689183,1.48735132463
C[C>A]A,2.13078767885,2.62663135254,1.50093220145,0.482442493324,2.42561364699,3.50148191558,2.62663135254
C[C>A]C,2.66029215566,3.27935385225,1.873916487,0.602330299394,3.02838289417,1.5190881416,3.27935385225
C[C>A]G,0.633925641747,0.781442929449,0.446538816828,0.143530333981,0.721638623624,0.633858071251,0.781442929449
C[C>A]T,3.40664421205,4.199385318,2.39964875314,0.771315670652,3.87800378856,1.98146898957,4.199385318
G[C>A]A,1.60341130401,1.97653217349,1.12944695628,0.363036521662,1.82526695613,3.95795316309,1.97653217349
G[C>A]C,1.66355723147,2.05067432307,1.1718138989,0.376654467503,1.89373496161,1.47932563213,2.05067432307
G[C>A]G,0.748298125236,0.922430393373,0.527103081928,0.16942599062,0.851836230615,0.508611246845,0.922430393373
G[C>A]T,1.71693452583,2.11647274883,1.20941299933,0.388739892642,1.95449779356,2.59970124371,2.11647274883
T[C>A]A,1.47333094278,1.81618153953,1.03781802259,0.333584364404,1.67718805437,2.78969383691,1.81618153953
T[C>A]C,2.08828875241,2.57424273882,1.47099585075,0.472820094885,2.37723436595,2.34411235825,2.57424273882
T[C>A]G,0.441932018911,0.544771545325,0.3112980259,0.100060079754,0.503079845427,0.68569090203,0.544771545325
T[C>A]T,2.08238434143,2.56696434541,1.46683676881,0.471483247117,2.37051299245,4.28464462256,2.56696434541
A[C>G]A,0.642959731676,0.792579291877,0.452902452501,0.145575788304,0.731922713417,0.894880253515,0.792579291877
A[C>G]C,0.380195691406,0.468668902614,0.267810801494,0.0860820433373,0.432801384557,0.504007487991,0.468668902614
A[C>G]G,0.129975682109,0.160221595556,0.0915551974605,0.0294284563266,0.147959738753,0.171154993472,0.160221595556
A[C>G]T,0.61660716619,0.760094368385,0.434339639077,0.139609169703,0.701923881008,1.03582180155,0.760094368385
C[C>G]A,0.441348578657,0.544052335955,0.310887049117,0.0999279800734,0.502415677591,0.608284241999,0.544052335955
C[C>G]C,0.476190763445,0.587002450536,0.335429971735,0.107816776629,0.542078793607,0.682416502329,0.587002450536
C[C>G]G,0.242686619828,0.299160864694,0.170949065539,0.0549479139233,0.276265900559,0.365140433118,0.299160864694
C[C>G]T,0.479183698109,0.590691854272,0.337538202441,0.108494422213,0.545485845017,1.02546161937,0.590691854272
G[C>G]A,0.356700724086,0.439706552961,0.251260887406,0.0807624280949,0.406055541255,0.459991452617,0.439706552961
G[C>G]C,0.566044512752,0.697765562889,0.398723178794,0.128161021755,0.644365137158,0.416590753514,0.697765562889
G[C>G]G,0.190766050592,0.235158150415,0.134376085951,0.0431923133415,0.217161353189,0.0578852189695,0.235158150415
G[C>G]T,0.320281132023,0.394811961487,0.225606835135,0.0725164827221,0.364596760353,0.555027038915,0.394811961487
T[C>G]A,0.167128173119,0.206019634788,0.117725505593,0.0378403410835,0.190252826003,0.821675193504,0.206019634788
T[C>G]C,0.501788340084,0.618556695952,0.353460969116,0.113612454359,0.571218173303,0.930793178213,0.618556695952
T[C>G]G,0.115584306487,0.142481283469,0.0814178762678,0.0261700316575,0.131577103611,0.106268908918,0.142481283469
T[C>G]T,0.503784259679,0.621017074825,0.3548668999,0.114064360682,0.573490257874,1.95237278704,0.621017074825
A[C>T]A,2.52835860383,3.11671878208,1.78098216119,0.57245855181,2.87819438549,1.85482333639,3.11671878208
A[C>T]C,3.97197403698,4.89626988207,2.79786850404,0.899314876298,4.52155535028,1.5873564761,4.89626988207
A[C>T]G,3.70949319541,4.57270859308,2.61297633891,0.839885251791,4.22275640484,1.23289599948,4.57270859308
A[C>T]T,2.70986848829,3.34046681575,1.90883818043,0.613555129424,3.08481884516,1.678622006,3.34046681575
C[C>T]A,3.44571320327,4.24754583547,2.42716904884,0.780161479985,3.92247855214,2.44833368859,4.24754583547
C[C>T]C,7.24809537463,8.93475907816,5.10557661609,1.64107819803,8.25097649565,2.21389316839,8.93475907816
C[C>T]G,3.91001704955,4.81989523089,2.75422584622,0.885286879143,4.45102569791,1.09720394504,4.81989523089
C[C>T]T,6.7478011924,8.31804423717,4.75316813553,1.52780404356,7.68145921902,2.75708868529,8.31804423717
G[C>T]A,4.20710495923,5.18611680509,2.96349531719,0.95255206624,4.78922011082,1.84141882773,5.18611680509
G[C>T]C,8.08975695394,9.97227901241,5.69844514995,1.83164308391,9.20909439411,2.2080685057,9.97227901241
G[C>T]G,3.11873844271,3.84448260862,2.19684720492,0.706129458726,3.55026200082,1.44297452519,3.84448260862
G[C>T]T,6.13353472453,7.56083525791,4.32047729023,1.38872484329,6.98219990654,2.03384307377,7.56083525791
T[C>T]A,1.79675529057,2.21486815693,1.26563894682,0.40681251862,2.04536294084,4.66989546325,2.21486815693
T[C>T]C,4.41027907926,5.43657043732,3.10661167847,0.998553753794,5.02050637324,3.02901890534,5.43657043732
T[C>T]G,1.59232110812,1.9628612402,1.1216349944,0.360525533914,1.81264226773,1.11145175139,1.9628612402
T[C>T]T,2.96599849769,3.65619940595,2.0892568034,0.671546829665,3.37638822692,3.67393408561,3.65619940595
A[T>A]A,0.826740100122,1.01912616116,0.582357806375,0.187186437763,0.941131812088,0.954271790485,1.01912616116
A[T>A]C,1.65493327786,2.04004353749,1.16573916428,0.374701874234,1.88391775656,0.793101150222,2.04004353749
A[T>A]G,0.901769921059,1.11161575175,0.635209000997,0.204174321749,1.02654311768,1.06077513738,1.11161575175
A[T>A]T,0.674373424209,0.831303088961,0.475030336549,0.152688322462,0.767682954602,1.04041794401,0.831303088961
C[T>A]A,0.643639156933,0.793416822383,0.453381041362,0.145729620438,0.732696147201,0.780987045027,0.793416822383
C[T>A]C,0.936950828761,1.15498341155,0.659990520888,0.212139810286,1.06659182394,1.40131965491,1.15498341155
C[T>A]G,1.92273036064,2.37015818042,1.35437610309,0.435335175995,2.18876852375,1.82746075062,2.37015818042
C[T>A]T,0.865888451737,1.06738450654,0.609934003739,0.196050215488,0.985696916757,1.33860926751,1.06738450654
G[T>A]A,0.52158956637,0.642965754771,0.367409002726,0.118095750876,0.593759191906,0.600407159601,0.642965754771
G[T>A]C,0.907704879062,1.1189318006,0.639389600346,0.205518085825,1.03329926484,0.487477958058,1.1189318006
G[T>A]G,0.815480397224,1.00524627582,0.574426443327,0.18463707107,0.928314162877,0.752716603369,1.00524627582
G[T>A]T,0.568754875223,0.701106638639,0.400632364937,0.12877468873,0.647450518335,0.607903776657,0.701106638639
T[T>A]A,0.620147341792,0.764458358436,0.436833347678,0.140410718896,0.705953892229,0.985545586278,0.764458358436
T[T>A]C,0.656054683234,0.808721496313,0.462126569322,0.148540682996,0.746829545065,0.999986874836,0.808721496313
T[T>A]G,0.664846881511,0.819559677838,0.468319815907,0.150531369399,0.756838273922,0.828575467039,0.819559677838
T[T>A]T,0.631305634726,0.778213235259,0.444693277291,0.142937124844,0.718656099908,1.20570539165,0.778213235259
A[T>C]A,2.56607548676,3.16321254971,1.80755002841,0.580998223417,2.92112995662,4.83883773924,3.16321254971
A[T>C]C,1.33487148429,1.64550195548,0.940286831704,0.302235053048,1.51957068338,1.58140058278,1.64550195548
A[T>C]G,2.4990966619,3.08064745743,1.76036997568,0.565833206467,2.8448836214,2.92620019561,3.08064745743
A[T>C]T,1.82073894127,2.24443290874,1.28253309071,0.412242779156,2.07266508409,3.56705386497,2.24443290874
C[T>C]A,1.64852905409,2.03214902265,1.16122801294,0.373251861302,1.87662741377,1.51279858619,2.03214902265
C[T>C]C,1.14718788459,1.41414355584,0.80808203191,0.259740653114,1.30591828371,2.1339153418,1.41414355584
C[T>C]G,2.26899672822,2.79700225616,1.59828700352,0.513735108275,2.58294596105,2.13303907733,2.79700225616
C[T>C]T,1.81096501389,2.23238454542,1.27564831167,0.410029814465,2.06153878939,2.11186874992,2.23238454542
G[T>C]A,6.8000982944,8.38251110505,4.79000634574,1.53964489685,7.74099239803,1.68393332495,8.38251110505
G[T>C]C,3.27487019608,4.03694690837,2.30682680478,0.741480044395,3.72799688987,1.22498268133,4.03694690837
G[T>C]G,4.54964635991,5.60836909776,3.20478234157,1.03010860979,5.17915717701,1.61563887089,5.60836909776
G[T>C]T,4.95907733029,6.11307645746,3.49318654712,1.12280996158,5.64523897347,1.55858442476,6.11307645746
T[T>C]A,2.32038273431,2.86034601211,1.63448343549,0.525369675694,2.64144198057,2.11212513454,2.86034601211
T[T>C]C,1.86104539765,2.29411885497,1.31092505998,0.42136876928,2.11854853443,1.96799581585,2.29411885497
T[T>C]G,1.77761627747,2.19127541122,1.25215737784,0.402479157164,2.02357576241,1.51872785417,2.19127541122
T[T>C]T,1.74684994639,2.15334961945,1.23048549683,0.395513195408,1.98855245469,1.79503246629,2.15334961945
A[T>G]A,0.0959416675192,0.118267715936,0.0675815519632,0.0217226417025,0.109216615226,0.44617159772,0.118267715936
A[T>G]C,0.219214508029,0.270226689143,0.154415250939,0.049633473516,0.249546075178,0.457552260668,0.270226689143
A[T>G]G,0.255394520231,0.314825949467,0.179900542553,0.0578251743919,0.290732126804,0.682018904899,0.314825949467
A[T>G]T,0.305052417125,0.376039457588,0.21487969005,0.0690684718018,0.34726092767,1.40285311919,0.376039457588
C[T>G]A,0.0434276727394,0.0535334833769,0.0305905619297,0.00983268062025,0.0494365331185,0.18759226393,0.0535334833769
C[T>G]C,0.278467798906,0.34326848167,0.196153418097,0.0630493129598,0.316997934603,0.948197630067,0.34326848167
C[T>G]G,0.471181050342,0.580826955139,0.331901117222,0.106682501964,0.536375912654,0.96858897406,0.580826955139
C[T>G]T,1.0802612616,1.33164281304,0.760938750306,0.244587455456,1.22973137326,2.50582010274,1.33164281304
G[T>G]A,0.03096976106,0.0381765608036,0.021815177602,0.00701202137208,0.0352548852319,0.124175145644,0.0381765608036
G[T>G]C,0.0840845326225,0.103651373547,0.0592293563127,0.0190380073862,0.0957188704696,0.224791375552,0.103651373547
G[T>G]G,0.326925756635,0.4030028195,0.230287325428,0.0740209260305,0.372160766987,0.685521905627,0.4030028195
G[T>G]T,0.347204605159,0.428000645353,0.244571797345,0.0786123634322,0.395245493923,0.853286460154,0.428000645353
T[T>G]A,0.171959393983,0.211975102017,0.121128629724,0.0389342024113,0.195752517679,0.613288391606,0.211975102017
T[T>G]C,0.266521727312,0.328542506623,0.187738575213,0.0603445420329,0.303398947443,0.891243774263,0.328542506623
T[T>G]G,0.263647702953,0.324999684143,0.185714105225,0.0596938195365,0.300127259336,0.678720751592,0.324999684143
T[T>G]T,0.520823743413,0.64202172144,0.366869555108,0.117922356999,0.592887406023,3.58164875196,0.64202172144
