,1,3,2,5,4,7,6
A[C>A]A,0.223296738143,0.614066029893,1.37167996288,0.845337651541,1.36370507937,1.48332833195,1.03673485566
A[C>A]C,0.150060453145,0.412666246149,0.921799926463,0.568086001192,0.916440624565,0.996830153035,0.696709246745
A[C>A]G,0.0222632922992,0.0612240538228,0.136760224124,0.0842824637042,0.135965106542,0.147891870273,0.103365285675
A[C>A]T,0.151588286612,0.416867788182,0.931185189186,0.573869942172,0.925771321807,1.00697933249,0.703802759268
C[C>A]A,0.270655571204,0.744302820812,1.66259850883,1.02462466242,1.65293223843,1.79792629443,1.25661515202
C[C>A]C,0.263630225447,0.72498311998,1.61944281346,0.998028710622,1.61002744827,1.75125792619,1.22399747529
C[C>A]G,0.0644184146069,0.177150640169,0.395713118299,0.24386971244,0.393412460635,0.427922325603,0.299085496389
C[C>A]T,0.414687963128,1.1403918986,2.54736891636,1.56989014613,2.53255863196,2.75471289792,1.92533697166
G[C>A]A,0.163795803973,0.450438460925,1.0061742244,0.62008411504,1.00032437426,1.08807212639,0.760480518445
G[C>A]C,0.130486912485,0.358839009334,0.801562462409,0.493986168694,0.796902215534,0.866805918651,0.605832093681
G[C>A]G,0.0377634605921,0.103849516628,0.231975543637,0.142961672241,0.230626848616,0.250857273933,0.175330352749
G[C>A]T,0.169820842241,0.467007316163,1.04318517377,0.642893188484,1.03712014369,1.12809559489,0.788453910405
T[C>A]A,0.389985289803,1.07245954696,2.39562392308,1.47637288283,2.38169587701,2.59061656798,1.81064598837
T[C>A]C,0.251443697747,0.691470168806,1.54458271473,0.951893998615,1.53560258267,1.67030456361,1.16741716811
T[C>A]G,0.0580814940886,0.159724108744,0.35678632083,0.219879941907,0.354711981755,0.385827067874,0.269664079697
T[C>A]T,0.595877062099,1.63866192077,3.66038766718,2.25582030652,3.63910634353,3.95832619823,2.76657207403
A[C>G]A,0.101922101586,0.280285779361,0.626092909741,0.385847956003,0.622452834684,0.677053960534,0.473209757362
A[C>G]C,0.050790617886,0.139674199187,0.311999509871,0.192278767711,0.310185559233,0.337394818814,0.235813583042
A[C>G]G,0.0091436893325,0.0251451456644,0.0561683773282,0.0346153953302,0.0558418169949,0.0607402219945,0.0424528433295
A[C>G]T,0.124738103856,0.343029785605,0.76624835226,0.472222821742,0.761793419979,0.828617404188,0.579141196476
C[C>G]A,0.0634870243677,0.174589317011,0.389991721116,0.240343735106,0.387724327388,0.421735233299,0.294761184564
C[C>G]C,0.0677033220889,0.186184135744,0.415891835689,0.256305433622,0.4134738599,0.449743496733,0.314336852556
C[C>G]G,0.0272205250091,0.0748564437749,0.167211796484,0.103049130391,0.166239634877,0.180822058989,0.126381008971
C[C>G]T,0.106794893464,0.293685957025,0.656025774134,0.404294953827,0.652211670796,0.709423220865,0.495833433938
G[C>G]A,0.0523411709842,0.143938220206,0.321524336046,0.198148718726,0.31965500851,0.347694921538,0.243012579569
G[C>G]C,0.0496550401558,0.136551360428,0.3050238181,0.187979794875,0.303250423808,0.329851338178,0.230541257866
G[C>G]G,0.00300660162258,0.0082681544621,0.018469124253,0.0113821347141,0.0183617456236,0.0199724250643,0.0139592218191
G[C>G]T,0.05858474364,0.16110804501,0.359877710931,0.221785100923,0.357785398658,0.389170082751,0.272000595471
T[C>G]A,0.913864211508,2.51312658165,5.61373729926,3.45962880071,5.58109929171,6.07066940501,4.242940982
T[C>G]C,0.234822678201,0.645762365053,1.44248216609,0.888971567475,1.43409564187,1.55989350519,1.09024814879
T[C>G]G,0.0347093088381,0.0954505993047,0.21321432572,0.131399526316,0.211974707547,0.230568980139,0.161150362462
T[C>G]T,1.29795700141,3.56938175389,7.97316443726,4.9136943625,7.92680883007,8.62214293797,6.02622893514
A[C>T]A,0.414813733754,1.14073776782,2.54814150735,1.57036627778,2.53332673114,2.75554837422,1.92592090671
A[C>T]C,0.474128674398,1.3038538546,2.91250471416,1.79491569594,2.89557154722,3.14956905136,2.20131170256
A[C>T]G,0.413996448862,1.13849023437,2.54312104301,1.56727227069,2.52833545555,2.75011926744,1.92212636972
A[C>T]T,0.393543074054,1.08224345365,2.41747888347,1.48984163749,2.40342377369,2.6142504205,1.82716427239
C[C>T]A,0.622938382035,1.7130805506,3.82662148964,2.35826673199,3.80437369028,4.13809068066,2.89221391659
C[C>T]C,0.916221323552,2.51960863977,5.62821670182,3.46855215345,5.59549451169,6.08632736359,4.25388471649
C[C>T]G,0.39343888281,1.08195692773,2.41683885154,1.48944719921,2.40278746287,2.61355829295,1.82668052733
C[C>T]T,1.03631790787,2.84987424664,6.36595286263,3.92320350836,6.32894150878,6.88411181656,4.81147600082
G[C>T]A,0.570186520057,1.56801293016,3.50257433749,2.1585632545,3.4822105332,3.78766759752,2.64729455741
G[C>T]C,0.875979328406,2.40894315312,5.3810158745,3.31620745754,5.34973089848,5.8190055387,4.06704688189
G[C>T]G,0.330309494424,0.908351109667,2.02904403718,1.25045737175,2.01724726952,2.19419878439,1.53357979554
G[C>T]T,0.838301310127,2.30532860285,5.14956519078,3.17356924548,5.11962585827,5.56871584584,3.89211322559
T[C>T]A,2.42909636191,6.68001499524,14.9215919374,9.19586479864,14.8348384959,16.1361401184,11.2779473946
T[C>T]C,1.07165328561,2.94704653544,6.5830130402,4.05697315268,6.54473970857,7.11883968301,4.97553311178
T[C>T]G,0.603269099378,1.65899002329,3.70579589618,2.28380444765,3.6842505712,4.00743044587,2.80089224711
T[C>T]T,1.52664132206,4.19826363566,9.37793954979,5.77942786208,9.32341664543,10.1412602108,7.0879775667
A[T>A]A,0.102437415542,0.28170289274,0.629258409757,0.387798787408,0.62559993063,0.680477117527,0.475602286444
A[T>A]C,0.119321468039,0.328134037106,0.732974732237,0.451716986146,0.728713251236,0.792635466257,0.553992530179
A[T>A]G,0.101247938375,0.278431830531,0.621951621445,0.383295766705,0.618335623646,0.672575590633,0.470079713883
A[T>A]T,0.145771812687,0.40087248489,0.895455420793,0.551850433745,0.890249284626,0.968341327137,0.676797701762
C[T>A]A,0.0771469030082,0.212153983272,0.473902404193,0.292056132817,0.471147157657,0.512475855697,0.358182049681
C[T>A]C,0.155606173719,0.427916977727,0.955866495701,0.589080514792,0.950309132354,1.03366958256,0.722457235123
C[T>A]G,0.130938782817,0.360081652747,0.804338237305,0.495696820665,0.799661852204,0.869807628713,0.607930063079
C[T>A]T,0.138839891159,0.381809700688,0.852873617122,0.525608159389,0.847915049581,0.922293562702,0.644613780383
G[T>A]A,0.0453929665932,0.124830658131,0.278842509073,0.171844802103,0.277221331694,0.301538992369,0.210753059183
G[T>A]C,0.0639296198276,0.175806454526,0.392710521798,0.242019275062,0.39042732109,0.424675331712,0.296816092057
G[T>A]G,0.064444539009,0.177222482275,0.395873596769,0.243968611963,0.39357200609,0.428095866274,0.299206788256
G[T>A]T,0.079646670722,0.219028344486,0.489258120149,0.301519539162,0.486413596195,0.52908145551,0.369788114066
T[T>A]A,0.122691500551,0.337401626514,0.753676360525,0.46447496637,0.74929452122,0.8150221108,0.569639109699
T[T>A]C,0.105355737456,0.289728278003,0.647185244371,0.398846720368,0.643422539462,0.699863113099,0.489151638187
T[T>A]G,0.0925521129001,0.254518310475,0.568534407815,0.350375855979,0.565228975211,0.614810464265,0.429706238465
T[T>A]T,0.145930286179,0.401308286992,0.896428900813,0.552450369106,0.891217104879,0.969394043903,0.677533471545
A[T>C]A,0.638895145747,1.7569616508,3.92464160959,2.41867448033,3.90182392581,4.24408918246,2.96629889097
A[T>C]C,0.228033994734,0.627093485517,1.40078025336,0.863271551492,1.39263618212,1.51479725073,1.05872926126
A[T>C]G,0.47347635465,1.30205997529,2.90849760714,1.79244619975,2.89158773733,3.14523578446,2.19828307516
A[T>C]T,0.484175651079,1.33148304047,2.97422185663,1.83295067908,2.95692986909,3.21630968217,2.24795838001
C[T>C]A,0.214129628798,0.588856479196,1.31536771976,0.810633594737,1.30772023302,1.42243253416,0.994173276564
C[T>C]C,0.262398367055,0.721595509402,1.61187568334,0.993365246709,1.60250431309,1.74307486687,1.21827813276
C[T>C]G,0.37863539194,1.04124732783,2.32590312192,1.43340541234,2.31238042935,2.51522081789,1.75795003401
C[T>C]T,0.34923954823,0.960408757633,2.14532865341,1.32212114687,2.1328558124,2.31994842753,1.62146933107
G[T>C]A,0.27840474714,0.765613054634,1.71020058957,1.05396082846,1.70025756289,1.84940296314,1.29259346886
G[T>C]C,0.176381196036,0.485048289099,1.08348448994,0.667728813565,1.07718516151,1.17167508795,0.818912695882
G[T>C]G,0.279126660118,0.767598315325,1.71463519787,1.05669378473,1.70466638858,1.85419852793,1.29594520769
G[T>C]T,0.268975374866,0.739682280881,1.65227730275,1.01826391913,1.64267103936,1.78676499018,1.24881424045
T[T>C]A,0.260064848922,0.715178334534,1.5975412148,0.984531213774,1.58825318448,1.72757363926,1.20744394142
T[T>C]C,0.232172204528,0.638473562451,1.42620068495,0.878937631426,1.41790882051,1.54228678722,1.07794237816
T[T>C]G,0.232453645131,0.639247524111,1.42792953438,0.88000308514,1.41962761848,1.54415635694,1.07924906668
T[T>C]T,0.233582742784,0.642352542655,1.43486541996,0.884277526252,1.42652317914,1.55165679135,1.08449130578
A[T>G]A,0.0916935323243,0.252157213892,0.563260269992,0.347125515228,0.55998550098,0.609107036154,0.425719971506
A[T>G]C,0.0472516984053,0.129942170615,0.290260433061,0.178881429677,0.288572872404,0.313886282264,0.219382885453
A[T>G]G,0.0723907620556,0.199074595653,0.44468610977,0.274050742068,0.442100725411,0.480881490798,0.336099966687
A[T>G]T,0.126984767242,0.349208109915,0.780049284484,0.480728047415,0.775514114226,0.843541668105,0.589572133622
C[T>G]A,0.0385454825727,0.106000077075,0.236779392947,0.145922184025,0.235402768569,0.256052134233,0.178961169088
C[T>G]C,0.108717849668,0.298974086587,0.667838219389,0.4115747166,0.663955439044,0.722197144223,0.504761444887
C[T>G]G,0.130638089655,0.359254746551,0.802491122166,0.494558482265,0.797825476107,0.867810166993,0.606533987683
C[T>G]T,0.396683166141,1.09087870689,2.43676802058,1.50172912896,2.42260076465,2.63510960365,1.84174327137
G[T>G]A,0.0166638958664,0.0458257136327,0.102363931751,0.0630847486372,0.101768792613,0.110695879684,0.0773680879513
G[T>G]C,0.0411514906857,0.113166599386,0.252787728498,0.155787786167,0.251318032402,0.27336347384,0.191060492469
G[T>G]G,0.0639435924385,0.175844879206,0.392796353551,0.242072171374,0.390512653821,0.42476814977,0.296880964893
G[T>G]T,0.129198756392,0.355296580077,0.793649503548,0.489109577768,0.789035262249,0.858248881744,0.599851368961
T[T>G]A,0.139087262496,0.382489971863,0.854393183902,0.526544636591,0.84942578167,0.92393681515,0.645762290158
T[T>G]C,0.0882817450361,0.242774798849,0.542302148079,0.334209463351,0.539149228613,0.586443020597,0.409879530525
T[T>G]G,0.0728329394119,0.200290583383,0.447402342102,0.275724699202,0.444801165694,0.483818811808,0.338152932984
T[T>G]T,0.289103958377,0.795035885538,1.77592431575,1.09446498529,1.76559917438,1.92047629494,1.34226837818
