,1,3,2,5,4,7,6
A[C>A]A,0.580387628887,1.47642466998,0.539658672474,1.21168645329,1.38478451805,0.325831651305,0.478565237854
A[C>A]C,0.404877784384,1.02995225852,0.376465308287,0.845271163889,0.966024187301,0.227299808777,0.333846594141
A[C>A]G,0.137316714027,0.349314447964,0.127680453394,0.286678753847,0.327632861539,0.077090085068,0.113226062444
A[C>A]T,0.396778495938,1.00934880546,0.36893439096,0.828362123098,0.946699569255,0.222752839825,0.327168233493
C[C>A]A,0.735752378254,1.87165078679,0.684120632412,1.53604443881,1.75547935864,0.413053966739,0.606673013648
C[C>A]C,0.597633077792,1.52029467158,0.555693914438,1.24769010978,1.42593155403,0.335513306831,0.492785169408
C[C>A]G,0.134281809601,0.341594077055,0.124858524717,0.280342725307,0.320391686066,0.0753862790743,0.11072359739
C[C>A]T,0.703227301572,1.78891155663,0.653878017251,1.46814120855,1.67787566691,0.394794274567,0.57985409077
G[C>A]A,0.646832905232,1.64545212734,0.601441122408,1.35040553899,1.54332061599,0.363134262586,0.533353448173
G[C>A]C,0.442319102958,1.12519771805,0.411279165908,0.923438127228,1.05535785969,0.248319496397,0.364719260334
G[C>A]G,0.188478077676,0.479461776545,0.17525154591,0.393489320061,0.44970208007,0.105812254134,0.15541174826
G[C>A]T,0.506577399995,1.288661807,0.471028108767,1.05759141402,1.20867590174,0.284394329822,0.417704171926
T[C>A]A,1.01383771824,2.57906086219,0.942691211698,2.11660856966,2.41898122247,0.569172052346,0.835971451884
T[C>A]C,0.802278599905,2.04088415765,0.74597834728,1.67493251559,1.91420858925,0.450402020999,0.661527968343
T[C>A]G,0.160695254486,0.408786173693,0.149418394522,0.335486583928,0.383413238775,0.0902148797116,0.132503104576
T[C>A]T,0.963876740049,2.45196714574,0.896236267063,2.01230407133,2.29977608152,0.541123783887,0.794775557585
A[C>G]A,0.179292813693,0.45609575413,0.166710861855,0.374313067183,0.427786362495,0.100655614705,0.147837934097
A[C>G]C,0.0938577041009,0.238760826222,0.0872711985499,0.19594854014,0.223941188732,0.0526920444075,0.0773914402235
A[C>G]G,0.0273964690064,0.0696927720338,0.0254739097779,0.0571961370484,0.0653670137697,0.0153804738282,0.0225900709351
A[C>G]T,0.197485940902,0.502376516328,0.183627278382,0.412295209952,0.47119452566,0.110869300155,0.162839284603
C[C>G]A,0.178488966251,0.45405087906,0.16596342476,0.372634859366,0.425868410704,0.10020433193,0.147175112523
C[C>G]C,0.149480709251,0.380257944585,0.138990834917,0.312073761418,0.356655727335,0.083918994667,0.123256023417
C[C>G]G,0.0891893899678,0.226885290269,0.0829304854087,0.186202410635,0.212802755011,0.0500712364732,0.07354212857
C[C>G]T,0.24167838871,0.614795901106,0.224718501783,0.50455663608,0.57663615552,0.135679095416,0.199278671393
G[C>G]A,0.103704769091,0.263810377512,0.0964272414354,0.216506447751,0.247435940287,0.058220221244,0.0855109499521
G[C>G]C,0.13816238835,0.35146572475,0.12846678215,0.28844428445,0.3296506108,0.0775648495999,0.11392337285
G[C>G]G,0.0388574724596,0.0988479562569,0.036130632287,0.0811234951349,0.0927125658685,0.0218147213808,0.0320403720281
G[C>G]T,0.115624347519,0.29413211211,0.10751035822,0.241391181663,0.275875636186,0.0649119143967,0.0953393742701
T[C>G]A,2.81555723658,7.16238244394,2.61797427261,5.87809317813,6.71782077501,1.58066371177,2.32159982666
T[C>G]C,0.795836996304,2.02449762218,0.739988786037,1.66148425544,1.89883914908,0.446785682135,0.656216470636
T[C>G]G,0.118709106384,0.301979305714,0.110378642778,0.247831292275,0.283235762601,0.0666437088472,0.0978829473693
T[C>G]T,3.45282766031,8.78350896044,3.21052396485,7.20853493994,8.23832564565,1.93842956368,2.84706842166
A[C>T]A,0.458650810841,1.16674329074,0.426464789028,0.957534148949,1.09432474166,0.257488174507,0.378185756308
A[C>T]C,0.950715036455,2.41848561905,0.883998191792,1.98482612874,2.26837271856,0.533734757308,0.783922924796
A[C>T]G,0.42053430146,1.06978024056,0.39102312241,0.877957576733,1.00338008769,0.236089432399,0.346756353836
A[C>T]T,0.557685849632,1.41867452977,0.518550000535,1.16429151064,1.3306188693,0.313086792776,0.45984622689
C[C>T]A,1.64479313692,4.18412289216,1.52936905714,3.43386637357,3.92441871265,0.92339263827,1.35623293746
C[C>T]C,2.4464229801,6.22335670375,2.27474417447,5.10744446722,5.8370793911,1.37343044497,2.01722596604
C[C>T]G,0.705249326739,1.79405530486,0.655758145916,1.47236262951,1.68270014801,0.395929446591,0.58152137468
C[C>T]T,2.08258091185,5.29779354769,1.93643488295,4.34784435983,4.96896498266,1.16916823121,1.7172158396
G[C>T]A,0.610143506525,1.55211944642,0.567326418348,1.27380837327,1.45578099803,0.342536705418,0.503100786082
G[C>T]C,1.47573571342,3.75406453414,1.37217531248,3.08092192802,3.52105363202,0.828483207535,1.21683471107
G[C>T]G,0.329371795592,0.837875620365,0.306257985375,0.687635853955,0.785869547377,0.184910481736,0.271587270049
G[C>T]T,1.03382495011,2.62990557484,0.961275830802,2.15833629935,2.4666700564,0.580392954446,0.852452151843
T[C>T]A,3.04033511794,7.73418582634,2.82697826756,6.34736629886,7.25413291298,1.70685480305,2.50694299199
T[C>T]C,4.55488619656,11.5869912018,4.23524505996,9.50932381386,10.8677986444,2.5571290928,3.75578335506
T[C>T]G,1.5292182895,3.89011670137,1.42190472533,3.19257853423,3.64866118197,0.858508513405,1.26093437906
T[C>T]T,1.95437665869,4.97165992123,1.81722741948,4.08018986639,4.66307413301,1.09719391365,1.61150356067
A[T>A]A,0.236281170189,0.601066134692,0.219700035439,0.493288758816,0.563758581504,0.132649078001,0.194828333314
A[T>A]C,0.355031603726,0.903150570883,0.330117105219,0.741206330586,0.847092949242,0.199315988057,0.292745357458
A[T>A]G,0.220392791958,0.56064833042,0.204926631119,0.460118284966,0.525849468532,0.123729286713,0.18172738986
A[T>A]T,0.262694907694,0.668258975714,0.24426017733,0.548433228344,0.626780832394,0.147477842916,0.216608081783
C[T>A]A,0.141728519429,0.360537461706,0.131782658417,0.295889365124,0.338159274428,0.0795668881006,0.116863866898
C[T>A]C,0.29389199033,0.747619975401,0.273267991008,0.613563979811,0.701215976927,0.164991994571,0.242331992026
C[T>A]G,0.409329115959,1.0412758213,0.380604265717,0.854564294722,0.976644908254,0.229798801942,0.337516990353
C[T>A]T,0.273056229371,0.694616723839,0.253894388714,0.570064759564,0.651502582359,0.153294725261,0.225151627727
G[T>A]A,0.104695940576,0.266331778659,0.097348857027,0.218575735589,0.249800840673,0.0587766683937,0.0863282317032
G[T>A]C,0.195928352944,0.498414231174,0.182178994843,0.409043403515,0.467478175446,0.109994864811,0.161554957691
G[T>A]G,0.186217905675,0.473712216191,0.17314998247,0.388770715357,0.444309388979,0.104543385642,0.153548097662
G[T>A]T,0.158181215258,0.402390810745,0.1470807791,0.330237975715,0.377414829388,0.0888034892678,0.130430124862
T[T>A]A,0.196558075049,0.500016155827,0.182764525923,0.410358086506,0.468980670293,0.11034839301,0.162074202234
T[T>A]C,0.215827652542,0.549035256468,0.200681852364,0.450587555308,0.514957206066,0.121166401427,0.177963152096
T[T>A]G,0.153089032814,0.389437013298,0.142345942792,0.319606928155,0.365265060748,0.085944720176,0.126231307759
T[T>A]T,0.260643125689,0.66303953026,0.242352380026,0.544149683455,0.62188535252,0.146325965299,0.214916261533
A[T>C]A,1.09992492565,2.79805463544,1.02273721157,2.29633449391,2.62438227876,0.617501712648,0.906955640452
A[T>C]C,0.378097683699,0.961827440987,0.351564512913,0.789361830879,0.902127806719,0.212265366287,0.311764756734
A[T>C]G,0.697857893333,1.77525253567,0.64888540959,1.45693139134,1.66506444725,0.391779869941,0.575426683976
A[T>C]T,0.799285801537,2.03327089865,0.74319556985,1.66868439268,1.90706787735,0.448721853495,0.65906022232
C[T>C]A,0.421873190389,1.07318618608,0.392268054221,0.880752800987,1.0065746297,0.236841089341,0.34786034997
C[T>C]C,0.366561518229,0.932481055145,0.340837902915,0.765277555602,0.874602920688,0.205788922515,0.302252479944
C[T>C]G,0.518335046742,1.31857161013,0.481960657497,1.08213808004,1.23672923433,0.29099511396,0.427399073629
C[T>C]T,0.555844222373,1.41398968849,0.516837610276,1.16044670987,1.32622481128,0.312052896771,0.458327692132
G[T>C]A,1.30872552203,3.32921404728,1.21688513452,2.73225152846,3.12257317538,0.734723100089,1.07912455326
G[T>C]C,0.638581425637,1.62446152136,0.593768694013,1.3331787658,1.5236328752,0.358501852989,0.526549596578
G[T>C]G,0.850027989796,2.16235190387,0.790376902792,1.77461983835,2.02813695811,0.477208696026,0.700900272288
G[T>C]T,1.04073968531,2.6474956907,0.967705321427,2.17277232547,2.48316837196,0.58427491105,0.858153775605
T[T>C]A,0.61177849639,1.55627863117,0.568846672082,1.27722177316,1.45968202647,0.343454594464,0.50444893562
T[T>C]C,0.522588914221,1.32939285197,0.48591600796,1.09101896127,1.24687881288,0.293383250089,0.430906648568
T[T>C]G,0.416078844407,1.05844618314,0.38688032901,0.868655833061,0.992749523498,0.233588123176,0.343082555915
T[T>C]T,0.471525152525,1.19949380905,0.438435668137,0.984412160534,1.12504246918,0.264715875102,0.388801441556
A[T>G]A,0.0676602793599,0.172118254512,0.0629121895803,0.141255670944,0.161435052508,0.0379847182371,0.0557900549108
A[T>G]C,0.0692665278562,0.176204325248,0.0644057188839,0.144609066928,0.16526750506,0.0388864717789,0.0571145054253
A[T>G]G,0.118236470577,0.300776986556,0.109939174396,0.24684456138,0.282108070149,0.0663783694468,0.097493230125
A[T>G]T,0.106220489538,0.270210017247,0.0987664200971,0.221758565878,0.253438361004,0.0596325555303,0.0875853159352
C[T>G]A,0.0105825030465,0.0269204024866,0.00983987125373,0.0220932958339,0.025249480953,0.00594105434188,0.00872592356463
C[T>G]C,0.122813587091,0.312420528564,0.114195089751,0.256400295856,0.29302890955,0.0689479787176,0.101267343742
C[T>G]G,0.152183136716,0.387132540768,0.14150361835,0.317715671389,0.363103624444,0.0854361469281,0.125484340801
C[T>G]T,0.273198303926,0.694978141565,0.254026493124,0.570361371354,0.651841567261,0.153374486414,0.225268776921
G[T>G]A,0.00717687825826,0.0182569710079,0.00667323767874,0.0149833072409,0.0171237797039,0.00402912463622,0.00591777680944
G[T>G]C,0.0432363267366,0.109987146962,0.0402021985446,0.0902653137133,0.10316035853,0.0242730255364,0.0356510062565
G[T>G]G,0.0883072965,0.224641368289,0.0821102932368,0.184360847079,0.210698110947,0.0495760261052,0.0728147883421
G[T>G]T,0.102548842149,0.260869861608,0.0953524321738,0.214093196768,0.244677939163,0.0575712798031,0.0845578172108
T[T>G]A,0.079009555517,0.200989220175,0.0734650253052,0.164949773799,0.188514027198,0.0443562416937,0.0651482299877
T[T>G]C,0.117780354104,0.299616690265,0.109515066097,0.245892318217,0.281019792248,0.0661223040584,0.0971171340858
T[T>G]G,0.104626513317,0.266155165454,0.0972843018557,0.218430790959,0.249635189667,0.0587376916865,0.0862709846645
T[T>G]T,0.229953063639,0.584968319782,0.213816006541,0.480077448649,0.548659941313,0.12909645678,0.189610420895
