,1,3,2,5,4,7,6
A[C>A]A,0.463769078522,0.945375429294,3.1928717329,2.10195570485,2.93606511153,3.2285462774,1.39130723556
A[C>A]C,0.383433992573,0.781615446398,2.63979556425,1.47750273965,2.06381335062,2.66929048676,1.15030197772
A[C>A]G,0.195012367549,0.397525210772,1.34258514582,0.422677134179,0.590406155679,1.35758609717,0.585037102646
A[C>A]T,0.318491231272,0.649232125286,2.19268963068,0.978925514005,1.36738801956,2.21718895617,0.955473693817
C[C>A]A,0.589518709849,1.20171121623,4.05860957934,2.09925708492,2.93229561069,4.10395717241,1.76855612955
C[C>A]C,0.760523895971,1.55029871102,5.23591451457,1.00233089865,1.40008125526,5.29441635272,2.28157168791
C[C>A]G,0.131049603825,0.267139577028,0.902226118642,0.522512435827,0.72985864052,0.912306857398,0.393148811475
C[C>A]T,0.744041051284,1.51669906608,5.12243646846,1.68896667696,2.35919154877,5.17967039548,2.23212315385
G[C>A]A,0.46758471987,0.953153467427,3.21914095603,2.91416427209,4.07057866577,3.2551090114,1.40275415961
G[C>A]C,0.499297189809,1.01779811769,3.43746911446,1.92505792279,2.68896979691,3.4758765906,1.49789156943
G[C>A]G,0.241740784652,0.49277929179,1.6642923251,0.45967642835,0.642087709442,1.68288777007,0.725222353955
G[C>A]T,0.380797846977,0.776241764991,2.62164671572,2.17366198681,3.0362262673,2.6509388578,1.14239354093
T[C>A]A,0.454369542074,0.926214835767,3.12815953967,1.99837667542,2.79138329265,3.1631110429,1.36310862622
T[C>A]C,0.614311954339,1.25225129154,4.2293015318,1.48677651893,2.07676720104,4.27655629751,1.84293586302
T[C>A]G,0.114006268457,0.232397393394,0.784889309765,0.470286439502,0.656908042479,0.793659022723,0.342018805372
T[C>A]T,0.57462796984,1.17135701544,3.95609256159,4.80452368389,6.7110807013,4.00029471312,1.72388390952
A[C>G]A,0.159673437131,0.325488160306,1.09929020179,0.357101483217,0.498808421002,1.11157277387,0.479020311394
A[C>G]C,0.0888446342662,0.18110636985,0.61166113591,0.176492303723,0.246528932184,0.618495338546,0.266533902799
A[C>G]G,0.0443315984756,0.0903682584309,0.305206004889,0.0758228648428,0.105911303273,0.308616127849,0.132994795427
A[C>G]T,0.114590566967,0.233588463432,0.788911980272,0.279136407862,0.389904823681,0.797726639269,0.343771700901
C[C>G]A,0.140313831364,0.28602434855,0.966006762085,0.184409591231,0.25758800045,0.976800133728,0.420941494093
C[C>G]C,0.128920252538,0.262798976328,0.887566354013,0.133437934467,0.186389495764,0.897483296516,0.386760757615
C[C>G]G,0.0742581299841,0.151372341891,0.511238664121,0.141542986847,0.197710838771,0.516950827966,0.222774389952
C[C>G]T,0.150461641229,0.306710268658,1.03587053,0.208963179465,0.291885076078,1.0474445024,0.451384923686
G[C>G]A,0.103846019316,0.211686116298,0.714939902216,0.127685074738,0.17835375519,0.722928057548,0.311538057949
G[C>G]C,0.142757598446,0.291005873756,0.982831158535,0.146005588912,0.203944314671,0.993812512262,0.428272795339
G[C>G]G,0.067202018482,0.136988729983,0.462660050318,0.0232098772805,0.0324201460426,0.467829436355,0.201606055446
G[C>G]T,0.110542608182,0.22533685514,0.761043340945,0.221825628588,0.309851671679,0.769546618498,0.331627824546
T[C>G]A,0.072194778939,0.147166280145,0.497033285773,2.11227798607,2.9504835361,0.502586730306,0.216584336817
T[C>G]C,0.151046621594,0.307902728634,1.03989789482,0.668961528994,0.934422453198,1.05151686571,0.453139864782
T[C>G]G,0.0378009602855,0.0770558036588,0.260245072734,0.115739738767,0.161668206531,0.26315283891,0.113402880856
T[C>G]T,0.122703569132,0.250126506308,0.844766879795,2.58398353431,3.6093738257,0.854205615882,0.368110707397
A[C>T]A,0.392078441716,0.799236823498,2.69930927182,1.59097638306,2.22231621761,2.72946915195,1.17623532515
A[C>T]C,0.308300831676,0.628459387647,2.12253264884,3.58747928615,5.01108217747,2.14624809743,0.924902495027
A[C>T]G,0.381582908658,0.777842083033,2.62705156345,2.45038159428,3.4227552428,2.65640409489,1.14474872597
A[C>T]T,0.23370256027,0.476393680551,1.60895224186,2.09897627046,2.93190336192,1.62692936188,0.70110768081
C[C>T]A,0.429663404342,0.875852324235,2.95806728374,2.7011404342,3.77302155888,2.99111831484,1.28899021302
C[C>T]C,0.413554493153,0.843014928351,2.84716362594,5.52572913919,7.7184787976,2.87897551003,1.24066347946
C[C>T]G,0.42485383322,0.866048198487,2.9249552364,2.1118461129,2.94988028469,2.95763630049,1.27456149966
C[C>T]T,0.412131710441,0.840114640515,2.83736831419,3.41834176826,4.77482659693,2.86907075346,1.23639513132
G[C>T]A,0.435081299575,0.886896495287,2.99536740861,1.75102660726,2.44587843553,3.02883520089,1.30524389872
G[C>T]C,0.526893733233,1.07405261005,3.62746070187,3.81010979965,5.32205813284,3.66799098905,1.5806811997
G[C>T]G,0.353092927184,0.719766351568,2.43090899869,2.40667666316,3.36170708505,2.45806999309,1.05927878155
G[C>T]T,0.385386510715,0.785595579535,2.65323790069,2.28189840314,3.18741364248,2.6828830169,1.15615953215
T[C>T]A,0.243685059508,0.496742621304,1.67767790969,4.18809538788,5.85003800212,1.69642291427,0.731055178523
T[C>T]C,0.371824863025,0.75795068232,2.55987117236,8.14340652689,11.3749170534,2.58847308491,1.11547458908
T[C>T]G,0.176957067371,0.360720175794,1.21828134844,4.1781077787,5.83608705596,1.23189343054,0.530871202112
T[C>T]T,0.288380735506,0.587853037762,1.98539044829,4.58206367997,6.40034291805,2.00757358179,0.865142206518
A[T>A]A,0.197395997993,0.402384149755,1.35899552464,0.897891929851,1.25419825122,1.37417983218,0.592187993979
A[T>A]C,0.17054254158,0.347644411681,1.17411980549,0.354680365982,0.495426542959,1.18723846253,0.511627624739
A[T>A]G,0.232298538879,0.473531636946,1.59928609459,0.634687902265,0.886548180941,1.61715521297,0.696895616637
A[T>A]T,0.182897742123,0.372830012789,1.25918060923,0.582529251999,0.813691653586,1.27324966632,0.548693226369
C[T>A]A,0.213625835736,0.435468049769,1.47073171526,1.64097326752,2.29215313559,1.48716447185,0.640877507207
C[T>A]C,0.275331911863,0.561253512643,1.89555431629,0.820859222757,1.14659700957,1.91673369412,0.825995735589
C[T>A]G,0.646810157818,1.3184976294,4.45303916344,1.51350998034,2.11410917889,4.50279379097,1.94043047345
C[T>A]T,0.264455369101,0.539082098553,1.82067350266,0.730893765181,1.02093097359,1.84101622336,0.793366107304
G[T>A]A,0.152098527353,0.310046998067,1.04713986139,0.762282505487,1.06477556322,1.05883974811,0.45629558206
G[T>A]C,0.137063156526,0.279397972919,0.943627116084,0.20753215849,0.289886189636,0.954170435817,0.411189469579
G[T>A]G,0.231252184937,0.471398684678,1.59208235014,0.423719986686,0.591862838545,1.60987097975,0.69375655481
G[T>A]T,0.111873086311,0.228048983635,0.770203171143,0.267937536026,0.374261955084,0.778808793167,0.335619258934
T[T>A]A,0.205553367186,0.41901263311,1.41515587409,0.594843305993,0.830892236943,1.43096767156,0.616660101558
T[T>A]C,0.146466088322,0.298565487734,1.00836268499,0.514443221799,0.718587357434,1.01962930717,0.439398264967
T[T>A]G,0.235377474025,0.47980792782,1.62048337887,0.552841107395,0.772222499219,1.63858933841,0.706132422075
T[T>A]T,0.189759430406,0.386817300443,1.30642069395,0.638830743364,0.892335006603,1.32101757321,0.569278291218
A[T>C]A,0.355954215253,0.725598977247,2.45060786655,0.830985182637,1.16074120749,2.47798896003,1.06786264576
A[T>C]C,0.192149657596,0.391689686638,1.32287648883,0.632692286646,0.883760654362,1.33765723173,0.576448972788
A[T>C]G,0.370534282644,0.755319883851,2.55098602282,0.928708778699,1.29724400834,2.57948865994,1.11160284793
A[T>C]T,0.242623150391,0.494577960412,1.67036707385,0.619436282607,0.865244331261,1.68903039311,0.727869451173
C[T>C]A,0.266065638907,0.542364571618,1.83175959093,0.595693655307,0.83208002646,1.85222617854,0.79819691672
C[T>C]C,0.251112928935,0.511884047445,1.72881593382,1.04230755961,1.45592167057,1.74813231297,0.753338786806
C[T>C]G,0.436659965085,0.890114544211,3.00623591347,1.13352968418,1.58334305092,3.03982514155,1.30997989525
C[T>C]T,0.282274203123,0.575405106365,1.9433493215,0.468079188906,0.653824898789,1.96506272174,0.846822609368
G[T>C]A,0.52399511068,1.06814387946,3.60750480045,0.814313417184,1.1374536621,3.64781211666,1.57198533204
G[T>C]C,0.277138078563,0.564935313994,1.90798907934,0.780428929686,1.0901229494,1.92930739307,0.831414235689
G[T>C]G,0.400000747953,0.815386140058,2.75385130322,0.735623729513,1.02753790789,2.78462059152,1.20000224386
G[T>C]T,0.376204625771,0.766878660225,2.59002415434,0.921329199388,1.28693602454,2.61896297171,1.12861387731
T[T>C]A,0.272408601436,0.555294456772,1.87542844834,0.737077625574,1.02956874683,1.89638295615,0.817225804307
T[T>C]C,0.267459676884,0.545206264418,1.84135700624,1.01807194645,1.42206875059,1.86193082754,0.802379030653
T[T>C]G,0.24427842896,0.497952182111,1.68176303015,0.627007593494,0.875820130595,1.70055367853,0.732835286881
T[T>C]T,0.295306206508,0.601970344035,2.0330696525,0.699573302564,0.977181755963,2.05578551454,0.885918619523
A[T>G]A,0.156052530342,0.318107081081,1.0743616512,0.178387507597,0.249176201088,1.08636569199,0.468157591025
A[T>G]C,0.0685891017775,0.139816245931,0.472209585314,0.345748196761,0.482949862142,0.477485670067,0.205767305333
A[T>G]G,0.0759019600753,0.154723226307,0.522555802057,0.308656227004,0.431138856767,0.528394414371,0.227705880226
A[T>G]T,0.267162973793,0.544601446577,1.83931431957,1.60390299397,2.24037243602,1.85986531756,0.801488921378
C[T>G]A,0.113065539908,0.230479754428,0.778412755522,0.243282866977,0.339823687206,0.787110104746,0.339196619725
C[T>G]C,0.135101774336,0.275399770762,0.930123754082,0.683030982284,0.954075022872,0.940516198261,0.405305323008
C[T>G]G,0.184363664482,0.375818239137,1.26927292086,0.595012292941,0.831128282204,1.2834547412,0.553090993446
C[T>G]T,0.482002649651,0.98254386275,3.31840285721,2.27716070189,3.18079590106,3.35547998411,1.44600794895
G[T>G]A,0.0380712738933,0.0776068275517,0.262106077957,0.0453949861297,0.0634088695145,0.265034637488,0.11421382168
G[T>G]C,0.0183750072631,0.0374567455747,0.126504857696,0.0574751774124,0.0802827874967,0.127918319793,0.0551250217892
G[T>G]G,0.0816297056716,0.166399015408,0.561989127508,0.386426586754,0.539770470387,0.568268335637,0.244889117015
G[T>G]T,0.162773679669,0.331807885479,1.12063417926,0.834581120229,1.16576410445,1.13315523154,0.488321039007
T[T>G]A,0.237790382139,0.484726548206,1.63709532319,0.292229923056,0.408194178237,1.65538689104,0.713371146416
T[T>G]C,0.112915850225,0.230174617766,0.777382199625,0.661143585243,0.923502150816,0.786068034257,0.338747550674
T[T>G]G,0.119837187427,0.244283497448,0.82503294421,0.384105403184,0.536528182226,0.834251189397,0.359511562281
T[T>G]T,0.680164937713,1.38649006534,4.68267399426,4.47064317375,6.24470792524,4.73499437408,2.04049481314
