,1,3,2,5,4,7,6
A[C>A]A,0.407000729641,1.532238041,0.49478520074,1.15715893721,0.638432517084,1.24023724073,0.502765607203
A[C>A]C,0.36287912202,1.36613316525,0.441147167946,1.03171515084,0.569222152188,1.06357422638,0.448262444848
A[C>A]G,0.0394135634262,0.148380474075,0.0479145280868,0.112058170526,0.0618251975313,0.0958177624488,0.0486873430559
A[C>A]T,0.330801672605,1.24537100275,0.402151052971,0.940514559367,0.518904584479,2.39447589828,0.408637360277
C[C>A]A,0.499863509455,1.88183909442,0.607677207573,1.4211805661,0.784099622675,1.76001148321,0.617478452856
C[C>A]C,0.533782063195,2.0095324732,0.648911527805,1.51761566987,0.837305197168,1.37390677406,0.65937784277
C[C>A]G,0.121185636253,0.456228277658,0.14732371466,0.34454739719,0.190095115691,0.217334109135,0.149699903607
C[C>A]T,1.06574898176,4.01223146075,1.2956164092,3.03007063442,1.67176310865,7.02592916603,1.31651344806
G[C>A]A,0.361362510341,1.36042356834,0.439303443944,1.02740321568,0.566843153477,1.48037166812,0.446388983363
G[C>A]C,0.330188022013,1.24306078875,0.401405046369,0.938769866507,0.517941995314,1.27708023845,0.40787932131
G[C>A]G,0.0556006611752,0.209320136189,0.0675929606444,0.158080311184,0.0872167234121,0.133454670041,0.0686831696871
G[C>A]T,0.394633428745,1.48567879057,0.479750442788,1.12199700329,0.619032829404,4.79056912037,0.487488353155
T[C>A]A,0.407946268861,1.53579771806,0.495934679792,1.159847235,0.63991571586,2.44203423438,0.50393362624
T[C>A]C,0.373295943684,1.40534943505,0.453810755067,1.06133160459,0.585562264603,1.79120261263,0.461130283374
T[C>A]G,0.0487575277083,0.183557751372,0.059273857214,0.138624343484,0.0764823964052,0.246457484985,0.0602298871691
T[C>A]T,0.997696377341,3.75603342058,1.21288579206,2.8365877395,1.56501392524,12.8409365549,1.23244846613
A[C>G]A,0.222659720809,0.838248360693,0.270684366474,0.633052147399,0.349270150289,0.394423848968,0.275050243352
A[C>G]C,0.12893857485,0.485415811202,0.1567488557,0.366590065751,0.202256588001,0.194876687422,0.15927706305
A[C>G]G,0.0290893717028,0.109512928764,0.0353635499133,0.0827050764101,0.0456303869849,0.0459456089054,0.0359339297506
A[C>G]T,0.206988479725,0.7792507472,0.251633053783,0.588496658041,0.324687811333,0.392480679108,0.255691651425
C[C>G]A,0.200027174627,0.753043480949,0.243170290723,0.568704712175,0.313768117062,0.19761767683,0.247092392187
C[C>G]C,0.136445616431,0.513677614799,0.165875063112,0.387933615343,0.2140323395,0.218130420759,0.168550467356
C[C>G]G,0.0398238789052,0.149925191173,0.0484133429828,0.11322475375,0.0624688296553,0.0648388287898,0.0491942033535
C[C>G]T,0.167981915744,0.63240250633,0.204213309336,0.477595642801,0.263501044304,0.337548850258,0.207507072389
G[C>G]A,0.120864190981,0.455018130754,0.146932938056,0.343633484163,0.189590887814,0.174145888407,0.149302824154
G[C>G]C,0.107656166158,0.405293802005,0.130876123564,0.306081256722,0.168872417502,0.161299987265,0.132987028783
G[C>G]G,0.0116840639813,0.0439870644003,0.0142041562126,0.033219397594,0.0183279435001,0.0221740284545,0.0144332555063
G[C>G]T,0.181766850864,0.684298732666,0.220971465757,0.516788105399,0.285124471944,0.289795982621,0.224535521656
T[C>G]A,0.352407125374,1.32670917788,0.428416505357,1.00194182704,0.552795490783,0.221647861158,0.435326448992
T[C>G]C,0.220072035513,0.828506486637,0.267538552976,0.625695002929,0.345211036099,0.29015625789,0.271853690928
T[C>G]G,0.0307374343557,0.115717399927,0.0373670770599,0.0873907447369,0.0482155833031,0.0206525918195,0.0379697718512
T[C>G]T,0.518454388964,1.95182828787,0.630277884623,1.47403698823,0.813261786611,0.479125677519,0.640443656956
A[C>T]A,0.986924048123,3.7154787694,1.19979001929,2.80596052898,1.54811615392,2.57666364375,1.21914147121
A[C>T]C,1.8055244087,6.79726836216,2.19495124195,5.133353711,2.8321951509,3.20119541193,2.23035368133
A[C>T]G,0.932083260836,3.50901933491,1.1331208269,2.65004064355,1.46209138955,4.42762580297,1.15139696927
A[C>T]T,1.2017666647,4.52429803182,1.46097123944,3.41678757612,1.88512417993,2.78093349166,1.48453529169
C[C>T]A,0.993297528671,3.73947304911,1.20753817211,2.82408120897,1.55811377046,1.63303222037,1.22701459424
C[C>T]C,2.51694067568,9.47554136728,3.05981023318,7.15600780341,3.94814223636,3.35376519946,3.10916201114
C[C>T]G,0.869469810183,3.27329810892,1.05700251434,2.47202200934,1.36387421205,2.76997218519,1.07405094199
C[C>T]T,1.79121396282,6.74339374239,2.17755422931,5.0926671492,2.80974739266,3.4658965957,2.21267607172
G[C>T]A,1.15408160815,4.34477781893,1.4030011707,3.28121241534,1.81032409122,4.06958011695,1.42563022184
G[C>T]C,2.28185867882,8.59052679086,2.77402427621,6.48763742018,3.57938616286,6.86368978809,2.81876660325
G[C>T]G,0.623063926472,2.34565242907,0.757450263555,1.77145626154,0.97735517878,8.78293750005,0.769667203289
G[C>T]T,1.50003652283,5.64719632125,1.82357381207,4.26480972178,2.35299846719,5.71987071448,1.85298629291
T[C>T]A,0.890612587022,3.35289444526,1.08270549795,2.53213382585,1.39703935219,1.72483766961,1.10016848985
T[C>T]C,2.18139928479,8.21232671923,2.65189716975,6.20201757442,3.42180279968,4.27425998105,2.69466970475
T[C>T]G,0.832183760931,3.13292709998,1.01167437603,2.36601265363,1.30538629166,7.0294247634,1.02799170468
T[C>T]T,1.5636399721,5.88664460085,1.90089565236,4.44564305793,2.45276858369,3.9102845302,1.93155525965
A[T>A]A,1.65343190707,6.22468482661,2.01005447526,4.70093385343,2.59361867776,0.842974069016,2.04247470873
A[T>A]C,0.19621996634,0.738710461516,0.238541919865,0.557880296457,0.307796025632,0.685418777262,0.242389370185
A[T>A]G,0.157529718144,0.593053056541,0.191506716175,0.447878610409,0.247105440225,0.883903595236,0.194595534178
A[T>A]T,0.323323235963,1.21721688833,0.393059620191,0.919252337543,0.507173703472,1.26325009009,0.399399291484
C[T>A]A,3.54579331666,13.3488689568,4.31057226731,10.0811770768,5.56202873202,0.951017974743,4.38009762646
C[T>A]C,0.305616310074,1.15055552028,0.371533553423,0.868909116877,0.479398133449,1.62544187546,0.377526030091
C[T>A]G,0.482026018367,1.81468618679,0.585992414486,1.37046613065,0.756119244498,1.99049688199,0.595443905042
C[T>A]T,0.481845411606,1.81400625546,0.585772853325,1.36995264084,0.755835939774,1.41217740725,0.595220802572
G[T>A]A,1.33401205398,5.02216302673,1.62174014405,3.79277936915,2.09256792781,0.543751011095,1.64789724315
G[T>A]C,0.133943408642,0.504257538416,0.162833163447,0.380819495158,0.210107307673,0.518542444545,0.165459504793
G[T>A]G,0.284850288413,1.07237755638,0.346288585914,0.809868467057,0.446823981825,0.628092617367,0.351873885687
G[T>A]T,0.24084445758,0.906708546184,0.292791301372,0.684753849982,0.377795227577,0.636487188239,0.297513741717
T[T>A]A,0.752009843331,2.83109588077,0.914208044833,2.13806720163,1.17962328366,1.0091906774,0.928953335879
T[T>A]C,0.138027172603,0.519631708625,0.167797739243,0.392430196618,0.216513211927,0.904901975589,0.170504154392
T[T>A]G,0.118263912998,0.445228848934,0.143771815801,0.336240536955,0.185512020389,1.01350212577,0.146090716056
T[T>A]T,0.322406024016,1.21376385512,0.391944578215,0.916644578084,0.505734939633,1.61930627091,0.398266264961
A[T>C]A,0.549686185702,2.06940681676,0.668245951245,1.56283327307,0.862252840316,1.5836174355,0.679024111749
A[T>C]C,0.371654718983,1.39917070676,0.451815540724,1.0566653775,0.582987794483,1.15630195446,0.459102888155
A[T>C]G,0.75913948779,2.85793689521,0.922875455744,2.1583377594,1.19080703967,1.25833669245,0.93776054374
A[T>C]T,0.43518508407,1.63834384591,0.529048533576,1.2372909253,0.68264326913,1.49288747596,0.53758157444
C[T>C]A,0.350382348254,1.31908648754,0.425955011603,0.99618510778,0.54961936981,1.31310062987,0.432825253725
C[T>C]C,0.453735152808,1.70817939881,0.551599597531,1.29003131681,0.71174141617,2.35844200694,0.560496365234
C[T>C]G,0.825390124672,3.10735105759,1.00341544568,2.34669741328,1.29472960733,2.08305988204,1.01959956577
C[T>C]T,0.443824170019,1.6708674636,0.539550951788,1.26185303241,0.696194776501,1.26546217768,0.548253386494
G[T>C]A,0.459046296602,1.72817429309,0.558056282143,1.30513162759,0.72007262212,1.32144707014,0.56705718992
G[T>C]C,0.245830219029,0.92547847164,0.298852423134,0.698929054103,0.38561602985,2.20403887011,0.303672623507
G[T>C]G,0.445629347293,1.6776634251,0.541745481023,1.26698539917,0.699026427126,1.42160257744,0.550483311362
G[T>C]T,0.379910432541,1.43025104015,0.461851898383,1.08013750428,0.595937933398,1.43171197047,0.469301122551
T[T>C]A,0.270908945571,1.01989250097,0.329340286773,0.77023131584,0.424955208739,1.12869903402,0.334652226882
T[T>C]C,0.347172039506,1.30700061932,0.422052283321,0.987057759381,0.544583591382,2.12366359021,0.428859578214
T[T>C]G,0.306262848449,1.1529895471,0.372319541252,0.870747314219,0.480412311293,1.26261256747,0.378324695143
T[T>C]T,0.311771741083,1.17372890761,0.379016626415,0.886409852099,0.489053711503,1.93882867674,0.385129797809
A[T>G]A,0.068520968721,0.257961294008,0.0833000011902,0.194814518913,0.107483872503,1.04607132653,0.0846435495965
A[T>G]C,0.0384239475263,0.144654861276,0.0467114656202,0.109244556692,0.0602728588648,0.903552741045,0.047464876356
A[T>G]G,0.123030786337,0.463174725032,0.149566838292,0.349793412134,0.192989468763,0.568961182495,0.151979206651
A[T>G]T,0.114665197594,0.431680743882,0.139396906878,0.326008895119,0.179866976617,4.0948218751,0.141645244086
C[T>G]A,0.0243158799602,0.0915421363207,0.0295604815202,0.0691333842005,0.0381425568003,0.908420759437,0.0300372634802
C[T>G]C,0.148233555537,0.558055738494,0.180205498889,0.421448344175,0.232523224372,1.52913976603,0.183112039193
C[T>G]G,0.284428486803,1.07078959738,0.345775807486,0.808669227184,0.44616233224,1.22681326809,0.351352836639
C[T>G]T,0.480274109034,1.80809076342,0.583862642355,1.36548521196,0.753371151426,6.13657777492,0.593279781748
G[T>G]A,0.0489423876429,0.184253694656,0.0594985888992,0.139149925651,0.0767723727732,0.190890928094,0.0604582435589
G[T>G]C,0.0614692214487,0.231413539571,0.07472728882,0.174765433531,0.0964223081548,0.20313410761,0.0759325676719
G[T>G]G,0.230822836949,0.868980092045,0.280608154723,0.656261007013,0.362075038352,0.617209059221,0.285134092702
G[T>G]T,0.211882438274,0.797675061739,0.25758257202,0.602410853917,0.332364609058,2.15174964321,0.261737129633
T[T>G]A,0.063878100959,0.240482262434,0.0776557305776,0.181614208609,0.100200942681,1.64986506848,0.0789082423611
T[T>G]C,0.0796682984013,0.299927711628,0.09685165688,0.226507907219,0.124969879845,1.60587187653,0.0984137803781
T[T>G]G,0.167042991558,0.628867732926,0.203071872091,0.47492615247,0.262028222052,0.849940720407,0.206347224866
T[T>G]T,0.298878896998,1.12519114164,0.363342972821,0.849753726759,0.46882964235,11.1824885744,0.369203343351
