,1,3,2,5,4,7,6
A[C>A]A,2.09464619481,0.442347643624,1.43112472937,2.35485069106,1.91541292693,2.13367686924,1.36607360531
A[C>A]C,1.51859168163,0.320696379972,1.03754711167,1.70723661103,1.46492473417,1.54688842104,0.990385879324
A[C>A]G,0.549235725892,0.115987668822,0.375254222659,0.617463766376,0.516336429855,0.559469931965,0.358197212538
A[C>A]T,1.27124747683,0.268462200076,0.868554176715,1.42916641805,1.61329590171,1.29493531801,0.82907444141
C[C>A]A,2.4485233042,0.517079455546,1.67290412089,2.75268768982,2.42625666271,2.49414796205,1.59686302448
C[C>A]C,1.87442288531,0.395840857766,1.28066159866,2.1072704487,1.41591437095,1.90935001981,1.22244970781
C[C>A]G,0.652536816193,0.137802805904,0.445832607337,0.733597290254,0.519190725341,0.664695887302,0.425567488822
C[C>A]T,1.93848194259,0.409368857442,1.32442865643,2.17928715285,3.29665806624,1.97460272413,1.26422735386
G[C>A]A,2.29924946853,0.485555788385,1.57091578595,2.58487052052,2.40150220588,2.34209262633,1.49951052295
G[C>A]C,2.99316912924,0.632097828535,2.04502238644,3.36499138132,2.63596773651,3.04894246705,1.95206682342
G[C>A]G,0.922664371439,0.194848376577,0.630391806573,1.03728106354,0.759519677622,0.939856875255,0.601737633547
G[C>A]T,2.09357324,0.442121056894,1.43039165466,2.35364444994,2.94256782683,2.13258392149,1.36537385217
T[C>A]A,1.68847928423,0.356573264993,1.15361938674,1.89822826364,2.08120187717,1.71994163114,1.10118214189
T[C>A]C,1.90707239754,0.402735785815,1.30296871881,2.14397580096,2.27692610938,1.94260790805,1.24374286796
T[C>A]G,0.464743981444,0.0981446917336,0.317526943844,0.522476153052,0.40272972579,0.473403807185,0.303093900942
T[C>A]T,2.22027288024,0.46887750266,1.51695662625,2.49608317593,9.58640029488,2.2616444246,1.44800405233
A[C>G]A,0.825333744876,0.174294082769,0.563892620723,0.927859675917,1.01544957209,0.840712634532,0.538261137963
A[C>G]C,0.433833703175,0.0916170553288,0.296408120181,0.487726088662,0.423578758934,0.441917560998,0.28293502381
A[C>G]G,0.055225259374,0.0116624771349,0.0377315436717,0.0620855400416,0.0816735850103,0.0562543014742,0.0360164735048
A[C>G]T,0.682913840563,0.144217829684,0.466587096037,0.767747858025,0.634957361836,0.695638943182,0.445378591672
C[C>G]A,0.501242437085,0.10585244013,0.34246377689,0.563508578338,0.833624824534,0.510582358273,0.326897241577
C[C>G]C,0.548500912184,0.115832490772,0.374752176027,0.616637671462,0.648009993888,0.558721426076,0.357717986207
C[C>G]G,0.0869501037092,0.0183621337026,0.0594069031554,0.0977513588284,0.147712856042,0.0885702919771,0.0567065893756
C[C>G]T,0.46569255591,0.098345011807,0.318175038199,0.523542562855,0.471481081032,0.474370056952,0.303712536463
G[C>G]A,0.329845892652,0.0696568965848,0.225360547774,0.370820537702,0.49221187489,0.335992089409,0.215116886512
G[C>G]C,0.338702617829,0.0715272609079,0.231411726467,0.380777477186,0.429906520967,0.345013846732,0.220893011627
G[C>G]G,0.0989825810683,0.020903153766,0.0676278504193,0.111278553872,0.109095169516,0.100826976989,0.0645538572184
G[C>G]T,0.400998740402,0.0846829638117,0.273974294685,0.450812248527,0.464440763657,0.408470766621,0.261520917654
T[C>G]A,0.413537430741,0.087330885995,0.282541101749,0.46490854015,0.87582165021,0.421243097152,0.269698324396
T[C>G]C,0.4383122304,0.0925628312647,0.299467983503,0.492760954674,0.56774654844,0.446479539041,0.285855802435
T[C>G]G,0.0511289662688,0.0107974214481,0.0349328340967,0.05748039065,0.16938292618,0.052081679926,0.0333449780014
T[C>G]T,0.893583142945,0.188706999131,0.610522644248,1.00458726008,1.47878850359,0.910233760515,0.582771614964
A[C>T]A,2.69990101477,0.57016543169,1.84465286723,3.03529244517,2.39600025587,2.75020972933,1.76080500963
A[C>T]C,4.27995822584,0.903842109804,2.92419506113,4.81163005513,1.73389611252,4.35970900023,2.79127710381
A[C>T]G,2.76557064706,0.584033552796,1.88952031787,3.10911979577,3.1982421635,2.81710301937,1.80363303069
A[C>T]T,2.89202829111,0.610738893775,1.97591995045,3.25128646392,1.27744332111,2.94591701703,1.88610540725
C[C>T]A,4.88418375422,1.03144253195,3.3370199563,5.49091465536,1.95633921439,4.97519338939,3.18533723101
C[C>T]C,9.6046779622,2.02831708519,6.56220233442,10.7978056594,1.17250418742,9.78364711678,6.26392041013
C[C>T]G,2.33485983745,0.493075990517,1.59524585167,2.62490453775,2.13852236295,2.3783665425,1.5227346766
C[C>T]T,10.1764111462,2.14905577001,6.95282749119,11.4405615991,1.77002057064,10.3660337141,6.63678987796
G[C>T]A,4.53802127292,0.958339896146,3.10051142871,5.1017506236,2.18773265555,4.62258067553,2.95957909104
G[C>T]C,8.71666566177,1.84078653727,5.95548585587,9.79948127192,2.18045336976,8.87908800329,5.68478195333
G[C>T]G,2.35206491014,0.496709359905,1.60700087028,2.64424688655,3.17048918448,2.3958922066,1.53395537618
G[C>T]T,7.9508284285,1.67905693521,5.43224302568,8.93850897863,2.17989837488,8.09898051102,5.18532288815
T[C>T]A,2.83215307087,0.598094437326,1.93501141488,3.18397332812,1.94619333032,2.88492610946,1.84705635057
T[C>T]C,4.13108732634,0.872403534756,2.82248202421,4.6442658762,2.08962168772,4.20806410882,2.69418738675
T[C>T]G,1.1435640825,0.241498005,0.781317075001,1.2856217325,6.19592771975,1.16487273,0.745802662501
T[C>T]T,3.09556683091,0.653722187895,2.11498354907,3.48010929438,2.64944806563,3.15324820043,2.0188479332
A[T>A]A,2.7764963183,0.586340837405,1.89698506219,3.12140269325,1.94519892019,2.82823227454,1.81075846846
A[T>A]C,0.490726494921,0.103631682157,0.335278971685,0.551686307954,0.783984771997,0.499870466876,0.320039018427
A[T>A]G,0.6082795737,0.128456555937,0.415594739795,0.683842253663,0.664423539365,0.619613975695,0.396704069804
A[T>A]T,0.771004954738,0.162820922119,0.52677357156,0.866781967749,1.17510859758,0.78537150669,0.502829318308
C[T>A]A,5.83556261215,1.23235483735,3.98703035613,6.56047722235,2.98271619862,5.94429980368,3.80580170358
C[T>A]C,0.657167127929,0.138780635712,0.448996174361,0.738802795994,1.31921742049,0.669412478139,0.428587257345
C[T>A]G,0.579347686528,0.12234671641,0.395827611913,0.651316343239,3.88328930365,0.590142985034,0.377835447735
C[T>A]T,0.777122270147,0.164112777547,0.530953103827,0.873659198116,2.74092306122,0.791602809342,0.506818871835
G[T>A]A,2.0884419462,0.441037429631,1.42688580175,2.34787572833,2.58430048579,2.12735701352,1.36202735621
G[T>A]C,0.252387662693,0.05329925796,0.172438775753,0.283740167375,0.569755214703,0.257090538395,0.164600649582
G[T>A]G,0.279359647302,0.0589952050202,0.190866839771,0.314062709078,2.30936216546,0.284565106568,0.182191074327
G[T>A]T,0.412135075093,0.087034736355,0.28158297056,0.463331978831,1.32848416863,0.419814610654,0.268783744626
T[T>A]A,1.56818264599,0.331169005985,1.07142913701,1.76298794363,1.63478193345,1.59740344063,1.0227278126
T[T>A]C,0.588009009017,0.124175815569,0.401745285663,0.66105360641,0.55337237444,0.598965698626,0.383484136315
T[T>A]G,0.750467006399,0.158483715637,0.512741432944,0.84369272148,0.844028234892,0.764450863661,0.489435004173
T[T>A]T,0.8548059735,0.180518031671,0.584028925994,0.960993050953,1.17846701904,0.870734035118,0.55748215663
A[T>C]A,1.98380084704,0.418939309312,1.35539188307,2.23023573487,2.1853352899,2.02076608021,1.29378316111
A[T>C]C,1.01255259668,0.213830983151,0.691806121958,1.13833552795,1.16923337588,1.03142003637,0.660360389142
A[T>C]G,2.00127631563,0.422629780939,1.36733164422,2.24988206912,1.95349365556,2.03856717865,1.30518020584
A[T>C]T,1.75984901493,0.371645133587,1.20238131455,1.97846379939,1.72426465553,1.7926412326,1.14772761843
C[T>C]A,1.10779237639,0.23394373166,0.7568767789,1.24540633619,0.921928143475,1.12843447036,0.72247328895
C[T>C]C,1.45547439423,0.307367263377,0.994423499161,1.6362786668,1.57497606603,1.48259503511,0.949222431017
C[T>C]G,1.5803671994,0.333742141487,1.07975398716,1.77668610615,1.52866187903,1.60981503541,1.03067426048
C[T>C]T,1.95701287731,0.413282222537,1.3370895435,2.20012006704,2.18163273316,1.99347895577,1.27631274607
G[T>C]A,1.06616198846,0.225152221164,0.728433656709,1.19860447149,1.86040950018,1.08602836091,0.695323035949
G[T>C]C,0.892097389616,0.188393237559,0.609507533278,1.00291694112,1.17589148962,0.908720322342,0.581802645402
G[T>C]G,1.07887230964,0.227836388372,0.737117727085,1.21289371457,1.4878527376,1.09897552038,0.703612375853
G[T>C]T,1.39018202437,0.2935788126,0.94981380547,1.56287544355,1.88782958062,1.41608603725,0.906640450676
T[T>C]A,1.20686002026,0.254864848998,0.824562746758,1.35678051967,1.4342929167,1.22934809517,0.787082621906
T[T>C]C,1.00339765539,0.21189764151,0.685551193121,1.12804332686,1.25069009869,1.02209450611,0.654389775252
T[T>C]G,0.950717241863,0.200772585238,0.649558364006,1.06881876259,0.841792709722,0.968432469972,0.620032983824
T[T>C]T,1.27670064325,0.269613800437,0.87227994259,1.43529699644,1.65816072297,1.30049009623,0.832630854291
A[T>G]A,0.727862645477,0.15371012389,0.497297459643,0.818280365412,0.38062763723,0.741425303467,0.474693029659
A[T>G]C,0.206129778864,0.0435305123067,0.140834010404,0.231735962574,0.265616893673,0.209970706421,0.134432464477
A[T>G]G,0.308098592207,0.0650642989753,0.210502143744,0.346371709251,0.67778340458,0.313839559763,0.200933864483
A[T>G]T,0.746934662288,0.157737754769,0.510328030135,0.839721576858,0.880231363068,0.760852699474,0.487131301492
C[T>G]A,0.443400719942,0.0936374191182,0.302944591265,0.498481554717,0.101392122088,0.451662845158,0.289174382571
C[T>G]C,0.473891235965,0.10007641008,0.323776620846,0.532759712483,0.607060097461,0.482721507443,0.309059501717
C[T>G]G,0.615094595736,0.129895753137,0.420250966031,0.691503862287,1.10092239598,0.626555985719,0.401148649393
C[T>G]T,3.00011576446,0.633564819823,2.04976853472,3.37280095259,4.17867265402,3.05601854268,1.95659723769
G[T>G]A,0.169715076869,0.0358404510157,0.115954400345,0.190797695113,0.362901482802,0.172877469605,0.110683745784
G[T>G]C,0.135700090632,0.0286571619967,0.0927143476365,0.152557244747,0.247333413939,0.138228663749,0.0885000591076
G[T>G]G,0.601395261223,0.127002725973,0.410891172264,0.676102747089,0.857154354395,0.612601384103,0.392214300798
G[T>G]T,1.0738773589,0.226781554054,0.733705027823,1.20727827305,1.17033318908,1.09388749603,0.700354799286
T[T>G]A,1.13840328985,0.240408148166,0.777791067596,1.27981984759,0.368265486373,1.15961577351,0.74243692816
T[T>G]C,0.37640263797,0.0794887558446,0.257169504203,0.423160729643,0.4942733315,0.383416351721,0.245479981285
T[T>G]G,0.424154276846,0.0895729528744,0.289794847535,0.476844249125,0.839027803418,0.432057772688,0.276622354465
T[T>G]T,1.64697571158,0.347808535366,1.12526290854,1.85156896768,2.79312556679,1.6776647,1.07411459451
