,1,3,2,5,4,7,6
A[C>A]A,0.513654592446,1.06677778022,1.76428632882,1.09982459336,2.46179487743,2.20468727982,1.12135861731
A[C>A]C,0.405889152991,0.726665668574,1.2017932211,0.940376740884,1.67692077363,1.73972862853,0.886096038221
A[C>A]G,0.153913788853,0.339233755451,0.561040441707,0.288222374518,0.782847127964,0.408624034539,0.336008975665
A[C>A]T,0.335014551236,0.805680444283,1.33247150401,0.907449180319,1.85926256373,1.57002304828,0.731369794953
C[C>A]A,0.756674612377,1.34655683167,2.22699783699,1.48152720802,3.10743884231,1.94153232921,1.65189528054
C[C>A]C,0.799949714976,0.855990093028,1.41567592308,1.55842924029,1.97536175314,1.79789719796,1.74636909607
C[C>A]G,0.148416068823,0.392005679257,0.648317084925,0.476888648061,0.904628490593,0.42924850696,0.324006910811
C[C>A]T,0.658105571963,1.21522498325,2.0097951646,2.59331570375,2.80436534596,2.64688570631,1.43670934724
G[C>A]A,0.470115639802,1.25478242898,2.07521709408,1.37198482092,2.89565175918,1.9461581206,1.02630879112
G[C>A]C,0.451766889754,1.84376404043,3.04930206687,1.38577631504,4.25484009331,1.71185001959,0.98625166073
G[C>A]G,0.17290197427,0.670272353027,1.10852735308,0.369723190242,1.54678235314,0.448583394394,0.377462056506
G[C>A]T,0.357043361664,1.23811431284,2.04765059431,1.35950772596,2.85718687579,1.89119082567,0.779460859971
T[C>A]A,1.28375973685,1.29531782351,2.14225640041,1.27424157876,2.98919497732,1.58156746567,2.8025740734
T[C>A]C,0.933453418147,1.40147740208,2.31782801113,1.19291878832,3.23417862018,1.79114274954,2.03782084243
T[C>A]G,0.156533021864,0.315404693225,0.521630838796,0.266355262657,0.727856984366,0.432257923634,0.341727019563
T[C>A]T,0.898135931577,2.48658465135,4.11242846185,1.60939624569,5.73827227234,2.32979842835,1.96071928724
A[C>G]A,0.272659833732,0.513478624698,0.849214648539,0.39248633436,1.18495067238,1.19425500756,0.595243298992
A[C>G]C,0.100896349014,0.343690684396,0.5684115165,0.203812885598,0.793132348605,0.67812312551,0.220266677426
A[C>G]G,0.0265558228423,0.0572762921825,0.0947261755326,0.248509415845,0.132176058883,0.249903248501,0.0579739794444
A[C>G]T,0.222468446451,0.44012940377,0.727906321619,0.344742780832,1.01568323947,1.13780195677,0.485670552112
C[C>G]A,0.238770746906,0.405239987265,0.670204594323,0.340415952646,0.935169201381,0.85873110351,0.521260081273
C[C>G]C,0.161631838995,0.4300149081,0.711178501858,0.306733091426,0.992342095616,0.667796808485,0.352858240059
C[C>G]G,0.0581976640296,0.0939980907254,0.155458380815,0.251681267713,0.216918670905,0.254177925596,0.127051238374
C[C>G]T,0.22558073306,0.43669494582,0.722226256548,0.324746248469,1.00775756728,1.07748908062,0.492464980623
G[C>G]A,0.13594485572,0.228314693191,0.3775973772,0.554897277575,0.52688006121,0.620491224787,0.29678102305
G[C>G]C,0.120921088953,0.321148999506,0.531131037645,0.52020362551,0.741113075784,0.589004977249,0.263982658982
G[C>G]G,0.0454354163204,0.0917358042904,0.151716907096,0.121631379256,0.211698009901,0.109094063982,0.0991899933756
G[C>G]T,0.117880966742,0.263135954879,0.435186386915,0.213338264508,0.607236818951,0.863744136343,0.257345772465
T[C>G]A,5.02842625053,0.280758578183,0.464331494688,2.304791499,0.647904411192,1.41428594523,10.9775502653
T[C>G]C,1.26110228106,0.371063219625,0.61368147861,0.726353743531,0.856299737595,1.07272706426,2.75311061357
T[C>G]G,0.204885757755,0.052460019289,0.0867608011319,0.211465169617,0.121061582975,0.153790254961,0.447285809183
T[C>G]T,6.01471851276,0.438337076801,0.724942088556,2.93545460064,1.01154710031,2.34319738353,13.1307235138
A[C>T]A,0.818634648983,1.32211864655,2.18658083852,5.27987765009,3.05104303049,2.88338394993,1.78716014919
A[C>T]C,0.653426875332,0.827912056907,1.36923917104,7.864435046,1.91056628517,1.67544628355,1.42649529122
A[C>T]G,0.837381519016,3.09131748235,5.11256352851,2.54391843539,7.13380957466,5.78715370636,1.82808641475
A[C>T]T,0.498734013817,0.870778172841,1.44013313201,4.07379966437,2.00948809117,1.75207292261,1.08878552312
C[C>T]A,1.22679129185,1.4404511394,2.3822845767,7.85225082293,3.324118014,2.83466225979,2.67820634137
C[C>T]C,1.40344488702,1.23043293945,2.03494678447,13.3586596988,2.8394606295,1.72050174675,3.06385855618
C[C>T]G,0.711122098115,2.00132402634,3.30988204357,3.00579085222,4.61844006079,4.1960065857,1.55244965081
C[C>T]T,1.80193456526,1.42825276306,2.36211033891,9.82947795554,3.29596791475,2.15767315997,3.93380081149
G[C>T]A,0.94345309633,1.55674294943,2.57461333945,5.40644361821,3.59248372946,2.78574852852,2.05965112579
G[C>T]C,1.30426721597,1.62455974581,2.68677188731,9.81891398658,3.7489840288,2.57063742245,2.8473439222
G[C>T]G,0.706849073625,2.40418237281,3.97614777041,1.7599933887,5.54811316802,4.81809802238,1.54312121707
G[C>T]T,1.32285924429,1.53363627641,2.53639845714,6.16681717687,3.53916063787,2.04508104292,2.88793215302
T[C>T]A,2.67076488692,1.39107850216,2.3006298305,9.17328523569,3.21018115884,2.52074412169,5.830543063
T[C>T]C,1.0129185935,1.98398230052,3.28120149701,15.4920682781,4.57842069351,2.54728743259,2.21130115483
T[C>T]G,0.461714238884,2.3280172404,3.85018235912,3.89700274389,5.37234747785,3.0757506168,1.00796770461
T[C>T]T,1.1104669121,1.21032305213,2.00168812467,7.51597876841,2.79305319722,2.34452274313,2.42425875177
A[T>A]A,0.810573299244,1.0552892177,1.74528601389,0.912251666721,2.43528281008,0.651248173461,1.76956142793
A[T>A]C,0.40912303566,0.301205340958,0.498147294661,0.615980757341,0.695089248364,0.647527550257,0.89315592292
A[T>A]G,0.920737835957,0.488381521605,0.807707901116,0.774154858083,1.12703428063,0.681299015551,2.01006147286
A[T>A]T,0.434824610222,0.615448111774,1.01785649255,1.27800257432,1.42026487332,0.983746143014,0.949264994146
C[T>A]A,1.1727124401,1.70633511763,2.82201577147,0.818011132826,3.9376964253,0.496091008006,2.56014687627
C[T>A]C,0.939405456001,0.356614846621,0.589786092488,1.09907970844,0.822957338355,1.24877173741,2.05081472789
C[T>A]G,2.87316361647,0.487133140742,0.805643271227,1.60404439362,1.12415340171,1.12291192516,6.2723994444
C[T>A]T,1.04741446522,0.440981250772,0.729315145507,1.15927855383,1.01764904024,2.25007361691,2.28660904378
G[T>A]A,0.863054303825,0.716253596171,1.18457325521,0.738644697495,1.65289291424,0.35724962534,1.88413263511
G[T>A]C,0.261055176235,0.217793036892,0.360196176399,0.491844441109,0.502599315905,0.49124652195,0.569909187556
G[T>A]G,0.887056690299,0.235660565055,0.389746319129,0.908747380647,0.543832073203,0.681896198551,1.93653221122
G[T>A]T,0.367822247978,0.20953784907,0.34654336577,0.914057151067,0.483548882469,0.729276280396,0.802992231502
T[T>A]A,0.723843502367,0.761020309148,1.25861051128,0.965473793396,1.75620071342,0.659864053487,1.58022173052
T[T>A]C,0.600298280276,0.368800675827,0.609939579252,0.715804181764,0.851078482677,0.70863510105,1.31051033018
T[T>A]G,0.939588470631,0.481275767225,0.795956076564,0.560544218763,1.1106363859,0.463091018707,2.05121426687
T[T>A]T,0.599439605972,0.50128310312,0.829045132084,0.867289747287,1.15680716105,1.02901311202,1.30863575952
A[T>C]A,1.261136358,1.77282603877,2.93198152566,1.45988564496,4.09113701254,1.8718918728,2.7531850069
A[T>C]C,0.67635455965,0.657074617752,1.08670032936,1.17426372816,1.51632604097,1.21424917116,1.47654868656
A[T>C]G,1.17364889041,1.30928032305,2.16534822659,2.0673353753,3.02141613012,1.75954991094,2.56219123962
A[T>C]T,0.691583250661,1.401649367,2.31811241465,1.14257426115,3.2345754623,1.63559067484,1.50979442046
C[T>C]A,0.736812599084,0.677477450072,1.12044347512,0.624619495389,1.56340950017,0.986989748692,1.6085345473
C[T>C]C,0.83994334448,0.698951939427,1.15595897675,0.980255008771,1.61296601406,2.60043672675,1.83367913231
C[T>C]G,0.971214802289,0.912691682091,1.50945162807,1.76029964753,2.10621157406,2.34654189373,2.12025766697
C[T>C]T,0.70376525034,0.99777368131,1.65016416524,1.28732662859,2.30255464918,5.23015054836,1.5363889268
G[T>C]A,1.34579498531,0.779559497369,1.28927147642,0.510557962003,1.79898345547,0.977103555781,2.93800313695
G[T>C]C,0.615661164696,0.607086616751,1.00402786617,0.668217885878,1.40096911558,1.13164359439,1.34404902152
G[T>C]G,0.974550876325,0.643856582914,1.06483973328,1.23974681932,1.48582288365,1.00999901219,2.1275406455
G[T>C]T,0.994691803859,0.84581899939,1.39885449899,1.14890044723,1.95188999859,1.2872649618,2.17151027603
T[T>C]A,1.07228594463,0.839422603093,1.38827584358,0.612609386475,1.93712908406,1.03139867723,2.34090593545
T[T>C]C,0.725371159077,0.718134700765,1.1876843128,1.06561161956,1.65723392484,1.32575063788,1.58355675573
T[T>C]G,0.699864856537,0.663440496439,1.09722851334,0.987278996377,1.53101653024,1.0340790189,1.52787398258
T[T>C]T,0.801646347978,0.914568577832,1.51255572488,0.674178518953,2.11054287192,1.15963236915,1.75007301319
A[T>G]A,0.103576978842,0.438178130588,0.724679215972,0.420533795074,1.01118030136,0.224990450627,0.226118756627
A[T>G]C,0.054863781,0.185376837485,0.306584769687,0.205936466896,0.427792701889,0.444147954678,0.119773043028
A[T>G]G,0.122687781941,0.244594153458,0.404521099949,0.587669580167,0.564448046441,0.661109542606,0.267839523957
A[T>G]T,0.215503918249,0.420892873742,0.69609206042,0.72295340678,0.971291247098,1.7804220234,0.470466300403
C[T>G]A,0.0538116836915,0.251638263636,0.416170974474,0.259742155769,0.580703685313,0.140550148584,0.117476210876
C[T>G]C,0.190688016725,0.268139043104,0.443460725133,0.678732727071,0.618782407163,1.24205366957,0.416290740737
C[T>G]G,0.268495816237,0.374876832505,0.619988607604,0.994362984324,0.865100382704,1.21000653637,0.586152838263
C[T>G]T,0.403700795218,0.991432493754,1.63967681659,2.07795104902,2.28792113943,11.6252816028,0.881318637448
G[T>G]A,0.038666584492,0.101558094972,0.167961464762,0.224792957388,0.234364834551,0.173129711383,0.0844129661444
G[T>G]C,0.0133452427683,0.0639327612806,0.105734951349,0.214256899708,0.147537141417,0.58897153911,0.0291339806914
G[T>G]G,0.145254858871,0.270758685674,0.447793210923,0.498632090949,0.624827736172,0.905156947284,0.317105677817
G[T>G]T,0.148239809185,0.32923542983,0.544504749333,0.796951509258,0.759774068837,3.10140061922,0.323622118644
T[T>G]A,0.121248316378,0.654962947198,1.08320795114,0.525633265215,1.51145295507,0.365188536482,0.264697028713
T[T>G]C,0.121810870381,0.286643765335,0.474064688823,0.38794331015,0.661485612311,0.777555701102,0.265925139564
T[T>G]G,0.161709022573,0.30829338527,0.509869829485,0.701457068651,0.7114462737,0.776407189894,0.35302673942
T[T>G]T,0.485789540178,1.16041978735,1.91915580215,0.659665576181,2.67789181695,3.30885485979,1.06052646095
