,1,3,2,5,4,7,6
A[C>A]A,2.99029392512,4.37259960748,4.48544088768,1.97472240338,1.94651208333,2.99029392512,1.17444293219
A[C>A]C,2.31055580895,3.37864292818,3.46583371343,1.52583874176,1.50404104545,2.31055580895,0.935900134555
A[C>A]G,0.685430036108,1.00227976978,1.02814505416,0.452642476675,0.44617615558,0.685430036108,0.328449000123
A[C>A]T,1.28229545818,1.87505467941,1.92344318726,0.846798887475,0.834701760511,1.28229545818,0.908249975916
C[C>A]A,2.25870059408,3.30281690644,3.38805089112,1.49159473194,1.47028623577,2.25870059408,1.50995628158
C[C>A]C,1.25384788922,1.83345681915,1.88077183384,0.828012757034,0.816184003362,1.25384788922,1.44759854522
C[C>A]G,0.576644907061,0.843207175419,0.864967360591,0.380803240512,0.375363194219,0.576644907061,0.386022433953
C[C>A]T,1.88899912192,2.76221569715,2.83349868288,1.24745225032,1.22963150389,1.88899912192,1.8395774824
G[C>A]A,3.15612431573,4.61508744281,4.73418647359,2.08423303869,2.05445828099,3.15612431573,1.3622499824
G[C>A]C,2.94691329652,4.30916566944,4.42036994478,1.94607481846,1.91827374962,2.94691329652,1.40962712157
G[C>A]G,0.66259606679,0.968890475023,0.993894100185,0.437563440333,0.431312534042,0.66259606679,0.536950559214
G[C>A]T,2.46966902599,3.61130848139,3.70450353898,1.63091350773,1.60761474333,2.46966902599,1.11236714351
T[C>A]A,1.57479521722,2.30276659122,2.36219282583,1.03995910571,1.02510254706,1.57479521722,1.12897014679
T[C>A]C,1.55511864256,2.27399424149,2.33267796385,1.02696514132,1.01229421073,1.55511864256,1.35132791249
T[C>A]G,0.533056341992,0.779469179328,0.799584512988,0.352018339052,0.346989505636,0.533056341992,0.324517921784
T[C>A]T,2.25659109443,3.29973226073,3.38488664165,1.49020166614,1.46891307091,2.25659109443,1.60218083865
A[C>G]A,0.687076213919,1.00468691658,1.03061432088,0.453729575229,0.447247724155,0.687076213919,0.390084703845
A[C>G]C,0.323732993439,0.473383150784,0.485599490159,0.213785939064,0.21073185422,0.323732993439,0.250786110697
A[C>G]G,0.0726083096109,0.106172528205,0.108912464416,0.0479488837053,0.0472638996524,0.0726083096109,0.0868473726392
A[C>G]T,0.504823327263,0.738185054016,0.757234990894,0.333373895362,0.328611411143,0.504823327263,0.320437525832
C[C>G]A,0.320839089817,0.469151499261,0.481258634726,0.211874870634,0.208848086768,0.320839089817,0.372123802214
C[C>G]C,0.252524716348,0.369257839943,0.378787074522,0.166761605135,0.164379296491,0.252524716348,0.330363193755
C[C>G]G,0.125917417453,0.18412452552,0.188876126179,0.0831530115253,0.0819651113607,0.125917417453,0.13490789775
C[C>G]T,0.309673205546,0.452824026977,0.464509808318,0.204501173473,0.201579728138,0.309673205546,0.338104154413
G[C>G]A,0.18549539482,0.27124326601,0.27824309223,0.122496958843,0.120747002288,0.18549539482,0.297726867825
G[C>G]C,0.211077768615,0.308651454107,0.316616652923,0.139390979274,0.13739967957,0.211077768615,0.31776465426
G[C>G]G,0.0245228442701,0.0358588760554,0.0367842664052,0.0161943311218,0.0159629835343,0.0245228442701,0.0976587896271
G[C>G]T,0.410743094364,0.600614902136,0.616114641546,0.271245439674,0.267370504822,0.410743094364,0.238577519085
T[C>G]A,0.514864282228,0.752867582503,0.772296423342,0.340004714679,0.335147504469,0.514864282228,0.402470322515
T[C>G]C,0.29506379922,0.431461215841,0.44259569883,0.194853452315,0.192069831568,0.29506379922,0.292277036535
T[C>G]G,0.0557418785846,0.0815093507605,0.0836128178769,0.036810674537,0.0362848077579,0.0557418785846,0.0812226829324
T[C>G]T,1.00978689275,1.47657517336,1.51468033912,0.666840400871,0.65731410943,1.00978689275,0.770884399675
A[C>T]A,1.00640786694,1.47163414506,1.50961180041,0.664608968736,0.655114554897,1.00640786694,2.31996237107
A[C>T]C,1.22866725975,1.79663608737,1.84300088962,0.811384039456,0.799792838892,1.22866725975,1.54874818692
A[C>T]G,2.10881516085,3.08364481067,3.16322274127,1.39261378546,1.37271930281,2.10881516085,3.64572081793
A[C>T]T,0.864236708531,1.26374235681,1.2963550628,0.57072235469,0.562569178195,0.864236708531,1.17012236731
C[C>T]A,2.77591961421,4.05912773775,4.16387942131,1.83315446221,1.80696654132,2.77591961421,2.60096349547
C[C>T]C,3.07055425512,4.48996141078,4.60583138268,2.0277245081,1.99875701512,3.07055425512,1.97389858879
C[C>T]G,1.80515940921,2.63961989083,2.70773911382,1.19208640231,1.17505659656,1.80515940921,2.74381117149
C[C>T]T,2.79002631971,4.0797554675,4.18503947956,1.84247021113,1.81614920811,2.79002631971,2.02078565027
G[C>T]A,1.23904614372,1.81181275733,1.85856921558,0.818238019437,0.806548904874,1.23904614372,2.02839695109
G[C>T]C,1.48023962856,2.16450134365,2.22035944284,0.977516735842,0.963552211044,1.48023962856,2.13117459782
G[C>T]G,1.39640434562,2.04191201482,2.09460651842,0.922153813143,0.908980187241,1.39640434562,2.50947585425
G[C>T]T,1.54669899073,2.26168248644,2.32004848609,1.02140499388,1.00681349396,1.54669899073,1.55051833765
T[C>T]A,6.60386164226,9.65659013727,9.90579246339,4.36104070715,4.29874012562,6.60386164226,3.83295091932
T[C>T]C,6.91464659822,10.111039837,10.3719698973,4.56627605543,4.50104354035,6.91464659822,2.82352015761
T[C>T]G,3.24133335081,4.73968556014,4.86200002621,2.14050315619,2.10992453968,3.24133335081,2.40440996353
T[C>T]T,4.47609898923,6.54523908803,6.71414848385,2.95591442685,2.9136870779,4.47609898923,2.74552372627
A[T>A]A,0.840315003324,1.22876250486,1.26047250499,0.554925002195,0.546997502164,0.840315003324,1.45703944449
A[T>A]C,0.409510947256,0.598813177592,0.614266420884,0.270431757622,0.266568446799,0.409510947256,0.588353156265
A[T>A]G,0.42318093851,0.618802315746,0.634771407765,0.279459110337,0.275466837332,0.42318093851,1.46863855
A[T>A]T,0.640599089612,0.936725083866,0.960898634417,0.423037134649,0.416993747011,0.640599089612,0.965696607228
C[T>A]A,1.48317329969,2.16879114577,2.22475994953,0.97945406583,0.96546186489,1.48317329969,2.22224481481
C[T>A]C,0.322027252271,0.470888906623,0.483040878407,0.212659506217,0.209621513271,0.322027252271,1.71076256145
C[T>A]G,0.420529267499,0.614924872286,0.630793901248,0.277708006839,0.273740749598,0.420529267499,4.31794088119
C[T>A]T,0.491482633546,0.718677435845,0.737223950319,0.324564003285,0.319927374667,0.491482633546,2.49188190147
G[T>A]A,0.658513101761,0.962920101632,0.987769652642,0.434867142672,0.42865475492,0.658513101761,1.39568703381
G[T>A]C,0.149942077475,0.21925492461,0.224913116213,0.0990183530496,0.0976038051489,0.149942077475,0.498693035596
G[T>A]G,0.21111365946,0.308703936003,0.316670489191,0.139414680776,0.137423042479,0.21111365946,1.39060260412
G[T>A]T,0.219997519117,0.321694485502,0.329996278676,0.145281380549,0.143205932256,0.219997519117,0.730798182968
T[T>A]A,0.614985869114,0.899271789742,0.922478803671,0.406122743754,0.400320990272,0.614985869114,1.24075209662
T[T>A]C,0.303537658947,0.443852237139,0.45530648842,0.200449397418,0.197585834597,0.303537658947,0.847319991884
T[T>A]G,0.365010318197,0.533741503024,0.547515477296,0.241044549753,0.237601056185,0.365010318197,1.38863502874
T[T>A]T,0.477103810193,0.697651797924,0.71565571529,0.315068553901,0.31056757456,0.477103810193,0.998508732297
A[T>C]A,1.35945460179,1.98788172904,2.03918190269,0.89775303892,0.884927995507,1.35945460179,1.72484753116
A[T>C]C,0.702946788139,1.02789388832,1.05442018221,0.46421014311,0.457578569637,0.702946788139,0.892580901431
A[T>C]G,1.37631183145,2.01253145165,2.06446774718,0.908885171713,0.895901097831,1.37631183145,1.50658523565
A[T>C]T,1.16584856574,1.70477856312,1.74877284862,0.769899996246,0.758901424871,1.16584856574,1.15433369608
C[T>C]A,0.579455301735,0.847316714801,0.869182952602,0.382659161523,0.377192602073,0.579455301735,0.778430717882
C[T>C]C,0.680980570141,0.995773475206,1.02147085521,0.449704150093,0.443279805092,0.680980570141,1.79882629879
C[T>C]G,0.945497143104,1.38256657718,1.41824571466,0.624384905823,0.615465121454,0.945497143104,1.96496649563
C[T>C]T,1.07895291181,1.57771416349,1.61842936771,0.712516073836,0.702337272781,1.07895291181,3.48205589737
G[T>C]A,1.13236775977,1.6558207808,1.69855163966,0.747790030038,0.737107315324,1.13236775977,0.653328616607
G[T>C]C,0.768928148058,1.12437606556,1.15339222209,0.507782739284,0.500528700151,0.768928148058,0.687426305751
G[T>C]G,0.801656242133,1.17223318425,1.2024843632,0.529395631597,0.52183283686,0.801656242133,0.842912358203
G[T>C]T,1.30826497838,1.91302897782,1.96239746757,0.863948570626,0.851606448189,1.30826497838,0.864827936185
T[T>C]A,1.00605352111,1.47111599784,1.50908028166,0.664374966768,0.654883895814,1.00605352111,0.715403647081
T[T>C]C,0.728009705064,1.06454249325,1.0920145576,0.480761125986,0.4738931099,0.728009705064,0.932738501248
T[T>C]G,0.509102257461,0.744441980249,0.763653386191,0.336199603983,0.331396752498,0.509102257461,0.823337759888
T[T>C]T,0.842542046593,1.2320190304,1.26381306989,0.556395691147,0.548447181273,0.842542046593,0.753399216658
A[T>G]A,0.343970854029,0.502976248816,0.515956281043,0.227150563981,0.223905555924,0.343970854029,0.2394330614
A[T>G]C,0.102447017039,0.149804600387,0.153670525559,0.0676536904975,0.0666872092047,0.102447017039,0.324623591438
A[T>G]G,0.308294598159,0.450808138818,0.462441897239,0.203590772369,0.200682332764,0.308294598159,0.399187849768
A[T>G]T,0.354709989712,0.518679701937,0.532064984567,0.234242446036,0.230896125378,0.354709989712,1.27351530398
C[T>G]A,0.256661443497,0.375306827755,0.384992165245,0.169493406083,0.16707207171,0.256661443497,0.112836017427
C[T>G]C,0.220972259647,0.323119813634,0.33145838947,0.145925077125,0.143840433166,0.220972259647,0.923099039368
C[T>G]G,0.409095832948,0.59820617082,0.613643749422,0.270157625532,0.266298230881,0.409095832948,0.917912548754
C[T>G]T,1.33866496092,1.95748178248,2.00799744138,0.884024030797,0.871395116071,1.33866496092,7.90400965256
G[T>G]A,0.107200405533,0.156755309978,0.1608006083,0.070792720635,0.0697813960545,0.107200405533,0.083722906694
G[T>G]C,0.0734996121964,0.107475848023,0.110249418295,0.0485374797524,0.0478440871845,0.0734996121964,0.337422727076
G[T>G]G,0.430087113039,0.62890096718,0.645130669559,0.28401979163,0.279962366035,0.430087113039,0.393960670533
G[T>G]T,0.681226344897,0.996132862821,1.02183951735,0.449866454177,0.443439790546,0.681226344897,2.02424884339
T[T>G]A,0.531753500389,0.777564080757,0.797630250583,0.351157971955,0.346141429498,0.531753500389,0.257156834288
T[T>G]C,0.227991845441,0.333384302296,0.341987768162,0.15056065265,0.148409786183,0.227991845441,0.489421043782
T[T>G]G,0.280648331787,0.410381994594,0.420972497681,0.18533380401,0.182686178239,0.280648331787,0.503767091678
T[T>G]T,1.06114181867,1.5516696405,1.591712728,0.700754031194,0.69074325932,1.06114181867,2.39551847653
