,1,3,2,5,4,7,6
A[C>A]A,0.134401152568,1.07043551584,1.45219923128,0.22260190894,0.785406735317,1.98552372094,0.138601188585
A[C>A]C,0.108909508429,0.87877235484,1.1921806772,0.180381373335,0.63643993988,1.59496787154,0.112312930567
A[C>A]G,0.0285084740888,0.292360276177,0.396628626422,0.0472171602096,0.166596395457,0.534539420845,0.0293993639041
A[C>A]T,0.158899493214,0.804325934375,1.09118343545,0.263177285635,0.928568913469,0.98506160833,0.163865102377
C[C>A]A,0.15485871763,1.0274403828,1.39387016967,0.256484751074,0.904955631148,1.86480065327,0.159698052555
C[C>A]C,0.109196334142,0.86197041691,1.16938643972,0.180856428422,0.63811607764,1.30862286852,0.112608719583
C[C>A]G,0.0474633089257,0.296971438806,0.402884329569,0.0786111054082,0.277363711534,0.421666570642,0.0489465373296
C[C>A]T,0.227976486645,1.54072400313,2.09021298326,0.377586056006,1.33223759383,1.62134752609,0.235100751853
G[C>A]A,0.174146240304,1.39397920381,1.89113262614,0.288429710504,1.01766709178,2.20307960567,0.179588310314
G[C>A]C,0.156867094553,1.4554845207,1.9745734057,0.259811125353,0.916692083793,2.06245727925,0.161769191258
G[C>A]G,0.016300221465,0.221472723191,0.300459498595,0.0269972418015,0.0952544191863,0.528544146778,0.0168096033858
G[C>A]T,0.219783573678,1.63389814993,2.21661707054,0.364016543904,1.28436025868,1.86148753545,0.226651810355
T[C>A]A,0.412714724359,1.17263214322,1.59084360689,0.683558762219,2.41180167047,3.21473716012,0.425612059495
T[C>A]C,0.21032226182,0.936597296064,1.27062849956,0.348346246139,1.22907071751,2.12779812319,0.216894832502
T[C>A]G,0.0509834853043,0.266319856931,0.361301064648,0.0844413975352,0.297934742247,0.460417272947,0.05257671922
T[C>A]T,2.49564658426,3.44732865628,4.67679551971,4.13341465518,14.5839347268,3.19448610796,2.57363554002
A[C>G]A,0.130589442651,0.55069807611,0.747100886471,0.21628876439,0.76313205549,0.744100408433,0.134670362734
A[C>G]C,0.066229016851,0.290643824907,0.394300014209,0.109691809159,0.387025817223,0.266352212023,0.0682986736276
A[C>G]G,0.0631864464283,0.373726155023,0.507013105416,0.104652551897,0.369245796315,0.114455315284,0.0651610228792
A[C>G]T,0.127839178159,0.503683865839,0.683319370439,0.211733638825,0.747060197365,0.526307908201,0.131834152476
C[C>G]A,0.0867911743197,0.365605991877,0.495996940029,0.143747882467,0.507185924931,0.617331792109,0.0895033985172
C[C>G]C,0.0705357576328,0.295784292863,0.401273795912,0.116824848579,0.412193333667,0.319071657477,0.0727400000589
C[C>G]G,0.0540484157149,0.288111744969,0.390864884783,0.0895176885278,0.315845429334,0.165948416408,0.055737428706
C[C>G]T,0.126540829286,0.510600095895,0.692702227998,0.209583248505,0.739472971139,0.525829626719,0.130495230201
G[C>G]A,0.115602987273,0.659946769664,0.895312400802,0.191467447671,0.675554956876,0.363598057771,0.119215580625
G[C>G]C,0.102654414839,0.635728718741,0.862457142908,0.170021374577,0.599886736714,0.30531509835,0.105862365303
G[C>G]G,0.020362614985,0.136246044641,0.184837291331,0.033725581069,0.118994031319,0.0850598310029,0.0209989467033
G[C>G]T,0.0931793244377,0.421398271483,0.571687165509,0.1543282561,0.544516677183,0.418473692758,0.0960911783264
T[C>G]A,0.281087368978,0.347427626562,0.47133538149,0.465550954869,1.64260431246,12.6077548604,0.289871349258
T[C>G]C,0.157301744732,0.440352501778,0.597401296118,0.260531014712,0.919232070777,3.09406307333,0.162217424255
T[C>G]G,0.0371330796657,0.169899151646,0.230492555379,0.0615016631964,0.216996434297,0.519196911456,0.0382934884053
T[C>G]T,0.406917095735,0.661185736754,0.896993237275,0.673956439812,2.3779217782,15.0820307198,0.419633254977
A[C>T]A,0.81583085427,4.77761746626,6.48152299618,1.35121985238,4.76751155464,1.80758133312,0.841325568466
A[C>T]C,1.59038431602,3.89942939234,5.29013497981,2.63407402341,9.29380834676,2.12276570824,1.6400838259
A[C>T]G,0.35774046731,4.25653111566,5.7745946604,0.592507648982,2.09054585584,1.86829859395,0.368919856913
A[C>T]T,0.897661814349,1.97816525626,2.68366475325,1.48675238002,5.2457112276,1.03274118982,0.925713746048
C[C>T]A,0.991370263585,5.24128580412,7.11055556643,1.64195699906,5.79331997782,2.36905338181,1.02235058432
C[C>T]C,2.20631367065,4.91602031773,6.66928630518,3.65420701702,12.8931455129,3.32818624247,2.27526097286
C[C>T]G,0.386092483481,3.03050891255,4.11131978346,0.639465675765,2.25622795034,1.32091702448,0.39815787359
C[C>T]T,1.36508427649,3.23845718721,4.3934314288,2.26092083294,7.97721124076,2.88177716354,1.40774316013
G[C>T]A,0.775202609675,4.07533071423,5.52877033958,1.28392932227,4.53009025029,2.08764026456,0.799427691228
G[C>T]C,1.66845660681,4.75148061791,6.4460646145,2.76338125502,9.75004329603,3.39958519517,1.72059587577
G[C>T]G,0.447224562932,4.19408849725,5.68988229697,0.740715682356,2.61346853963,2.03743892597,0.461200330524
G[C>T]T,0.966002723782,2.56518421024,3.48004011739,1.59994201126,5.6450784171,2.38315806188,0.9961903089
T[C>T]A,1.09435076476,6.08182645419,8.25086945533,1.81251845413,6.39511228156,6.67508449368,1.12854922616
T[C>T]C,2.39527811043,7.59587224279,10.3048896161,3.9671793704,13.9974064578,2.53059548287,2.47013055138
T[C>T]G,1.84647332177,4.04613781882,5.48916599197,3.05822143919,10.7903284741,1.69057846822,1.90417561308
T[C>T]T,1.59647593509,3.97740682229,5.39592254213,2.64416326749,9.32940624568,2.77682291576,1.64636580806
A[T>A]A,0.103551419525,1.78414787099,2.42045235645,0.171507038589,0.605128607852,0.637879763483,0.106787401386
A[T>A]C,0.0719681232123,0.667153013333,0.905088703402,0.11919720407,0.420563720022,0.445525689807,0.0742171270626
A[T>A]G,0.0942732613049,1.6307696873,2.21237286249,0.156140089036,0.55090937075,0.408760857491,0.0972193007206
A[T>A]T,0.128119932638,1.33863510175,1.81605041775,0.212198638432,0.748700856355,0.666360852284,0.132123680533
C[T>A]A,0.0831744705151,2.41896307045,3.28167017949,0.137757716791,0.486050812073,0.739946373043,0.0857736727187
C[T>A]C,0.12607940099,1.51814081902,2.05957565658,0.20881900789,0.736776499536,0.618292967342,0.130019382271
C[T>A]G,0.129353194787,3.89293171834,5.28131995355,0.214241228866,0.755907732036,1.73435152165,0.133395482124
C[T>A]T,0.0931066162026,1.3343624214,1.81025391435,0.154207833086,0.544091788434,0.977979768468,0.096016197959
G[T>A]A,0.0540119900967,1.33485185433,1.81091790027,0.0894573585976,0.315632567128,0.886551257334,0.0556998647872
G[T>A]C,0.0588355383984,0.505563779134,0.685869742322,0.0974463604723,0.343820177516,0.256342603925,0.0606741489733
G[T>A]G,0.0818616331367,1.23329428962,1.67314050479,0.135583329883,0.478378918643,0.975621833293,0.0844198091723
G[T>A]T,0.0967742651532,0.771809193728,1.04706981527,0.16028237666,0.565524611989,0.585356281211,0.0997984609392
T[T>A]A,0.0975259289857,1.60983027918,2.18396555357,0.161527319883,0.56991714751,0.642075900909,0.100573614266
T[T>A]C,0.102733941612,0.98265337201,1.33311016902,0.170153090795,0.600351471295,0.329762461742,0.105944377287
T[T>A]G,0.0608179784759,1.5411105841,2.09073743578,0.100729776851,0.355405061718,0.414344439108,0.0627185403033
T[T>A]T,0.101626421365,0.869988449079,1.1802640498,0.168318760386,0.593879399854,0.474080718829,0.104802247033
A[T>C]A,0.114341707613,1.13296443557,1.53702867483,0.189378453233,0.668184353861,0.879490098046,0.117914885975
A[T>C]C,0.1741823432,1.00592523997,1.36468179409,0.288489505925,1.01787806807,0.550847683606,0.179625541425
A[T>C]G,0.172118090642,1.33000370048,1.80434068457,0.285070587627,1.00581509219,0.992937727375,0.177496780975
A[T>C]T,0.131785630803,0.874914335352,1.18694672069,0.218269951017,0.770122280003,0.664682459952,0.135903931765
C[T>C]A,0.0560492060995,0.501867592264,0.68085533496,0.0928314976023,0.327537548144,0.332183395473,0.0578007437901
C[T>C]C,0.0967844982215,0.568053143627,0.770645523522,0.160299325179,0.565584411482,0.49401386892,0.0998090137909
C[T>C]G,0.0708291548729,0.671410219938,0.910864214461,0.117310787758,0.413907873788,0.654680610271,0.0730425659627
C[T>C]T,0.0887737019065,0.77763749097,1.054976736,0.147031443783,0.518771320516,0.395681844302,0.0915478800911
G[T>C]A,0.1254983062,0.678605972564,0.920626284457,0.207856569643,0.733380726854,0.731399345074,0.129420128268
G[T>C]C,0.187252719868,1.11354841922,1.51068806523,0.310137317282,1.09425808173,0.606033190217,0.193104367364
G[T>C]G,0.164665161839,0.95309135364,1.29300505319,0.272726674296,0.962262039499,0.649159533241,0.169810948147
G[T>C]T,0.238117060173,1.18704234942,1.6103931174,0.394381380911,1.39149657038,0.780538436282,0.245558218303
T[T>C]A,0.0794859772581,0.663758732469,0.900483874818,0.131648649834,0.464496179602,0.685559000038,0.0819699140474
T[T>C]C,0.219627150223,1.12132065498,1.52123221725,0.363757467558,1.28344615912,0.518193691928,0.226490498668
T[T>C]G,0.138430056961,0.816124905248,1.1071904309,0.229274781842,0.808950645369,0.338612639664,0.142755996242
T[T>C]T,0.140958072759,0.801110300931,1.0868209677,0.233461808007,0.823723737687,0.582080945485,0.145363012533
A[T>G]A,0.052065476741,0.829920801416,1.12590654178,0.0862334458522,0.304257629705,0.20597340556,0.0536925228891
A[T>G]C,0.0568851926433,0.292922965323,0.397391994914,0.0942161003154,0.332422844509,0.0832835793573,0.0586628549134
A[T>G]G,0.105350844672,0.640741396703,0.869257559163,0.174487336488,0.615643998551,0.354785051628,0.108643058568
A[T>G]T,0.212047118957,1.07460921751,1.45786145592,0.351203040773,1.23915035141,0.34843589144,0.218673591425
C[T>G]A,0.0614686530346,0.61938233061,0.840280924044,0.101807456589,0.359207441171,0.104291570271,0.063389548442
C[T>G]C,0.0908633968119,0.601422311361,0.815915583245,0.15049250097,0.53098297512,0.248100986474,0.0937028779623
C[T>G]G,0.148434506651,0.894060855767,1.21292172041,0.24584465164,0.867414148239,0.496575890782,0.153073084983
C[T>G]T,0.262529375805,1.58839016277,2.15487896207,0.434814278677,1.53415603986,0.63358935217,0.270733418799
G[T>G]A,0.0452393496444,0.346225823919,0.469704963918,0.0749276728486,0.264367449485,0.170031889975,0.0466530793208
G[T>G]C,0.0522653745641,0.221612342159,0.30064891174,0.0865645266218,0.305425782609,0.0667865701362,0.0538986675192
G[T>G]G,0.124790982764,0.62636031762,0.849747563764,0.206685065202,0.729247305525,0.429248794368,0.128690700975
G[T>G]T,0.103464002232,0.86307247007,1.17088153282,0.171362253697,0.604617763043,0.41761550893,0.106697252302
T[T>G]A,0.130545874174,1.32233456139,1.79393639797,0.216216604101,0.762877452207,0.224623806066,0.134625432742
T[T>G]C,0.135299474435,0.542350302508,0.735775934871,0.224089754534,0.790656303732,0.186266655385,0.139527583012
T[T>G]G,0.137082406454,0.860825561039,1.16783327861,0.22704273569,0.801075312717,0.408038244035,0.141366231656
T[T>G]T,0.552035680871,1.46708965774,1.99031743777,0.914309096443,3.22595851009,0.93637354496,0.569286795898
