,1,3,2,5,4,7,6
A[C>A]A,0.671650323123,2.65739910453,1.66452471383,1.98574878141,1.47471049208,0.627847041181,1.40170502217
A[C>A]C,0.542701069471,2.14720857921,1.34495482434,1.60450750974,1.19158278297,0.507307521462,1.13259353629
A[C>A]G,0.150978799878,0.597350903865,0.374164851872,0.446372103987,0.331496930167,0.141132356408,0.31508619105
A[C>A]T,0.345875404061,1.3684635552,0.85716947963,1.02258815114,0.75942208283,0.323318312492,0.721826930215
C[C>A]A,0.567090450357,2.24370569489,1.40539807262,1.67661524453,1.24513338013,0.530106290551,1.18349311379
C[C>A]C,0.366673415535,1.45075133972,0.908712377629,1.08407792419,0.805087281935,0.342759931913,0.765231475899
C[C>A]G,0.140943297319,0.557645219828,0.349294258574,0.416701922509,0.309462457157,0.131751343146,0.294142533536
C[C>A]T,0.65735993051,2.6008588555,1.629109393,1.94349892499,1.44333376047,0.614488630694,1.37188159411
G[C>A]A,0.717311653981,2.83805915271,1.77768540335,2.12074749873,1.57496689244,0.670530459156,1.4969982344
G[C>A]C,0.728190786671,2.8811026777,1.80464673218,2.15291189103,1.59885368378,0.680700083192,1.51970251131
G[C>A]G,0.158405441681,0.626734573607,0.392570007644,0.468329131926,0.347803252386,0.148074652006,0.330585269595
G[C>A]T,0.732105100003,2.89658974349,1.81434742175,2.16448464349,1.60744815435,0.68435911522,1.52787151305
T[C>A]A,0.692238244577,2.73885566332,1.71554695395,2.04661741875,1.51991440657,0.647092272104,1.44467111912
T[C>A]C,0.547145489604,2.16479302409,1.35596925684,1.61764753448,1.2013411837,0.511462088108,1.14186884787
T[C>A]G,0.150795785759,0.596626804525,0.373711295142,0.445831018766,0.331095094819,0.140961277992,0.314704248541
T[C>A]T,0.739143670549,2.92443800087,1.83179083571,2.18529433032,1.62290240707,0.690938648557,1.54256070375
A[C>G]A,0.150428875339,0.595175115474,0.372801995407,0.444746240134,0.330289487158,0.140618296513,0.313938522448
A[C>G]C,0.0632940124822,0.250424136343,0.156859074412,0.18713012386,0.138971636102,0.0591661421029,0.132091852137
A[C>G]G,0.00379718352528,0.0150236391652,0.00941041134526,0.01122645564,0.00833729426203,0.00354954112146,0.00792455692233
A[C>G]T,0.127434041058,0.504195553751,0.315814797405,0.376761512693,0.27980082928,0.119123125337,0.265949303078
C[C>G]A,0.0969002666565,0.383388011554,0.240144139105,0.286487744898,0.212759281137,0.0905806840485,0.202226643457
C[C>G]C,0.0523784552057,0.207236496684,0.129807475945,0.154858041478,0.115004869039,0.0489624689967,0.10931155869
C[C>G]G,0.0325974174375,0.128972390731,0.0807849040842,0.0963749732934,0.0715725904605,0.0304714989089,0.068029392913
C[C>G]T,0.0767346707064,0.303602392795,0.190168531751,0.226867722088,0.168482646551,0.0717302356603,0.160141921474
G[C>G]A,0.0414569766948,0.164025429532,0.102741203113,0.122568452837,0.0910251010038,0.0387532608234,0.0865189078848
G[C>G]C,0.0346145759003,0.13695332204,0.0857839489703,0.10233874614,0.0760015688246,0.032357103559,0.0722391149224
G[C>G]G,0.00186089709607,0.0073626798149,0.00461178845548,0.00550178271882,0.00408588275442,0.00173953424198,0.00388361133093
G[C>G]T,0.0942920619378,0.373068592884,0.233680327411,0.278776530947,0.207032570777,0.0881425796375,0.196783433609
T[C>G]A,1.91694668351,7.58444122605,4.75069395478,5.66749454254,4.20894815292,1.79192842154,4.00058438297
T[C>G]C,0.456827014924,1.80744601557,1.13213651525,1.35061900065,1.00303322842,0.427033948734,0.953378118103
T[C>G]G,0.0689917864548,0.27296750293,0.170979644692,0.203975716475,0.151481965912,0.0644923221208,0.143982858688
T[C>G]T,2.42199521867,9.58267673472,6.00233597669,7.16068151605,5.31785906707,2.26403900875,5.05459871721
A[C>T]A,0.624792080544,2.47200344911,1.54839776483,1.84721136856,1.37182608989,0.584044770943,1.30391390722
A[C>T]C,1.46468264051,5.79504870809,3.6298656743,4.33036606758,3.21593362372,1.3691598596,3.05672898888
A[C>T]G,0.818314578205,3.23767941812,2.02799699816,2.41936483991,1.79673418258,0.764946236148,1.70778694582
A[C>T]T,0.914119252155,3.61673269331,2.26542597273,2.70261344115,2.00708792321,0.854502779188,1.90772713493
C[C>T]A,0.950956710507,3.76248089809,2.3567188043,2.81152418759,2.08797016872,0.888937794604,1.98460530888
C[C>T]C,2.29263717601,9.07086882682,5.68175300142,6.77823165081,5.0338337995,2.14311736018,4.78463410646
C[C>T]G,0.625470309151,2.47468687534,1.55007859224,1.84921656618,1.373315244,0.58467876725,1.30532934084
C[C>T]T,1.79267776113,7.09276853318,4.44272314716,5.30009077205,3.93609682336,1.6757639941,3.74124054497
G[C>T]A,0.96735070475,3.82734409271,2.39734739873,2.85999338796,2.12396567782,0.90426261531,2.01881886209
G[C>T]C,2.09196589064,8.27690852384,5.18443720724,6.1849426332,4.59322945554,1.95553333255,4.36584185873
G[C>T]G,1.05475177143,4.17314831305,2.61395004224,3.11839654162,2.31586801988,0.985963612425,2.2012210882
G[C>T]T,1.50669297418,5.96126350654,3.73397824036,4.45457053236,3.30817370418,1.40843038891,3.14440272873
T[C>T]A,2.96905203721,11.7471189298,7.35808548353,8.77806689263,6.51900555997,2.7754182087,6.19628251244
T[C>T]C,2.18731533156,8.65416065965,5.42073799561,6.46684532809,4.80258366277,2.04466433168,4.5648319963
T[C>T]G,0.584312659623,2.31184574025,1.44807919994,1.72753308062,1.28294736135,0.546205312256,1.21943511574
T[C>T]T,2.31497178455,9.15923619103,5.73710398779,6.84426440648,5.08287283128,2.16399536381,4.8312454634
A[T>A]A,0.894868092863,3.54056506307,2.21771657797,2.6456969702,1.96481907346,0.836507130285,1.8675508025
A[T>A]C,0.104010379772,0.411519328664,0.257764854218,0.307508948892,0.228370616457,0.097227094135,0.217065140394
A[T>A]G,0.0921784680296,0.364706112639,0.228442290334,0.272527644609,0.202391853717,0.0861668288103,0.192372455018
A[T>A]T,0.125030719693,0.494686760525,0.309858740109,0.369656040832,0.2745239715,0.116876542322,0.260933675881
C[T>A]A,2.02187791729,7.99960393363,5.01074092546,5.97772601634,4.43934064449,1.89001631399,4.21957130565
C[T>A]C,0.106869680124,0.422832212663,0.264850946393,0.315962532539,0.234648645489,0.0998999183763,0.22303237591
C[T>A]G,0.11492084869,0.45468683612,0.284803842405,0.339765987431,0.252326211254,0.107426010732,0.239834814657
C[T>A]T,0.0993560362508,0.39310431734,0.246230176796,0.293748281089,0.218151296985,0.0928762947562,0.207351727828
G[T>A]A,0.698546391647,2.76381398434,1.73118018799,2.0652675927,1.5337649034,0.652989018279,1.45783594779
G[T>A]C,0.0294854785674,0.116659936941,0.0730727077541,0.0871744583733,0.0647398551155,0.0275625125739,0.0615349117929
G[T>A]G,0.045754190736,0.181027450303,0.11339082052,0.135273259567,0.100460288355,0.0427702217749,0.0954870067533
G[T>A]T,0.0451987101127,0.178829679142,0.112014194627,0.133630969029,0.0992406461171,0.0422509681489,0.094327742844
T[T>A]A,0.375131135223,1.48421449153,0.929672813378,1.10908335631,0.823657492554,0.350666061187,0.782882369161
T[T>A]C,0.0709380357863,0.28066788072,0.175802958253,0.209729844933,0.155755252487,0.0663116421481,0.148044596424
T[T>A]G,0.0627661351575,0.248335578232,0.155550856695,0.185569443074,0.137812601107,0.0586726915603,0.130990195111
T[T>A]T,0.0844309814369,0.334053013511,0.209241997474,0.249622032074,0.185381067937,0.0789246130823,0.176203787347
A[T>C]A,0.430699552451,1.70407214231,1.06738584738,1.27337258985,0.945666408642,0.402610451204,0.898851239897
A[T>C]C,0.171640742173,0.679100327726,0.425370534949,0.507459585554,0.376863368683,0.160446780727,0.358206766273
A[T>C]G,0.342566263084,1.35537086699,0.848968565035,1.0128046039,0.752156360251,0.320224985057,0.714920896872
A[T>C]T,0.321128122041,1.2705503959,0.795839258972,0.949422273862,0.705085659265,0.300184983647,0.670180428608
C[T>C]A,0.11288624441,0.446636880055,0.279761562233,0.333750635646,0.247858927943,0.105524098035,0.235588683985
C[T>C]C,0.168255857434,0.665707957673,0.416981907553,0.497452100239,0.369431339148,0.15728264934,0.351142658992
C[T>C]G,0.195171376512,0.772199794025,0.483685585268,0.577028417513,0.428528457124,0.182442808478,0.407314177068
C[T>C]T,0.171460584928,0.678387531673,0.424924058301,0.506926946745,0.376467806038,0.160278372868,0.357830785938
G[T>C]A,0.221262800743,0.875431081202,0.548346940973,0.654168280459,0.485816149458,0.206832618086,0.46176584503
G[T>C]C,0.251254550045,0.994094089308,0.622674319676,0.742839539263,0.551667599012,0.234868383738,0.524357321833
G[T>C]G,0.185847194128,0.735308463722,0.460577828925,0.549461269594,0.408055795802,0.173726724945,0.387855013831
G[T>C]T,0.259119742392,1.02521289381,0.642166318102,0.76609315142,0.568936825687,0.242220628758,0.540771636296
T[T>C]A,0.220644769749,0.872985828138,0.546815298944,0.652341058389,0.484459168362,0.206254893461,0.460476041216
T[T>C]C,0.153007736295,0.605378434908,0.379193085602,0.452370698613,0.335951768823,0.143028970885,0.319320493138
T[T>C]G,0.118812948198,0.470086012434,0.294449480316,0.351273064236,0.260871907999,0.111064277663,0.247957457108
T[T>C]T,0.130533731786,0.516459547499,0.323496639643,0.385925815714,0.286606671964,0.122020662321,0.272418222857
A[T>G]A,0.03152810729,0.124741641887,0.0781348745884,0.0932135345967,0.0692247573107,0.0294719263798,0.065797789127
A[T>G]C,0.0245120398558,0.0969824185598,0.0607472292078,0.072470378704,0.0538199135964,0.0229134285608,0.0511555614381
A[T>G]G,0.0512550310115,0.202791644437,0.127023337724,0.151536613425,0.112538220264,0.0479123115977,0.106967021241
A[T>G]T,0.0497899569188,0.19699504694,0.123392501929,0.147205090021,0.109321427148,0.0465427858154,0.103909475309
C[T>G]A,0.0098141416364,0.0388298647353,0.0243220031859,0.0290157230989,0.0215484414191,0.00917408892099,0.0204816868934
C[T>G]C,0.0417287406265,0.165100669435,0.103414705031,0.123371928809,0.0916218000712,0.0390073010204,0.0870860673944
C[T>G]G,0.0578532578695,0.22889767244,0.143375465155,0.171044414571,0.127025631409,0.0540802193128,0.120737233815
C[T>G]T,0.11185024526,0.442537926899,0.27719408608,0.330687681639,0.245584234158,0.104555664048,0.233426598804
G[T>G]A,0.000553126542999,0.00218845719186,0.00137079186743,0.00163533064887,0.00121447349658,0.000517053072803,0.00115435104626
G[T>G]C,0.0179319991536,0.0709483444772,0.0444401718154,0.0530163453236,0.0393724329242,0.0167625209479,0.0374233025814
G[T>G]G,0.095570328314,0.37812608159,0.236848204952,0.282555753276,0.209839199124,0.0893374808152,0.19945111996
G[T>G]T,0.128914120406,0.510051519865,0.319482820136,0.38113739946,0.283050568717,0.12050667777,0.269038164325
T[T>G]A,0.0449141886898,0.177703963946,0.111309076318,0.132789775257,0.0986159360362,0.0419850024709,0.0937339590047
T[T>G]C,0.0349428923973,0.138252313398,0.0865976028977,0.103309421001,0.076722437655,0.0326640081105,0.072924297177
T[T>G]G,0.0432665323239,0.171184975716,0.10722575402,0.127918443392,0.0949982557545,0.0404448019549,0.0902953718063
T[T>G]T,0.12069721109,0.477541139532,0.299119175311,0.356843928441,0.265009093916,0.112825653845,0.251889831841
