,1,3,2,5,4,7,6
A[C>A]A,2.18125088872,2.26423325949,0.900951454037,1.12618931755,1.25498995751,1.45606234117,3.70402315857
A[C>A]C,1.37666146782,1.42903445844,0.568621041055,0.710776301319,1.04364565631,0.939338071912,2.29998010119
A[C>A]G,0.349566306494,0.362865024676,0.144386083117,0.180482603896,0.204526982378,0.395572069395,0.469158922404
A[C>A]T,1.35250732276,1.40396140569,0.558644328965,0.698305411206,0.783739471166,1.01951829079,2.16471764061
C[C>A]A,2.53064568368,2.62692024774,1.04526669543,1.30658336929,1.18144432465,2.12577709552,4.49429143033
C[C>A]C,1.79833224616,1.86674705987,0.742789406021,0.928486757526,0.97505110805,1.69633947066,2.00660358852
C[C>A]G,0.401707684525,0.416990042088,0.16592273926,0.207403424075,0.264153391342,0.6619629699,0.851744755801
C[C>A]T,1.99764208144,2.07363933454,0.825113033639,1.03139129205,1.58709254883,2.75731313878,4.12574569397
G[C>A]A,2.52860059788,2.62479735976,1.04442198608,1.3055274826,1.09833813851,1.97912306301,5.62682778867
G[C>A]C,1.53229393094,1.59058772179,0.632904014953,0.791130018691,1.00915460515,1.90528529231,2.42801295644
G[C>A]G,0.505830547473,0.52507410091,0.208930008739,0.261162510924,0.213985329788,0.665920077746,0.591015409113
G[C>A]T,1.89352470226,1.96556096811,0.782108029194,0.977635036492,0.964117721726,1.85456694193,4.28672565452
T[C>A]A,2.22239284824,2.30694040225,0.917944872099,1.14743109012,2.73995287509,1.34047890906,3.33441838791
T[C>A]C,1.95031910567,2.02451602816,0.805566587123,1.0069582339,1.39220957591,1.7081060987,2.61867562341
T[C>A]G,0.515657200299,0.535274593789,0.212988843602,0.266236054502,0.261585854949,0.430280289673,0.686908153061
T[C>A]T,3.2231716986,3.34579236104,1.33131004942,1.66413756178,1.94623263654,2.00496025144,5.91232431501
A[C>G]A,0.673310670771,0.698925750637,0.278106581405,0.347633226757,0.445325904969,0.70630074752,0.625878526863
A[C>G]C,0.38763632664,0.402383360805,0.160110656656,0.200138320819,0.191812583764,0.426255665826,0.33040431225
A[C>G]G,0.112855176989,0.117148580461,0.0466140948431,0.0582676185539,0.0289027255975,0.246810590038,0.0963895627491
A[C>G]T,0.749301726819,0.777807770774,0.309494191512,0.38686773939,0.411100117558,0.6755444548,0.576740994092
C[C>G]A,0.507305766621,0.526605442525,0.209539338387,0.261924172984,0.379231428733,0.540863829228,0.404695740394
C[C>G]C,0.539490453385,0.56001454672,0.222833013355,0.278541266693,0.204447584269,0.539448185822,0.393612199231
C[C>G]G,0.270203354632,0.28048283008,0.111605733435,0.139507166794,0.0582497949223,0.267593461379,0.211109542146
C[C>G]T,0.704698624359,0.731507811155,0.291071170931,0.363838963664,0.459302796533,0.702407332223,0.406798591383
G[C>G]A,0.415100832214,0.4308927117,0.171454691567,0.214318364458,0.159090486275,0.562775289264,0.249338096903
G[C>G]C,0.408818467485,0.424371343965,0.168859801787,0.211074752234,0.14792775617,0.583384451217,0.312277126436
G[C>G]G,0.0951041937358,0.0987222880627,0.0392821669778,0.0491027087223,0.0126285801987,0.138578050024,0.0353452271792
G[C>G]T,0.446282020762,0.463260141117,0.184333878141,0.230417347676,0.304166289451,0.442809368265,0.343376763142
T[C>G]A,0.42776318392,0.444036783308,0.176684793358,0.220855991698,10.7244625894,0.457710258506,0.963352944681
T[C>G]C,0.660508542107,0.68563658447,0.272818745653,0.341023432066,2.47669644725,0.627587657559,0.455571489711
T[C>G]G,0.0741975593176,0.0770202925525,0.030646817979,0.0383085224738,0.375525158334,0.128985206539,0.110697959706
T[C>G]T,1.17662630041,1.22138925749,0.485997819736,0.607497274669,13.0200936002,0.884402867936,1.6898700731
A[C>T]A,2.37575819446,2.46614029968,0.981291428147,1.22661428518,1.77465641018,3.57877019673,1.89523557854
A[C>T]C,2.05899073931,2.13732190874,0.850452696672,1.06306587084,4.64601570409,2.70776215694,1.96422697046
A[C>T]G,2.08384889088,2.16312575085,0.860720194057,1.07590024257,1.29730503571,2.70156062688,3.7851490629
A[C>T]T,1.84747929142,1.91776382968,0.763089272543,0.953861590679,2.40635750438,1.81342785793,1.82746589346
C[C>T]A,4.18820006518,4.34753376331,1.72990872257,2.16238590322,3.52902174676,3.61409826832,1.57917019706
C[C>T]C,4.31796621581,4.48223666967,1.78350778479,2.22938473099,9.43248172234,3.27249208618,1.97774104842
C[C>T]G,1.84528055956,1.91548145041,0.762181100689,0.952726375861,1.42693722976,2.47071198959,2.97458481376
C[C>T]T,5.05992464552,5.25242177878,2.08996887533,2.61246109416,7.91546133829,2.87378176086,1.96065477706
G[C>T]A,2.46301189401,2.55671343346,1.0173309997,1.27166374963,3.30594318047,3.81743311601,1.89781571443
G[C>T]C,3.90253961138,4.05100579225,1.61191853513,2.01489816892,8.29939967034,3.96893051617,2.89496221147
G[C>T]G,2.58077643283,2.67895814495,1.06597287443,1.33246609304,1.12122124983,2.63423742642,2.81318965316
G[C>T]T,3.58654469532,3.72298933047,1.48139889589,1.85174861987,5.67724540896,2.77534524512,2.10543609601
T[C>T]A,3.86370724603,4.01069610866,1.59587907988,1.99484884985,10.2227086461,3.6855133219,7.3138945271
T[C>T]C,5.81632500897,6.03759824301,2.4023951124,3.0029938905,4.62389200801,3.81690017941,3.22800620494
T[C>T]G,2.20374488054,2.287583001,0.910242450659,1.13780306332,1.33935772106,1.5177649824,2.5649730988
T[C>T]T,3.40265264515,3.53210138709,1.40544348387,1.75680435483,5.80600854091,2.41260040569,5.07180865459
A[T>A]A,2.88549672735,2.99527105936,1.19183560477,1.48979450597,0.318383055406,1.09779829907,1.15849848183
A[T>A]C,1.00312044258,1.04128263333,0.414332356719,0.517915445899,0.299310239706,0.572084857371,1.57510120245
A[T>A]G,1.48861910856,1.54525135725,0.614864414404,0.768580518005,0.305538029634,0.710907452191,0.777703496339
A[T>A]T,1.38508670174,1.43778021756,0.572101028978,0.715126286222,0.551301445968,0.883795145708,1.29622016024
C[T>A]A,5.0945002202,5.28831272858,2.10425009095,2.63031261369,0.259600095464,1.40040069814,0.968502459403
C[T>A]C,1.9617866302,2.03641981722,0.810303173343,1.01287896668,0.375987087902,0.924116545766,1.06944406161
C[T>A]G,3.31428585673,3.44037281867,1.36894415821,1.71118019777,0.352049741006,0.964829733565,2.05760820842
C[T>A]T,2.15739169515,2.2394663792,0.891096569735,1.11387071217,0.48448281033,0.747105745675,1.63600301512
G[T>A]A,2.13207478442,2.21318632513,0.880639584868,1.10079948109,0.165958167671,0.663665859025,1.11238125077
G[T>A]C,0.602100609204,0.625006610641,0.248693729889,0.310867162361,0.189210153365,0.460840366596,0.847670630193
G[T>A]G,1.11095151617,1.15321597602,0.458871278417,0.573589098022,0.179435032903,0.499576189611,1.19203444821
G[T>A]T,0.762010805407,0.791000346917,0.314743593538,0.393429491922,0.281609348891,0.522786343566,1.12978649345
T[T>A]A,1.96011096716,2.03468040613,0.809611051652,1.01201381457,0.359283510992,0.837670356051,1.08634118389
T[T>A]C,1.15287523283,1.19673461669,0.476187596171,0.595234495213,0.282951995066,0.827741784575,0.715975048248
T[T>A]G,1.40491507422,1.45836293031,0.580291008919,0.725363761149,0.245133882174,0.539577564115,0.524348752084
T[T>A]T,1.56072752502,1.62010302869,0.644648325554,0.805810406942,0.495124173963,0.653407182046,1.14719462299
A[T>C]A,4.57010916529,4.74397201397,1.88765378566,2.35956723208,0.943043278336,2.77719839272,2.9772141019
A[T>C]C,1.69185129742,1.75621520548,0.698808144588,0.873510180735,0.505671177106,1.56063220464,1.61044247787
A[T>C]G,3.01327438689,3.12790982553,1.24461333372,1.55576666715,0.987140760459,2.80403302598,2.71425746521
A[T>C]T,3.4087026403,3.5383815451,1.40794239491,1.75992799363,0.7759783523,1.91828355641,2.45985901535
C[T>C]A,2.00196359368,2.07812525214,0.826898006087,1.03362250761,0.379816724903,1.23035779147,1.68474622925
C[T>C]C,2.80120900051,2.90777673423,1.15702110891,1.44627638613,0.530283902267,1.60991098842,1.42440982274
C[T>C]G,2.95922509706,3.07180431271,1.22228862705,1.52786078381,0.896151635923,2.27172859678,2.15902776573
C[T>C]T,3.7158894544,3.85725481408,1.53482390508,1.91852988135,0.553473920176,1.69820474034,1.57386471005
G[T>C]A,2.29483109552,2.38213445242,0.947865017715,1.18483127214,0.448600344198,1.64607595465,6.33242181927
G[T>C]C,1.71575979202,1.78103326237,0.708683392358,0.885854240448,0.344348657529,1.16527672821,3.02339702167
G[T>C]G,1.82236582972,1.89169496455,0.752716320973,0.940895401217,0.529979452153,1.75172083779,3.90637399445
G[T>C]T,2.05042615643,2.12843149934,0.84691515157,1.05864393946,0.512303889561,1.55515852739,4.61494004383
T[T>C]A,1.99106467819,2.06681170399,0.822396280123,1.02799535015,0.517534598945,1.63872146769,2.29537367271
T[T>C]C,2.28039173159,2.36714576485,0.941900932612,1.17737616576,0.434969465567,1.61505819865,2.15372923204
T[T>C]G,1.61724078932,1.67876625413,0.667990760807,0.834988451009,0.402803666601,1.51020994304,1.33009983013
T[T>C]T,2.07471050557,2.15363970959,0.856945643607,1.07118205451,0.510280459364,1.31596642041,1.95589217572
A[T>G]A,0.915822656671,0.950663736001,0.378274575581,0.472843219477,0.232703397036,0.324766491348,0.23463195642
A[T>G]C,0.642299523335,0.666734831288,0.265297629204,0.331622036504,0.0576186031415,0.255909890656,0.157566101121
A[T>G]G,0.665696507113,0.69102191771,0.274961600764,0.343702000955,0.186784197506,0.519155229059,0.511241674609
A[T>G]T,2.51921739126,2.61505718332,1.04054631378,1.30068289223,0.18284879315,0.6925179442,0.223620967124
C[T>G]A,0.548557273816,0.569426300537,0.226578004402,0.283222505503,0.142657000707,0.19965885341,0.0860932401365
C[T>G]C,1.39939897722,1.45263698179,0.578012621026,0.722515776283,0.178448014953,0.67642056482,0.285057085312
C[T>G]G,1.28147897502,1.33023089254,0.529306533159,0.661633166448,0.327806031303,0.838632804035,0.727354805859
C[T>G]T,7.63351583507,7.92392132879,3.15297393188,3.94121741484,0.431204156312,1.59859891743,0.665313603019
G[T>G]A,0.159729465483,0.16580612993,0.0659752140037,0.0824690175047,0.0577522695939,0.165432116566,0.178321885731
G[T>G]C,0.314089380706,0.326038433233,0.129732570292,0.162165712864,0.0569460316516,0.240830273214,0.0914549859307
G[T>G]G,0.632218091916,0.656269867152,0.261133559705,0.326416949631,0.215525478196,0.527387713847,0.694784148672
G[T>G]T,2.27187259588,2.35830253159,0.938382159168,1.17297769896,0.265465845446,0.635936249168,0.578197616713
T[T>G]A,1.30804003965,1.35780243246,0.540277407681,0.675346759602,0.300271621831,0.51667882018,0.09719955003
T[T>G]C,1.15634339315,1.20033471789,0.477620097169,0.597025121462,0.122432040982,0.46999004356,0.277746361341
T[T>G]G,0.841934892001,0.873965023762,0.347755716261,0.434694645327,0.181319566907,0.586834098302,0.421206606759
T[T>G]T,6.11865736139,6.3514323697,2.52727151884,3.15908939854,0.49928075678,0.843016567754,0.598399286398
