,1,3,2,5,4,7,6
A[C>A]A,0.890723131223,0.839692118496,0.38969136991,0.923197412048,0.756186824944,0.304055324226,0.273711795532
A[C>A]C,0.631208539128,0.595045549907,0.276153735868,0.65422135045,0.535869749364,0.270292520708,0.193965124003
A[C>A]G,0.250468313576,0.236118566444,0.109579887189,0.259599970842,0.212637162046,0.0653639992543,0.0769668255259
A[C>A]T,1.22763436022,1.15730114166,0.537090032595,1.27239186293,1.04221042039,0.282647499349,0.377241808608
C[C>A]A,1.19377970685,1.12538607781,0.522278621747,1.23730292533,1.01346923029,0.537704534818,0.366838555751
C[C>A]C,0.914123979096,0.861752292793,0.399929240854,0.947451415833,0.776053169753,0.82059593769,0.280902681076
C[C>A]G,0.251621358396,0.237205551404,0.110084344298,0.260795053754,0.213616049055,0.234803935005,0.0773211465904
C[C>A]T,2.74897332074,2.59148005757,1.20267582782,2.84919630639,2.33376380875,1.66903842004,0.844736593351
G[C>A]A,1.36183113648,1.28380956095,0.595801122211,1.41148123,1.15613789191,0.265534069834,0.418479359648
G[C>A]C,1.48028239434,1.39547454883,0.647623547523,1.5342510233,1.25669807436,0.326269894061,0.454878444094
G[C>A]G,0.445752822475,0.420214900354,0.195016859833,0.462004227461,0.378425573247,0.109820440569,0.13697612774
G[C>A]T,2.14748073268,2.02444798237,0.939522820549,2.22577430106,1.82312166368,0.493812955113,0.659902933481
T[C>A]A,1.85222167692,1.74610481001,0.810346983651,1.91975059222,1.5724590278,0.343133939323,0.569172286136
T[C>A]C,1.36052489371,1.28257815501,0.595229640997,1.41012736379,1.15502894622,0.370558273155,0.418077962129
T[C>A]G,0.332762235871,0.313697732774,0.145583478193,0.344894192387,0.282501273161,0.0716330475159,0.102255062064
T[C>A]T,7.61605189049,7.17971558427,3.33202270209,7.893720449,6.46571071953,1.21263051088,2.34034927885
A[C>G]A,0.395676988699,0.373007994555,0.173108682556,0.410102712246,0.335913276864,0.178688112191,0.121588241319
A[C>G]C,0.259459361442,0.244594502193,0.113513470631,0.268918817328,0.220270187057,0.0973591138751,0.0797296996098
A[C>G]G,0.0847807429397,0.0799235128754,0.0370915750361,0.087871707526,0.0719753182248,0.0209129171826,0.0260524157992
A[C>G]T,0.295881230168,0.278929701356,0.129448038198,0.306668566684,0.251190836028,0.174530487016,0.0909218363536
C[C>G]A,0.305785958686,0.288266971469,0.133781356925,0.316934405096,0.259599537842,0.0996956791857,0.0939654768877
C[C>G]C,0.274319091676,0.258602893716,0.120014602608,0.28432030856,0.232885478871,0.0991303479286,0.0842959708797
C[C>G]G,0.108574280789,0.102353879286,0.0475012478453,0.11253271811,0.0921750404617,0.0313104725532,0.0333639717009
C[C>G]T,0.320949926753,0.302562170533,0.140415592955,0.332651226166,0.2724731149,0.112894597288,0.0986252379085
G[C>G]A,0.277481931645,0.261584529311,0.121398345095,0.287598460403,0.23557059822,0.0820808404636,0.0852678852451
G[C>G]C,0.322603507452,0.304121014838,0.14113903451,0.334365093662,0.273876936014,0.134922709239,0.0991333694776
G[C>G]G,0.0794402577975,0.0748889930279,0.0347551127864,0.0823365171964,0.0674414688594,0.0212039492678,0.024411329219
G[C>G]T,0.30049084617,0.283275224775,0.1314647452,0.311446241604,0.255104207947,0.110899337263,0.0923383329377
T[C>G]A,0.232314971343,0.219005259443,0.101637799963,0.240784788007,0.19722573088,0.0900601128313,0.0713884547357
T[C>G]C,0.294429216807,0.277560876261,0.128812782353,0.305163615336,0.249958137185,0.110465083135,0.090475644748
T[C>G]G,0.0643227741568,0.0606376152207,0.0281412136936,0.0666678752979,0.0546073551435,0.0212222834539,0.0197658524753
T[C>G]T,0.433986189009,0.409122396931,0.189868957692,0.44980860215,0.368436191711,0.230094533397,0.133360339331
A[C>T]A,2.25875556112,2.12934769043,0.988205557991,2.34110602429,1.91758935658,1.06966013712,0.69409676097
A[C>T]C,2.66531003994,2.51260998556,1.16607314247,2.76248280181,2.26273716932,1.12428332969,0.819027564355
A[C>T]G,2.73314371351,2.57655735492,1.19575037466,2.83278957806,2.32032513178,2.0420717906,0.839872286963
A[C>T]T,1.6293968845,1.53604602132,0.712861136968,1.68880197925,1.3832900634,0.794294295885,0.500700084299
C[C>T]A,6.10549488512,5.75570090733,2.67115401224,6.32809105281,5.18331076185,1.11968482619,1.87616769907
C[C>T]C,6.33325933417,5.97041635148,2.7708009587,6.56415941406,5.37667328891,2.06488085328,1.94615781623
C[C>T]G,3.09562219197,2.91826883722,1.35433470899,3.20848341771,2.62805425672,2.03560430589,0.951258902739
C[C>T]T,5.48287279146,5.16874987111,2.39875684626,5.68276919531,4.65473054691,2.09723561961,1.68484111821
G[C>T]A,2.15986468704,2.03612243934,0.944940800578,2.23860975375,1.83363512493,1.93774940888,0.663708419454
G[C>T]C,3.64830579874,3.43928827902,1.59613378695,3.78131694765,3.09725961039,3.04646629766,1.12109396941
G[C>T]G,3.70701825802,3.49463700366,1.62182048788,3.84216996534,3.14710404197,2.37935791477,1.13913581887
G[C>T]T,2.92480637473,2.75723934285,1.27960278895,3.03143994048,2.48303874522,2.39563994449,0.898768625569
T[C>T]A,8.05103033241,7.58977338628,3.52232577043,8.34455747995,6.83498929262,0.690334330862,2.47401452923
T[C>T]C,16.5281148055,15.5811915615,7.23105022741,17.1307023245,14.0316807984,1.16227623098,5.07895194545
T[C>T]G,9.79420912755,9.23308256295,4.2849664933,10.1512896687,8.31487545724,1.45054771242,3.00967884649
T[C>T]T,6.86664225943,6.47324087998,3.0041559885,7.1169885918,5.82949316816,0.815657724501,2.1100619443
A[T>A]A,0.632447583811,0.596213607656,0.276695817917,0.655505568638,0.536921646673,0.391239598211,0.194345872109
A[T>A]C,0.458671637464,0.432393574901,0.200668841391,0.475394040914,0.389393108889,0.398816055515,0.140945971929
A[T>A]G,0.518348977622,0.488651900779,0.22677767771,0.537247117431,0.440056684127,0.413220193227,0.159284321248
A[T>A]T,1.08037432075,1.01847787529,0.472663765326,1.11976296786,0.917192782716,0.350785594893,0.331990025646
C[T>A]A,0.313554538956,0.295590476829,0.137180110793,0.324986214856,0.266194738801,0.52317707533,0.0963526968668
C[T>A]C,0.975886762714,0.9199765836,0.426950458687,1.0114659676,0.828487199596,0.576515758555,0.299881869792
C[T>A]G,0.741444249586,0.698965672787,0.324381859194,0.768476071185,0.629455274388,1.27979369441,0.227839639196
C[T>A]T,1.94526167545,1.83381439196,0.851051983008,2.01618267403,1.65144610989,0.610444765384,0.597762702351
G[T>A]A,0.210146986933,0.198107315806,0.091939306783,0.217808595831,0.178406035781,0.370672980208,0.0645764178595
G[T>A]C,0.39128981226,0.368872166766,0.171189292864,0.405555586666,0.332188746867,0.255634101863,0.120240098559
G[T>A]G,0.439905757603,0.414702823574,0.192458768951,0.455943988349,0.373461658799,0.42683805523,0.13517937343
G[T>A]T,0.510267954289,0.481033852741,0.223242230001,0.528871473455,0.433196232026,0.249576967219,0.15680109012
T[T>A]A,0.888032876863,0.837155993293,0.388514383628,0.920409075499,0.753902911087,0.343468316238,0.272885102786
T[T>A]C,0.562148315601,0.529941901687,0.245939888076,0.582643306274,0.477240497099,0.292718044505,0.172743492815
T[T>A]G,0.630962113272,0.594813242199,0.276045924557,0.653965940319,0.53566054408,0.431038621164,0.193889399391
T[T>A]T,0.995125168014,0.938112788596,0.435367261006,1.0314057731,0.844819804095,0.395739253202,0.305793671421
A[T>C]A,1.63409070342,1.54047092354,0.714914682748,1.69366692699,1.38727492009,0.680113303835,0.50214245574
A[T>C]C,1.29754474536,1.22320624433,0.567675826097,1.34485106421,1.10156142445,0.433480294294,0.398724687377
A[T>C]G,1.56110304701,1.4716648516,0.682982583065,1.61801826226,1.32531144095,0.920935628508,0.479713957153
A[T>C]T,1.45524403683,1.37187068056,0.636669266114,1.50829980901,1.2354415521,0.453319037166,0.447184365485
C[T>C]A,1.23985096005,1.16881783213,0.54243479502,1.28505385963,1.05258180462,0.54994677079,0.380995867931
C[T>C]C,2.74034878457,2.58334963546,1.19890259325,2.84025733401,2.3264419369,0.658012821996,0.84208634526
C[T>C]G,2.42723789898,2.28817739435,1.0619165808,2.51573094738,2.06062384132,1.18757643756,0.745869979373
C[T>C]T,6.27443029309,5.91495772421,2.74506325323,6.50318556419,5.32672988424,0.609137617017,1.92808014215
G[T>C]A,1.27644146664,1.20331200761,0.558443141654,1.32297839511,1.08364562011,1.25164372058,0.392239825686
G[T>C]C,1.69401909344,1.59696591621,0.74113335338,1.75578020622,1.4381516262,0.670319218845,0.520557950589
G[T>C]G,1.28525922306,1.21162458007,0.562300910088,1.33211763223,1.09113152791,1.00850819862,0.394949448752
G[T>C]T,2.08378331524,1.96439989614,0.911655200417,2.15975458194,1.76904521033,0.91176481552,0.640329247912
T[T>C]A,1.18124764586,1.11357199948,0.516795845063,1.22431396628,1.00283003268,0.562183953056,0.362987557842
T[T>C]C,1.75926898706,1.65847753467,0.769680181838,1.82340900221,1.49354606714,0.594380489452,0.540608699148
T[T>C]G,1.20178682001,1.13293445011,0.525781733754,1.24560196449,1.02026693574,0.605125558518,0.369299074899
T[T>C]T,1.90746714802,1.79818517599,0.834516877257,1.97701022112,1.61936013087,0.524864027108,0.586148759026
A[T>G]A,1.04826156835,0.988204915993,0.458614436151,1.08647943803,0.88993039396,0.13026427722,0.32212204444
A[T>G]C,0.607381918511,0.572583996097,0.265729589349,0.629526050957,0.515641941236,0.175900980617,0.186643402043
A[T>G]G,0.517923704454,0.48825099222,0.226591620699,0.536806339512,0.439695644927,0.13608380723,0.159153638348
A[T>G]T,2.5074081284,2.36375453771,1.09699105618,2.59882404975,2.12868502567,0.704800820396,0.77050562279
C[T>G]A,0.73033390189,0.688491855428,0.319521082077,0.75696065873,0.620023052126,0.108869882135,0.224425521935
C[T>G]C,1.37264317603,1.29400216074,0.600531389514,1.42268745849,1.16531686299,0.376348826224,0.421801809301
C[T>G]G,1.2924132791,1.21836876832,0.565430809608,1.33953251324,1.09720502341,0.383448447447,0.397147830558
C[T>G]T,14.6071032921,13.7702379993,6.3906076903,15.139653933,12.4008220657,1.53874507289,4.48864111581
G[T>G]A,0.253241796165,0.238733151593,0.110793285822,0.262474569984,0.214991733203,0.0377068297035,0.0778190936132
G[T>G]C,0.55600827942,0.524153638411,0.243253622246,0.576279414607,0.472027862216,0.0730062696791,0.170856710863
G[T>G]G,0.587908697661,0.554226428525,0.257210055227,0.60934286893,0.499109988119,0.175931276515,0.180659443552
G[T>G]T,3.88872624622,3.66593463836,1.70131773272,4.03050272394,3.30136655278,0.455229464392,1.19497316941
T[T>G]A,1.66361032479,1.5682993166,0.727829517096,1.72426278455,1.41233584865,0.210269225647,0.511213589389
T[T>G]C,1.01045021853,0.952559841426,0.442071970607,1.04728954941,0.857830133439,0.294571468088,0.310502931736
T[T>G]G,0.71266084245,0.671831315018,0.311789118572,0.738643268998,0.605019361038,0.199902435668,0.218994738045
T[T>G]T,5.59114691316,5.27082078792,2.44612677451,5.79499081103,4.74665076482,1.8488193475,1.71811285352
