,1,3,2,5,4,7,6
A[C>A]A,1.45862275263,1.20336377092,1.19030319868,2.11500299132,1.11943298571,1.04534630605,0.875173651581
A[C>A]C,0.389789451558,0.321576297535,0.893449050463,0.565194704759,0.848961539005,0.27934910695,0.233873670935
A[C>A]G,0.0952664369376,0.0785948104735,0.378171499937,0.138136333559,0.391472501553,0.0682742798053,0.0571598621625
A[C>A]T,0.62271178531,0.513737222881,0.766373236774,0.9029320887,0.801319435531,0.446276779472,0.373627071186
C[C>A]A,2.61633007752,2.15847231395,1.63822379914,3.7936786124,1.45722417323,1.87503655555,1.56979804651
C[C>A]C,0.777958662938,0.641815896924,1.08134280028,1.12804006126,0.881894188408,0.557537041772,0.466775197763
C[C>A]G,0.5867434314,0.484063330905,0.392487128255,0.850777975529,0.423744177533,0.42049945917,0.35204605884
C[C>A]T,1.53024184607,1.26244952301,1.22134935851,2.2188506768,0.83462080927,1.09667332302,0.918145107641
G[C>A]A,3.68332509655,3.03874320466,1.59553891236,5.34082139,1.33141225993,2.6397163192,2.20999505793
G[C>A]C,0.67358261143,0.55570565443,1.73645313706,0.976694786574,2.05982045977,0.482734204858,0.404149566858
G[C>A]G,0.291305620147,0.240327136621,0.616365052491,0.422393149213,0.743557065292,0.208769027772,0.174783372088
G[C>A]T,2.19750457439,1.81294127387,1.60574658328,3.18638163286,1.21528842072,1.57487827831,1.31850274463
T[C>A]A,2.51206330446,2.07245222618,1.66731394362,3.64249179146,0.964686779285,1.80031203486,1.50723798267
T[C>A]C,1.45464950746,1.20008584365,1.57807885599,2.10924178582,1.37590065254,1.04249881368,0.872789704476
T[C>A]G,0.510189229541,0.420906114372,0.349135451976,0.739774382835,0.287363221978,0.365635614505,0.306113537725
T[C>A]T,4.97037590722,4.10056012346,2.12063633414,7.20704506547,1.14374641847,3.56210273351,2.98222554433
A[C>G]A,0.0793597923808,0.0654718287141,0.480931894298,0.115071698952,0.533303067299,0.0568745178729,0.0476158754285
A[C>G]C,0.0987032808503,0.0814302067015,0.239169138179,0.143119757233,0.333149163681,0.0707373512761,0.0592219685102
A[C>G]G,0.140691777947,0.116070716806,0.0811340234757,0.204003078023,0.0687364714231,0.100829107529,0.0844150667681
A[C>G]T,0.17089681034,0.14098986853,0.35684396453,0.247800374992,0.420093687733,0.12247604741,0.102538086204
C[C>G]A,0.0273553544425,0.0225681674151,0.408966972821,0.0396652639416,0.434417141637,0.0196046706838,0.0164132126655
C[C>G]C,0.129485914825,0.106825879731,0.334036832341,0.187754576496,0.429072405234,0.0927982389579,0.077691548895
C[C>G]G,0.195146850453,0.160996151624,0.115654630304,0.282962933157,0.0778752393887,0.139855242825,0.117088110272
C[C>G]T,0.192029307776,0.158424178915,0.434867255737,0.278442496275,0.461589299522,0.137621003906,0.115217584666
G[C>G]A,0.136727416041,0.112800118234,0.240590243741,0.19825475326,0.236339822969,0.0979879814962,0.0820364496247
G[C>G]C,0.167521220566,0.138205006967,0.240271916399,0.242905769821,0.324077101804,0.120056874739,0.10051273234
G[C>G]G,0.0391682572855,0.0323138122605,0.101702108933,0.0567939730639,0.102757938056,0.0280705843879,0.0235009543713
G[C>G]T,0.0636774789654,0.0525339201465,0.289652100436,0.0923323444999,0.28998649142,0.0456355265919,0.0382064873793
T[C>G]A,1.12914704101,0.931546308832,3.66211404712,1.63726320946,0.339539693818,0.809222046056,0.677488224605
T[C>G]C,0.236927596568,0.195465267169,1.0734018609,0.343545015024,0.378914566768,0.169798110874,0.142156557941
T[C>G]G,0.118256077326,0.0975612637936,0.182625953319,0.171471312122,0.0569213178191,0.08475018875,0.0709536463953
T[C>G]T,2.0479041054,1.68952088696,4.56410586016,2.96946095283,0.476476149561,1.46766460887,1.22874246324
A[C>T]A,1.66501440868,1.37363688716,0.995256427599,2.41427089259,0.845511683775,1.19326032622,0.99900864521
A[C>T]C,2.02882134695,1.67377761123,1.79253962575,2.94179095308,0.52850264302,1.45398863198,1.21729280817
A[C>T]G,1.29789424373,1.07076275107,1.20647249558,1.8819466534,2.21468833306,0.930157541337,0.778736546236
A[C>T]T,1.08553178199,0.895563720138,0.979388919083,1.57402108388,0.557117853152,0.777964443757,0.651319069192
C[C>T]A,2.59453284368,2.14048959603,1.40592479866,3.76207262333,0.869844944268,1.85941520464,1.55671970621
C[C>T]C,3.66115189509,3.02045031345,2.8319801299,5.30867024788,0.720090704716,2.62382552482,2.19669113705
C[C>T]G,1.67292299484,1.38016147074,0.910360708668,2.42573834251,1.46726764811,1.1989281463,1.0037537969
C[C>T]T,3.02884867602,2.49880015772,2.37708085735,4.39183058024,0.806276683301,2.17067488448,1.81730920561
G[C>T]A,1.98219740783,1.63531286146,1.83005594259,2.87418624135,1.08484347694,1.42057480894,1.1893184447
G[C>T]C,3.56991855278,2.94518280605,4.05181519876,5.17638190154,1.18453492505,2.55844162949,2.14195113167
G[C>T]G,0.934458875333,0.77092857215,3.03512536531,1.35496536923,1.57368390879,0.669695527322,0.5606753252
G[C>T]T,2.2201311607,1.83160820758,2.66581208115,3.21919018301,0.949514301849,1.5910939985,1.33207869642
T[C>T]A,13.9421879143,11.5023050293,4.77274301752,20.2161724758,1.09317794749,9.9919013386,8.36531274859
T[C>T]C,4.63839746634,3.82667790973,2.40423753567,6.7256763262,1.34801178071,3.32418485088,2.78303847981
T[C>T]G,3.07331356345,2.53548368984,1.20487838213,4.456304667,1.26300739768,2.20254138714,1.84398813807
T[C>T]T,7.93724668185,6.54822851253,2.86325380031,11.5090076887,0.746756820462,5.688360122,4.76234800911
A[T>A]A,0.901233564344,0.743517690584,0.253489673618,1.3067886683,0.470417580469,0.645884054446,0.540740138606
A[T>A]C,0.628037572416,0.518130997243,0.28157712261,0.910654480003,0.422130881848,0.450093593565,0.37682254345
A[T>A]G,1.10085534614,0.908205660569,0.256578628864,1.59624025191,0.352855478813,0.788946331404,0.660513207687
A[T>A]T,0.497218523126,0.410205281579,0.339977803224,0.720966858533,0.406710441777,0.356339941574,0.298331113876
C[T>A]A,1.15901071143,0.956183836932,0.288484336102,1.68056553158,0.567642493023,0.830624343193,0.695406426859
C[T>A]C,0.991537544542,0.818018474247,0.403513660943,1.43772943959,0.353229945175,0.710601906922,0.594922526725
C[T>A]G,2.9195976419,2.40866805457,0.709842080266,4.23341658075,0.398986013063,2.09237831003,1.75175858514
C[T>A]T,0.943126231685,0.778079141141,0.45124374559,1.36753303594,0.441421746578,0.675907132708,0.565875739011
G[T>A]A,0.758488141006,0.62575271633,0.270519638528,1.09980780446,0.284404802889,0.543583167721,0.455092884604
G[T>A]C,0.422907776299,0.348898915447,0.208630238223,0.613216275634,0.292165011963,0.303083906348,0.253744665779
G[T>A]G,0.771801480791,0.636736221652,0.354864902484,1.11911214715,0.200016435734,0.553124394567,0.463080888474
G[T>A]T,0.396653684707,0.327239289883,0.262115404735,0.575147842825,0.231061077012,0.28426847404,0.237992210824
T[T>A]A,0.77237886592,0.637212564384,0.224745746798,1.11994935558,0.338033511556,0.553538187243,0.463427319552
T[T>A]C,0.601326638569,0.49609447682,0.267682133878,0.871923625925,0.362617515666,0.430950757641,0.360795983141
T[T>A]G,0.976394101307,0.805525133578,0.270048904543,1.41577144689,0.333643949221,0.699749105937,0.585836460784
T[T>A]T,0.50274271746,0.414762741905,0.294195172229,0.728976940317,0.391874349643,0.360298947513,0.301645630476
A[T>C]A,0.832994087063,0.687220121827,0.544112730213,1.20784142624,0.940963893807,0.596979095729,0.499796452238
A[T>C]C,0.556999213165,0.459524350862,0.324919929331,0.80764885909,0.472432205093,0.399182769435,0.334199527899
A[T>C]G,0.844699542942,0.696877122927,0.481182188296,1.22481433727,0.76705186375,0.605368005775,0.506819725765
A[T>C]T,0.578957320923,0.477639789761,0.451238879887,0.839488115338,0.836603322494,0.414919413328,0.347374392554
C[T>C]A,0.545474462536,0.450016431592,0.27295563459,0.790937970677,0.515158619232,0.390923364818,0.327284677522
C[T>C]C,0.570791244716,0.470902776891,0.472163347758,0.827647304839,0.609832025853,0.409067058713,0.34247474683
C[T>C]G,0.832375797237,0.686710032721,0.541929598882,1.20694490599,0.643582977535,0.59653598802,0.499425478342
C[T>C]T,0.45597439186,0.376178873284,0.275952674529,0.661162868197,0.727933941084,0.326781647499,0.273584635116
G[T>C]A,2.03220026146,1.67656521571,0.513346720938,2.94669037912,1.45213197834,1.45641018738,1.21932015688
G[T>C]C,1.13600512825,0.937204230803,0.875902850131,1.64720743596,0.897845417019,0.814137008576,0.681603076948
G[T>C]G,1.613191101,1.33088265833,0.439256143049,2.33912709645,0.938438728873,1.15612028905,0.967914660601
G[T>C]T,1.70165728253,1.40386725809,0.426974658914,2.46740305967,1.19535197367,1.21952105248,1.02099436952
T[T>C]A,0.720789142322,0.594651042415,0.371476873997,1.04514425637,0.696535933587,0.516565551997,0.432473485393
T[T>C]C,0.981715428524,0.809915228532,0.455000864157,1.42348737136,0.652372618882,0.703562723775,0.589029257114
T[T>C]G,0.688169688184,0.567739992752,0.248274474004,0.997846047867,0.487730763944,0.493188276532,0.412901812911
T[T>C]T,0.602582939359,0.497130924971,0.349839500651,0.87374526207,0.625702462385,0.43185110654,0.361549763615
A[T>G]A,0.136033374358,0.112227533846,0.0779328025071,0.19724839282,0.129301325699,0.0974905849569,0.0816200246151
A[T>G]C,0.207804219135,0.171438480786,0.109779354363,0.301316117745,0.137238133869,0.148926357046,0.124682531481
A[T>G]G,0.232864232177,0.192112991546,0.190085834198,0.337653136657,0.20633566794,0.16688603306,0.139718539306
A[T>G]T,0.654478197045,0.539944512563,0.46620407139,0.948993385716,0.377458335988,0.469042707883,0.392686918227
C[T>G]A,0.137358322171,0.113320615791,0.0664845422303,0.199169567148,0.0899170693665,0.0984401308895,0.0824149933028
C[T>G]C,0.360451552739,0.29737253101,0.255325211822,0.522654751471,0.236387226711,0.258323612796,0.216270931643
C[T>G]G,0.458007005139,0.377855779239,0.28409242565,0.664110157451,0.258939693766,0.328238353683,0.274804203083
C[T>G]T,0.927938919745,0.76554960879,0.700355358302,1.34551143363,0.905806902662,0.665022892484,0.556763351847
G[T>G]A,0.0818365612085,0.067515162997,0.0635116581233,0.118663013752,0.0590961767698,0.0586495355328,0.0491019367251
G[T>G]C,0.0498574022213,0.0411323568326,0.0770326768114,0.0722932332208,0.0782508537924,0.0357311382586,0.0299144413328
G[T>G]G,0.380095775117,0.313579014472,0.319470990065,0.55113887392,0.293059300966,0.272401972167,0.22805746507
G[T>G]T,0.350577103387,0.289226110294,0.487199411898,0.508336799911,0.332546814297,0.251246924094,0.210346262032
T[T>G]A,0.210917244649,0.174006726835,0.11049078923,0.305830004741,0.185691504969,0.151157358665,0.126550346789
T[T>G]C,0.362487365947,0.299052076906,0.202438462584,0.525606680623,0.203820478408,0.259782612262,0.217492419568
T[T>G]G,0.248712513503,0.20518782364,0.234839427993,0.360633144579,0.241601013902,0.17824396801,0.149227508102
T[T>G]T,1.48646424628,1.22633300318,1.20875828911,2.1553731571,0.861143842147,1.0652993765,0.891878547767
