,1,3,2,5,4,7,6
A[C>A]A,2.61237009982,0.781096014984,2.46048811727,0.729033516229,0.896103697031,2.59718190157,0.607527930191
A[C>A]C,1.88239475688,0.66079282066,1.77295320125,0.525319467036,0.645705178231,1.87145060131,0.43776622253
A[C>A]G,0.949915373701,0.134932416315,0.894687735695,0.265092662428,0.325843064235,0.9443926099,0.220910552023
A[C>A]T,1.96661849341,0.992717263892,1.85228020891,0.548823765604,0.674595878555,1.95518466496,0.457353138003
C[C>A]A,3.80122340943,1.30640992713,3.58022204841,1.06080653286,1.30390802998,3.77912327333,0.884005444053
C[C>A]C,2.46833529963,0.740781080147,2.32482743337,0.688837758037,0.84669641092,2.45398451301,0.574031465031
C[C>A]G,1.12045130493,0.18184066118,1.0553087872,0.312684085096,0.384340854598,1.11393705316,0.260570070914
C[C>A]T,2.62475056441,2.05481443904,2.47214878741,0.732488529603,0.900350484304,2.60949038671,0.610407108003
G[C>A]A,3.16747325718,1.11046266475,2.98331783525,0.883946025259,1.08651698938,3.14905771498,0.736621687716
G[C>A]C,4.99006015092,1.02341484682,4.6999403747,1.39257492584,1.71170667967,4.96104817329,1.16047910486
G[C>A]G,1.93674571541,0.136178029672,1.82414422033,0.540487176395,0.664348820985,1.92548556591,0.450405980329
G[C>A]T,2.98071418922,1.78746465311,2.80741685264,0.831827215596,1.02245428584,2.96338445556,0.69318934633
T[C>A]A,2.83119053273,2.94745239861,2.66658643199,0.790099683554,0.971164194368,2.81473012266,0.658416402961
T[C>A]C,3.63524454827,1.50974321165,3.42389312105,1.01448685068,1.24697342063,3.61410940555,0.845405708901
T[C>A]G,0.789739045983,0.314614666099,0.74382398517,0.220392291902,0.270898858797,0.785147539902,0.183660243252
T[C>A]T,3.24580400126,18.6821453363,3.05709446631,0.905805767795,1.11338625625,3.22693304777,0.754838139829
A[C>G]A,1.22299155278,0.507648578234,1.15188739274,0.341299968219,0.419514544269,1.21588113678,0.284416640182
A[C>G]C,0.772304187431,0.181556568169,0.727402781185,0.215526749981,0.264918296851,0.767814046806,0.179605624984
A[C>G]G,0.117485689345,0.052768071293,0.110655126011,0.0327867040032,0.0403003236706,0.116802633011,0.027322253336
A[C>G]T,0.958179302385,0.307552091584,0.902471203409,0.267398875084,0.328677783957,0.952608492487,0.222832395903
C[C>G]A,1.01877452418,0.492297225377,0.95954344719,0.284309169538,0.349463354224,1.01285141648,0.236924307948
C[C>G]C,1.11082192809,0.291531324209,1.04623925786,0.309996817142,0.381037754404,1.10436366107,0.258330680952
C[C>G]G,0.209351511501,0.0994226568637,0.197179911995,0.0584236776281,0.0718124370845,0.20813435155,0.0486863980234
C[C>G]T,1.06860613014,0.153035305954,1.00647786676,0.298215664226,0.366556753945,1.06239330381,0.248513053522
G[C>G]A,0.559776647083,0.332630261554,0.527231493183,0.156216738721,0.192016408011,0.556522131693,0.130180615601
G[C>G]C,0.745807223753,0.240724486032,0.702446338651,0.208132248489,0.255829222101,0.741471135243,0.173443540408
G[C>G]G,0.27099009479,0.0439968430514,0.255234856721,0.0756251427321,0.0929559046082,0.269414570983,0.0630209522767
G[C>G]T,0.542914891221,0.287342723821,0.511350071964,0.151511132434,0.186232433617,0.539758409296,0.126259277028
T[C>G]A,1.56615173656,1.39103992475,1.47509640304,0.4370656009,0.537226467773,1.55704620321,0.364221334083
T[C>G]C,1.03470948608,0.533086994534,0.974551957824,0.288756135652,0.354929416738,1.02869373326,0.240630113043
T[C>G]G,0.166831585901,0.138665655233,0.157132075093,0.0465576518794,0.0572271137684,0.16586163482,0.0387980432328
T[C>G]T,2.00536767434,1.87008902286,1.88877653048,0.559637490513,0.687887748755,1.99370855995,0.466364575427
A[C>T]A,2.49099335146,2.13774786286,2.3461681566,0.69516093529,0.854468649627,2.47651083197,0.579300779408
A[C>T]C,1.48317597997,2.04252639563,1.39694481834,0.413909575805,0.508763853594,1.47455286381,0.344924646504
A[C>T]G,4.23675437051,3.06126688088,3.99043144199,1.18235005689,1.45330527826,4.21212207766,0.985291714073
A[C>T]T,1.65959948638,1.18602677833,1.56311114415,0.463144042712,0.569281219167,1.64995065216,0.385953368927
C[C>T]A,2.47101868632,2.74056913489,2.32735480921,0.689586610137,0.84761687496,2.45665229861,0.574655508447
C[C>T]C,1.96367500316,2.62614346731,1.84950785182,0.548002326464,0.673586192945,1.95225828803,0.456668605387
C[C>T]G,2.86444946238,2.30475190462,2.69791170294,0.799381245316,0.982572780701,2.84779568644,0.666151037763
C[C>T]T,2.67049877036,2.6122285838,2.51523721395,0.745255470799,0.916043182858,2.65497261472,0.621046225666
G[C>T]A,3.192733722,2.23474938026,3.0071096684,0.890995457303,1.09518191627,3.17417131664,0.742496214419
G[C>T]C,3.47970530442,4.89019285868,3.27739685649,0.971080550071,1.1936198428,3.45947445963,0.809233791726
G[C>T]G,3.77842554868,6.04449645061,3.55874964469,1.05444433917,1.29608783356,3.75645795828,0.878703615972
G[C>T]T,3.27621247965,3.49279325813,3.0857350099,0.914291854785,1.12381707151,3.25716473267,0.761909878988
T[C>T]A,2.68052160087,3.62335307582,2.52467732175,0.748052539778,0.91948124681,2.66493717296,0.623377116481
T[C>T]C,2.28062910205,5.89473755481,2.14803438682,0.636454633131,0.782308819891,2.26736963053,0.530378860943
T[C>T]G,2.05003683845,14.0402801957,1.93084865017,0.572103303753,0.703210310863,2.03811801962,0.476752753128
T[C>T]T,1.74023441192,4.64401581045,1.63905799262,0.485646812629,0.596940873856,1.73011676999,0.40470567719
A[T>A]A,1.90752733665,4.38120132508,1.79662458452,0.532333210227,0.654326237571,1.89643706144,0.443611008523
A[T>A]C,1.11427953835,0.763414322677,1.04949584426,0.310961731632,0.382223795131,1.10780116894,0.25913477636
A[T>A]G,2.44331975551,0.808415260549,2.30126628135,0.681856675955,0.838115497528,2.42911440809,0.568213896629
A[T>A]T,1.49139939093,1.18006366848,1.40469012402,0.41620448119,0.511584674797,1.48272846424,0.346837067659
C[T>A]A,2.37272153265,8.75892742474,2.23477260634,0.662154846322,0.813898665271,2.35892664002,0.551795705268
C[T>A]C,1.98097274344,1.24640174802,1.86579990952,0.552829602819,0.679519720132,1.96945546004,0.460691335683
C[T>A]G,5.5546812055,4.01366325263,5.23173462379,1.55014359223,1.90538483212,5.52238654733,1.29178632686
C[T>A]T,2.33644057848,2.12912293639,2.20060100996,0.652029928877,0.801453454245,2.32285662163,0.543358274064
G[T>A]A,1.70310287368,4.20355270434,1.60408526475,0.475284522887,0.584203892716,1.69320111279,0.39607043574
G[T>A]C,0.840064613016,0.43871391766,0.791223647143,0.234436636191,0.288161698651,0.835180516429,0.195363863492
G[T>A]G,1.6546294399,2.01067508291,1.55843005386,0.461757052994,0.567576377639,1.64500950129,0.384797544162
G[T>A]T,0.83000979339,1.09051327285,0.781753410053,0.231630640016,0.284712661686,0.825184155056,0.193025533347
T[T>A]A,1.7819346072,2.43254444351,1.67833375795,0.497284076428,0.61124501061,1.77157452228,0.414403397024
T[T>A]C,1.48206268063,0.542494364181,1.39589624571,0.413598887619,0.508381966031,1.47344603714,0.344665739682
T[T>A]G,2.4207796697,0.896959662888,2.28003666564,0.67556641945,0.830383723907,2.40670536929,0.562972016208
T[T>A]T,1.53226155084,1.10280101116,1.44317657696,0.427607874654,0.525601345929,1.52335305345,0.356339895545
A[T>C]A,4.03856221993,2.07887564754,3.80376209087,1.12704061952,1.38532076149,4.01508220703,0.939200516264
A[T>C]C,1.50523006046,1.21629223314,1.41771668485,0.420064202918,0.516328916087,1.4964787229,0.350053502432
A[T>C]G,2.98943079294,1.82787642348,2.81562667707,0.834259756169,1.02544428362,2.97205038135,0.695216463475
A[T>C]T,2.96200151574,1.42850720669,2.78979212529,0.826605074161,1.01603540366,2.9447805767,0.688837561801
C[T>C]A,1.57600240069,0.881879174135,1.48437435414,0.439814623448,0.540605474655,1.56683959603,0.366512186206
C[T>C]C,1.64170918603,1.11555984886,1.54626097754,0.458151400752,0.563144430091,1.63216436518,0.38179283396
C[T>C]G,2.17098815874,1.39868735072,2.04476791695,0.605857160578,0.744699426544,2.15836613456,0.504880967149
C[T>C]T,2.01133873444,1.03880289865,1.89440043593,0.561303832867,0.689935961233,1.99964490459,0.467753194056
G[T>C]A,2.61720069831,2.03186599527,2.46503786701,0.730381590227,0.897760704654,2.60198441518,0.608651325189
G[T>C]C,1.78989613165,1.96907263989,1.68583240307,0.499505897206,0.613975998649,1.7794897588,0.416254914338
G[T>C]G,2.01621195725,1.56702084628,1.89899033183,0.562663802024,0.691607589988,2.00448979471,0.468886501687
G[T>C]T,2.27263756724,2.0305996727,2.14050747612,0.63422443737,0.779567537601,2.25942455813,0.528520364475
T[T>C]A,2.06402895404,1.4186746713,1.94402727067,0.576008080198,0.70800993191,2.05202878571,0.480006733498
T[T>C]C,1.63555581293,1.49098131198,1.54046535869,0.456434180352,0.561033680016,1.6260467675,0.38036181696
T[T>C]G,1.47889270036,1.02541491364,1.39291056662,0.412714241961,0.507294589077,1.47029448699,0.343928534968
T[T>C]T,1.80795924917,1.73591078527,1.70284533933,0.50454676721,0.620172068029,1.79744785818,0.420455639342
A[T>G]A,0.540086905443,0.324681448592,0.508686503964,0.1507219271,0.185262368728,0.536946865295,0.125601605917
A[T>G]C,0.290004469327,0.298664906571,0.273143744366,0.0809314798122,0.0994782772692,0.288318396831,0.0674428998435
A[T>G]G,0.522750827916,0.507027432407,0.492358337921,0.145883951977,0.179315690971,0.519711578916,0.12156995998
A[T>G]T,0.533037075185,0.933153162006,0.502046547558,0.14875453261,0.182844112999,0.529938022422,0.123962110508
C[T>G]A,0.277303217831,0.172668100166,0.261180937725,0.0773869445111,0.0951214526282,0.275690989821,0.0644891204259
C[T>G]C,0.52983850388,0.382413522574,0.499033939701,0.14786190806,0.181746928657,0.526758047462,0.123218256716
C[T>G]G,0.78167787831,0.86549123228,0.736231490036,0.218142663714,0.268133690815,0.777133239482,0.181785553095
C[T>G]T,1.35592832548,1.68571086721,1.2770952833,0.378398602459,0.465114948856,1.34804502126,0.315332168716
G[T>G]A,0.141189996115,0.255585088907,0.132981275411,0.0394018593809,0.0484314521557,0.140369124045,0.0328348828174
G[T>G]C,0.133049234101,0.17552861955,0.125313813513,0.0371300188188,0.0456389814648,0.132275692042,0.030941682349
G[T>G]G,0.590259275546,0.663422543401,0.555941875805,0.164723518757,0.202472658472,0.586827535572,0.137269598964
G[T>G]T,0.548787444081,0.766407177369,0.516881197332,0.153149984395,0.188246855818,0.545596819406,0.127624986996
T[T>G]A,0.717233203617,0.504272247967,0.675533598755,0.200158103335,0.246027668683,0.713063243131,0.166798419446
T[T>G]C,0.428883591717,0.63819159595,0.403948499176,0.1196884442,0.147117045996,0.426390082463,0.0997403701668
T[T>G]G,0.601075216462,0.702194564746,0.566128982947,0.167741920873,0.20618277774,0.597580593111,0.139784934061
T[T>G]T,1.29230235778,4.004973716,1.21716849977,0.360642518449,0.44328976226,1.28478897197,0.300535432041
