,1,3,2,5,4,7,6
A[C>A]A,3.11590614356,1.68124432206,2.64515773338,3.92290341815,1.45707841245,2.26407568704,3.92290341815
A[C>A]C,1.80961733416,0.976412230662,1.53622190957,2.27829520488,0.84622393324,1.31490180396,2.27829520488
A[C>A]G,0.228041222503,0.123043825091,0.193588951477,0.287102258547,0.106637981746,0.16569901779,0.287102258547
A[C>A]T,2.32305817337,1.25344865469,1.97209255005,2.92471352762,1.0863221674,1.68797752165,2.92471352762
C[C>A]A,4.47500803471,2.4145726806,3.79892768414,5.6340029214,2.09262965652,3.25162454321,5.6340029214
C[C>A]C,2.11150481236,1.13930115775,1.79250048819,2.65836936808,0.987394336714,1.53425889243,2.65836936808
C[C>A]G,0.682800553519,0.368417564848,0.579643635361,0.859640984646,0.319295222868,0.496135653996,0.859640984646
C[C>A]T,3.96058224238,2.13700480704,3.36222089641,4.98634454976,1.85207083277,2.87783314015,4.98634454976
G[C>A]A,5.20711408166,2.80959392895,4.42042778155,6.55571916756,2.43498140509,3.78358649099,6.55571916756
G[C>A]C,1.63035777618,0.879689447578,1.38404473086,2.05260871102,0.762397521234,1.18464845607,2.05260871102
G[C>A]G,0.457655970649,0.246936674811,0.388513701702,0.576185574558,0.214011784836,0.332541388745,0.576185574558
G[C>A]T,4.56453951477,2.46288103315,3.87493282549,5.74672241069,2.1344968954,3.31667979131,5.74672241069
T[C>A]A,3.65019677135,1.96953063203,3.09872819439,4.59557147473,1.70692654776,2.65230125113,4.59557147473
T[C>A]C,2.5547432784,1.37845860345,2.16877486943,3.21640340806,1.19466412299,1.85632425265,3.21640340806
T[C>A]G,0.676080820604,0.364791809678,0.573939113894,0.85118088925,0.316152901721,0.491252970367,0.85118088925
T[C>A]T,6.20001191776,3.34533017145,5.26331946976,7.80577040006,2.89928614859,4.50504463089,7.80577040006
A[C>G]A,0.464058851565,0.250391466672,0.393949240897,0.584246755568,0.217005937782,0.337193841785,0.584246755568
A[C>G]C,0.287845052843,0.155312078872,0.244357670759,0.362394850702,0.134603801689,0.209153599548,0.362394850702
A[C>G]G,0.130344945587,0.0703300066118,0.110652543736,0.164103348761,0.0609526723969,0.0947110755706,0.164103348761
A[C>G]T,0.537125105051,0.289815704164,0.455976707885,0.67623664305,0.251173610276,0.390285148275,0.67623664305
C[C>G]A,0.361600937642,0.195108419591,0.306970580156,0.455252979045,0.169093963645,0.262746005049,0.455252979045
C[C>G]C,0.391831357639,0.211419797287,0.332633814399,0.493312860337,0.183230490982,0.28471199368,0.493312860337
C[C>G]G,0.231402920394,0.12485769086,0.196442766953,0.291334612007,0.108209998745,0.168141690358,0.291334612007
C[C>G]T,0.584375136735,0.315310325576,0.496088245574,0.735724093012,0.273268948833,0.42461790511,0.735724093012
G[C>G]A,0.273670101236,0.147663723688,0.232324258603,0.344548688606,0.127975227197,0.198853814567,0.344548688606
G[C>G]C,0.215622015437,0.116342814085,0.183046027493,0.271466566198,0.100830438873,0.156674989634,0.271466566198
G[C>G]G,0.0662696798809,0.0357570215185,0.0562577138557,0.0834330502098,0.0309894186493,0.0481527889782,0.0834330502098
G[C>G]T,0.368475917491,0.198817941092,0.312806893985,0.463908529215,0.17230888228,0.267741494004,0.463908529215
T[C>G]A,1.51401352611,0.816913773081,1.28527766965,1.90613213719,0.70799193667,1.10011054775,1.90613213719
T[C>G]C,0.801331113807,0.432372903133,0.680266700929,1.00887010731,0.374723182715,0.582262176219,1.00887010731
T[C>G]G,0.103711957991,0.0559596895633,0.088043244913,0.130572608981,0.0484983976216,0.075359048612,0.130572608981
T[C>G]T,1.93134605922,1.04209319742,1.63955996394,2.43155079399,0.903147437766,1.40335217253,2.43155079399
A[C>T]A,1.60448096583,0.865727139839,1.36207736668,2.02002999296,0.750296854527,1.16584588165,2.02002999296
A[C>T]C,1.57921218826,0.852092907334,1.34062617421,1.98821678378,0.73848051969,1.14748511521,1.98821678378
A[C>T]G,2.50804890902,1.35326379983,2.12913504506,3.15761553293,1.17282862652,1.82239525044,3.15761553293
A[C>T]T,1.67891871208,0.90589139141,1.42526912249,2.11374657996,0.785105872556,1.21993374043,2.11374657996
C[C>T]A,1.38118410246,0.745243220753,1.17251600065,1.73890084842,0.645877457986,1.00359420395,1.73890084842
C[C>T]C,1.7241053733,0.930272683434,1.46362902194,2.17063626135,0.806236325643,1.25276721369,2.17063626135
C[C>T]G,1.94499905236,1.04945992034,1.65115027467,2.44873981412,0.90953193096,1.41327269272,2.44873981412
C[C>T]T,2.00334821774,1.08094328295,1.70068409851,2.52220099355,0.936817511891,1.45567028771,2.52220099355
G[C>T]A,2.17419233265,1.17312535934,1.84571723203,2.73729250513,1.01670864476,1.57980881725,2.73729250513
G[C>T]C,5.09804873017,2.75074571772,4.32783992921,6.41840667467,2.38397962202,3.70433756653,6.41840667467
G[C>T]G,6.75272577151,3.64355707096,5.73252979164,8.50163316557,3.1577494615,4.90665685556,8.50163316557
G[C>T]T,3.32370332051,1.79336510099,2.82156109223,4.18451856898,1.55424975419,2.41506500267,4.18451856898
T[C>T]A,2.33752447074,1.26125421083,1.98437329171,2.94292649194,1.09308698272,1.69848900392,2.94292649194
T[C>T]C,2.89543808548,1.56228673677,2.45799779918,3.64533571912,1.35398183853,2.10387947218,3.64533571912
T[C>T]G,1.53815704813,0.829940853309,1.30577360921,1.93652865772,0.719282072867,1.11765368246,1.93652865772
T[C>T]T,2.03683896777,1.09901383153,1.72911509494,2.5643656069,0.952478653992,1.48000529313,2.5643656069
A[T>A]A,0.747932358072,0.403560624859,0.634935383112,0.941641458004,0.349752541545,0.543461641477,0.941641458004
A[T>A]C,0.95999347684,0.51798209182,0.81495849113,1.20862488091,0.448917812911,0.697549216984,1.20862488091
A[T>A]G,0.757606974034,0.408780741385,0.643148366446,0.953821729899,0.354276642534,0.550491398399,0.953821729899
A[T>A]T,1.31214774705,0.707993388694,1.11390959821,1.65198457362,0.613594270202,0.953431096775,1.65198457362
C[T>A]A,0.536375839055,0.28941142395,0.455340640349,0.675293322551,0.25082323409,0.389740717587,0.675293322551
C[T>A]C,1.10731808927,0.597473789173,0.940025428299,1.39410550807,0.517810617284,0.804598036087,1.39410550807
C[T>A]G,1.0548626298,0.569170483704,0.895494894361,1.32806446198,0.493281085877,0.766482918055,1.32806446198
C[T>A]T,1.51746119454,0.818774025829,1.2882044673,1.91047272693,0.709604155718,1.10261568812,1.91047272693
G[T>A]A,0.383648363972,0.207004512935,0.325687100351,0.483010530181,0.17940391121,0.278766077419,0.483010530181
G[T>A]C,0.601926458807,0.324780463385,0.510987929059,0.757821081232,0.2814764016,0.437371024025,0.757821081232
G[T>A]G,0.561681850599,0.303065746726,0.476823441515,0.707153409027,0.262656980496,0.408128538924,0.707153409027
G[T>A]T,0.975463122856,0.526329023123,0.828090996381,1.22810105395,0.45615182004,0.70878975114,1.22810105395
T[T>A]A,0.813767936113,0.439083418766,0.690824578859,1.02452797712,0.380538962931,0.591299003938,1.02452797712
T[T>A]C,0.689783217744,0.37218518943,0.585571364704,0.868432108671,0.322560497506,0.501209388433,0.868432108671
T[T>A]G,0.457828796141,0.247029925975,0.388660416868,0.576403160609,0.214092602512,0.33266696698,0.576403160609
T[T>A]T,1.25550147276,0.67742885221,1.06582139414,1.58066732182,0.587105005249,0.912270854309,1.58066732182
A[T>C]A,1.31137792654,0.707578017919,1.11325608153,1.65101537515,0.613234282197,0.952871730798,1.65101537515
A[T>C]C,0.812286139841,0.438283888403,0.689566651088,1.02266240627,0.379846036616,0.59022230305,1.02266240627
A[T>C]G,0.963545106776,0.519898438908,0.817973543882,1.21309635745,0.450578647054,0.700129897729,1.21309635745
A[T>C]T,1.38602622339,0.74785587593,1.17662657813,1.74499704384,0.64814175914,1.00711257959,1.74499704384
C[T>C]A,0.61650414876,0.332646123432,0.523363234199,0.776174288007,0.288293306974,0.447963446221,0.776174288007
C[T>C]C,1.32295654554,0.713825474213,1.12308541276,1.66559277316,0.618648744318,0.96128497194,1.66559277316
C[T>C]G,1.2727023772,0.686709915756,1.08042360079,1.60232313676,0.595148593655,0.924769353218,1.60232313676
C[T>C]T,1.92343336805,1.03782375974,1.63284271532,2.42158877272,0.899447258439,1.39760266311,2.42158877272
G[T>C]A,1.73126435293,0.934135442227,1.4697064291,2.1796493652,0.80958404993,1.2579690622,2.1796493652
G[T>C]C,2.29668098392,1.23921635823,1.94970040361,2.89150483587,1.07398751046,1.66881136241,2.89150483587
G[T>C]G,1.50146275542,0.810141774508,1.27462305856,1.89033080718,0.70212287124,1.090990923,1.89033080718
G[T>C]T,1.54102620856,0.831488961456,1.30820929936,1.94014091006,0.720623766595,1.11973846809,1.94014091006
T[T>C]A,0.727469672332,0.392519607374,0.617564182268,0.915879083872,0.340183659724,0.528593071263,0.915879083872
T[T>C]C,1.16910903506,0.630814227549,0.992481051344,1.47189986428,0.546705663876,0.8494964931,1.47189986428
T[T>C]G,0.546362587548,0.29479995731,0.463818599501,0.687866567057,0.255493296335,0.396997275844,0.687866567057
T[T>C]T,0.941889767375,0.50821390326,0.799589874462,1.18583244094,0.440452049492,0.684394723057,1.18583244094
A[T>G]A,0.27656397159,0.149225164527,0.234780925523,0.348192050563,0.129328475924,0.200956554897,0.348192050563
A[T>G]C,0.249325033894,0.134527895986,0.211657223018,0.313898423968,0.116590843188,0.181164233261,0.313898423968
A[T>G]G,0.446050058159,0.240674491813,0.378661200452,0.561573814229,0.208584559571,0.324108315641,0.561573814229
A[T>G]T,0.879512291059,0.474556991579,0.746636333417,1.10729964702,0.411282726035,0.639070081993,1.10729964702
C[T>G]A,0.176419433787,0.0951903419714,0.149766138035,0.222110797933,0.0824982963752,0.128189660521,0.222110797933
C[T>G]C,0.544826802557,0.293971296344,0.462514839581,0.685933024802,0.254775123498,0.395881345743,0.685933024802
C[T>G]G,0.684146281333,0.369143676978,0.580786051779,0.861335246283,0.319924520048,0.497113484997,0.861335246283
C[T>G]T,3.79889043667,2.04976102698,3.22495734912,4.78277572962,1.77645955672,2.76034484967,4.78277572962
G[T>G]A,0.0976661034577,0.0526975378369,0.0829107928634,0.122960921619,0.0456711994586,0.0709660176203,0.122960921619
G[T>G]C,0.199184682759,0.10747374969,0.169092032846,0.25077208261,0.093143916398,0.144731316249,0.25077208261
G[T>G]G,0.728307300109,0.392971564807,0.618275261963,0.916933651216,0.340575356166,0.529201707273,0.916933651216
G[T>G]T,1.68609213462,0.909761943141,1.43135879054,2.12277786733,0.788460350722,1.22514608343,2.12277786733
T[T>G]A,0.234303563155,0.126422785875,0.19890518311,0.294986500375,0.109566414425,0.170249351645,0.294986500375
T[T>G]C,0.440980510608,0.237939124429,0.374357555768,0.555191290333,0.206213907838,0.320424687564,0.555191290333
T[T>G]G,0.390115441814,0.210493943425,0.331177137655,0.491152534658,0.182428084302,0.283465177146,0.491152534658
T[T>G]T,1.87904965306,1.01387571208,1.59516445367,2.36570999486,0.878692283804,1.3653526256,2.36570999486
