,1,3,2,5,4,7,6
A[C>A]A,3.77741401021,0.749200864333,0.882397091793,0.577143003269,0.452511329125,1.20555766283,2.08155211397
A[C>A]C,2.30686287023,0.608956940977,0.673140023267,0.489592101213,0.345200011932,0.736232830923,1.58792005489
A[C>A]G,1.23493181467,0.208650988672,0.362664882414,0.0783845172062,0.185981990981,0.394127174893,0.855517158514
A[C>A]T,2.15593014191,0.666162609691,0.67937803872,0.809986085061,0.348398994215,0.688062811248,1.60263537339
C[C>A]A,5.66936430887,1.07687540688,1.37430046713,0.663401654186,0.704769470321,1.80937158794,3.24193956348
C[C>A]C,4.52521524747,0.981229921045,0.962372309093,0.64718308986,0.493524261073,1.44421763217,2.27021160094
C[C>A]G,1.30904735237,0.365902985429,0.386388706303,0.110543998749,0.198148054514,0.417781069907,0.911481050765
C[C>A]T,4.66877839454,2.21851598052,0.764396031056,2.15179534128,0.391997964644,1.49003565783,1.80319063736
G[C>A]A,6.17922729757,1.02182327351,1.17133027288,0.401594387231,0.600682191222,1.97209381837,2.76313807962
G[C>A]C,3.77196795082,1.1909867004,1.91510262082,0.496758816342,0.98210390811,1.20381955877,4.51767797731
G[C>A]G,1.90109031866,0.302819105824,0.707114516541,0.0727541463737,0.362622828995,0.606730952764,1.66806501338
G[C>A]T,4.06739010536,1.31187399751,1.18197722551,1.31176934464,0.606142166928,1.29810322511,2.78825396787
T[C>A]A,4.34753758955,1.11412038482,0.977010547454,0.37526272503,0.501031049977,1.38751199666,2.30474282989
T[C>A]C,4.75620369726,1.07849740569,1.3660795958,0.714589072191,0.700553638869,1.51793735019,3.2225467388
T[C>A]G,1.14294834172,0.221044752265,0.286432305659,0.0826214975805,0.146888361876,0.364770747357,0.675686464631
T[C>A]T,5.9225178809,1.64935893321,1.13417504972,1.14593996882,0.581628230628,1.89016528114,2.67548986089
A[C>G]A,0.757658817772,0.36391046353,0.45471701085,0.532270309967,0.233188210692,0.241806005672,1.07266576919
A[C>G]C,0.502265267741,0.203495454091,0.271417609328,0.280224291933,0.139188517604,0.160297425875,0.640267180979
A[C>G]G,0.267623580889,0.135836601653,0.0825745061149,0.113167732018,0.0423459005717,0.0854117811347,0.19479114263
A[C>G]T,0.540731557998,0.306852051171,0.344489408394,0.51038653263,0.176661235074,0.172573901489,0.812641681339
C[C>G]A,0.739161843492,0.312726800672,0.38421194565,0.379564309658,0.197031767,0.235902716008,0.9063461282
C[C>G]C,0.79349786998,0.257690752331,0.385299638402,0.3007279387,0.197589558155,0.253244001057,0.908911967512
C[C>G]G,0.512906813266,0.126411987025,0.0840165772925,0.0885508980095,0.0430854242526,0.163693663808,0.198192951562
C[C>G]T,0.809408274548,0.219995985077,0.374955312942,0.508516148489,0.192284775867,0.258321789749,0.88450996899
G[C>G]A,0.518768296005,0.338181025944,0.261663940602,0.281494471219,0.134186636206,0.165564349789,0.617258526549
G[C>G]C,0.708186835484,0.385398182794,0.294513277459,0.233380934193,0.151032449979,0.226017075154,0.694749269904
G[C>G]G,0.394370721586,0.0730776263645,0.112411034243,0.0359192004872,0.0576466842274,0.125862996251,0.265174747446
G[C>G]T,0.456438663339,0.195674826034,0.24001314961,0.390215799424,0.123083666467,0.145671913832,0.566184865746
T[C>G]A,1.50497115226,1.75943815545,0.64139010793,0.360197173958,0.328918004067,0.480309942211,1.51302281871
T[C>G]C,1.06456557002,0.404012550718,0.338439710648,0.444523196615,0.173558825973,0.339754969155,0.798370599476
T[C>G]G,0.275122202047,0.149890320885,0.0775086966762,0.053343841155,0.0397480495775,0.0878049581,0.182841028057
T[C>G]T,2.08969306012,2.63779417711,1.06321591936,0.704091906064,0.545238933005,0.66692331706,2.50809909182
A[C>T]A,2.67890155972,3.40069785612,1.38418755642,1.30969094956,0.709839772523,0.854968582888,3.26526295361
A[C>T]C,4.90664589079,3.23735506557,1.04206123584,1.30699291731,0.534390377355,1.56595081621,2.45819573583
A[C>T]G,2.11634255542,4.03277424687,2.14437920551,1.23159025608,1.09968164385,0.675428475134,5.05853556171
A[C>T]T,2.59254851776,1.81805608417,0.806518800121,1.07138991161,0.413599384677,0.827409101412,1.90255716952
C[C>T]A,4.81245029198,4.11793666997,1.6018725108,1.33660617701,0.821473082462,1.53588839106,3.77877617932
C[C>T]C,9.57557072246,5.01349207341,1.54366375587,1.71158094918,0.791622438909,3.05603320929,3.64146321898
C[C>T]G,2.78062778801,3.42874349505,1.37869046721,0.984057011169,0.707020752416,0.88743440043,3.25229546111
C[C>T]T,8.18124891257,4.20492384052,1.79296492031,1.86967413832,0.9194691899,2.61103688699,4.22955827354
G[C>T]A,4.09983707574,3.82441868538,1.6808101951,1.74570247022,0.861953946204,1.30845864119,3.96498815254
G[C>T]C,8.72076727304,5.32470415475,2.15893749522,2.2320360138,1.10714743344,2.78322359778,5.09287819384
G[C>T]G,1.61684269695,3.87461674372,2.25623608664,1.81932812287,1.15704414699,0.516013626687,5.32240307618
G[C>T]T,5.91036303453,3.51882872518,1.82737173988,1.82651103084,0.937113712761,1.88628607485,4.3107230787
T[C>T]A,6.59809436682,12.5528435584,5.14381930182,0.942400709936,2.63785605222,2.10577479792,12.1341378402
T[C>T]C,4.92724690924,7.40097701588,2.32217581947,1.38771377741,1.1908593946,1.57252560933,5.47795321516
T[C>T]G,1.76712384886,3.69636046143,1.41699250473,0.511973937263,0.726662822936,0.563975696446,3.34264898551
T[C>T]T,4.88686199038,7.39766027103,3.04251565462,1.07801782254,1.56026443827,1.55963680544,7.17721641603
A[T>A]A,0.668832308513,1.63902284045,1.12073948608,0.387082113895,0.574738197989,0.213457119738,2.64379571075
A[T>A]C,0.672875995949,0.693855592309,0.270303827933,0.297763919421,0.138617347658,0.214747658282,0.637639799226
A[T>A]G,0.998975112183,0.516291248218,0.457086929968,0.236415069811,0.23440355383,0.318821844314,1.07825634762
A[T>A]T,0.591988156393,0.902695859001,0.39886014428,0.325528197732,0.204543663734,0.188932390338,0.940900853174
C[T>A]A,0.706111876728,2.70525983691,2.19611630345,0.447744928469,1.12621348895,0.225354854275,5.18058204916
C[T>A]C,1.04765117694,0.802966885436,0.558425235833,0.537455995712,0.286371915812,0.334356758597,1.31731081274
C[T>A]G,2.61338699086,1.40530704326,0.960481249394,0.33944246352,0.492554486869,0.834059677934,2.2657506396
C[T>A]T,1.12591455068,0.918131335877,0.582447305134,0.739460144225,0.29869092571,0.359334431069,1.37397825826
G[T>A]A,0.602229058473,1.39935885212,0.884101878917,0.20371584921,0.453385578932,0.192200763342,2.08557366309
G[T>A]C,0.632019381349,0.453506363942,0.222976522821,0.241107270221,0.11434693478,0.201708313196,0.525995899989
G[T>A]G,0.963244317159,0.824986626877,0.345129079779,0.232701249146,0.176989271681,0.307418399093,0.814150649735
G[T>A]T,0.5076341729,0.665115966537,0.269424173495,0.282340606542,0.138166242818,0.162010906245,0.635564716964
T[T>A]A,0.652667603832,1.05798319365,0.642083907743,0.286065147677,0.329273798842,0.208298171436,1.51465947468
T[T>A]C,0.597237604906,0.550733778247,0.427598874103,0.428800430042,0.219281473899,0.190607746247,1.00869477994
T[T>A]G,0.835376480305,0.418936127464,0.499197579607,0.187922492434,0.255998758773,0.266609514991,1.17759429036
T[T>A]T,0.556977286496,0.643132398089,0.424870440555,0.476625150378,0.217882277208,0.177758708456,1.00225847516
A[T>C]A,1.36887667071,1.73324210618,0.729268718738,1.07857935483,0.373983958327,0.436875533204,1.7203262083
A[T>C]C,0.749278193248,1.10936269054,0.432133722109,0.833170993012,0.221607036979,0.239131338271,1.0193923701
A[T>C]G,1.62874519292,1.95024496142,0.665269396013,1.13532137428,0.341163792827,0.519812295612,1.56935344701
A[T>C]T,0.937938487391,1.21393842777,0.62586140243,0.81745460182,0.320954565349,0.299342070444,1.4763910006
C[T>C]A,0.887446403637,1.01331308134,0.450385308707,0.74232581379,0.230966824978,0.283227575629,1.0624473949
C[T>C]C,0.944224734542,1.07565651801,0.735361885773,1.31969016658,0.377108659371,0.301348319535,1.73469983311
C[T>C]G,1.92522161204,1.65150676726,0.637664485547,1.16228195717,0.327007428485,0.614432429376,1.50423417103
C[T>C]T,1.30601956677,0.969343676579,0.686190220135,1.7616242489,0.351892420582,0.416814755353,1.61870513468
G[T>C]A,2.0510824951,2.33926926721,0.512340483158,1.21908194207,0.262738709312,0.654600796309,1.20859806283
G[T>C]C,1.15079114579,1.30359029157,0.639313922436,0.858900518739,0.327853293557,0.367273769932,1.50812515036
G[T>C]G,1.78755479589,1.78073101208,0.45134795673,0.946423837,0.231460490631,0.570496211455,1.0647182569
G[T>C]T,1.65822329427,1.93487197401,0.563497897972,1.02901863707,0.288973281011,0.529220200298,1.32927709265
T[T>C]A,0.844125325858,1.26084162178,0.462999714875,0.969656434859,0.237435751218,0.269401699742,1.0922044556
T[T>C]C,1.02952349243,1.30133907995,0.563166498027,0.957833381462,0.288803332321,0.328571327373,1.32849532868
T[T>C]G,0.947055190229,1.08346335086,0.416605492688,0.728852177537,0.213643842404,0.302251656456,0.982761675058
T[T>C]T,0.784203818518,1.12330178061,0.462564462753,0.873693521471,0.237212545001,0.250277814421,1.09117770701
A[T>G]A,0.205379102996,0.298004713069,0.186618822733,0.0755866797166,0.0957019603761,0.0655465222329,0.44022901773
A[T>G]C,0.213769129065,0.231390690775,0.167028368905,0.141600387983,0.0856555737976,0.068224190127,0.394015639469
A[T>G]G,0.291664064809,0.411436612555,0.207791826653,0.260528094466,0.106559911104,0.0930842760027,0.490175591079
A[T>G]T,0.588902318389,0.749386580749,0.667027788609,0.583739772913,0.34206553262,0.187947548422,1.57350145005
C[T>G]A,0.151140499784,0.180210431704,0.135607639275,0.0667976768698,0.0695423791155,0.0482363297184,0.319894943931
C[T>G]C,0.493873857385,0.516130885615,0.370891139871,0.428024032698,0.190200584549,0.157619316187,0.874922688925
C[T>G]G,0.780385673543,0.662138924941,0.334405250799,0.435496668096,0.171489872205,0.249059257514,0.788853412141
C[T>G]T,1.98398759284,1.22029319082,1.53120458729,2.95245049668,0.785233121686,0.633187529629,3.61207235976
G[T>G]A,0.0873105719362,0.168806708535,0.0733587696385,0.0873568024821,0.0376198818659,0.0278650761499,0.173051456583
G[T>G]C,0.0957231502627,0.109315120719,0.0959686193836,0.217056681908,0.049214676607,0.0305499415732,0.226387512392
G[T>G]G,0.521475044425,0.384034351409,0.323199125427,0.41081427468,0.165743141245,0.166428205668,0.762418449726
G[T>G]T,0.630060387377,0.500895925979,0.565986515194,0.886058547258,0.290249494971,0.201083102354,1.33514767687
T[T>G]A,0.293365208761,0.359965468926,0.285638252975,0.153184348319,0.146481155372,0.0936271942854,0.673813314711
T[T>G]C,0.329676511404,0.37555262722,0.273212057452,0.287698037032,0.140108747411,0.105215907895,0.644500238091
T[T>G]G,0.373136979832,0.523514445087,0.300422501625,0.302029993925,0.154062821346,0.119086270159,0.708688978192
T[T>G]T,1.34344613125,1.38682660722,1.40952944768,0.916336887181,0.722835614193,0.428759403591,3.32504382529
