,1,3,2,5,4,7,6
A[C>A]A,2.96318573148,2.19648732544,2.81813468169,2.88029941732,3.54338993065,1.28473786959,2.11360101127
A[C>A]C,1.88797403474,1.39947725652,1.79555572535,1.83516357223,2.25764727231,0.818562168908,1.34666679401
A[C>A]G,0.527150044248,0.390754578254,0.501345496627,0.512404588465,0.63036823473,0.228554564639,0.376009122471
A[C>A]T,1.25867210866,0.933001702921,1.19705878865,1.22346449723,1.50512538868,0.54571797718,0.89779409149
C[C>A]A,3.19231495747,2.36633136708,3.03604779172,3.10301943419,3.81738362047,1.38408061093,2.27703584379
C[C>A]C,1.64308938207,1.21795436713,1.5626584333,1.59712883991,1.96481317716,0.712388403414,1.17199382497
C[C>A]G,0.830345625525,0.615500953187,0.789699336164,0.807119174462,0.992930782971,0.360009991486,0.592274502123
C[C>A]T,3.12735850696,2.31818183033,2.9742710276,3.03987994732,3.7397084244,1.35591767434,2.2307032707
G[C>A]A,4.32237069326,3.20399505934,4.11078611387,4.20146521932,5.16870901082,1.87403484603,3.0830895854
G[C>A]C,2.47029854184,1.83113038765,2.34937483699,2.40119928192,2.95399336122,1.07103852863,1.76203112774
G[C>A]G,0.659181731141,0.488624220287,0.626914093953,0.640743081319,0.788252279896,0.285799072243,0.470185570465
G[C>A]T,3.01743758529,2.2367019863,2.86973085035,2.93303373675,3.60826452507,1.30825965237,2.15229813776
T[C>A]A,2.27668361277,1.68761162904,2.16523756179,2.21300015507,2.72246781667,0.987093594346,1.62392817134
T[C>A]C,1.83300564926,1.35873146029,1.7432781,1.78173276397,2.19191584632,0.794729722058,1.307458575
T[C>A]G,0.622158780339,0.461180634377,0.591703455428,0.604755737533,0.743980079986,0.269747163504,0.443777591571
T[C>A]T,3.75434874745,2.78294382678,3.57056943814,3.64933199927,4.48946598472,1.6277595968,2.6779270786
A[C>G]A,0.399568580366,0.296183702929,0.38000927923,0.38839183686,0.477805784914,0.173239524355,0.285006959422
A[C>G]C,0.244603206414,0.181314264895,0.232629622884,0.237761158683,0.292497540538,0.106051739844,0.174472217163
A[C>G]G,0.0509586216603,0.0377735237482,0.0484641436769,0.0495332056698,0.0609365335938,0.0220939478527,0.0363481077577
A[C>G]T,0.322049034764,0.238721662133,0.306284396698,0.313040670155,0.385107587025,0.139629651436,0.229713297524
C[C>G]A,0.144012849217,0.106750783335,0.136963269185,0.13998451777,0.172211169343,0.0624391374226,0.102722451889
C[C>G]C,0.159328155262,0.118103387817,0.151528874934,0.154871423646,0.190525276572,0.0690793400437,0.113646656201
C[C>G]G,0.160777091645,0.119177424576,0.152906884362,0.15627983034,0.192257920778,0.0697075502237,0.114680163271
C[C>G]T,0.201925325524,0.149678912626,0.192040869029,0.19627706467,0.2414631515,0.087548043234,0.144030651772
G[C>G]A,0.0793001156109,0.0587819038794,0.0754182917698,0.0770819305588,0.0948274109752,0.0343818683068,0.0565637188273
G[C>G]C,0.19253478164,0.142718089887,0.183110002119,0.187149193342,0.230233899723,0.0834766186131,0.137332501589
G[C>G]G,0.00818872122936,0.00606996119099,0.00778787473561,0.00795966609008,0.00979210720434,0.00355035465888,0.00584090605171
G[C>G]T,0.257295759205,0.1907227306,0.244700861901,0.250098675032,0.30767534842,0.11155480469,0.183525646426
T[C>G]A,0.144265407077,0.106937994057,0.137203464073,0.140230011075,0.172513179092,0.0625486380335,0.102902598055
T[C>G]C,0.259382517779,0.192269558633,0.246685471454,0.252127062736,0.310170703078,0.112459553163,0.185014103591
T[C>G]G,0.0429370287026,0.0318274478495,0.0408352161088,0.0417359929347,0.0513442790779,0.0186160544025,0.0306264120816
T[C>G]T,0.300540778482,0.222778479155,0.285828992123,0.29213404342,0.35938792392,0.130304393468,0.214371744092
A[C>T]A,1.52672531682,1.1316984866,1.4519905111,1.48401971355,1.8256645397,0.66193685065,1.08899288333
A[C>T]C,2.98882993231,2.21549631346,2.84252357199,2.90522629784,3.5740553736,1.29585633429,2.13189267899
A[C>T]G,4.09690152402,3.03686406676,3.89635389697,3.98230288,4.89909203223,1.77627898244,2.92226542273
A[C>T]T,1.74614916994,1.29434833576,1.66067333644,1.69730583651,2.08805250391,0.757071668084,1.24550500233
C[C>T]A,3.95225295476,2.92964205038,3.75878602691,3.84170042456,4.72612066618,1.71356421815,2.81908952018
C[C>T]C,6.27255364661,4.64958522057,5.96550556601,6.09709760056,7.50074596903,2.71956871392,4.47412917451
C[C>T]G,3.79911233015,2.81612522375,3.6131417965,3.69284345378,4.54299446472,1.6471675837,2.70985634738
C[C>T]T,4.54773255284,3.3710465077,4.32511627403,4.42052325066,5.43819766808,1.97174418375,3.24383720552
G[C>T]A,2.0339614458,1.50769170108,1.9343968995,1.97706741935,2.432219631,0.881857410068,1.45079767463
G[C>T]C,3.83764699734,2.84468938265,3.64979015132,3.73030022819,4.58907438144,1.66387492193,2.73734261349
G[C>T]G,2.37963734348,1.76392698188,2.26315159939,2.31307406114,2.84558031983,1.03173087619,1.69736369955
G[C>T]T,2.68780477542,1.99235878458,2.55623391229,2.61262142506,3.21408822795,1.1653419306,1.91717543422
T[C>T]A,5.16448976882,3.82822318528,4.91168257734,5.02002851655,6.17571853474,2.23914941026,3.683761933
T[C>T]C,11.5531781101,8.56389426342,10.9876379229,11.2300122888,13.8153388589,5.00907022955,8.24072844216
T[C>T]G,5.21739586893,3.86744029445,4.96199886835,5.07145472574,6.23898387124,2.2620877194,3.72149915126
T[C>T]T,4.83413499664,3.58334482269,4.59749901779,4.6989144373,5.78067891207,2.09591866987,3.44812426334
A[T>A]A,0.417350064115,0.30936438319,0.396920340697,0.405675936447,0.499068957788,0.180948978847,0.297690255523
A[T>A]C,0.549112949563,0.407034773802,0.522233294689,0.533753146778,0.656631569058,0.238076943167,0.391674971017
A[T>A]G,0.394278214275,0.292262172819,0.374977882108,0.383249453037,0.471479542944,0.170945799196,0.281233411581
A[T>A]T,0.817670470071,0.606105383409,0.777644642865,0.79479856881,0.977773778896,0.354514469541,0.583233482149
C[T>A]A,0.166556856765,0.123461725994,0.158403723916,0.161897923709,0.19916938816,0.0722134623737,0.118802792937
C[T>A]C,0.383070916988,0.283954665739,0.364319193778,0.372355646582,0.458077809824,0.166086691281,0.273239395334
C[T>A]G,0.394544718087,0.292459721099,0.375231340279,0.383508502196,0.471798229321,0.171061346303,0.281423505209
C[T>A]T,0.567701393478,0.42081362034,0.539911814776,0.55182163422,0.678859708285,0.246136268501,0.404933861082
G[T>A]A,0.16880016591,0.125124598507,0.160537220726,0.164078482948,0.201851946648,0.0731860859191,0.120402915544
G[T>A]C,0.28633197942,0.212246082647,0.272315728679,0.278322693282,0.342396982383,0.124143935133,0.204236796509
G[T>A]G,0.191115904076,0.14166633449,0.1817605801,0.185770004661,0.228537199978,0.0828614409279,0.136320435075
G[T>A]T,0.260785742205,0.193309711005,0.248020006572,0.253491036129,0.311848684734,0.113067944173,0.186015004929
T[T>A]A,0.581117570725,0.430758478999,0.552671256074,0.564862533782,0.694902829329,0.251953072622,0.414503442056
T[T>A]C,0.282329308581,0.2092790679,0.268508992777,0.274431985264,0.3376105718,0.122408511413,0.201381744583
T[T>A]G,0.358811084816,0.26597185308,0.341246905839,0.348774411115,0.429067800724,0.155568442368,0.255935179379
T[T>A]T,0.535531523197,0.396967422789,0.50931669339,0.52055162045,0.640390842424,0.232188492575,0.381987520042
A[T>C]A,1.50310800975,1.11419195129,1.42952929599,1.46106303046,1.79742286481,0.651697179054,1.07214697199
A[T>C]C,0.91447135931,0.677859888719,0.869707027036,0.888891740867,1.09352868841,0.396484085855,0.652280270277
A[T>C]G,1.79315054143,1.32918851323,1.7053739415,1.74299248433,2.14425694116,0.777449885098,1.27903045613
A[T>C]T,1.20680152361,0.894552178343,1.14772732316,1.17304483764,1.44309832544,0.523228632616,0.860795492368
C[T>C]A,0.780543567858,0.578584742608,0.74233514146,0.758710181345,0.933377273453,0.338417490959,0.556751356095
C[T>C]C,1.00473466802,0.744768355319,0.955551852107,0.976630201786,1.20146593169,0.435619226696,0.71666388908
C[T>C]G,1.8437912974,1.36672641626,1.75353577935,1.79221671566,2.20481336962,0.799406017055,1.31515183451
C[T>C]T,1.81185154519,1.34305079573,1.72315951151,1.76117038309,2.16661967991,0.7855580126,1.29236963363
G[T>C]A,1.96353417248,1.45548686911,1.86741711509,1.90861013968,2.34800240206,0.851322508348,1.40056283631
G[T>C]C,1.23691413058,0.916873411482,1.17636588643,1.20231513392,1.4791071072,0.536284448225,0.882274414823
G[T>C]G,1.71539027074,1.27154803285,1.63142011762,1.6674073261,2.05127088319,0.743735641857,1.22356508822
G[T>C]T,2.05593538261,1.52398007382,1.95529518905,1.99842670057,2.45849615682,0.891384571479,1.46647139179
T[T>C]A,1.22196663345,0.905793448569,1.16215008496,1.18778574859,1.46123282741,0.529803715201,0.871612563717
T[T>C]C,1.06795839329,0.791633494327,1.0156807097,1.03808543124,1.27706912764,0.463030911776,0.761760532277
T[T>C]G,0.973223239163,0.721410233225,0.925582940742,0.946000211494,1.16378443284,0.421956928868,0.694187205557
T[T>C]T,1.14982069348,0.852314639923,1.09353576443,1.11765787688,1.37496040969,0.498523657314,0.820151823322
A[T>G]A,0.528976779894,0.39210866202,0.503082811648,0.514180226611,0.632552652881,0.229346575898,0.377312108736
A[T>G]C,0.20453244792,0.151611464892,0.19452037005,0.198811260565,0.244580759401,0.0886784039932,0.145890277537
A[T>G]G,0.294171378074,0.218057105426,0.279771380546,0.285942808058,0.351771368187,0.127542835249,0.20982853541
A[T>G]T,0.579120492628,0.429278127402,0.550771937045,0.562921318009,0.692514714961,0.251087206594,0.413078952783
C[T>G]A,0.351602741429,0.260628605535,0.334391418422,0.341767699711,0.420448033457,0.152443146634,0.250793563817
C[T>G]C,0.429990217485,0.318734007367,0.408941745301,0.417962519094,0.514184106224,0.186429325064,0.306706308975
C[T>G]G,0.664371313346,0.492471043459,0.631849640665,0.645787500385,0.794458004071,0.288049100891,0.473887230499
C[T>G]T,2.77421550639,2.05641149425,2.63841474734,2.69661507265,3.31741854261,1.20280672305,1.9788110605
G[T>G]A,0.127236871336,0.0943154430884,0.121008493019,0.123677798012,0.152150384605,0.0551656365234,0.0907563697643
G[T>G]C,0.118176478692,0.0875993478417,0.112391616099,0.114870842925,0.141315929065,0.051237354398,0.0842937120741
G[T>G]G,0.460734435857,0.341523427978,0.438181001934,0.44784675933,0.550948171549,0.199758986176,0.328635751451
G[T>G]T,1.00201411012,0.74275171799,0.952964468365,0.973985743402,1.19821267713,0.434439684107,0.714723351273
T[T>G]A,0.770360046593,0.571036118454,0.732650114243,0.748811513821,0.921199775996,0.334002257964,0.549487585682
T[T>G]C,0.31704124333,0.235009592958,0.301521741909,0.308172956804,0.379119249018,0.137458441164,0.226141306432
T[T>G]G,0.260093337307,0.192796459822,0.24736149562,0.2528179992,0.311020704052,0.11276774065,0.185521121715
T[T>G]T,1.52730786788,1.13213030766,1.45254454568,1.48458596948,1.8263611567,0.662189425235,1.08940840926
