,1,3,2,5,4,7,6
A[C>A]A,0.993814765896,1.50129464635,0.803509810724,2.08278200938,1.07839474597,0.685303425076,1.7761795816
A[C>A]C,0.730325147287,1.10325713739,0.590475650998,1.53057504272,0.792480478971,0.452069761391,1.30526196536
A[C>A]G,0.483570737712,0.730500476118,0.39097208581,1.01344080138,0.524725694113,0.066738160216,0.864254084422
A[C>A]T,0.84485853506,1.27627565935,0.683077113453,1.77060778092,0.916761389107,0.46349204431,1.509959935
C[C>A]A,1.70811846729,2.58034917399,1.38103195228,3.57978019209,1.85349025174,0.716500664172,3.05280747345
C[C>A]C,1.22010019607,1.84313008343,0.986463988313,2.55701849602,1.32393851063,0.475270325938,2.18060460574
C[C>A]G,0.58591259027,0.885101998067,0.473716562346,1.2279231945,0.635777491569,0.0651358123477,1.04716292729
C[C>A]T,1.42579386308,2.15385881443,1.15276950632,2.98809990453,1.54713802164,0.65780052046,2.54822732975
G[C>A]A,1.40576458813,2.12360182462,1.13657562444,2.9461236581,1.52540412754,0.655071261356,2.51243032772
G[C>A]C,2.38480554994,3.60257859672,1.9281406574,4.99794354615,2.5877677244,0.586094507549,4.26220566372
G[C>A]G,0.964528941017,1.45705435771,0.779831909758,2.02140639766,1.04661651046,0.0551079171851,1.72383895841
G[C>A]T,1.37663509919,2.07959770302,1.11302412275,2.88507568659,1.49379553316,0.541902305917,2.46036911344
T[C>A]A,1.88494612157,2.84747180068,1.52399899191,3.95036580798,2.04536706809,1.41669578176,3.36883987686
T[C>A]C,1.86883622648,2.82313557617,1.51097397035,3.91660358103,2.02788611809,0.662742977484,3.34004772392
T[C>A]G,0.387914065534,0.58599784368,0.31363264873,0.812968839471,0.420928028559,0.112555181959,0.693293223508
T[C>A]T,4.48062286931,6.7686005047,3.62263125604,9.39024154526,4.86195247521,3.24962359964,8.00792172387
A[C>G]A,0.500886132519,0.756657774657,0.404971766718,1.04972944794,0.543514739542,0.325088519544,0.895200747482
A[C>G]C,0.314029688968,0.474385274824,0.253896344272,0.658126050284,0.340755619944,0.17895711841,0.561244550496
A[C>G]G,0.0428450771278,0.0647234143845,0.0346407006565,0.0897923424912,0.0464914666706,0.0290455328346,0.0765741803986
A[C>G]T,0.360830322911,0.545084104823,0.291735154694,0.756208229931,0.391539286563,0.291973300794,0.644888236692
C[C>G]A,0.46111601257,0.696579508351,0.372817201653,0.9663814306,0.500359928534,0.21225528196,0.824122235232
C[C>G]C,0.44995332596,0.67971672645,0.363792050776,0.942987289512,0.488247226042,0.180077834045,0.804171901716
C[C>G]G,0.0865534281872,0.130750923432,0.0699793674705,0.181393886733,0.0939196773946,0.0391012815582,0.154691233356
C[C>G]T,0.436836835752,0.659902454009,0.353187228906,0.915498474928,0.474014438795,0.269609283452,0.780729663898
G[C>G]A,0.231683674865,0.349990232243,0.187318715849,0.485549829239,0.251401434428,0.124102852271,0.414072950823
G[C>G]C,0.413763499552,0.625046988685,0.334532191127,0.867142653317,0.448977414408,0.178860205822,0.739492211966
G[C>G]G,0.140934895621,0.212901650832,0.113947362417,0.295363557844,0.152929354823,0.00970266857492,0.251883643238
G[C>G]T,0.231663474288,0.349959716478,0.187302383467,0.485507493987,0.251379514653,0.278737228563,0.414036847664
T[C>G]A,3.03948545543,4.5915631348,2.45745632567,6.36998547575,3.29816506866,0.833665864301,5.4322718778
T[C>G]C,0.946728202312,1.43016388009,0.765439823146,1.98410059421,1.02730081528,0.265043366979,1.69202487222
T[C>G]G,0.157328599691,0.237666608044,0.127201846559,0.329720575948,0.17071826775,0.0451868947802,0.281183029235
T[C>G]T,3.57160398116,5.39540175878,2.88767981456,7.48517004563,3.87557027743,1.41872836588,6.38329222165
A[C>T]A,0.885156869732,1.33715186704,0.715658745741,1.85506280146,0.960489369283,0.903605809466,1.58198249058
A[C>T]C,0.61113966385,0.923210981561,0.494112919709,1.28079269977,0.663151550136,0.913531909692,1.09224961199
A[C>T]G,1.66773208739,2.5193399618,1.34837913449,3.49514065124,1.80966673313,1.03995852268,2.98062756044
A[C>T]T,0.564798933759,0.853206899933,0.456645946443,1.18367436118,0.612866928121,0.670156118391,1.00942788161
C[C>T]A,0.843118780317,1.2736475192,0.681670503235,1.76696169917,0.914873570131,2.81840360911,1.5068505861
C[C>T]C,0.678069942811,1.02431842425,0.548226762273,1.42106147589,0.73577802305,2.84035078813,1.21186968502
C[C>T]G,1.65898202224,2.50612177828,1.34130461373,3.47680274874,1.80017198158,1.23195807993,2.96498914613
C[C>T]T,0.775810891404,1.17196964446,0.627251359007,1.62590154901,0.841837350247,2.73277303012,1.3865556357
G[C>T]A,1.50360707278,2.2714064291,1.21568231417,3.15117652488,1.63157363217,0.834953666338,2.6872977471
G[C>T]C,2.02965810468,3.06607926452,1.64100016974,4.25364517683,2.20239496465,1.43512561447,3.62747405943
G[C>T]G,1.41064732819,2.13097787876,1.14052337173,2.95635663462,1.53070241996,1.05778176419,2.52115692699
G[C>T]T,1.49580763823,2.25962430457,1.20937638836,3.13483090141,1.62311041596,1.27417407337,2.67335833216
T[C>T]A,2.07876062416,3.14025541097,1.68070007911,4.35655152085,2.25567642196,10.0740209971,3.71523175382
T[C>T]C,1.19837782938,1.81031544438,0.968901223753,2.51149396157,1.30036743188,8.46290051982,2.14178165251
T[C>T]G,3.01834040065,4.55962060523,2.44036032393,6.32567083965,3.27522043474,4.56673985995,5.39448071605
T[C>T]T,1.28092229784,1.93501027972,1.03563930464,2.68448609228,1.38993696149,6.40624983562,2.28930793657
A[T>A]A,0.485957047828,0.73410532757,0.392901442925,1.01844189811,0.527315094451,1.98769750816,0.868518979096
A[T>A]C,0.874971327601,1.32176519701,0.707423626571,1.83371650572,0.949436972503,0.317357769842,1.56377854295
A[T>A]G,0.422944652793,0.63891639039,0.341955251195,0.886384006386,0.458939942393,0.37029254623,0.755901081588
A[T>A]T,0.444761093607,0.671873141407,0.359594075683,0.932105696177,0.482613101574,0.839238561018,0.794892167298
C[T>A]A,0.252375328294,0.381247836359,0.20404813777,0.52891425185,0.273854079638,3.60086381345,0.451053778228
C[T>A]C,0.395557953888,0.597544994172,0.319812813782,0.82898847783,0.429222460602,0.410628523347,0.706954640992
C[T>A]G,0.707277450597,1.06844040409,0.571841343036,1.48227295497,0.76747127618,0.334165591765,1.26407033724
C[T>A]T,0.460905766855,0.696261903122,0.372647215755,0.965940809261,0.500131789566,0.480855371074,0.823746476933
G[T>A]A,0.267516819639,0.404121153072,0.216290194602,0.560646951796,0.290284208544,1.26370698978,0.478115167014
G[T>A]C,0.545427237117,0.823943273092,0.440983723627,1.14307623098,0.591846576447,0.185285935564,0.974806125912
G[T>A]G,0.358146046557,0.54102913416,0.289564888706,0.750582672039,0.388626561157,0.191767981765,0.640090806612
G[T>A]T,0.278542511067,0.420776984803,0.225204583416,0.583753985959,0.30224825669,0.2337357575,0.497820658077
T[T>A]A,0.375372679713,0.567052345949,0.303492804874,0.786685296844,0.407319290752,1.34779660331,0.670878831827
T[T>A]C,0.423284556251,0.639429861571,0.342230066756,0.887096357249,0.459308773804,0.368967888257,0.756508568619
T[T>A]G,0.417698413534,0.630991220445,0.337713610942,0.875389228364,0.453247214686,0.539336709479,0.746524824188
T[T>A]T,0.334114829343,0.504726657093,0.270135393937,0.70021937639,0.362550133968,0.789464563972,0.597141397124
A[T>C]A,1.60875179327,2.43024207068,1.30069293924,3.37153301355,1.7456668395,1.71429166695,2.87521597095
A[T>C]C,0.82781948345,1.25053581542,0.669300858959,1.73489827914,0.898272205446,0.928075824897,1.47950716191
A[T>C]G,1.38941005659,2.09889604293,1.12335281171,2.91184873561,1.50765772098,1.48143215573,2.4832009522
A[T>C]T,1.2321048556,1.86126478187,0.996169883253,2.58217719738,1.33696484331,1.35457592844,2.20205974193
C[T>C]A,0.95412097018,1.44133167836,0.771416954613,1.99959394814,1.03532275488,1.08040895251,1.70523747862
C[T>C]C,0.762426219306,1.15175024619,0.616429709226,1.59785069365,0.827313557119,1.11479010933,1.36263409408
C[T>C]G,1.20920055817,1.82666467298,0.977651515115,2.53417563786,1.31211124397,1.27474215814,2.16112440183
C[T>C]T,1.19168456029,1.80020433576,0.963489644491,2.49746657848,1.29310452287,1.56720889165,2.12981921414
G[T>C]A,3.87278965563,5.8503843734,3.13119163647,8.11637832084,4.20238877526,1.32360733332,6.92158151219
G[T>C]C,2.0308696113,3.06790941281,1.64197968573,4.25618418538,2.20370957822,0.907959804825,3.6296393053
G[T>C]G,2.54369092372,3.84259692732,2.05660117237,5.33092672311,2.76017525765,1.02455646952,4.5461710126
G[T>C]T,2.93077493217,4.42734085498,2.36956271111,6.14215597486,3.18020258597,1.37180791169,5.23798072983
T[T>C]A,1.44582093804,2.18411248087,1.16896160948,3.03007154037,1.56886952851,1.39288395454,2.58402039991
T[T>C]C,1.24569243647,1.8817907019,1.00715558693,2.61065329771,1.35170881404,1.1497078115,2.22634392901
T[T>C]G,1.0332960706,1.56093661729,0.835430865594,2.16552474371,1.12123616172,0.93404248784,1.84674191342
T[T>C]T,1.25100542743,1.88981670952,1.01145119664,2.62178797025,1.35747397444,1.7064683932,2.23583948732
A[T>G]A,0.210370902096,0.317794341464,0.170087112333,0.440883699074,0.228274808657,1.05346421788,0.375982037789
A[T>G]C,0.21274780164,0.321384976945,0.1720088609,0.445865073649,0.230853997524,0.214862162004,0.380230113569
A[T>G]G,0.200892327171,0.303475643173,0.16242358367,0.421019026092,0.217989546505,0.264221471936,0.359041606008
A[T>G]T,0.404668854384,0.611308269388,0.327179073757,0.848082599081,0.439108756884,0.750152943398,0.723237952515
C[T>G]A,0.138791778322,0.209664175763,0.112214629281,0.290872131164,0.150603844562,0.693243947592,0.248053391043
C[T>G]C,0.228965036438,0.345883352917,0.185120667758,0.479852257216,0.248451422518,0.331829685377,0.409214107677
C[T>G]G,0.315445657571,0.476524291224,0.255041169951,0.661093558952,0.342292096513,0.549586922607,0.563775217786
C[T>G]T,1.15647739578,1.7470190447,0.935024277443,2.42368135074,1.25490100394,1.83413419992,2.06689577119
G[T>G]A,0.063214008113,0.0954935016175,0.0511091980488,0.132480421258,0.0685939236971,0.235742370509,0.112978227266
G[T>G]C,0.0889622299422,0.134389751615,0.071926909315,0.186442120198,0.0965334835543,0.0566618592264,0.158996325854
G[T>G]G,0.205514084709,0.310457447113,0.166160323807,0.430705049869,0.22300464511,0.337266454757,0.367301768416
G[T>G]T,0.314479648549,0.475065001,0.25426014138,0.659069050684,0.341243873958,0.724647675053,0.562048733578
T[T>G]A,0.350226777638,0.52906598324,0.283162075537,0.733985906325,0.380033311905,1.60817716519,0.625937219608
T[T>G]C,0.271289692958,0.4098206,0.219340602817,0.568553930986,0.294378177465,0.395847181915,0.484858174648
T[T>G]G,0.221582204387,0.334730564074,0.179151569504,0.464379726215,0.240440264335,0.399366487437,0.396019258905
T[T>G]T,1.20833853521,1.82536246808,0.976954560381,2.53236905783,1.31117585735,2.15814924157,2.15958376505
