,1,3,2,5,4,7,6
A[C>A]A,1.25575717625,0.958950556908,1.36877532211,1.09360056805,1.86452667892,1.84596304908,1.44412075268
A[C>A]C,1.10604889994,0.533708643427,1.20559330093,0.871719572117,1.45008646655,1.62589188291,1.27195623493
A[C>A]G,0.105858726374,0.0569518040999,0.115386011748,0.166309045857,0.706188808516,0.15561232777,0.12173753533
A[C>A]T,1.08164164256,0.807629656412,1.17898939039,0.734527202601,1.36721721539,1.59001321457,1.24388788895
C[C>A]A,1.28133633532,1.21490471467,1.3966566055,0.919121416668,2.94907170839,1.88356441293,1.47353678562
C[C>A]C,1.11715826849,0.742785870413,1.21770251266,0.717111283642,2.22328252923,1.64222265468,1.28473200877
C[C>A]G,0.164278843434,0.186468806722,0.179063939343,0.167405150094,0.995158766794,0.241489899847,0.188920669949
C[C>A]T,1.60418150862,1.60666191073,1.74855784439,1.22198852766,3.44559207562,2.35814681767,1.84480873491
G[C>A]A,0.759219880036,1.41192430187,0.827549669239,0.803660992512,2.59868791053,1.11605322365,0.873102862041
G[C>A]C,0.697964843717,0.468062144386,0.760781679651,0.834238312511,3.73865161416,1.02600832026,0.802659570274
G[C>A]G,0.0929924837811,0.111136327914,0.101361807321,0.136002031172,1.42664298478,0.136698951158,0.106941356348
G[C>A]T,0.948609644619,1.4434599217,1.03398451264,0.97556227267,2.54683954707,1.39445617759,1.09090109131
T[C>A]A,1.00166371781,1.00888997868,1.09181345241,0.723431928412,1.49803549941,1.47244566517,1.15191327548
T[C>A]C,0.918059294505,0.770146360532,1.00068463101,0.761233718125,2.33752743374,1.34954716292,1.05576818868
T[C>A]G,0.131321503044,0.207547815148,0.143140438317,0.12220759049,0.556616478614,0.193042609474,0.1510197285
T[C>A]T,1.44645113917,2.01189415096,1.5766317417,1.1247694148,2.17744400905,2.12628317458,1.66341881005
A[C>G]A,0.613536385076,0.234240187312,0.668754659733,0.735739981369,0.59955662554,0.901898486062,0.705566842838
A[C>G]C,0.30674743145,0.134378601631,0.33435470028,0.366959199532,0.395084186266,0.450918724231,0.352759546167
A[C>G]G,0.0945137995453,0.0263534773211,0.103020041504,0.143132950487,0.0138224059766,0.138935285332,0.108690869477
A[C>G]T,0.63100519484,0.276040864387,0.687795662376,0.685977153112,0.324767666761,0.927577636416,0.725655974067
C[C>G]A,0.437804797556,0.0982949555569,0.477207229336,0.479575537565,0.537011235402,0.643573052407,0.503475517189
C[C>G]C,0.405790028269,0.145253528065,0.442311130813,0.388429075673,0.537739930742,0.596511341555,0.466658532509
C[C>G]G,0.121701120351,0.0538547547515,0.132654221182,0.12127290925,0.0557537107829,0.178900646916,0.139956288403
C[C>G]T,0.6451020073,0.157317586524,0.703161187957,0.674652880137,0.382602181629,0.948299950732,0.741867308396
G[C>G]A,0.29166637854,0.0991883862542,0.317916352608,0.33026979698,0.269650949899,0.428749576453,0.335416335321
G[C>G]C,0.262935140811,0.0626693281553,0.286599303484,0.303152670397,0.370950440178,0.386514656992,0.302375411932
G[C>G]G,0.0414309184172,0.00588211353952,0.0451597010747,0.044903846053,0.146791775646,0.0609034500733,0.0476455561798
G[C>G]T,0.433392150163,0.111212630444,0.472397443678,0.541441513552,0.271082718055,0.63708646074,0.498400972688
T[C>G]A,0.41878530012,0.0906426261283,0.456475977131,0.658763719914,0.413971996406,0.615614391177,0.481603095138
T[C>G]C,0.472261892631,0.146908770815,0.514765462968,0.562751912994,0.323452741677,0.694224982168,0.543101176526
T[C>G]G,0.0582686446811,0.0133586810545,0.0635128227024,0.0774591947968,0.0629331727978,0.0856549076812,0.0670089413833
T[C>G]T,0.882221281784,0.366344015542,0.961621197144,1.28799763419,0.47169681962,1.29686528422,1.01455447405
A[C>T]A,1.22819911347,1.17532545522,1.33873703368,1.03480448782,1.78249370547,1.80545269679,1.41242898049
A[C>T]C,1.02537527108,1.05903412632,1.11765904547,1.50522352301,1.28533410464,1.50730164848,1.17918156174
A[C>T]G,1.3689095324,2.34187342027,1.49211139032,0.920760685164,3.08371693496,2.01229701263,1.57424596226
A[C>T]T,1.12839386772,1.13822314349,1.22994931582,1.03689489959,1.05778830852,1.65873898555,1.29765294788
C[C>T]A,1.5848734721,1.64207632497,1.72751208459,1.46572020523,2.09995289544,2.32976400399,1.82260449292
C[C>T]C,1.9351177233,2.25837882922,2.10927831839,2.82192638659,1.69593907607,2.84462305325,2.22538538179
C[C>T]G,1.25071523276,1.60962194888,1.36327960371,0.856872115453,2.73387661239,1.83855139216,1.43832251767
C[C>T]T,2.12120060785,3.09671795283,2.31210866256,2.67655876375,1.85532647002,3.11816489355,2.43938069903
G[C>T]A,1.23339484328,1.4636297069,1.34440037918,1.58934329504,2.56601108706,1.81309041962,1.41840406977
G[C>T]C,1.8132452685,2.22721352556,1.97643734267,2.75401162472,2.95099295168,2.6654705447,2.08523205878
G[C>T]G,1.76701322606,2.09947415589,1.92604441641,0.988158580075,2.72434250926,2.59750944231,2.03206520997
G[C>T]T,1.53623496672,2.5513978422,1.67449611372,2.0939120275,2.48315794969,2.25826540108,1.76667021173
T[C>T]A,2.14952347316,1.05041085695,2.34298058574,2.97197516338,2.75851321345,3.15979950555,2.47195199413
T[C>T]C,3.19588557762,1.45071067647,3.48351527961,1.81911570944,3.5309319425,4.69795179911,3.67526841427
T[C>T]G,1.26452468012,1.05351508385,1.37833190133,0.70581517388,2.72141214033,1.85885127977,1.45420338214
T[C>T]T,1.90428193066,1.30369995269,2.07566730442,2.1377116317,2.03421175207,2.79929443807,2.18992422026
A[T>A]A,2.08383455991,0.238028640985,2.2713796703,0.320378241842,0.654749107009,3.06323680307,2.3964097439
A[T>A]C,0.895704674721,0.258940025111,0.976318095446,0.310712713341,0.593048242679,1.31668587184,1.03006037593
A[T>A]G,2.67260814915,0.280645557473,2.91314288257,0.278612885868,0.733792396957,3.92873397925,3.07349937152
A[T>A]T,1.22348143543,0.437797018632,1.33359476462,0.415019714385,0.788558144563,1.79851771008,1.40700365074
C[T>A]A,3.19885186113,0.200502647422,3.48674852863,0.261324968756,0.771179990629,4.70231223586,3.6786796403
C[T>A]C,2.42042439719,0.498544348727,2.63826259293,0.423554685986,1.03103367852,3.55802386386,2.78348805677
C[T>A]G,7.48396381267,0.317416588871,8.15752055581,0.381562737944,1.91043532501,11.0014268046,8.60655838457
C[T>A]T,2.84182413481,0.822394952226,3.09758830695,0.529708698862,1.76081650326,4.17748147817,3.26809775503
G[T>A]A,1.99202697828,0.132212956998,2.17130940632,0.157474571661,0.668623115976,2.92827965807,2.29083102502
G[T>A]C,0.62543562577,0.147805572315,0.68172483209,0.214042854749,0.528373129892,0.919390369882,0.719250969636
G[T>A]G,1.98348601745,0.181620480366,2.16199975902,0.24775206623,0.752869294464,2.91572444566,2.28100892007
G[T>A]T,0.883020928821,0.327350535157,0.962492812415,0.277593959247,0.55812180792,1.29804076537,1.01547406814
T[T>A]A,1.81293187586,0.380838681307,1.97609574469,0.343030439416,0.606959367976,2.66500985751,2.08487165724
T[T>A]C,1.30641198236,0.28274692308,1.42398906077,0.299941713141,0.674622321403,1.92042561407,1.50237377971
T[T>A]G,2.58816937974,0.266831570358,2.82110462392,0.289272726873,0.776242070814,3.80460898822,2.97639478671
T[T>A]T,1.63665270543,0.549625700107,1.78395144892,0.517244291038,0.706922412586,2.40587947698,1.88215061124
A[T>C]A,1.86688943312,0.767270644907,2.0349094821,0.67223112121,1.61971517896,2.74432746668,2.14692284808
A[T>C]C,0.586544802993,0.443412826873,0.639333835262,0.420296490898,1.21734552121,0.8622208604,0.674526523442
A[T>C]G,1.07983911891,0.639287995872,1.17702463961,0.633360475151,2.25114537607,1.5873635048,1.24181498675
A[T>C]T,1.32550605234,0.791311824158,1.44480159705,0.729103585533,1.15183043813,1.94849389694,1.52433196019
C[T>C]A,0.597060349465,0.457669839825,0.650795780917,0.392062195184,1.07229733762,0.877678713714,0.686619401885
C[T>C]C,0.727376089432,1.11141546819,0.792839937481,0.570217554215,2.12246036684,1.06924285147,0.836482502847
C[T>C]G,0.735760100178,0.84111167979,0.801978509195,0.512359393709,2.97778866275,1.08156734726,0.846124115205
C[T>C]T,0.829343064366,2.10797895621,0.903983940159,0.577943481833,3.5496862127,1.21913430462,0.953744524021
G[T>C]A,0.881406124308,0.306558760871,0.960732675496,0.590533934816,1.71368418829,1.29566700273,1.01361704295
G[T>C]C,0.589651208095,0.47542156306,0.642719816824,0.45373975875,1.46413919488,0.8667872759,0.678098889309
G[T>C]G,0.662185865569,0.435324874476,0.72178259347,0.472631799858,1.76087240262,0.973413222387,0.761513745405
G[T>C]T,0.784816834792,0.61105665232,0.855450349924,0.585987334263,1.64501148501,1.15368074714,0.902539360011
T[T>C]A,0.765090942725,0.358529297151,0.83394912757,0.511523551901,1.18374436204,1.12468368581,0.879854584134
T[T>C]C,0.609752321661,0.536756592442,0.664630030611,0.516839195986,1.240247024,0.896335912842,0.70121516991
T[T>C]G,0.483808690485,0.40524035862,0.527351472629,0.338717903325,1.18351153636,0.711198775013,0.556379994058
T[T>C]T,0.632358088316,0.564699458473,0.689270316264,0.592777918206,1.0685957525,0.929566389824,0.727211801563
A[T>G]A,0.22005107688,0.304150345922,0.239855673799,0.281893000031,0.100374726375,0.323475083013,0.253058738412
A[T>G]C,0.0943967855564,0.217160352644,0.102892496257,0.103354147357,0.255962644114,0.138763274768,0.10855630339
A[T>G]G,0.374762497719,0.197492258024,0.408491122513,0.307927676411,0.304024907273,0.550900871646,0.430976872376
A[T>G]T,0.266547046058,0.930302160411,0.290536280204,0.425069648692,0.931241244269,0.391824157706,0.306529102967
C[T>G]A,0.116822344244,0.182103487599,0.127336355226,0.205924842313,0.0467555144854,0.171728846039,0.134345695881
C[T>G]C,0.269069633238,0.519409293239,0.293285900229,0.250083929753,0.848339890327,0.39553236086,0.309430078224
C[T>G]G,0.519376625714,0.461625306156,0.566120522028,0.40708104655,0.887676463514,0.763483639799,0.597283119571
C[T>G]T,0.535642733853,5.02193735024,0.5838505799,0.729663758105,7.12779307593,0.787394818764,0.615989143931
G[T>G]A,0.0818308311937,0.0648641428347,0.0891956060012,0.15678162853,0.0525372499141,0.120291321855,0.0941054558728
G[T>G]C,0.118189494011,0.173459454604,0.128826548472,0.134867782871,0.34051340944,0.173738556196,0.135917918112
G[T>G]G,0.472608591136,0.318192045455,0.515143364338,0.509417568335,0.452232087314,0.69473462897,0.543499879807
G[T>G]T,0.331154844952,1.3592592444,0.360958780998,0.396919197832,1.9998232521,0.486797622079,0.380828071695
T[T>G]A,0.246137107349,0.440807786203,0.26828944701,0.476192121316,0.064293902777,0.361821547802,0.283057673451
T[T>G]C,0.233068246354,0.370306731111,0.254044388526,0.260352894106,0.329150864271,0.34261032214,0.268028483307
T[T>G]G,0.427504972029,0.235772664115,0.465980419511,0.376014852791,0.32834919504,0.628432308882,0.491630717833
T[T>G]T,0.550024398186,1.94244191095,0.599526594023,0.986729664964,1.77006968551,0.808535865333,0.632528057914
