,1,3,2,5,4,7,6
A[C>A]A,0.303382622281,0.256477180722,2.08727244129,1.40569799156,0.559676052194,0.785301164033,0.74189616221
A[C>A]C,0.198502168098,0.15746727387,1.36569491652,1.14929599121,0.457590070575,0.615012724273,0.60657288425
A[C>A]G,0.0404674982396,0.0516237719765,0.278416387889,0.168913888963,0.0672527520871,0.144449345061,0.0891489969527
A[C>A]T,0.189767238581,0.260221909148,1.30559860143,1.08967082449,0.433850420862,0.903620958988,0.575104046259
C[C>A]A,0.363264598297,0.423355028638,2.49926043628,1.42931996796,0.569081098354,1.30863181497,0.754363316422
C[C>A]C,0.27530804929,0.259966611183,1.89411937912,1.18097305955,0.470202236671,1.3292513779,0.623291336983
C[C>A]G,0.069741131799,0.0980701151919,0.479818986777,0.236992005468,0.094357928103,0.398640112923,0.125079113997
C[C>A]T,0.36493923632,0.79365410927,2.51078194588,1.76877781987,0.704235613466,3.21233154829,0.933521627152
G[C>A]A,0.25127038875,0.497764924592,1.7287402746,1.22268206215,0.486808598821,0.766620667446,0.645304421692
G[C>A]C,0.180831077923,0.317904921036,1.24411781611,1.19039864138,0.473955014625,0.849422279751,0.628265949619
G[C>A]G,0.0652069370497,0.0548505869906,0.448623726902,0.218822371918,0.0871237221524,0.163911880815,0.115489585179
G[C>A]T,0.185703738647,0.645573494395,1.27764172189,1.12027510478,0.446035458384,1.37635032047,0.5912563053
T[C>A]A,0.386395738933,0.306582297139,2.65840268386,1.37288256594,0.546610651253,2.66437840206,0.7245769098
T[C>A]C,0.321867705729,0.323952162223,2.21444981542,0.978131163754,0.389441111494,1.4489659671,0.516235891981
T[C>A]G,0.0737449808178,0.0761678018007,0.507365468026,0.17805491578,0.0708922349867,0.259416434109,0.093973427773
T[C>A]T,0.409412492178,0.6570603708,2.81675794619,2.42160412365,0.964157197377,9.4605725438,1.27806884304
A[C>G]A,0.0950431201008,0.0749148157149,0.653896666294,0.47644123782,0.18969419654,0.443013431718,0.251455097739
A[C>G]C,0.0486432570322,0.0411026803871,0.334665608382,0.273325263292,0.108823947422,0.206498565924,0.144255000071
A[C>G]G,0.0035530632408,0.0580683643259,0.0244450750967,0.0478603916319,0.0190555262979,0.030948105096,0.0252596511391
A[C>G]T,0.123761047483,0.0681071295277,0.851476006681,0.481364103261,0.191654226298,0.38965610748,0.254053276721
C[C>G]A,0.0815437066403,0.0609551378652,0.561020701685,0.384044518221,0.152906613736,0.308789223154,0.202690162394
C[C>G]C,0.0819391628988,0.0528146919098,0.563741440744,0.321229268282,0.127896838298,0.20105355787,0.169537669371
C[C>G]G,0.0415212358139,0.0516392520022,0.2856661024,0.0839874714899,0.0334394562413,0.043977122436,0.0443267210641
C[C>G]T,0.134135107418,0.0559760617374,0.922849539034,0.45104727886,0.179583638805,0.366258022108,0.238052730509
G[C>G]A,0.0545123065724,0.11393880077,0.375044669218,0.236125702492,0.0940130111772,0.173416310154,0.124621898537
G[C>G]C,0.0565281837292,0.102317076231,0.388913904057,0.284128661703,0.113125300493,0.252313989191,0.149956793677
G[C>G]G,0.00333367867959,0.0204688266757,0.0229357093156,0.0303472174863,0.0120826884436,0.0136620965651,0.0160165870067
G[C>G]T,0.0578396037028,0.0470237869577,0.397936473475,0.401367884254,0.159803879842,0.280092442889,0.211833050023
T[C>G]A,0.852182037953,0.0991391250739,5.86301242112,0.343603247458,0.136804996673,6.05530721992,0.18134615838
T[C>G]C,0.272699211072,0.077517180097,1.87617057217,0.359639893928,0.143189957768,1.5807997849,0.189809944018
T[C>G]G,0.0299313936604,0.0304059026176,0.205927988383,0.023153637122,0.009218577743,0.224715109397,0.0122199751477
T[C>G]T,1.14446485637,0.14357196963,7.8739182118,0.629604024968,0.250675676608,7.18633622048,0.332291013178
A[C>T]A,0.339138404227,1.11016028239,2.33327222108,1.6583592539,0.660272665906,1.93919464636,0.875245161782
A[C>T]C,0.426761502249,1.08650914811,2.93611913547,1.5745084526,0.626887624647,1.76248235002,0.830990572207
A[C>T]G,0.183175278805,0.640767515312,1.26024591818,2.06729643042,0.823090245445,3.0771095315,1.09107311606
A[C>T]T,0.360067858026,0.640935577234,2.47726686322,1.51449550285,0.602993579837,1.32485837472,0.799317070947
C[C>T]A,0.425916123784,1.15346447246,2.93030293163,1.459453057,0.581078531955,2.80663543984,0.770266891196
C[C>T]C,0.562236455973,1.24449371268,3.86818681709,1.83108157247,0.729041737185,3.21122910801,0.966404163246
C[C>T]G,0.187775235687,0.522753107505,1.29189362153,1.75124715039,0.697255809878,3.20114357306,0.924269329373
C[C>T]T,0.56060015924,0.923757960966,3.85692909557,1.7604830581,0.700933069427,3.24582850747,0.929143836217
G[C>T]A,0.353922026949,1.05730877042,2.43498354541,1.71154402276,0.681448083136,2.88607103649,0.903314900901
G[C>T]C,0.495216332778,1.32660185619,3.40708836951,2.55581491767,1.01759297648,4.07384914902,1.34890231766
G[C>T]G,0.092902157316,0.914045013827,0.639166842334,2.48389453659,0.988958009937,4.29953652559,1.31094433875
G[C>T]T,0.397646231387,0.825604267522,2.73580607194,1.79820999084,0.715953977834,3.28070368344,0.949055272943
T[C>T]A,0.790676097647,1.58141034892,5.43985155181,1.44064074027,0.573588442884,5.39944356952,0.760338168474
T[C>T]C,0.667705528785,1.66065544099,4.59381403804,2.12693860071,0.846836665098,6.16163796222,1.12255092815
T[C>T]G,0.165208563269,0.368815146364,1.13663491529,1.39757895414,0.556443472482,8.01322413132,0.737611114685
T[C>T]T,0.674369371451,1.14005405145,4.63966127558,1.86615193284,0.743004936221,3.8665461908,0.984913520108
A[T>A]A,0.170997369303,0.727403085107,1.17646190081,2.95544816343,1.17670621322,0.777118832347,1.55981986403
A[T>A]C,0.156530175422,0.207378346251,1.07692760691,0.706352213642,0.281232825802,0.729804613627,0.372797001644
A[T>A]G,0.168852920345,0.308579677541,1.16170809197,0.924884480566,0.368241043188,0.617171804179,0.488133475854
A[T>A]T,0.178064263778,0.287677831827,1.2250821348,1.12514931649,0.447976116751,0.935759865917,0.593828805926
C[T>A]A,0.140361766839,1.26970418026,0.965688955856,5.65073206681,2.24982850808,0.607173016825,2.98233081304
C[T>A]C,0.244995299707,0.35715542785,1.68556766198,1.07788304465,0.429157138149,1.0532222156,0.568882718011
C[T>A]G,0.327511538311,0.738665333874,2.25327938358,1.87991607191,0.748485102706,1.36142492529,0.992177926843
C[T>A]T,0.223352972463,0.314669610807,1.53666845055,1.38515273063,0.551495994601,0.92644385444,0.731052830052
G[T>A]A,0.0925453706064,0.566200740277,0.636712149772,2.14613880033,0.85448118902,0.451893950144,1.13268436684
G[T>A]C,0.093978042106,0.143106870488,0.646568929689,0.440701961991,0.175464670052,0.471554698636,0.232592702162
G[T>A]G,0.123877344954,0.272581243366,0.852276133282,0.653858496293,0.26033254945,0.529690025191,0.345091984154
G[T>A]T,0.093535403732,0.193856073585,0.643523577676,0.610595867168,0.24310761378,0.445161420509,0.322258929894
T[T>A]A,0.16829451341,0.45965449663,1.15786625226,1.75146341018,0.697341913313,0.796556468755,0.924383466485
T[T>A]C,0.170589947103,0.291719746098,1.17365883607,0.63880022724,0.254337127512,0.931921958952,0.337144564377
T[T>A]G,0.135104432644,0.269291074793,0.929518496593,0.876961323187,0.349160526825,0.683340757354,0.462840698349
T[T>A]T,0.179340180896,0.224759416094,1.23386044456,1.0884093842,0.433348180747,1.08991822013,0.574438286106
A[T>C]A,1.02990957852,0.749112840243,7.08577790024,2.2221657808,0.884751190502,2.84730936032,1.17280971764
A[T>C]C,0.334108522643,0.536674760345,2.29866663578,0.94014977318,0.374318891173,1.98730582404,0.496190158067
A[T>C]G,0.646421780721,0.812872301838,4.44738185136,1.68377129984,0.670390424938,3.15058531605,0.888657074918
A[T>C]T,0.705850926133,0.457470926629,4.85625437179,1.81982610558,0.72456039389,1.77385343635,0.960463777947
C[T>C]A,0.298727704091,0.460889339242,2.05524660414,1.03157999037,0.410721662832,2.03881278804,0.544444994917
C[T>C]C,0.380066528653,0.511727691178,2.61485771714,1.18343359556,0.471181894528,2.53327609516,0.624589953212
C[T>C]G,0.472025766894,0.60721073965,3.24753727623,1.49253361386,0.594249494407,3.20642140011,0.787726073982
C[T>C]T,0.463804664762,0.453995990509,3.19097609356,1.79861836704,0.716116572061,2.10037688408,0.949270804826
G[T>C]A,0.458580558032,0.913457312804,3.15503423926,1.6832073839,0.670165902848,3.80240319691,0.888359452612
G[T>C]C,0.249794584662,0.560920311632,1.71858674247,1.05964318824,0.421894973097,2.18434406449,0.559256127129
G[T>C]G,0.394108435538,0.691023496049,2.7114660365,1.13934341224,0.453627469687,2.91138592874,0.601320134236
G[T>C]T,0.365946151605,0.732009158125,2.51770952304,1.36078612735,0.54179447663,3.0234334449,0.718192678323
T[T>C]A,0.448693393054,0.623567005646,3.08701054421,1.05461048619,0.419891212094,2.88859198093,0.556599978822
T[T>C]C,0.352832153634,0.604403264959,2.427485217,1.09593954159,0.436346298967,2.52331135147,0.57841253584
T[T>C]G,0.324938627851,0.465008529085,2.23557775962,0.763392052829,0.303943132145,2.23288749397,0.402901361215
T[T>C]T,0.336213075819,0.50815916207,2.31314596164,1.23075630065,0.490023341924,2.67534818865,0.649565825341
A[T>G]A,0.0723377615711,0.125741473352,0.497683799609,0.701365786913,0.279247489234,0.57747168936,0.370165276426
A[T>G]C,0.0574651630038,0.0564131550183,0.395360321466,0.231397020281,0.0921302951118,0.463999808573,0.122126205148
A[T>G]G,0.0925530373982,0.122866813694,0.6367648973,0.380208249274,0.151379210359,0.370407096955,0.200665464895
A[T>G]T,0.11131935515,0.183990508755,0.765877163429,0.726969390858,0.28944151673,1.81895196793,0.383678289619
C[T>G]A,0.0093003345615,0.0898444045938,0.0639863017831,0.416117428873,0.165676383718,0.500756208479,0.219617531905
C[T>G]C,0.131727689298,0.150593295579,0.906286502368,0.454858672455,0.181101138107,0.871684108473,0.240064299351
C[T>G]G,0.138212500402,0.201378154946,0.950902002766,0.656513705041,0.261389715896,0.895414386412,0.346493344327
C[T>G]T,0.332989003075,0.296252478397,2.29096434115,2.72021834295,1.08304989581,3.00102739037,1.43567079211
G[T>G]A,0.00390189148273,0.0559230334211,0.0268450134012,0.155768914754,0.0620191049483,0.130678292743,0.0822113716757
G[T>G]C,0.0470484259492,0.040428068052,0.32369317053,0.166430788396,0.0662641101947,0.148421338246,0.0878384716534
G[T>G]G,0.0384149533092,0.121525124343,0.264294878767,0.420686044302,0.167495369491,0.347645647807,0.222028745604
G[T>G]T,0.0963204375704,0.182969383618,0.662684610484,0.974758390016,0.388098247877,0.957918217242,0.514455816953
T[T>G]A,0.0879086696011,0.178519854086,0.604811646855,0.969423422386,0.385974140395,0.992941453563,0.511640139593
T[T>G]C,0.0972542138855,0.104995299313,0.669108991533,0.394077655807,0.156901288886,0.883079327443,0.207985429454
T[T>G]G,0.0767219828334,0.149687683825,0.527847241894,0.469542591677,0.186947513353,0.490853969417,0.247814145607
T[T>G]T,0.231816683807,0.141975251293,1.59489878459,1.73199854385,0.689592012831,5.26773708425,0.91411034259
