,1,3,2,5,4,7,6
A[C>A]A,1.31217944172,0.554742528209,0.330711891817,2.29284533643,1.82553885655,0.410014074732,1.25932894382
A[C>A]C,1.1038438395,0.466665688242,0.278204544913,1.8217071606,1.49446872142,0.335656076468,1.03094366344
A[C>A]G,0.285173982126,0.120561358297,0.0718731174464,0.288846794581,0.569297695944,0.127863653634,0.39272407902
A[C>A]T,1.25862175867,0.532100255696,0.317213613973,1.53655719936,1.9873564219,0.446358126843,1.37095710388
C[C>A]A,1.46281971882,0.618427848607,0.368678140515,2.11781222809,2.51019884074,0.563787974926,1.73163449442
C[C>A]C,1.39535135331,0.589904637173,0.351673918314,1.66324174623,1.95266352284,0.438566138819,1.34702456923
C[C>A]G,0.426133942845,0.180154187219,0.107399611611,0.319167292884,0.568776830024,0.127746667706,0.392364765097
C[C>A]T,4.33334433627,1.83198297143,1.09214369451,2.56895803466,4.43640791783,0.996412473523,3.06040974011
G[C>A]A,1.31646347958,0.556553666164,0.331791608674,1.96946546325,1.98875879634,0.446673098643,1.37192451726
G[C>A]C,1.47263739698,0.622578411732,0.371152514687,1.67010301531,3.05422220579,0.685975040874,2.10692333983
G[C>A]G,0.301125162685,0.127304946826,0.075893333685,0.262111582957,0.993748634148,0.223194880397,0.685527132648
G[C>A]T,2.70715493705,1.14448826607,0.682291081695,1.77286214087,3.34637547166,0.751592351924,2.30846222377
T[C>A]A,1.05416860962,0.445664778049,0.265684771529,2.50154377208,2.6396845319,0.592870322673,1.82095884821
T[C>A]C,1.32508502869,0.560198548714,0.333964519425,1.48727415942,2.95541197829,0.663782369455,2.03876013475
T[C>A]G,0.262147838792,0.110826728595,0.0660697805084,0.306311841252,0.514704814461,0.115602150842,0.355063749013
T[C>A]T,2.30196903091,0.973190159409,0.580171056571,3.3628457101,8.75165941515,1.96561334458,6.03724098692
A[C>G]A,0.372777303538,0.157596908813,0.0939520033307,0.562987400799,1.00401968489,0.225501747407,0.692612509894
A[C>G]C,0.154410645209,0.0652792971614,0.038916504077,0.30980036547,0.596004198678,0.133861905585,0.411147281441
A[C>G]G,0.00555184438465,0.00234712120327,0.00139924533272,0.0563099745948,0.146874384327,0.0329878296349,0.10131976245
A[C>G]T,0.324004028497,0.13697731286,0.0816595518975,0.537593960275,0.88550897948,0.198884369723,0.610859135577
C[C>G]A,0.165735403566,0.0700669998816,0.0417707114679,0.325979902282,0.885543271114,0.198892071587,0.610882791303
C[C>G]C,0.137389085417,0.0580831905827,0.0346265174628,0.319023186574,0.759564633436,0.170597404301,0.523977741782
C[C>G]G,0.0380620935094,0.0160912915649,0.00959288535603,0.0845263376597,0.196894018638,0.0442221860042,0.135825285584
C[C>G]T,0.130400560899,0.0551286924127,0.0328651820153,0.47496046709,0.908114059327,0.20396144648,0.626453014188
G[C>G]A,0.109001206838,0.0460818110211,0.027471848878,0.235556466218,0.519551720842,0.116690760831,0.358407336837
G[C>G]C,0.145374683938,0.0614592159739,0.0366391479845,0.308740504504,0.587569611723,0.131967506376,0.405328769584
G[C>G]G,0.00391522214938,0.00165521586803,0.00098676330594,0.0220613329751,0.165045405425,0.0370690215392,0.11385485187
G[C>G]T,0.149928352991,0.0633843443539,0.0377868206725,0.414726815924,0.655939433491,0.147323295223,0.452492978184
T[C>G]A,2.29970920255,0.972234784819,0.579601506334,1.34056815125,2.38222128049,0.535044351768,1.643350509
T[C>G]C,0.619390180299,0.261856011184,0.156106468206,0.325058148521,1.1458774566,0.257362851214,0.790471614443
T[C>G]G,0.0886551523778,0.0374802270215,0.0223439814936,0.0638809771839,0.174850918513,0.0392713292917,0.120619082825
T[C>G]T,2.91278803517,1.23142258398,0.734117309678,2.40037980764,3.44778587218,0.774369019421,2.37841913108
A[C>T]A,2.09665506749,0.886390760239,0.528425260912,2.42778184985,2.70978275616,0.60861430887,1.86931537724
A[C>T]C,1.94486086496,0.822217601448,0.490168185479,1.89167574635,2.07842390285,0.466811785668,1.43377905598
A[C>T]G,4.40979859724,1.86430509802,1.11141265459,4.55870960361,6.30301386121,1.41565017204,4.34806838554
A[C>T]T,1.6666998894,0.704621091452,0.42006257375,1.73060026062,1.96418971771,0.441154909861,1.35497579457
C[C>T]A,1.79883257505,0.760482064247,0.453364307532,2.66987751737,2.71546055012,0.60988953532,1.8732321442
C[C>T]C,2.65555088971,1.12267192085,0.669285183585,2.86380227733,2.46876241704,0.554481398479,1.70305000961
C[C>T]G,3.29705773047,1.39387806492,0.830965769469,2.97746123308,3.97949042955,0.893789294338,2.74520997547
C[C>T]T,3.27440152702,1.38429983256,0.825255669412,3.13569738278,3.07100320966,0.689744036394,2.11849954035
G[C>T]A,3.50329775236,1.48106896848,0.882944961976,2.40049214395,3.5549641443,0.798441144709,2.45235494446
G[C>T]C,4.56774929846,1.93108100423,1.1512213679,3.4654150755,4.49874071247,1.01041235253,3.10340936849
G[C>T]G,5.34596717269,2.26008368277,1.34735758011,3.74237720598,6.48243815131,1.45594867569,4.47184236106
G[C>T]T,4.18108509073,1.76761320909,1.05376941311,2.75908074675,3.91809872106,0.88000078227,2.70285954554
T[C>T]A,2.27155561359,0.960332454526,0.572505886352,13.3206920483,6.73705837021,1.51313610454,4.64748946394
T[C>T]C,2.09127722342,0.884117200145,0.527069869317,4.78761072955,4.82543479748,1.08378749462,3.32877587634
T[C>T]G,1.67339023755,0.707449531322,0.421748759057,3.55372578758,7.30786128211,1.64133782807,5.04125190049
T[C>T]T,1.98691844885,0.839998043418,0.500768064345,8.13445940938,5.05643014654,1.13566880297,3.48812560911
A[T>A]A,0.368792038685,0.155912081395,0.0929475869857,1.45117046775,3.53088632132,0.793033291419,2.43574510936
A[T>A]C,0.676632373121,0.28605596262,0.170533362331,0.854672765887,0.802548112257,0.180251447673,0.553629446423
A[T>A]G,0.305710622931,0.129243515386,0.0770490187876,1.44934059705,0.604081769453,0.135676119342,0.416719509408
A[T>A]T,0.56275143611,0.237911176242,0.14183166276,1.83883157265,0.845048377563,0.189796961806,0.58294781126
C[T>A]A,0.320205370787,0.135371376268,0.0807021666211,1.44487385302,7.19317851983,1.61558020231,4.96213919282
C[T>A]C,0.741163886577,0.313337578065,0.186797402308,1.48518644177,0.920766090474,0.206803079144,0.635180885942
C[T>A]G,0.669408417572,0.283001932632,0.168712690608,2.85997045474,1.37553404027,0.308943474285,0.948897813876
C[T>A]T,0.589663234874,0.249288522061,0.148614311228,1.7037460055,1.11130402103,0.249597694563,0.766621490443
G[T>A]A,0.323445089715,0.136741013538,0.0815186811477,0.901191303927,2.74332140574,0.616147053695,1.89245166492
G[T>A]C,0.367183762262,0.155232159655,0.0925422490253,0.546938439233,0.519351504598,0.116645792476,0.358269219749
G[T>A]G,0.362662320783,0.153320655941,0.091402698734,0.924617282708,0.715948879132,0.160801352532,0.493889868492
G[T>A]T,0.375433077042,0.158719674847,0.0946213446204,0.820210329746,0.578264308478,0.12987754522,0.398909603175
T[T>A]A,0.368909392126,0.155961694232,0.0929771638691,1.7698712164,1.67070347626,0.375238213919,1.15251737132
T[T>A]C,0.576232948772,0.24361067753,0.145229442373,0.923064957632,0.693749246269,0.155815338734,0.478575683255
T[T>A]G,0.289240060097,0.12228035061,0.0728979013253,1.50767180803,0.571111071813,0.128270935915,0.393975017454
T[T>A]T,0.650352622214,0.274945824026,0.163910010477,1.66335936381,0.836611412127,0.187902028392,0.577127658633
A[T>C]A,1.89944054327,0.803015514228,0.478720787328,3.04956678573,3.01564126502,0.677309802838,2.08030868015
A[T>C]C,1.21637565631,0.514240114861,0.306566222321,1.39723764571,1.4119429477,0.317120875954,0.974014119
A[T>C]G,2.04620541246,0.865062450797,0.515710307206,2.44437498608,2.3950030866,0.53791513175,1.65216790466
A[T>C]T,1.27946203663,0.540910779713,0.322466041752,2.47564305448,2.3737259912,0.533136318879,1.63749012227
C[T>C]A,1.26101819195,0.533113381964,0.317817593094,1.40776494312,1.43442433182,0.322170170784,0.989522667407
C[T>C]C,1.6948880278,0.716538028014,0.427166901316,1.58921341909,1.5072271852,0.338521613788,1.03974495663
C[T>C]G,2.01265493729,0.850878510072,0.507254496389,2.17947681115,1.82142438914,0.409089969754,1.25649062139
C[T>C]T,1.13611007726,0.480306699331,0.286336686139,2.03021939059,1.4644434303,0.328912428196,1.01023102946
G[T>C]A,2.91894592289,1.23402591862,0.735669297638,1.61034485932,3.30480339703,0.742255308424,2.27978416159
G[T>C]C,1.74931070691,0.739545989913,0.440883186294,1.37086370784,2.09321649152,0.470134185262,1.44398356902
G[T>C]G,2.1864648643,0.924359129623,0.551060250352,1.44195563955,1.92910838079,0.433275679107,1.33077530011
G[T>C]T,2.25017139526,0.95129197198,0.567116367911,1.5807027815,2.58481179754,0.580545965224,1.78310546462
T[T>C]A,1.80616944942,0.763583832276,0.455213438472,1.65933564285,1.59839324554,0.358997413436,1.1026349127
T[T>C]C,1.55170202978,0.656004110149,0.391079373358,1.51497799984,1.76694211002,0.396853308132,1.21890658926
T[T>C]G,1.36029973834,0.57508606824,0.342839771451,1.22993881422,1.22558332153,0.27526470323,0.845455874208
T[T>C]T,1.43215883499,0.605465523737,0.36095060069,2.06111450579,1.50256089147,0.337473569207,1.03652596257
A[T>G]A,0.170502352931,0.0720822955482,0.0429721377306,1.44439835881,0.218969218245,0.0491802522261,0.151053631837
A[T>G]C,0.329553215964,0.139323310814,0.0830581276006,0.350831621865,0.284604730052,0.0639219179797,0.196331605223
A[T>G]G,0.260229637499,0.110015781707,0.0655863314023,0.547272779832,0.446130512482,0.100200435959,0.307758481873
A[T>G]T,1.3431407861,0.567831877052,0.338515157473,1.28102983097,0.729921318733,0.163939547523,0.503528610249
C[T>G]A,0.155893813219,0.0659063275398,0.0392903106487,0.925556856111,0.0935839537506,0.0210188559226,0.0645579146194
C[T>G]C,0.6590074011,0.278604754937,0.166091296212,0.660318986479,0.481735719818,0.108197327446,0.332320362869
C[T>G]G,0.516220827452,0.218239699411,0.130104436187,1.01574494668,0.638943090144,0.143505934685,0.440768227961
C[T>G]T,1.98936760229,0.841033457878,0.501385330658,2.74933027432,1.19813385381,0.26909958214,0.826520145144
G[T>G]A,0.0321497076153,0.0135917463089,0.00810277183801,0.300526077245,0.132979587261,0.0298670730747,0.0917345815866
G[T>G]C,0.0835858483941,0.0353371066382,0.0210663520343,0.118486534186,0.26934539002,0.0604946865286,0.185805108624
G[T>G]G,0.284697855439,0.120360068966,0.0717531180376,0.48649194564,0.689703528371,0.154906674821,0.475784786951
G[T>G]T,0.742532733691,0.313916277658,0.187142396296,1.22084182729,0.643256977678,0.144474829211,0.443744118291
T[T>G]A,0.243674186934,0.103016729435,0.0614138194711,2.02860070898,0.369497284953,0.0829886950162,0.254893848978
T[T>G]C,0.539361278631,0.228022654381,0.135936582419,0.591641390741,0.505222749863,0.113472489274,0.348522645628
T[T>G]G,0.291116889202,0.123073806817,0.0733709232948,0.672243675887,0.56893225523,0.127781576041,0.392471983555
T[T>G]T,3.26939054716,1.38218136953,0.823992739528,3.27597004318,1.86558625646,0.419008677922,1.28695522505
