,1,3,2,5,4,7,6
A[C>A]A,2.74748963219,1.10923494467,2.7304244792,0.61434550782,2.7304244792,1.96249259442,1.09216979168
A[C>A]C,2.27316652053,0.917738036237,2.25904747381,0.508285681608,2.25904747381,1.6236903718,0.903618989526
A[C>A]G,0.369691980756,0.149254526392,0.367395757273,0.0826640453865,0.367395757273,0.26406570054,0.146958302909
A[C>A]T,2.14199878764,0.864782119232,2.12869444734,0.478956250652,2.12869444734,1.52999913403,0.851477778937
C[C>A]A,2.68983383597,1.08595775986,2.67312679351,0.601453528539,2.67312679351,1.92130988283,1.0692507174
C[C>A]C,2.25630961064,0.910932451501,2.24229526523,0.504516434677,2.24229526523,1.61164972189,0.896918106093
C[C>A]G,0.265595489383,0.107227992608,0.263945827959,0.0593878112907,0.263945827959,0.189711063845,0.105578331183
C[C>A]T,2.35407595205,0.950403334678,2.33945436228,0.526377231514,2.33945436228,1.68148282289,0.935781744914
G[C>A]A,1.98534987233,0.801538768332,1.97301850666,0.443929163999,1.97301850666,1.41810705166,0.789207402665
G[C>A]C,1.64930638632,0.665869037956,1.63906224728,0.368789005637,1.63906224728,1.17807599023,0.655624898911
G[C>A]G,0.393297599443,0.158784745117,0.390854757211,0.0879423203724,0.390854757211,0.280926856745,0.156341902884
G[C>A]T,1.67936164873,0.678003150108,1.66893083103,0.375509436983,1.66893083103,1.19954403481,0.667572332414
T[C>A]A,2.4341761702,0.982741932069,2.41905706355,0.5442878393,2.41905706355,1.73869726443,0.967622825421
T[C>A]C,2.00171253996,0.808144814269,1.98927954282,0.447587897133,1.98927954282,1.4297946714,0.795711817126
T[C>A]G,0.343096632938,0.138517274168,0.340965597951,0.076717259539,0.340965597951,0.245069023527,0.13638623918
T[C>A]T,3.24865704889,1.31156961601,3.2284790548,0.726407787329,3.2284790548,2.32046932063,1.29139162192
A[C>G]A,0.827374108808,0.334033025295,0.822235139188,0.185002906317,0.822235139188,0.590981506292,0.328894055675
A[C>G]C,0.426450434863,0.172169430224,0.423801674398,0.0953553767396,0.423801674398,0.304607453474,0.169520669759
A[C>G]G,0.0878653713316,0.0354735971215,0.0873196236836,0.0196469153288,0.0873196236836,0.0627609795226,0.0349278494734
A[C>G]T,0.845484799632,0.341344794882,0.840233341249,0.189052501781,0.840233341249,0.603917714023,0.3360933365
C[C>G]A,0.642268213791,0.259300831655,0.638278970227,0.143612768301,0.638278970227,0.458763009851,0.255311588091
C[C>G]C,0.643016711755,0.259603020274,0.639022819135,0.143780134305,0.639022819135,0.459297651253,0.255609127654
C[C>G]G,0.212605120797,0.085834365539,0.211284592096,0.0475390332216,0.211284592096,0.151860800569,0.0845138368384
C[C>G]T,0.907898037049,0.366542685765,0.902258918806,0.203008256731,0.902258918806,0.648498597892,0.360903567523
G[C>G]A,0.408224794684,0.164811252512,0.405689236953,0.0912800783145,0.405689236953,0.29158913906,0.162275694781
G[C>G]C,0.425321109131,0.171713491264,0.422679363111,0.0951028567001,0.422679363111,0.303800792236,0.169071745245
G[C>G]G,0.0953764616845,0.0385060249037,0.0947840613014,0.0213264137928,0.0947840613014,0.0681260440604,0.0379136245206
G[C>G]T,0.566719306831,0.228799720149,0.563199311136,0.126719845006,0.563199311136,0.404799504879,0.225279724455
T[C>G]A,0.471243578857,0.190253618793,0.468316600106,0.105371235024,0.468316600106,0.336602556326,0.187326640042
T[C>G]C,0.630786882907,0.254665511733,0.626868951958,0.14104551419,0.626868951958,0.45056205922,0.250747580783
T[C>G]G,0.0626101606587,0.0252773940548,0.0622212776733,0.0139997874765,0.0622212776733,0.0447215433277,0.0248885110693
T[C>G]T,1.02025956511,0.411906035604,1.01392254918,0.228132573565,1.01392254918,0.728756832222,0.405569019672
A[C>T]A,1.83974800938,0.742755407515,1.82832100311,0.411372225701,1.82832100311,1.31410572099,0.731328401245
A[C>T]C,0.879371847275,0.355025901074,0.873909910336,0.196629729826,0.873909910336,0.628122748054,0.349563964134
A[C>T]G,1.61948758157,0.653830390074,1.60942865249,0.36212144681,1.60942865249,1.15677684398,0.643771460995
A[C>T]T,1.53238506538,0.618664777948,1.52286714572,0.342645107787,1.52286714572,1.09456076098,0.609146858287
C[C>T]A,1.73024122383,0.698544593474,1.71949438393,0.386886236385,1.71949438393,1.23588658845,0.687797753574
C[C>T]C,1.19466474074,0.482318063032,1.18724446285,0.267130004141,1.18724446285,0.853331957672,0.474897785139
C[C>T]G,1.04391516973,0.421456434985,1.03743122458,0.23342202553,1.03743122458,0.745653692666,0.414972489831
C[C>T]T,2.14010065606,0.86401579282,2.1268081054,0.478531823716,2.1268081054,1.52864332576,0.850723242162
G[C>T]A,1.13624757009,0.45873349103,1.12919013176,0.254067779647,1.12919013176,0.811605407206,0.451676052706
G[C>T]C,1.35583707409,0.547387638607,1.3474157258,0.303168538305,1.3474157258,0.968455052919,0.53896629032
G[C>T]G,1.55441085995,0.627557179482,1.54475613411,0.347570130175,1.54475613411,1.11029347139,0.617902453644
G[C>T]T,1.36241902573,0.550044948276,1.35395679576,0.304640279045,1.35395679576,0.97315644695,0.541582718303
T[C>T]A,1.22653212424,0.495183776866,1.21891391229,0.274255630264,1.21891391229,0.876094374456,0.487565564915
T[C>T]C,1.14325995141,0.461564576658,1.13615895793,0.255635765533,1.13615895793,0.81661425101,0.454463583171
T[C>T]G,0.618806579493,0.249828743274,0.614963060366,0.138366688582,0.614963060366,0.442004699638,0.245985224146
T[C>T]T,1.54823039747,0.625061961713,1.5386140596,0.34618816341,1.5386140596,1.10587885534,0.615445623841
A[T>A]A,3.00831887372,1.21453867572,2.98963366332,0.672667574247,2.98963366332,2.14879919551,1.19585346533
A[T>A]C,1.47053096648,0.59369262622,1.46139723377,0.328814377599,1.46139723377,1.05037926177,0.584558893509
A[T>A]G,3.70765556046,1.4968795741,3.68462664394,0.829040994886,3.68462664394,2.64832540033,1.47385065757
A[T>A]T,2.31142907145,0.933185649964,2.29707236914,0.516841283057,2.29707236914,1.65102076532,0.918828947656
C[T>A]A,4.18099375146,1.68797884376,4.15502484617,0.934880590389,4.15502484617,2.98642410819,1.66200993847
C[T>A]C,3.67010345828,1.48171878751,3.64730778463,0.820644251542,3.64730778463,2.6215024702,1.45892311385
C[T>A]G,9.73484992716,3.93021891469,9.67438502078,2.17673662968,9.67438502078,6.95346423369,3.86975400831
C[T>A]T,4.17026067521,1.68364561422,4.14435843499,0.932480647873,4.14435843499,2.97875762515,1.657743374
G[T>A]A,2.63087048776,1.06215268139,2.61452967728,0.588269177388,2.61452967728,1.87919320554,1.04581187091
G[T>A]C,1.02003851654,0.411816792392,1.01370287358,0.228083146555,1.01370287358,0.728598940385,0.405481149432
G[T>A]G,2.70262015313,1.0911199376,2.68583369255,0.604312580824,2.68583369255,1.93044296652,1.07433347702
G[T>A]T,1.43713728467,0.58021070499,1.42821096613,0.321347467379,1.42821096613,1.02652663191,0.571284386452
T[T>A]A,2.87176134652,1.15940675481,2.85392431953,0.642132971894,2.85392431953,2.05125810466,1.14156972781
T[T>A]C,2.02245527288,0.816519209546,2.00989343888,0.452226023749,2.00989343888,1.4446109092,0.803957375553
T[T>A]G,3.56612693924,1.43974068976,3.54397708248,0.797394843557,3.54397708248,2.54723352803,1.41759083299
T[T>A]T,2.85097841835,1.15101613163,2.83327047786,0.637485857519,2.83327047786,2.03641315596,1.13330819114
A[T>C]A,4.23066362185,1.70803189702,4.20438620805,0.945986896811,4.20438620805,3.02190258703,1.68175448322
A[T>C]C,1.31668930335,0.531582637997,1.30851110892,0.294414999506,1.30851110892,0.940492359534,0.523404443567
A[T>C]G,2.30955378722,0.932428547637,2.29520873264,0.516421964845,2.29520873264,1.64968127659,0.918083493058
A[T>C]T,3.15948185571,1.27556720883,3.1398577448,0.70646799258,3.1398577448,2.25677275408,1.25594309792
C[T>C]A,1.52400779768,0.615282651238,1.51454191074,0.340771929916,1.51454191074,1.08857699834,0.605816764296
C[T>C]C,2.00460741796,0.809313553836,1.99215644021,0.448235199048,1.99215644021,1.4318624414,0.796862576085
C[T>C]G,1.95375210475,0.788781905645,1.94161699851,0.436863824665,1.94161699851,1.39553721768,0.776646799404
C[T>C]T,2.05244459928,0.828626701573,2.03969649618,0.45893171164,2.03969649618,1.46603185663,0.815878598472
G[T>C]A,1.59095036531,0.642309153697,1.58106868602,0.355740454355,1.58106868602,1.13639311808,0.632427474409
G[T>C]C,1.14473472003,0.462159980137,1.13762456649,0.25596552746,1.13762456649,0.817667657165,0.455049826596
G[T>C]G,1.32888698712,0.536507168713,1.32063303068,0.297142431903,1.32063303068,0.949204990801,0.528253212272
G[T>C]T,1.40268668739,0.566302078759,1.39397434771,0.313644228236,1.39397434771,1.00191906242,0.557589739085
T[T>C]A,1.72796360823,0.697625059223,1.71723091501,0.386376955877,1.71723091501,1.23425972016,0.686892366004
T[T>C]C,1.64825326275,0.665443863844,1.63801566485,0.368553524591,1.63801566485,1.17732375911,0.655206265939
T[T>C]G,1.1724706072,0.473357698558,1.16518818107,0.26216734074,1.16518818107,0.837479005141,0.466075272426
T[T>C]T,1.85641411813,0.749483960735,1.84488359565,0.415098809022,1.84488359565,1.32601008438,0.737953438262
A[T>G]A,1.00500110205,0.405745786543,0.998758859183,0.224720743316,0.998758859183,0.717857930038,0.399503543673
A[T>G]C,0.482728709841,0.194890472917,0.479730394873,0.107939338847,0.479730394873,0.344806221315,0.191892157949
A[T>G]G,0.750777095716,0.303108765351,0.746113883941,0.167875623887,0.746113883941,0.536269354083,0.298445553577
A[T>G]T,1.85295101982,0.748085815455,1.84144200727,0.414324451637,1.84144200727,1.32353644273,0.73657680291
C[T>G]A,0.623562576736,0.251748866384,0.619689517253,0.139430141382,0.619689517253,0.445401840526,0.247875806901
C[T>G]C,0.971929452119,0.392393878185,0.965892623224,0.217325840225,0.965892623224,0.694235322942,0.38635704929
C[T>G]G,1.18821269383,0.479713199374,1.18083249077,0.265687310423,1.18083249077,0.848723352739,0.472332996307
C[T>G]T,3.29949452035,1.33209406101,3.27900076556,0.737775172251,3.27900076556,2.35678180025,1.31160030622
G[T>G]A,0.172357042397,0.0695851413402,0.171286501761,0.0385394628961,0.171286501761,0.12311217314,0.0685146007042
G[T>G]C,0.14289101935,0.0576889208557,0.142003497491,0.0319507869355,0.142003497491,0.102065013822,0.0568013989964
G[T>G]G,0.597425564461,0.241196656459,0.593714846669,0.133585840501,0.593714846669,0.426732546043,0.237485938668
G[T>G]T,1.16521879593,0.470429948669,1.15798141211,0.260545817725,1.15798141211,0.832299139953,0.463192564844
T[T>G]A,1.26148142698,0.50929374381,1.25364613861,0.282070381187,1.25364613861,0.901058162125,0.501458455444
T[T>G]C,0.890890165825,0.359676153904,0.885356686534,0.19920525447,0.885356686534,0.636350118446,0.354142674613
T[T>G]G,0.895820222924,0.361666549628,0.89025612216,0.200307627486,0.89025612216,0.639871587803,0.356102448864
T[T>G]T,4.88728480222,1.97312740462,4.85692899599,1.0928090241,4.85692899599,3.49091771587,1.9427715984
