,1,3,2,5,4,7,6
A[C>A]A,1.83810433457,0.871457920815,1.02687392993,1.84750802464,0.39428524916,1.61219206999,0.867427548152
A[C>A]C,1.34098903211,0.735008265243,0.749155883862,1.34929569471,0.287959447041,1.17617473766,0.63351078349
A[C>A]G,0.297340433868,0.191780766385,0.166111974228,0.53143285819,0.113415549004,0.260795799538,0.249514207809
A[C>A]T,1.39064278043,0.586389664352,0.776895408062,1.24068273925,0.264779852888,1.21972579066,0.582515676354
C[C>A]A,1.91471370401,1.5071937719,1.06967246034,2.20801456082,0.471222619687,1.67938576273,1.03668976331
C[C>A]C,1.4599984464,1.28532312949,0.815641590165,1.53853133574,0.328345102139,1.28055729656,0.722359224705
C[C>A]G,0.401456683931,0.265215550044,0.224277477057,0.675559302856,0.144174241463,0.352115638979,0.317183331219
C[C>A]T,2.90636646513,2.23093759996,1.62366841627,2.27880847381,0.486331076727,2.54915941355,1.0699283688
G[C>A]A,1.99620039077,1.09789754111,1.11519574903,2.06941828491,0.44164414617,1.75085732598,0.971617121574
G[C>A]C,1.72223260362,0.891368343371,0.962141119342,2.72897789507,0.582403819069,1.51056155737,1.28128840195
G[C>A]G,0.399396036085,0.208712325147,0.223126277142,0.929324026057,0.198331347024,0.350308255114,0.436328963454
G[C>A]T,2.11861805074,1.49116222953,1.18358550321,2.14290268613,0.457326792772,1.85822924004,1.0061189441
T[C>A]A,2.34169488923,1.23953514806,1.30820943532,2.20552094349,0.470690445257,2.05388881345,1.03551897956
T[C>A]C,1.85970952504,1.25738970605,1.03894386874,2.07722823894,0.443310904652,1.63114187392,0.975283990234
T[C>A]G,0.346032570075,0.148706403062,0.193314284958,0.528396572432,0.11276756119,0.303503427384,0.248088634617
T[C>A]T,4.75123844562,2.24421562547,2.65432315398,5.89182817259,1.25740235391,4.16728735174,2.7662851786
A[C>G]A,0.684921919634,0.60806780573,0.38263794393,0.781549450751,0.166794090099,0.600741571969,0.366946998219
A[C>G]C,0.463131232886,0.167064517205,0.258732532338,0.455602256019,0.0972321887845,0.406210075771,0.213910815326
A[C>G]G,0.143767684451,0.0322691446125,0.0803171421516,0.0795987100643,0.0169875295869,0.126097913178,0.0373725650911
A[C>G]T,0.681790032186,0.33338526287,0.380888286138,0.657746494739,0.140372727536,0.597994609236,0.308820000579
C[C>G]A,0.463416958068,0.558412096984,0.258892155345,0.499261079485,0.106549620622,0.406460683892,0.234409165368
C[C>G]C,0.407775783081,0.346847512937,0.227807700045,0.550985922676,0.117588459108,0.357658089071,0.258694610037
C[C>G]G,0.13481836711,0.0956980069311,0.0753175235249,0.130666034276,0.0278860439004,0.118248511934,0.0613492965809
C[C>G]T,0.633696504212,0.1834841748,0.354020393414,0.55802145996,0.119089945723,0.555812017661,0.261997880591
G[C>G]A,0.311978300207,0.34735857819,0.174289553188,0.317314808527,0.067719623771,0.273634598506,0.148983172296
G[C>G]C,0.473479529858,0.258611550463,0.264513703831,0.366739210755,0.0782675144904,0.415286515015,0.172188531879
G[C>G]G,0.063875378026,0.0711987357106,0.0356845687296,0.114169140206,0.0243653652878,0.0560247729055,0.0536038036331
G[C>G]T,0.477677216016,0.241001245349,0.266858779897,0.359531623445,0.0767293098815,0.418968284439,0.168804481739
T[C>G]A,1.15484002304,3.3034708028,0.645162024045,1.56360259663,0.333695676111,1.01290437775,0.734130487444
T[C>G]C,0.679090773826,0.934160509551,0.379380320573,0.661702647222,0.141217028371,0.5956271033,0.310677462415
T[C>G]G,0.101607840952,0.228948719899,0.0567641569563,0.112773129164,0.0240674361021,0.0891197264214,0.0529483594247
T[C>G]T,1.70486109819,4.21718132218,0.952436367705,2.3692373973,0.505629932351,1.4953250973,1.11238585117
A[C>T]A,3.60990886703,2.0354830837,2.01670886426,2.11250880446,0.450840293634,3.1662329169,0.991848645994
A[C>T]C,3.91021810566,1.45317920208,2.18447938863,2.53189320984,0.540343063076,3.42963264016,1.18875473877
A[C>T]G,11.6302920072,3.53652756953,6.49736983642,2.97658881858,0.635247613722,10.2008706432,1.39754475019
A[C>T]T,2.54148662157,0.785324087461,1.41982492825,2.10597256218,0.449445363879,2.22912513735,0.988779800534
C[C>T]A,3.82744003498,1.32103783962,2.13823465642,2.41800020667,0.516036629471,3.35702841057,1.13528058484
C[C>T]C,6.71238288821,0.849814502703,3.74993457442,3.79701096896,0.81033770679,5.88739728184,1.78274295494
C[C>T]G,7.17342721595,2.45981533163,4.00750123796,2.21783291367,0.473317999869,6.2917769436,1.04129959971
C[C>T]T,5.94187299083,1.31033902779,3.31948211778,3.76522504795,0.803554126088,5.21158692492,1.76781907739
G[C>T]A,4.51587469255,2.49224429865,2.52283502377,2.92651124374,0.624560326408,3.96085098732,1.3740327181
G[C>T]C,7.47305395165,4.24699513795,4.17489047578,4.42420225337,0.944189505292,6.55457804698,2.07721691164
G[C>T]G,8.18576062502,6.30688501191,4.5730506285,3.41940573035,0.72975122294,7.17968948675,1.60545269047
G[C>T]T,5.28401784816,2.99188035471,2.9519652783,4.00686971125,0.855124633499,4.63458548693,1.8812741937
T[C>T]A,3.96184076561,2.18707366008,2.21331886347,6.97349287231,1.48824543007,3.47491061564,3.27413994614
T[C>T]C,3.80286457702,1.08386682647,2.12450535029,4.70479659656,1.00407244439,3.33547339996,2.20895937765
T[C>T]G,6.26744585909,1.86875217482,3.50136640173,4.42340420704,0.944019190526,5.49714525071,2.07684221916
T[C>T]T,3.4236278423,1.33786507634,1.91264125268,5.56391591379,1.18742107916,3.00284676671,2.61232637416
A[T>A]A,0.891662722919,1.49540514491,0.498135599396,0.451595696423,0.0963771303341,0.782072891052,0.212029686735
A[T>A]C,0.583500526772,0.903915905237,0.325977947917,0.56892201678,0.121416284069,0.51178537823,0.267115824952
A[T>A]G,0.755537106509,0.688627556546,0.422087769,0.661851265335,0.141248745651,0.662677797329,0.310747240432
A[T>A]T,1.32345966473,1.2154550745,0.739362941188,0.88491342718,0.188853475313,1.16079981767,0.415477645688
C[T>A]A,0.641340714218,1.94053354186,0.358290901798,0.423987942803,0.0904852316959,0.562516715823,0.199067509731
C[T>A]C,0.899889730243,1.31669973801,0.502731692873,1.15215092621,0.245885868399,0.789288757811,0.540948910477
C[T>A]G,1.16682634377,4.6739755288,0.651858292608,0.889927067752,0.189923459581,1.0234175194,0.417831611079
C[T>A]T,0.927914930496,2.45733780454,0.518388229327,0.888461265808,0.189610635996,0.813869520044,0.41714339919
G[T>A]A,0.377690224591,2.35612116009,0.21100012547,0.332416035855,0.0709424466763,0.331270196988,0.156073382688
G[T>A]C,0.397109084521,0.548764429463,0.221848650571,0.388768246307,0.0829688330533,0.348302381396,0.182531432717
G[T>A]G,0.466759916423,2.54934356743,0.260759729845,0.367476721552,0.0784249100874,0.409392775857,0.172534802192
G[T>A]T,0.496250226278,1.37245184527,0.277234763284,0.383090282486,0.0817570724818,0.435258578355,0.17986555946
T[T>A]A,1.14470596282,1.48520214436,0.639500537887,0.513184494534,0.109521081151,1.00401584448,0.240946378531
T[T>A]C,0.624433038026,0.407956045335,0.34884527264,0.832429214666,0.177652576301,0.547687078045,0.390835667861
T[T>A]G,0.815443948952,0.897999334642,0.455555278744,0.672574045772,0.143537143915,0.715221787628,0.315781716612
T[T>A]T,1.10212520135,0.990980006265,0.615712402987,1.17702522114,0.25119440695,0.96666847269,0.55262769529
A[T>C]A,1.98623750685,2.06096210129,1.1096298921,2.20152241725,0.469837101242,1.74211893059,1.03364162273
A[T>C]C,1.10027370728,0.993735447584,0.614678048759,1.19141858594,0.254266161633,0.965044536552,0.559385555592
A[T>C]G,1.71920531505,2.01035063087,0.960449896677,2.05368438301,0.438286301252,1.50790633778,0.964229862753
A[T>C]T,1.66513339899,1.33401486809,0.930242122343,1.79519748478,0.383121414435,1.46048013208,0.842867111757
C[T>C]A,1.10727218069,0.982109142428,0.618587810441,1.51898945444,0.324174578691,0.971182862393,0.71318407312
C[T>C]C,1.44132819269,0.96252379034,0.80521128083,2.39008789103,0.510079732842,1.2641817109,1.12217541225
C[T>C]G,1.71422023189,1.75289147315,0.957664934016,2.69370165617,0.574875353451,1.5035339464,1.26472577759
C[T>C]T,1.45689923534,0.834728076256,0.813910187339,1.24124468448,0.264899780225,1.27783899412,0.582779516494
G[T>C]A,1.67521887018,2.3298399441,0.935876463785,1.10878247745,0.236630406773,1.46932604814,0.5205868949
G[T>C]C,1.30946765151,1.61419201817,0.731546174026,1.29571301951,0.276524120017,1.14852749322,0.608353064038
G[T>C]G,1.27916375423,1.58068123802,0.714616622475,1.3030083852,0.278081057817,1.12194809729,0.611778327198
G[T>C]T,1.66072282176,1.51232678844,0.927778112718,1.15766331314,0.247062292439,1.45661163697,0.543537043366
T[T>C]A,1.31688931716,1.31744292635,0.735692355957,1.35594280057,0.289378036708,1.15503699885,0.636631680757
T[T>C]C,1.40413846993,0.955551162495,0.784434899401,1.93211524449,0.412341668031,1.23156279206,0.907151669669
T[T>C]G,1.25714389692,0.669825291549,0.702315026215,1.41622979269,0.302244163075,1.10263459116,0.664937158764
T[T>C]T,1.65002109086,1.31619928154,0.921799492098,1.62917112051,0.347688958644,1.44722520259,0.764915709018
A[T>G]A,1.03326142178,0.323828492896,0.577241017757,0.544519061094,0.116208336209,0.906268397878,0.25565833966
A[T>G]C,0.49086082717,0.0402641692617,0.274223925793,0.77044125594,0.164423438768,0.430531563496,0.361731565289
A[T>G]G,0.488078490093,0.473758975589,0.272669547538,0.536666674509,0.114532521999,0.428091189635,0.251971548397
A[T>G]T,1.79762951364,0.116722437566,1.00426229812,3.49940331038,0.746823877215,1.57669180805,1.64301252987
C[T>G]A,0.704189574987,0.00686657095795,0.393401997199,0.544744989145,0.116256552561,0.617641135603,0.255764415635
C[T>G]C,0.820707839033,0.297462708853,0.45849599946,1.49939260679,0.319992324619,0.719838719152,0.703983114162
C[T>G]G,0.89941584776,0.839636179236,0.502466954056,1.15701057466,0.246922988494,0.788873117868,0.543230574687
C[T>G]T,2.97389202388,0.75799961058,1.66139219211,5.17984808952,1.10545538496,2.60838574161,2.43200184691
G[T>G]A,0.260614829316,0.324595997792,0.145594876713,0.090098039181,0.0192282400691,0.228583956439,0.0423021281521
G[T>G]C,0.147010307537,0.0804477750611,0.0821286634285,0.110459993382,0.0235737790755,0.128942001583,0.0518623139661
G[T>G]G,0.588942529441,0.617488766047,0.329018172872,0.563394858384,0.120236707582,0.516558531409,0.26452075668
G[T>G]T,1.04497345454,0.637641317881,0.583784052813,1.60302083776,0.342108105619,0.916540962917,0.752637832361
T[T>G]A,1.53527127684,0.147365024838,0.857693450748,0.8849912482,0.188870083457,1.34657871767,0.415514183606
T[T>G]C,0.767454931352,0.0902944502387,0.428745771705,1.4179541561,0.302612167461,0.673130861577,0.665746768414
T[T>G]G,0.705572482105,0.621688578365,0.394174571008,0.777363978519,0.165900849074,0.618854076483,0.364981867963
T[T>G]T,4.45716174041,0.649258775197,2.49003449185,9.7578809137,2.08247458524,3.9093541522,4.58144408753
