,1,3,2,5,4,7,6
A[C>A]A,2.08944182425,1.39680917533,1.43144080777,0.531018364174,1.90473978454,1.93937141698,0.577193874102
A[C>A]C,1.24487540735,0.832209526458,0.852842820502,0.316377175348,1.13483117244,1.15546446649,0.343888234073
A[C>A]G,0.308569597753,0.206281333304,0.211395746527,0.0784210027437,0.281292727233,0.286407140455,0.0852402203736
A[C>A]T,2.53247934369,1.69298342866,1.73495822441,0.643613534861,2.30861376635,2.3505885621,0.699579929197
C[C>A]A,3.42572515129,2.29012565362,2.34690562851,0.870626281543,3.12289861858,3.17967859346,0.94633291472
C[C>A]C,2.07212638229,1.38523365888,1.41957829505,0.526617754615,1.88895498938,1.92329962555,0.572410602842
C[C>A]G,0.850325220418,0.568449456744,0.582543244927,0.216104752151,0.775158350105,0.789252138289,0.234896469729
C[C>A]T,10.0081542515,6.69053405762,6.85641506732,2.54350881529,9.12345553312,9.28933654282,2.76468349489
G[C>A]A,4.15681587832,2.77886586341,2.84776336415,1.05642834477,3.78936254101,3.85826004175,1.14829167909
G[C>A]C,2.21977996077,1.48394129974,1.52073323279,0.564142973456,2.02355631783,2.06034825088,0.613198884191
G[C>A]G,0.569974108313,0.38103241495,0.390479499618,0.144855298245,0.51958965675,0.529036741418,0.157451411136
G[C>A]T,6.85963763899,4.58572460949,4.69942026096,1.74333332262,6.25326083112,6.36695648259,1.89492752458
T[C>A]A,2.12169425912,1.41837019532,1.45353639851,0.539215115576,1.93414117544,1.96930737863,0.586103386496
T[C>A]C,2.55116831502,1.70547716087,1.74776171858,0.648363218183,2.32565067392,2.36793523163,0.70474262846
T[C>A]G,0.57016272039,0.381158503686,0.390608714521,0.144903232806,0.519761595936,0.529211806771,0.15750351392
T[C>A]T,6.4469284183,4.30982507522,4.41668024237,1.63844589636,5.87703419348,5.98388936063,1.78091945257
A[C>G]A,0.221313672043,0.147950023852,0.151618206261,0.0562454636131,0.201750032525,0.205418214935,0.0611363734925
A[C>G]C,0.180171809617,0.120446347865,0.123432620953,0.0457895206761,0.164245019816,0.167231292904,0.0497712181262
A[C>G]G,0.109931089675,0.0734898444789,0.0753119067387,0.0279382879837,0.100213424289,0.102035486549,0.0303677043301
A[C>G]T,0.24332652406,0.162665797852,0.166698834163,0.0618398900927,0.221816997072,0.225850033382,0.0672172718399
C[C>G]A,0.160149548501,0.107061300379,0.109715712785,0.0407009902268,0.145992682335,0.148647094742,0.0442402067683
C[C>G]C,0.174348536203,0.116553441329,0.119443196073,0.0443095727368,0.158936510904,0.161826265647,0.0481625790617
C[C>G]G,0.195688381745,0.130819304923,0.134062758764,0.0497329588964,0.178389961259,0.1816334151,0.0540575640178
C[C>G]T,0.205462272267,0.137353231736,0.140758683763,0.0522169310733,0.187299861459,0.190705313485,0.0567575337754
G[C>G]A,0.18798775223,0.125671370275,0.128787189373,0.0477758928318,0.171370050375,0.174485869473,0.0519303182954
G[C>G]C,0.201682928786,0.134826709299,0.138169520273,0.05125643494,0.183854603589,0.187197414563,0.0557135162391
G[C>G]G,0.0303894240407,0.0203155818173,0.0208192739285,0.00772327903798,0.0277030661145,0.0282067582256,0.00839486851954
G[C>G]T,0.221123639806,0.147822985726,0.15148801843,0.0561971681274,0.201576798718,0.205241831422,0.0610838783993
T[C>G]A,0.154256442649,0.103121710279,0.105678446897,0.0392032948168,0.140620514017,0.143177250635,0.0426122769748
T[C>G]C,0.319043476892,0.213283208309,0.218571221738,0.0810828725803,0.290840738603,0.296128752032,0.0881335571525
T[C>G]G,0.0576971056244,0.0385709932627,0.0395272988808,0.0146633528106,0.0525968089946,0.0535531146127,0.0159384269681
T[C>G]T,0.265562303707,0.177530600821,0.181932185965,0.0674909722129,0.242087182937,0.246488768082,0.0733597524053
A[C>T]A,3.69827845552,2.47232979623,2.53362722919,0.93989397212,3.37135881304,3.43265624601,1.02162388274
A[C>T]C,4.70472450739,3.14514732262,3.22312618186,1.19567584166,4.28883725812,4.36681611736,1.29964765398
A[C>T]G,4.54969365843,3.0415079153,3.11691720246,1.1562757364,4.14751079359,4.22292008075,1.2568214526
A[C>T]T,3.04973335795,2.03877202382,2.08932009053,0.775070356163,2.78014366885,2.83069173555,0.842467778438
C[C>T]A,3.92266919893,2.6223368678,2.68735348435,0.996921453872,3.57591391063,3.64093052719,1.08361027595
C[C>T]C,6.67715183148,4.46373133486,4.57440235969,1.69695571408,6.08690636572,6.19757739055,1.84451708052
C[C>T]G,3.91648178934,2.6182005332,2.68311459601,0.995348963035,3.57027345437,3.63518751717,1.08190104678
C[C>T]T,5.73546859604,3.83420828796,3.92927130337,1.45763290286,5.22846584722,5.32352886262,1.58438359007
G[C>T]A,6.22899831469,4.16413699491,4.26738006089,1.58306034517,5.67836862942,5.78161169541,1.72071776649
G[C>T]C,9.28064299255,6.20418675193,6.35800956396,2.35861645115,8.46025466172,8.61407747375,2.56371353385
G[C>T]G,7.39744737914,4.94525487777,5.06786450284,1.88001425105,6.74352937878,6.86613900385,2.04349375114
G[C>T]T,6.92126637773,4.62692393207,4.74164105436,1.758995875,6.30944172556,6.42415884784,1.91195203805
T[C>T]A,4.04371250132,2.70325531856,2.7702781777,1.02768384012,3.68625725259,3.75328011173,1.1170476523
T[C>T]C,6.92898445462,4.63208353044,4.74692857665,1.76095737521,6.31647754151,6.43132258772,1.91408410349
T[C>T]G,2.72270924686,1.82015369541,1.86528147298,0.691959256107,2.48202776647,2.52715554404,0.752129626203
T[C>T]T,3.83776297178,2.5655763513,2.62918568233,0.975343075701,3.49851320632,3.56212253734,1.06015551707
A[T>A]A,2.67225386581,1.78642385504,1.83071535558,0.679136341587,2.4360325296,2.48032403014,0.738191675638
A[T>A]C,0.505636614091,0.338022266879,0.346402984239,0.128504332863,0.460939454834,0.469320172195,0.139678622677
A[T>A]G,0.340417566744,0.227571964509,0.233214244621,0.0865149617141,0.310325406148,0.31596768626,0.0940380018631
A[T>A]T,0.598985540862,0.400426798035,0.410354735176,0.152228369501,0.546036542775,0.555964479916,0.165465619023
C[T>A]A,5.59045525759,3.73726566944,3.82992514885,1.42077868425,5.09627136742,5.18893084683,1.54432465679
C[T>A]C,0.621837249249,0.415703354471,0.426010049209,0.158035985997,0.566868210642,0.577174905381,0.171778245649
C[T>A]G,0.469213192937,0.313672907985,0.321449922233,0.119247551796,0.427735783616,0.435512797864,0.129616904126
C[T>A]T,0.462885444525,0.309442755732,0.317114890172,0.117639394741,0.42196739418,0.42963952862,0.127868907327
G[T>A]A,1.94859558601,1.30265229783,1.33494946224,0.495223187606,1.7763440425,1.80864120691,0.538286073484
G[T>A]C,0.423304428636,0.282982518591,0.289998614093,0.107580131035,0.385885252624,0.392901348127,0.116934925038
G[T>A]G,0.20559352601,0.137440975952,0.140848603455,0.0522502883783,0.187419512661,0.190827140164,0.0567937917156
G[T>A]T,0.321310661155,0.214798839778,0.220124430847,0.081659063056,0.292907508788,0.298233099857,0.0887598511478
T[T>A]A,1.19852352786,0.801222910887,0.821087941736,0.304597139676,1.09257669666,1.11244172751,0.331083847474
T[T>A]C,0.448942234824,0.300121604495,0.307562636012,0.114095816585,0.409256733403,0.416697764919,0.12401719194
T[T>A]G,0.186875805672,0.124928024786,0.128025413831,0.0474932986791,0.170356397436,0.17345378648,0.0516231507381
T[T>A]T,0.377021471521,0.252041978199,0.258290952865,0.0958176115467,0.343693606635,0.349942581301,0.104149577768
A[T>C]A,1.64534254605,1.09992512747,1.1271959984,0.418153354245,1.49989790109,1.52716877202,0.454514515483
A[T>C]C,1.25714543906,0.840412144345,0.861248809081,0.319495525949,1.14601656047,1.16685322521,0.347277745597
A[T>C]G,2.19687133126,1.46862669106,1.50503892307,0.558320890817,2.00267276054,2.03908499255,0.606870533497
A[T>C]T,1.12047592166,0.749047439345,0.767618863461,0.284761836445,1.02142832638,1.0399997505,0.309523735266
C[T>C]A,0.848442340335,0.567190735804,0.58125331603,0.21562623014,0.77344191246,0.787504492686,0.234376337109
C[T>C]C,1.28689446354,0.860299613746,0.881629356236,0.327056051507,1.17313583693,1.19446557942,0.35549570816
C[T>C]G,2.07896528834,1.38980552425,1.42426351245,0.528355819136,1.89518935125,1.92964733945,0.574299803408
C[T>C]T,1.04145371813,0.696220441401,0.713482105238,0.264678845491,0.949391511002,0.966653174838,0.287694397273
G[T>C]A,2.18444941437,1.46032253668,1.49652888057,0.555163939565,1.99134891366,2.02755525754,0.603439064744
G[T>C]C,1.89568159099,1.26727885364,1.29869899051,0.481775431964,1.7281075277,1.75952766456,0.523668947787
G[T>C]G,2.19433843351,1.46693342793,1.5033036782,0.557677170947,2.00036376535,2.03673401563,0.606170837986
G[T>C]T,2.04167117017,1.36487409718,1.39871395083,0.518877755954,1.8611919507,1.89503180435,0.563997560819
T[T>C]A,1.19139990915,0.796460712747,0.816207672567,0.302786717243,1.08608279011,1.10582974993,0.329115997003
T[T>C]C,1.45332005903,0.971556503548,0.995644681322,0.3693520592,1.32484977757,1.34893795534,0.401469629565
T[T>C]G,1.2285565589,0.821300241031,0.841663056924,0.312229843698,1.11995487413,1.14031769003,0.339380264889
T[T>C]T,0.946905556885,0.633014212061,0.648708779302,0.240650031032,0.863201198265,0.878895765506,0.261576120686
A[T>G]A,0.114813525918,0.0767537935692,0.0786567801866,0.0291791281337,0.104664263958,0.106567250575,0.0317164436236
A[T>G]C,0.234714763359,0.156908764455,0.1607990644,0.0596512658259,0.213966496984,0.21785679693,0.0648383324195
A[T>G]G,0.262550722309,0.175517333698,0.179869003129,0.0667255979348,0.239341818679,0.24369348811,0.0725278238422
A[T>G]T,0.508777586457,0.340122032935,0.348554810611,0.129302591033,0.463802772184,0.472235549861,0.140546294601
C[T>G]A,0.0694180108025,0.0464065155089,0.0475570902736,0.0176421463918,0.0632816120575,0.0644321868222,0.019176246078
C[T>G]C,0.453388739776,0.303094129906,0.310608860399,0.115225867567,0.413310177144,0.420824907638,0.125245508226
C[T>G]G,0.562278790995,0.375888031549,0.385207569521,0.142899582242,0.512574588476,0.521894126448,0.155325632872
C[T>G]T,0.761128929667,0.508820997181,0.521436393805,0.193436081573,0.693846814337,0.706462210961,0.210256610405
G[T>G]A,0.061460429692,0.0410868065897,0.0421054877448,0.0156197777118,0.0560274635314,0.0570461446865,0.0169780192519
G[T>G]C,0.199269255499,0.133213148703,0.136515954043,0.0506430152096,0.181654293686,0.184957099026,0.0550467556626
G[T>G]G,0.526234168245,0.351791902529,0.360514015814,0.133739070383,0.479716230721,0.488438344007,0.145368554764
G[T>G]T,0.63836841836,0.426754578019,0.437335270036,0.162237277594,0.581938060935,0.592518752952,0.17634486695
T[T>G]A,0.154004118584,0.10295302955,0.105505584002,0.0391391682588,0.140390494841,0.142943049293,0.0425425741943
T[T>G]C,0.288496892668,0.192862563607,0.19764428006,0.0733196522802,0.262994404918,0.267776121371,0.0796952742176
T[T>G]G,0.212208117705,0.141862885317,0.145380146936,0.0539313448311,0.193449389068,0.196966650688,0.0586210269904
T[T>G]T,0.397402795673,0.265667062301,0.272253848969,0.100997395585,0.362273266773,0.368860053442,0.10977977781
