,1,3,2,5,4,7,6
A[C>A]A,1.12999719869,1.46630588878,1.21071128431,2.073661128,2.07166153093,0.876752085564,0.506044827909
A[C>A]C,0.667061881194,0.865592202978,0.714709158422,1.0814958583,1.22294678219,0.771550220062,0.445324288089
A[C>A]G,0.482660093857,0.626308931314,0.517135814846,0.227279969363,0.884876838737,0.192534195427,0.111127119508
A[C>A]T,0.79560350775,1.03239026601,0.852432329732,1.27916510731,1.45860643088,1.31811901854,0.760793527482
C[C>A]A,2.20877999372,2.86615499185,2.36654999327,3.26619312085,4.04942998848,1.11660805264,0.644485184748
C[C>A]C,1.24672863948,1.6177788298,1.33578068516,1.62583148688,2.28566917238,0.955364430176,0.55141839594
C[C>A]G,0.703471666801,0.912838234301,0.753719643001,0.709186173632,1.2896980558,0.367829696035,0.212304388316
C[C>A]T,1.36254257092,1.76806119322,1.45986704027,3.61605773937,2.49799471335,3.70675772222,2.13947090007
G[C>A]A,2.11618394955,2.7460006012,2.26733994595,3.83032674302,3.87967057418,1.01183512823,0.584012221666
G[C>A]C,2.57140489588,3.33670397204,2.75507667416,1.46544976887,4.71424230912,1.15281287223,0.665381926253
G[C>A]G,1.07917771033,1.40036155269,1.1562618325,0.470360450077,1.97849246894,0.216004980266,0.124674015456
G[C>A]T,1.6954686444,2.20007240762,1.81657354757,3.34193489958,3.1083591814,2.09450673137,1.20890992549
T[C>A]A,1.53177465864,1.98765997371,1.64118713426,2.41243735965,2.80825354084,3.44651017406,1.98926090584
T[C>A]C,1.92629626144,2.49959872021,2.06388885155,1.87001876195,3.53154314598,1.3409039038,0.773944535079
T[C>A]G,0.430811222655,0.559028848445,0.461583452844,0.51187515335,0.789820574867,0.376790903324,0.217476628764
T[C>A]T,2.1828921625,2.83256244895,2.33881303125,4.33484921295,4.00196896457,24.7228401935,14.2695587694
A[C>G]A,0.401392494894,0.520854546946,0.430063387387,0.412803659292,0.735886240639,0.226281167423,0.130605237573
A[C>G]C,0.270557779157,0.351080927716,0.289883334811,0.219941338395,0.496022595121,0.113886331583,0.0657330504437
A[C>G]G,0.0354760583569,0.0460344090583,0.0380100625252,0.0888582950074,0.0650394403209,0.00505202454769,0.00291593363155
A[C>G]T,0.254945588773,0.330822252098,0.273155987971,0.374312862981,0.467400246083,0.156574499421,0.0903718587262
C[C>G]A,0.381268182968,0.49474085647,0.408501624608,0.297411092883,0.698991668774,0.0734600572763,0.0423997646024
C[C>G]C,0.43966404527,0.570516439695,0.471068619932,0.300374522716,0.806050749661,0.0547371489564,0.0315932537601
C[C>G]G,0.0929084074947,0.120559719249,0.0995447223157,0.172100418791,0.170332080407,0.0179492754489,0.0103599844873
C[C>G]T,0.380589996466,0.493860828748,0.407774996214,0.358528689063,0.697748326855,0.0733393393642,0.0423300884921
G[C>G]A,0.167975249395,0.217967883144,0.179973481495,0.211248446279,0.307954623891,0.0417468388899,0.0240954909029
G[C>G]C,0.296037131886,0.384143421137,0.317182641306,0.186591470149,0.54273474179,0.13935031476,0.0804303830159
G[C>G]G,0.131061717662,0.170068181252,0.140423268924,0.0470626195488,0.240279815714,0.00394594337304,0.00227752436296
G[C>G]T,0.159303171883,0.206714830181,0.170681969875,0.256330214468,0.292055815119,0.174358103024,0.100636220538
T[C>G]A,1.42029623287,1.84300344503,1.52174596379,1.40353554993,2.60387642693,0.0727588063582,0.0419950157503
T[C>G]C,0.586135794216,0.760580971066,0.62800263666,0.639735830192,1.0745822894,0.0635349290252,0.0366711670884
T[C>G]G,0.100118293211,0.129915404286,0.107269599869,0.111142787858,0.183550204221,0.00490354567443,0.00283023441612
T[C>G]T,1.61012822223,2.08933305028,1.72513738097,1.82900457885,2.95190174076,0.129369536792,0.0746696655307
A[C>T]A,0.870105176916,1.129065051,0.932255546696,1.64351292697,1.59519282435,1.37339046945,0.792695170289
A[C>T]C,1.67894174195,2.17862678419,1.79886615208,1.82114134806,3.07805986023,2.39049534009,1.37974898824
A[C>T]G,1.30103445774,1.68824709397,1.39396549044,2.61491571401,2.38522983919,3.781629355,2.18268539953
A[C>T]T,1.03009435508,1.336670056,1.1036725233,1.2655378687,1.88850631765,1.61129007599,0.930006352586
C[C>T]A,2.18277041578,2.8324044681,2.33868258834,1.44332843592,4.00174576227,1.49544177519,0.863140890377
C[C>T]C,3.4361202994,4.45877515041,3.68155746364,2.43482087409,6.29955388223,3.65904396069,2.11193141355
C[C>T]G,1.68311115781,2.18403709763,1.80333338336,2.27918724618,3.08570378931,3.38496192217,1.95373641146
C[C>T]T,2.60809053625,3.38430795775,2.79438271741,2.39380398425,4.78149931646,3.25287842001,1.87750029611
G[C>T]A,1.54482058274,2.00458861331,1.65516491007,2.83056981795,2.83217106835,2.82843757147,1.63252101441
G[C>T]C,2.50898977452,3.2557129217,2.68820332984,5.21212544022,4.59981458662,6.23815125717,3.60054367863
G[C>T]G,1.78302979533,2.3136934249,1.91038906643,5.33810983709,3.26888795811,6.45786299266,3.72735716355
G[C>T]T,1.82494668617,2.36808558087,1.9553000209,3.63635290385,3.34573559132,4.72820043004,2.72902843613
T[C>T]A,3.76328649001,4.88331223109,4.03209266787,1.65464535954,6.89935856502,1.02053846042,0.589035621452
T[C>T]C,7.18629024993,9.32506711003,7.69959669635,1.41944657452,13.1748654582,3.04231344917,1.75596615187
T[C>T]G,2.85650754894,3.70665860517,3.06054380243,1.33296319062,5.23693050638,17.4197613936,10.0543589251
T[C>T]T,2.8632068748,3.71535177801,3.06772165157,1.21414122499,5.2492126038,4.0679440351,2.34794085247
A[T>A]A,0.188267071595,0.244298938142,0.201714719567,0.574139406915,0.345156297925,0.237657192741,0.137171265609
A[T>A]C,0.201468658585,0.261429568878,0.215859277055,0.491434700868,0.369359207406,0.347906350552,0.200805007701
A[T>A]G,0.288721557033,0.374650591864,0.309344525392,0.408216411869,0.52932285456,0.158938292789,0.091736195838
A[T>A]T,0.254258722099,0.329930960819,0.272420059392,0.785973094237,0.466140990515,0.551133210546,0.318103732262
C[T>A]A,0.118070824108,0.153210950331,0.126504454402,0.553944390996,0.216463177532,0.152166526055,0.0878276593335
C[T>A]C,0.257967435805,0.334743458367,0.27639368122,0.625052654333,0.472940298977,0.240260231127,0.138673690449
C[T>A]G,0.325669261786,0.422594637318,0.348931351914,1.27614932165,0.597060313275,0.279965110385,0.161590600625
C[T>A]T,0.245148265398,0.318109058671,0.262658855783,0.925945937374,0.449438486562,0.36006354157,0.207821909899
G[T>A]A,0.110939907232,0.143957736765,0.11886418632,0.650439388738,0.203389829925,0.125996191373,0.0727226339469
G[T>A]C,0.220731926205,0.286425951862,0.236498492363,0.338986135709,0.404675198043,0.210530485562,0.121514239989
G[T>A]G,0.10534298767,0.136695067334,0.112867486789,0.725114972067,0.193128810728,0.150355493066,0.0867823651251
G[T>A]T,0.128758529706,0.16707952069,0.137955567542,0.636083705057,0.236057304461,0.21699012564,0.125242622852
T[T>A]A,0.158903112068,0.206195704945,0.170253334359,0.637918290755,0.291322372125,0.315778707934,0.182261536123
T[T>A]C,0.36956028774,0.479548468615,0.39595745115,0.328425222719,0.67752719419,0.185386327149,0.107001504261
T[T>A]G,0.33625078977,0.436325429582,0.360268703325,0.363187024496,0.616459781244,0.203541676051,0.117480430472
T[T>A]T,0.269635615151,0.349884310137,0.288895301948,0.60007291908,0.49433196111,0.462190594436,0.266767725647
A[T>C]A,0.80530597184,1.04498036822,0.862827826971,1.1896264728,1.47639428171,0.977150977333,0.563993181548
A[T>C]C,0.429991087837,0.557964625884,0.460704736969,0.654794797095,0.788316994369,0.836339980623,0.48271972036
A[T>C]G,0.830188945628,1.07726898897,0.88948815603,1.31818083243,1.52201306698,1.10511156922,0.637849630557
A[T>C]T,0.618628646386,0.802744314953,0.662816406842,0.958167250065,1.13415251837,0.862378285396,0.497748540564
C[T>C]A,0.452246557831,0.586843747661,0.48454988339,0.470126356075,0.829118689357,0.455065467601,0.262655236333
C[T>C]C,0.541401720318,0.702533184698,0.580073271769,0.685692517873,0.992569820582,0.563042046067,0.324977288334
C[T>C]G,0.702046913327,0.910989447056,0.752193121422,1.31012137707,1.28708600777,1.05647627643,0.609778253508
C[T>C]T,0.543529995627,0.705294875278,0.582353566744,0.587479981711,0.99647165865,0.844169689891,0.487238881413
G[T>C]A,0.921679430437,1.19598878473,0.987513675468,0.897750458469,1.68974562247,1.62481775079,0.937814272268
G[T>C]C,0.610632978833,0.792368984438,0.654249620178,1.18008779856,1.11949379453,1.65798486316,0.956957706251
G[T>C]G,0.7019358614,0.91084534396,0.752074137215,1.01006541708,1.28688241257,1.28804462552,0.743435152985
G[T>C]T,0.900264567959,1.16820045128,0.964569179956,0.769629929673,1.65048504126,1.81931744203,1.05007583903
T[T>C]A,0.663514633272,0.860989226507,0.710908535648,0.63384815328,1.21644349433,0.827996263557,0.477903883664
T[T>C]C,0.55747517336,0.723390403527,0.5972948286,0.706415995668,1.02203781783,1.22816414293,0.708873263703
T[T>C]G,0.507925596751,0.659093929117,0.544205996519,0.523801593868,0.931196927376,0.968631644949,0.559075982991
T[T>C]T,0.513977741166,0.666947306989,0.550690436964,0.65569816003,0.942292525471,1.36712677036,0.789079880879
A[T>G]A,0.0346040428557,0.0449028651341,0.0370757602025,0.205074470086,0.0634407452354,0.367951679863,0.212374795089
A[T>G]C,0.0877219663161,0.113829694386,0.0939878210529,0.100592847373,0.160823604913,0.428714015046,0.247445673114
A[T>G]G,0.113585055126,0.147390131056,0.121698273349,0.302740403828,0.20823926773,0.25055006021,0.14461278643
A[T>G]T,0.128884690058,0.167243228766,0.138090739348,0.2130657124,0.236288598441,1.40927016562,0.813404256669
C[T>G]A,0.0243164420451,0.0315534783681,0.0260533307626,0.0779243527455,0.0445801437494,0.40960291228,0.236415103732
C[T>G]C,0.175802353344,0.228124482316,0.188359664297,0.280212788129,0.322304314465,0.343575645671,0.198305406226
C[T>G]G,0.19273780137,0.250100242254,0.206504787183,0.560043168929,0.353352635846,0.583088553732,0.336547755845
C[T>G]T,0.32334141148,0.419573974421,0.346437226586,0.592843946877,0.592792587713,2.61217826025,1.5077002039
G[T>G]A,0.0201739649329,0.0261781211629,0.0216149624281,0.139697074486,0.036985602377,0.0860539203613,0.0496687057119
G[T>G]C,0.0532303618812,0.0690727314888,0.057032530587,0.0995931331055,0.0975889967823,0.227879703316,0.131527882451
G[T>G]G,0.22578860106,0.292987589471,0.241916358279,0.551230202645,0.413945768611,0.231270049222,0.133484726396
G[T>G]T,0.135461271284,0.175777125832,0.145137076375,0.609743142734,0.24834566402,0.768709049062,0.443684417579
T[T>G]A,0.0648371384959,0.0841339059053,0.0694683626741,0.190504097203,0.118868087242,0.930567268497,0.537105940206
T[T>G]C,0.126170445433,0.16372117324,0.135182620107,0.187200058093,0.231312483294,0.858477210799,0.495496913616
T[T>G]G,0.120321622536,0.156131629243,0.128916024146,0.289587129895,0.220589641316,0.325587287297,0.187922863809
T[T>G]T,0.312522489914,0.405535135722,0.334845524908,0.567668746348,0.572957898176,5.71453728838,3.29832353557
