,1,3,2,5,4,7,6
A[C>A]A,2.29196228913,1.15459754415,3.29146464078,2.40605853679,0.554122572109,1.63711592081,3.11913664911
A[C>A]C,1.79483493068,0.904164965079,2.57754490045,1.02868796123,0.236909954708,1.28202495049,2.44259490566
A[C>A]G,0.567836155191,0.286052799984,0.815463952192,0.42925266493,0.0988581894991,0.405597253708,0.772769504434
A[C>A]T,1.23332178305,0.621297439583,1.77116135762,1.31900775457,0.30377148287,0.880944130752,1.67843039649
C[C>A]A,2.09056361718,1.05314107031,3.00223797655,4.15441014813,0.956773246236,1.49325972656,2.84505274217
C[C>A]C,1.39538329693,0.702937450333,2.00389631364,1.57243734228,0.362137084889,0.99670235495,1.89898027627
C[C>A]G,0.613263285259,0.308937143702,0.880701409658,1.06615241772,0.245538132566,0.438045203757,0.83459138821
C[C>A]T,2.13038346958,1.0732006952,3.05942287737,2.4192995912,0.557172027065,1.52170247827,2.89924366913
G[C>A]A,2.53831232937,1.27869869224,3.64524552563,4.94536231481,1.13893192705,1.81308023526,3.45439497455
G[C>A]C,2.64723316832,1.33356858855,3.80166567782,2.68502024443,0.618368298717,1.89088083452,3.60262558997
G[C>A]G,0.723650918003,0.364545951174,1.03922801006,1.03400958072,0.238135539803,0.516893512859,0.984818166605
G[C>A]T,2.10726956589,1.06155684898,3.0262292262,3.35279803227,0.772159546826,1.50519254706,2.86778790545
T[C>A]A,1.86739906303,0.940719828747,2.68175354165,3.18467305257,0.733439854531,1.3338564736,2.54134759706
T[C>A]C,1.66259910721,0.837549926187,2.38764232689,2.66898178099,0.614674591985,1.18757079086,2.26263487522
T[C>A]G,0.499197504779,0.251475434738,0.71689265724,0.701535961894,0.161565857891,0.356569646271,0.679359010264
T[C>A]T,2.33463343152,1.17609353317,3.35274425127,5.64414971769,1.29986478347,1.66759530823,3.17720790304
A[C>G]A,0.578420268704,0.29138464664,0.830663694153,0.643549624128,0.148211428587,0.413157334788,0.787173448386
A[C>G]C,0.314943186757,0.158655590321,0.45228683211,0.464690071272,0.107019531566,0.224959419112,0.428606893256
A[C>G]G,0.0895459961907,0.0451096371788,0.128596129868,0.153937198617,0.0354522033178,0.0639614258505,0.121863348199
A[C>G]T,0.439302492402,0.221302759331,0.630878015405,0.676682759047,0.155842089962,0.313787494573,0.597847752818
C[C>G]A,0.337362823675,0.169949693129,0.484483453548,0.501095735159,0.115403866279,0.240973445482,0.459117827707
C[C>G]C,0.312866891083,0.157609636861,0.449305084187,0.57626182506,0.132714844559,0.223476350774,0.42578125779
C[C>G]G,0.108352242081,0.0545834602962,0.15560359577,0.233186941428,0.0537036592379,0.077394458629,0.147456810651
C[C>G]T,0.336360400864,0.169444713217,0.483043883947,0.742618820817,0.171027364794,0.240257429188,0.457753628243
G[C>G]A,0.232051322268,0.116898034526,0.333246635739,0.317131340166,0.0730363086443,0.165750944477,0.315799167899
G[C>G]C,0.297172623648,0.149703502139,0.426766700127,0.604927147588,0.139316555202,0.212266159749,0.404422893837
G[C>G]G,0.0643732037664,0.0324286064086,0.0924457287171,0.128828372448,0.0296695645638,0.0459808598331,0.0876056382083
G[C>G]T,0.341086547585,0.171825554047,0.489831057058,0.40539471298,0.0933636308681,0.243633248275,0.464185451976
T[C>G]A,1.50901063637,0.760178290501,2.16707542516,1.33270256957,0.306925440265,1.07786474026,2.05361597882
T[C>G]C,0.247882436709,0.124873107214,0.355981544447,0.865834348016,0.199404274089,0.177058883363,0.33734376725
T[C>G]G,0.103948122465,0.0523648436477,0.149278882638,0.131698857162,0.0303306458918,0.0742486589035,0.141463234332
T[C>G]T,2.68151500379,1.35083838537,3.85089748664,1.81795261388,0.418679995924,1.91536785985,3.64927981719
A[C>T]A,2.04385889746,1.02961312879,2.93516578507,1.28885088678,0.296826264834,1.45989921247,2.78149218376
A[C>T]C,1.74592685337,0.879527061471,2.50730848867,1.90987215391,0.439849344537,1.24709060955,2.37603579293
A[C>T]G,2.69039451012,1.35531152013,3.86364925889,3.14558192129,0.724437048539,1.92171036437,3.66136395738
A[C>T]T,1.29995268024,0.654863380273,1.86684933779,1.30761922253,0.301148669431,0.928537628745,1.76910853477
C[C>T]A,2.38854553429,1.20325226163,3.4301668951,1.82267160938,0.419766794887,1.70610395306,3.25057700531
C[C>T]C,2.41168053554,1.21490673595,3.46339084428,3.35922420233,0.773639513263,1.72262895396,3.2820614807
C[C>T]G,2.362593968,1.19017891621,3.39289810443,3.33312069532,0.767627796499,1.68756712,3.21525946022
C[C>T]T,2.31678916653,1.16710431697,3.32711827675,2.85280106036,0.657008729053,1.65484940466,3.15292360257
G[C>T]A,2.49710135322,1.25793827568,3.58606284561,2.60302209069,0.599483875431,1.78364382373,3.39831086416
G[C>T]C,2.9388784315,1.48048763091,4.2204945896,5.34299421568,1.23050775876,2.09919887965,3.99952628648
G[C>T]G,2.69420100002,1.3572290752,3.86911572183,1.78944068824,0.41211361305,1.92442928573,3.66654421807
G[C>T]T,2.18749831724,1.1019728365,3.14144495182,3.26981157393,0.753047513995,1.56249879803,2.97697139413
T[C>T]A,16.3886808982,8.25595203143,23.5356244478,3.0607832537,0.704907658428,11.7062006416,22.3033928013
T[C>T]C,4.54156509348,2.28785609973,6.52209723952,2.30347553022,0.530497394838,3.24397506677,6.18062617985
T[C>T]G,2.96781081963,1.49506259335,4.26204410939,2.58857174796,0.596155917712,2.11986487116,4.03890043874
T[C>T]T,9.4242954994,4.74757743203,13.5341386495,2.01856286065,0.464881143666,6.73163964243,12.8255450029
A[T>A]A,0.402215416062,0.202619796061,0.577617627578,0.881942026294,0.203113921207,0.287296725759,0.547375866972
A[T>A]C,0.459608382967,0.231532042547,0.660039106367,2.10386081665,0.484525521411,0.32829170212,0.625482085091
A[T>A]G,0.520959327948,0.262438157688,0.748144598782,0.567309706351,0.130653144493,0.372113805677,0.7089747245
A[T>A]T,0.769542354209,0.387664193474,1.10513225304,0.677406019158,0.156008658958,0.54967311015,1.04727192565
C[T>A]A,0.334782870757,0.168650017599,0.48077840838,0.260442756019,0.0599807559317,0.239130621969,0.455606763962
C[T>A]C,0.655156166839,0.330041076528,0.940863367415,0.605768395552,0.139510297157,0.467968690599,0.891603505247
C[T>A]G,0.627292690971,0.316004588685,0.900848902071,0.651695758143,0.150087507936,0.448066207836,0.853684038088
C[T>A]T,0.854780117685,0.430603517932,1.22754137201,0.506956065496,0.116753518114,0.610557226918,1.16327219023
G[T>A]A,0.281289703098,0.141702331636,0.40395739317,0.207219702177,0.0477233253499,0.200921216498,0.382807791434
G[T>A]C,0.312554440591,0.157452236989,0.448856377089,1.14639493129,0.264018226601,0.223253171851,0.42535604321
G[T>A]G,0.301571785996,0.151919621517,0.433084294175,0.382383290305,0.0880640304945,0.215408418569,0.410409723799
G[T>A]T,0.388541340222,0.195731351841,0.55798042092,0.538433345896,0.124002831176,0.27752952873,0.528766786317
T[T>A]A,0.469778237113,0.236655202155,0.674643934501,0.566342513922,0.130430397146,0.335555883652,0.639322262537
T[T>A]C,0.470622194535,0.237080353638,0.675855933506,0.699073261026,0.160998690418,0.336158710382,0.640470806097
T[T>A]G,0.415473375175,0.20929861757,0.596657253071,0.419016924306,0.096500867416,0.296766696554,0.565418653434
T[T>A]T,0.638962632357,0.321883431338,0.917607990828,0.463880655267,0.106833120607,0.456401880255,0.869565687643
A[T>C]A,1.24904504667,0.629218181406,1.79374138281,3.04803145574,0.701970880715,0.892175033337,1.69982822141
A[T>C]C,0.75130880316,0.378478870765,1.0789472286,1.71846103083,0.395766782859,0.536649145114,1.0224578449
A[T>C]G,1.3397820177,0.674927783353,1.92404786001,2.63908532699,0.607789348035,0.9569871555,1.82331236995
A[T>C]T,1.07875555893,0.543433251493,1.54919031396,2.47244986385,0.569412695916,0.770539684953,1.46808087344
C[T>C]A,0.66771900097,0.336369722293,0.958904730716,2.17440022343,0.500770960547,0.47694214355,0.908700294553
C[T>C]C,1.15667563936,0.582686224339,1.66109057983,1.40030820385,0.322495222706,0.826196885257,1.57412248665
C[T>C]G,1.40091450215,0.70572384695,2.01183962339,2.34689846584,0.540497828495,1.00065321582,1.90650770594
C[T>C]T,1.54027984118,0.775930446307,2.21198082455,1.98281143557,0.456647482132,1.10019988655,2.09617031017
G[T>C]A,0.872051950992,0.439304366289,1.252345283,10.3225842503,2.37732243341,0.622894250708,1.18677746714
G[T>C]C,0.785402961859,0.395654123643,1.12790951665,4.99219822576,1.14971837927,0.561002115614,1.06885666238
G[T>C]G,0.841043234621,0.423683433982,1.20781396852,6.3362936459,1.45926762754,0.600745167587,1.14457763509
G[T>C]T,0.976635564298,0.491989344421,1.40253678783,7.34938174069,1.69258488574,0.697596831641,1.32910554239
T[T>C]A,0.830884206436,0.418565728054,1.19322468744,3.07974053504,0.709273577767,0.593488718883,1.13075219071
T[T>C]C,0.902418602306,0.454601852289,1.29595453414,2.96559029178,0.682984430833,0.644584715933,1.22810351141
T[T>C]G,0.663526451294,0.33425768599,0.952883851107,2.04662307213,0.4713434954,0.47394746521,0.902994644242
T[T>C]T,0.845507633067,0.425932416658,1.21422524749,2.45118663032,0.564515708801,0.603934023619,1.150653245
A[T>G]A,0.351282208436,0.176961714024,0.50447294595,0.269885838139,0.0621555263594,0.250915863169,0.478060749827
A[T>G]C,0.298335411289,0.150289267341,0.428436568092,0.320326235479,0.0737721027164,0.213096722349,0.40600533416
A[T>G]G,0.38631282651,0.194608717114,0.554780074161,0.361736634271,0.0833090430442,0.275937733221,0.525733996979
A[T>G]T,1.22070180849,0.614940008786,1.7530379355,0.44123916989,0.101618717914,0.871929863205,1.66125584463
C[T>G]A,0.296635371789,0.149432856465,0.425995157982,0.179123993306,0.0412527984584,0.211882408421,0.40369174657
C[T>G]C,0.640894339697,0.322856547065,0.920382096858,0.321982588063,0.0741535657357,0.457781671212,0.87219455252
C[T>G]G,0.651857403602,0.328379293544,0.936126045774,0.510185602539,0.117497290282,0.465612431144,0.887114210917
C[T>G]T,3.73288154605,1.88047416229,5.36075470147,0.931766335242,0.214588610541,2.66634396146,5.08008691605
G[T>G]A,0.101046850438,0.0509033005967,0.145112394238,0.141872300458,0.0326736207114,0.0721763217416,0.137514886687
G[T>G]C,0.143462723132,0.0722706951118,0.206025414423,0.162515079127,0.037427715193,0.102473373666,0.195238743511
G[T>G]G,0.383544584706,0.193214189288,0.550804629164,0.625832222712,0.144131057352,0.273960417647,0.521966690464
G[T>G]T,1.18145674505,0.595169939237,1.6966784835,0.499690949245,0.115080339826,0.843897675038,1.60784714928
T[T>G]A,0.505494470324,0.254647590314,0.725935667909,0.423931113945,0.0976326201813,0.361067478803,0.687928564877
T[T>G]C,0.506109719538,0.254957527887,0.726819221291,0.416827667859,0.0959966750222,0.361506942527,0.68876585892
T[T>G]G,0.427722961354,0.215469461735,0.61424876405,0.303980908779,0.0700077244461,0.305516400967,0.582089142895
T[T>G]T,2.97536730622,1.49886924449,4.27289590593,0.880199042444,0.202712506745,2.12526236159,4.0491840784
