,1,3,2,5,4,7,6
A[C>A]A,0.521788943672,0.915591920029,1.07311311057,2.43097916175,0.738695325395,1.4102365303,2.51156410634
A[C>A]C,0.369138220675,0.647733104204,0.759171057615,1.63586913139,0.497087305117,0.948984855224,1.6900968374
A[C>A]G,0.0870989320194,0.152833975053,0.179127992266,0.403369044392,0.122570704097,0.233998616913,0.41674039393
A[C>A]T,0.330182232954,0.579376371032,0.679054026264,2.05575120073,0.624675779228,1.19256285125,2.12389764937
C[C>A]A,0.502106422684,0.881054666219,1.03263396363,3.06591454463,0.931631491463,1.77856921097,3.16754707097
C[C>A]C,0.435910892501,0.764900245333,0.896495986465,1.54194397776,0.468546512578,0.894497887648,1.59305814276
C[C>A]G,0.11960971607,0.209881199896,0.245989793427,0.641504275073,0.194932238282,0.372143363992,0.662769610158
C[C>A]T,0.529253182061,0.928689545881,1.08846409141,5.21583890532,1.58492342427,3.02576290088,5.38873964251
G[C>A]A,0.433076902903,0.759927395661,0.890667592763,3.6672366274,1.11435367131,2.12740246341,3.78880248245
G[C>A]C,0.431091903101,0.7564442828,0.88658523468,2.19230390927,0.666169696186,1.2717785109,2.26497696703
G[C>A]G,0.11418631223,0.200364661082,0.234836000624,0.561116828937,0.170505113765,0.325509762643,0.579717386802
G[C>A]T,0.387122952587,0.67929121869,0.796158525131,4.06498282433,1.23521577535,2.35813920748,4.19973363618
T[C>A]A,0.664326122804,1.16570432869,1.36625561105,3.30588905422,1.00455192255,1.91778094305,3.41547653668
T[C>A]C,0.564535493416,0.99060001675,1.16102582608,2.28538412378,0.694453739271,1.32577532043,2.36114271352
T[C>A]G,0.130217978949,0.22849569891,0.267806786894,0.596551053127,0.181272419458,0.346065528057,0.616326226159
T[C>A]T,0.737628911304,1.29432997644,1.51701040249,14.4192183702,4.38153044398,8.36473993851,14.8972035095
A[C>G]A,0.269620873143,0.473108324572,0.554503305143,0.374323383435,0.113744674524,0.217148924092,0.386731893383
A[C>G]C,0.169622865803,0.297640123014,0.348847025898,0.245878871249,0.0747145741365,0.14263691426,0.254029552064
A[C>G]G,0.0373420972541,0.0655248121629,0.0767978981264,0.061857899163,0.0187965991932,0.0358844166415,0.0639084372568
A[C>G]T,0.277559563422,0.487038479212,0.570830045528,0.359468156783,0.109230655376,0.208531251173,0.371384228279
C[C>G]A,0.174978602371,0.307037924914,0.359861653932,0.230910678959,0.070166228413,0.133953708789,0.238565176604
C[C>G]C,0.166792602209,0.292673811423,0.343026295108,0.25533881639,0.077589143102,0.14812472774,0.263803086547
C[C>G]G,0.0447587555137,0.0785389483542,0.0920510254904,0.128680296295,0.039101747493,0.0746487906685,0.132945941476
C[C>G]T,0.18687613261,0.327914723258,0.384330159518,0.335717462124,0.102013593463,0.194753223884,0.346846217774
G[C>G]A,0.119448850291,0.209598925982,0.245658956258,0.136461820838,0.0414662991498,0.0791629347406,0.140985417109
G[C>G]C,0.134763494089,0.236471791515,0.277155110486,0.194385164621,0.0590673152164,0.112764874504,0.200828871736
G[C>G]G,0.0215181189292,0.0377582086871,0.0442542445902,0.0386447105428,0.0117428678445,0.0224182022486,0.0399257506713
G[C>G]T,0.122545381976,0.215032462713,0.252027295008,0.250102892807,0.0759981165987,0.145087313507,0.258393596436
T[C>G]A,0.925335255146,1.62370148545,1.90304797757,0.288890076319,0.0877842773347,0.167588165821,0.298466542938
T[C>G]C,0.343116620241,0.602072560046,0.705654935968,0.320805688535,0.0974823915437,0.186102747493,0.331440131249
T[C>G]G,0.0540064312691,0.0947660020383,0.111069830346,0.0375804610624,0.0114194771184,0.0218008199533,0.0388262222026
T[C>G]T,1.24729367341,2.1886473892,2.56518887551,0.503448687488,0.152981645369,0.292055868432,0.520137594256
A[C>T]A,1.05722254833,1.85512635838,2.17428788241,1.65181804839,0.501933661113,0.958236989397,1.70657444778
A[C>T]C,0.744527610701,1.30643524142,1.53119829371,2.71033104049,0.823581255396,1.57229148757,2.80017626835
A[C>T]G,2.97566902974,5.22145697672,6.11977215551,3.85194100272,1.17047931022,2.23455141042,3.97962965474
A[C>T]T,0.707764060281,1.24192561521,1.45559023718,2.08322253709,0.633023422872,1.20849926185,2.15227963776
C[C>T]A,1.18943046694,2.08711383821,2.44618718672,1.98475331536,0.60310183616,1.15137623267,2.05054624294
C[C>T]C,1.42147818768,2.49429191422,2.92341740484,3.96894315609,1.20603245075,2.30242558779,4.10051033254
C[C>T]G,1.8236603208,3.20000773272,3.75054669749,2.84583300769,0.864755886315,1.65089760115,2.94017001347
C[C>T]T,1.73169410898,3.03863305916,3.56140863923,3.6310973654,1.10337212761,2.10643769816,3.75146523387
G[C>T]A,1.20166330664,2.10857900976,2.47134529101,2.70738276639,0.822685371001,1.57058116282,2.7971302614
G[C>T]C,1.61887343743,2.84066471096,3.32938122038,5.33455494219,1.62099735812,3.09463132005,5.51139101762
G[C>T]G,1.99237370848,3.49605197903,4.09752328725,4.81467198535,1.463021874,2.79304175946,4.97427437161
G[C>T]T,1.54322845652,2.70792917842,3.17380946718,4.21946294399,1.28215724817,2.44775474651,4.35933464379
T[C>T]A,1.71290898437,3.005670482,3.52277508105,1.68243051348,0.511235791389,0.975995601744,1.73820169072
T[C>T]C,1.09947826748,1.92927318633,2.26119115388,2.7373105194,0.831779439598,1.58794256651,2.82805009463
T[C>T]G,1.3856740695,2.43146582006,2.84978252029,8.66678980127,2.63355491199,5.02769574107,8.95408670076
T[C>T]T,1.14825429943,2.01486131787,2.36150412524,2.99219791454,0.909231410495,1.73580542004,3.09138679568
A[T>A]A,0.590757264305,1.0366118034,1.21495361904,1.3316973238,0.404659407784,0.772531596678,1.37584198646
A[T>A]C,0.269058905832,0.472122230988,0.55334756105,1.08544935415,0.329832676676,0.629680564563,1.1214311007
A[T>A]G,0.305044648659,0.535267025006,0.627355975545,1.61405210467,0.490457821862,0.93632856901,1.66755659433
A[T>A]T,0.379896893579,0.666611530243,0.781297384909,0.941913771583,0.286216891917,0.546414066388,0.973137432519
C[T>A]A,0.913494351352,1.60292405048,1.87869593014,1.90640807888,0.579295272588,1.10592733858,1.9696039268
C[T>A]C,0.262997913832,0.461486905402,0.540882502031,1.56581178355,0.475799160746,0.908343852334,1.61771714654
C[T>A]G,0.431704559387,0.757519321189,0.88784522591,4.36889747381,1.32756553072,2.53444328591,4.51372280444
C[T>A]T,0.311674601324,0.54690071553,0.640991161213,1.80620982793,0.548848290256,1.0478012814,1.86608418687
G[T>A]A,0.441991692626,0.775570328571,0.909001782949,1.23053700278,0.373920083718,0.713847432552,1.27132828464
G[T>A]C,0.125968345263,0.221038794518,0.25906697422,0.639869038843,0.194435343295,0.37119474629,0.661080167202
G[T>A]G,0.222771890992,0.390901620042,0.458153511662,1.13702049115,0.345503464161,0.659597522488,1.17471177815
G[T>A]T,0.193888739021,0.340219862811,0.398752312326,0.627602287398,0.190707877386,0.36407867501,0.648406783113
T[T>A]A,0.440015381583,0.772102462023,0.904937294199,1.06340772734,0.323134944771,0.616893985472,1.09865881222
T[T>A]C,0.248922388069,0.436788341328,0.511934722632,1.00471704178,0.30530075855,0.582846902687,1.03802257907
T[T>A]G,0.241485624376,0.423738925792,0.496640246359,1.47550767718,0.448358686435,0.855957492285,1.52441953388
T[T>A]T,0.342158046736,0.600390534838,0.703683530079,1.0410108096,0.316329251535,0.603901298385,1.07551945522
A[T>C]A,1.09358859707,1.91893848164,2.24907843548,3.11222783099,0.945704589527,1.80543603455,3.21539560439
A[T>C]C,0.516556044796,0.90640966351,1.062351111,1.67086884308,0.507722576628,0.96928855538,1.72625676053
A[T>C]G,0.971749715247,1.70514572675,1.99850413136,2.73244021175,0.830299511859,1.58511724991,2.82301834032
A[T>C]T,0.793616236707,1.39257188705,1.63215414719,2.30319004438,0.699864378125,1.33610472188,2.37953888563
C[T>C]A,0.517109083351,0.907380089653,1.06348849217,1.79449365031,0.545288125786,1.04100460377,1.85397962767
C[T>C]C,0.537786750037,0.943663542517,1.10601425951,1.55976860144,0.473962834691,0.904838138956,1.61147363795
C[T>C]G,0.714693523301,1.25408486164,1.46984139698,2.4381692819,0.740880168533,1.41440759447,2.51899257301
C[T>C]T,0.610650177737,1.07151823641,1.25586545987,1.6200770016,0.492288591646,0.93982367496,1.6737812116
G[T>C]A,0.912934105103,1.60194097688,1.87754372559,5.04022071232,1.53155877999,2.92388494361,5.20729985196
G[T>C]C,0.518469365661,0.909767000123,1.06628605391,2.7073798512,0.82268448517,1.57057947169,2.79712724958
G[T>C]G,0.670122290339,1.17587496229,1.37817603107,2.75545150458,0.837291893656,1.59846634243,2.84679243843
G[T>C]T,0.793333098108,1.39207505894,1.63157184328,3.60044880769,1.09405902996,2.08865814811,3.71980070187
T[T>C]A,0.703228083993,1.23396626059,1.44626153123,1.7818301297,0.541440094662,1.03365836254,1.84089632185
T[T>C]C,0.514033638851,0.901983554965,1.05716352141,2.33757776202,0.710313684593,1.35605339786,2.41506652762
T[T>C]G,0.541593957719,0.950344114488,1.1138441772,1.32156893403,0.401581720287,0.766656011456,1.36537784897
T[T>C]T,0.608669696058,1.06804305157,1.25179239378,1.67032885075,0.507558490561,0.968975300161,1.72569886791
A[T>G]A,0.126078443509,0.22123198578,0.259293402689,0.114144777022,0.0346848769958,0.0662165833556,0.117928581786
A[T>G]C,0.0708998929852,0.124409246182,0.14581298746,0.30534645887,0.0927848355682,0.177134686085,0.315468440932
A[T>G]G,0.124203004704,0.217941121462,0.255436368165,0.334795171748,0.101733339481,0.194218193555,0.345893354237
A[T>G]T,0.142956424185,0.250848065079,0.294004721436,1.07070075793,0.32535105904,0.621124749077,1.10619360074
C[T>G]A,0.0582342412988,0.10218461209,0.119764760407,0.174183716596,0.0529287536618,0.101045802445,0.17995776245
C[T>G]C,0.128433764532,0.225364907575,0.264137364792,0.509819491727,0.15491752511,0.295751638847,0.526719585375
C[T>G]G,0.191993009132,0.336893393382,0.394853547082,0.713360346552,0.216766956135,0.413827825348,0.737007650858
C[T>G]T,0.304935743874,0.535075927929,0.627132001552,2.42094041963,0.735644878892,1.40441295061,2.50119258823
G[T>G]A,0.037534408258,0.0658622635471,0.0771934056627,0.0335227760565,0.0101864789122,0.0194469142869,0.0346340283014
G[T>G]C,0.0161864663535,0.0284026673751,0.0332891477837,0.237269790515,0.0720985551289,0.137642696155,0.245135087438
G[T>G]G,0.163444194104,0.286798302862,0.336139946366,0.431320350206,0.131064194814,0.250213462827,0.445618262368
G[T>G]T,0.130380525841,0.228780922702,0.268141081446,0.980936357393,0.298074583738,0.569051478045,1.01345358471
T[T>G]A,0.17313896731,0.303809886034,0.356078253523,0.253731142134,0.0771006233003,0.147192099028,0.262142119221
T[T>G]C,0.11935341623,0.209431466216,0.24546268621,0.656810526089,0.199583309032,0.38102268088,0.67858325071
T[T>G]G,0.148886069018,0.261252913559,0.306199651376,0.333676618716,0.101393447676,0.1935693092,0.344737722099
T[T>G]T,0.316620516743,0.555579397304,0.651162949529,3.41419852804,1.03746364112,1.98061240577,3.5273763798
