,1,3,2,5,4,7,6
A[C>A]A,0.786015757685,0.302945532941,0.915360122873,0.916036226212,2.7083273363,0.527327027307,1.79092197953
A[C>A]C,0.741931366673,0.248019457872,0.864021338404,0.595983122498,2.21324813473,0.497751423211,1.69047653166
A[C>A]G,0.251497676099,0.0463578778538,0.292883369635,0.235616359847,0.289104448047,0.168726289029,0.57303267972
A[C>A]T,0.900656584761,0.334432097264,1.04886589618,0.604952138803,2.47624394567,0.604237961928,2.0521289273
C[C>A]A,1.23852892042,0.311981150044,1.44233747695,1.29898321727,2.87124745534,0.830911807374,2.82196462882
C[C>A]C,1.58778808148,0.249644324537,1.84906966451,0.754078849818,2.48765370632,1.06522491543,3.61774499579
C[C>A]G,0.393936988057,0.0503973912523,0.458762062041,0.323058643357,0.433384007201,0.264286840089,0.897577947471
C[C>A]T,3.48972902786,0.450506544009,4.06398823498,1.06062254464,4.3554123721,2.34121061363,7.95128132931
G[C>A]A,0.786298841694,0.25180074953,0.915689790328,1.48613922746,2.38049728902,0.527516944428,1.79156698108
G[C>A]C,1.10436616531,0.238090381023,1.28609730644,1.01806815664,1.54888640155,0.740903883058,2.51627733869
G[C>A]G,0.37966717957,0.0493195467672,0.442144057221,0.368036045652,0.299896365802,0.254713424268,0.865064459779
G[C>A]T,1.82999324751,0.313458381552,2.13113137685,1.13065612158,2.69430734931,1.22771698884,4.16960486775
T[C>A]A,0.740012685521,0.969257375977,0.86178692491,1.641487348,2.51650947149,0.496464206742,1.68610485308
T[C>A]C,1.10722762926,0.475909427248,1.2894296442,1.27408734635,2.05267666985,0.742823599378,2.52279712996
T[C>A]G,0.216998934057,0.111706155325,0.252707619408,0.297596650563,0.315395458014,0.145581563354,0.494427951015
T[C>A]T,1.99565021733,5.06138864727,2.32404835435,5.99876464057,4.97472978584,1.33885394327,4.54705112808
A[C>G]A,0.297960887782,0.0960080067321,0.346992426277,0.266165567019,1.08617349285,0.19989781079,0.678898225326
A[C>G]C,0.158079730211,0.0663277010248,0.184092850372,0.145646059278,0.585161263998,0.106053489888,0.360181663771
A[C>G]G,0.0477941228261,0.0111907807832,0.055658978481,0.0456679271611,0.18370317811,0.0320644115162,0.108898001376
A[C>G]T,0.254585350398,0.103988504446,0.296479142236,0.199300500366,1.07560442349,0.170797766723,0.580067886983
C[C>G]A,0.205543727034,0.0524629977911,0.239367378318,0.190725709673,0.796049848608,0.137896424466,0.468327479317
C[C>G]C,0.200296451187,0.0563853736386,0.233256626699,0.196149979603,0.682828935205,0.134376100163,0.456371660932
C[C>G]G,0.0821292989791,0.0107318811911,0.0956442469124,0.115778638324,0.194099626164,0.0550994031126,0.187130048307
C[C>G]T,0.220918191492,0.0533992667932,0.25727181794,0.155192698085,1.0522858011,0.148210938596,0.503357904666
G[C>G]A,0.156380912134,0.0348409130776,0.182114479953,0.117161822876,0.517557209533,0.104913776495,0.356310939039
G[C>G]C,0.212851829465,0.0483523642735,0.247878079884,0.146792139724,0.516342608839,0.142799328629,0.484978851947
G[C>G]G,0.075025943437,0.00597485240105,0.0873719847621,0.0560453396295,0.0910551266944,0.0503338607869,0.170945187578
G[C>G]T,0.189296753185,0.0415497101128,0.220446851811,0.104033159962,0.80828772534,0.126996555934,0.431309057891
T[C>G]A,0.126281582782,0.451161623125,0.147062096404,0.707538625126,1.6187902024,0.0847205555373,0.287730188617
T[C>G]C,0.217671698611,0.0558154505315,0.253491092053,0.225370986986,0.989317306371,0.146032911726,0.495960832278
T[C>G]G,0.0411420208163,0.0242416946236,0.0479122267734,0.0877227279319,0.122506780736,0.0276016089021,0.0937413132523
T[C>G]T,0.270759942066,0.835342750707,0.31531537557,1.24770704648,2.39773482159,0.181649075057,0.616921386986
A[C>T]A,1.60531215109,0.603834150042,1.86947744178,1.67142018578,2.38315064756,1.07698156972,3.65767325565
A[C>T]C,1.19092627325,0.360349569233,1.38690148277,5.13460522819,1.24887368119,0.798975854206,2.71350290108
A[C>T]G,3.57420789833,2.26184738982,4.16236869173,2.00434774295,3.47794537806,2.39788631154,8.14376483164
A[C>T]T,1.05869423175,0.420443019583,1.23290973824,3.11440237207,1.99859825871,0.71026321877,2.41221470526
C[C>T]A,0.962633621715,0.669594131028,1.12104168605,2.12978416173,1.34522714648,0.64581749305,2.19334242923
C[C>T]C,1.19614894108,0.620812802418,1.39298357696,6.90885998397,0.996597315263,0.802479669335,2.72540265057
C[C>T]G,2.97722316635,1.36282842463,3.46714596588,1.73678214851,2.88841770562,1.9973775673,6.78354645498
C[C>T]T,1.54900951986,0.900993161391,1.80390982059,4.09513311473,1.90669189381,1.03920891838,3.52938877942
G[C>T]A,3.0442289484,0.562779106179,3.54517801586,1.72565491607,2.44557499802,2.04233081348,6.93621785712
G[C>T]C,4.44573755711,0.810718129098,5.17731462346,4.83722875338,2.60640710395,2.98258342439,10.1295286111
G[C>T]G,6.51780705891,1.66159310954,7.59035758759,1.76213999673,4.24965199064,4.37270600154,14.8506996279
G[C>T]T,3.40685066453,0.876390307707,3.96747165996,2.8966721072,2.28176636003,2.28560867367,7.76244455209
T[C>T]A,0.740417348042,4.90186776743,0.862258177467,7.86225353823,2.40276136354,0.496735689193,1.68702686896
T[C>T]C,1.04671437307,1.59008690161,1.21895851042,8.66328055938,1.6016572757,0.702226098391,2.38491882473
T[C>T]G,1.67956643853,4.56668608688,1.95595078918,4.87741808117,2.36368079445,1.12679773724,3.8268602397
T[C>T]T,0.872998067636,3.37859590661,1.0166559775,8.25865404028,2.20695736916,0.585682247908,1.9891095212
A[T>A]A,0.431732241257,0.191813364667,0.502776787287,0.293698920546,0.953052796734,0.289643149198,0.983693714257
A[T>A]C,0.396378354276,0.117770349628,0.461605172068,0.178870802681,0.983890764405,0.265924718691,0.903140554046
A[T>A]G,0.544967501657,0.114901237683,0.634645698132,0.24448543151,0.940330635214,0.365611108706,1.24169810504
A[T>A]T,0.494731022025,0.234185696559,0.576142456029,0.301631376072,1.58095981206,0.331908154017,1.12723524006
C[T>A]A,0.623595711659,0.296354682865,0.726212727502,0.330475537579,0.791946975125,0.418361679974,1.42085098859
C[T>A]C,0.67322235418,0.257432433089,0.784005779551,0.304607572649,1.51611528689,0.451655503437,1.5339243513
C[T>A]G,1.56261081305,0.196889352205,1.81974930127,0.833769259244,1.36378684644,1.0483338366,3.56037906771
C[T>A]T,0.666359062122,0.229685582808,0.776013085003,0.481326644247,2.10316368395,0.447051016361,1.51828647066
G[T>A]A,0.437190062382,0.140074999556,0.509132730876,0.416656650792,0.529085884229,0.293304725396,0.996129256061
G[T>A]C,0.284326688576,0.0635549076114,0.331114624671,0.143788192099,0.704860088638,0.190750816386,0.647832961312
G[T>A]G,0.522663267301,0.0917725202081,0.608671146731,0.45088682038,0.756937768441,0.350647508443,1.19087833056
G[T>A]T,0.338276712849,0.122248395032,0.393942501039,0.266943454261,1.15103651533,0.226945136468,0.770757067251
T[T>A]A,0.388769932456,0.164980764783,0.452744731468,0.320527160976,1.02975269935,0.260820334432,0.885804909393
T[T>A]C,0.351711219798,0.176293682039,0.409587749638,0.153873801662,0.943850474875,0.235958160118,0.801367336248
T[T>A]G,0.525044817783,0.0971769021161,0.611444597925,0.208444505312,0.686039159117,0.3522452575,1.19630464811
T[T>A]T,0.417545305664,0.325020210628,0.486255292672,0.293194008503,1.85606692072,0.280125331648,0.95136905088
A[T>C]A,0.864375903943,0.412999551305,1.00661497674,0.650939845067,1.5992686929,0.579897758341,1.96946408493
A[T>C]C,0.442502045062,0.287645555377,0.515318837288,0.403772932663,1.02327667306,0.296868460611,1.00823250774
A[T>C]G,1.00408415668,0.348934423166,1.16931319512,0.603907000704,1.52226702523,0.6736260798,2.28778668611
A[T>C]T,0.553984925417,0.360113875281,0.645147001751,0.515528177568,1.77831700513,0.371660772748,1.26224413386
C[T>C]A,0.415721310136,0.298677018039,0.484131145981,0.267038604411,0.986619704176,0.278901638445,0.947213111702
C[T>C]C,0.482547554406,0.520756820827,0.561954113992,0.30331932791,1.84324668397,0.323734435234,1.09947544042
C[T>C]G,1.08436651388,0.470220420506,1.26280657313,0.407441136557,1.8114435231,0.727486395389,2.47070851264
C[T>C]T,0.389082498089,0.238690572277,0.453108731951,0.328046769193,2.31823880877,0.261030030363,0.886517084253
G[T>C]A,0.813608783764,0.346750518923,0.947493773497,0.65086226731,1.38485084642,0.545838804297,1.85379216554
G[T>C]C,0.962093405173,0.340284493679,1.12041257311,0.47012210463,1.12513720798,0.645455069293,2.19211155609
G[T>C]G,0.717959620678,0.286065649863,0.836104874714,0.508242627233,1.23085663967,0.481669112607,1.63585736357
G[T>C]T,0.532847206363,0.423676202154,0.620530923866,0.717925387851,1.33801342544,0.357479771358,1.21408224235
T[T>C]A,0.470065587947,0.305276058849,0.547418153052,0.381009383129,0.933245080536,0.315360457736,1.07103551684
T[T>C]C,0.451128032843,0.488572842771,0.525364291412,0.460573992658,1.26477503305,0.302655515705,1.02788665711
T[T>C]G,0.506806678631,0.371980742447,0.590205246001,0.327467148475,0.845968690402,0.340009543892,1.15474939435
T[T>C]T,0.373329872329,0.443489169292,0.434763901953,0.479778214088,1.33674662311,0.250461813082,0.85062502556
A[T>G]A,0.0667294829159,0.0868608887488,0.0777102839021,0.07438750037,0.499791986076,0.0447678809436,0.152041859808
A[T>G]C,0.120390986592,0.209222211468,0.140202161601,0.0907811731613,0.379917067292,0.0807686365743,0.274308577045
A[T>G]G,0.143790777922,0.118174590127,0.167452551504,0.154512402995,0.682174035601,0.0964672307578,0.327624557291
A[T>G]T,0.377655272205,0.909756230995,0.439801076492,0.251675329821,1.55263940324,0.253363663631,0.86048036705
C[T>G]A,0.0433907609731,0.11665485252,0.0505310127788,0.0494069203176,0.369247385327,0.0291102573617,0.0988650250019
C[T>G]C,0.258104919799,0.324078180629,0.300577881285,0.116752412207,0.855146425636,0.173158996827,0.588087159036
C[T>G]G,0.310874172869,0.2504341843,0.362030682328,0.307934353041,1.06430240972,0.20856115395,0.708320900207
C[T>G]T,0.666895610952,1.23831203495,0.776637926678,0.477883526733,4.81830916942,0.447410979499,1.51950898698
G[T>G]A,0.0222373555674,0.00954098795759,0.0258966672431,0.0664229067039,0.194193990025,0.0149187322161,0.0506673924321
G[T>G]C,0.0968965992909,0.0346878062902,0.112841609301,0.0427494135204,0.289157137397,0.0650065792711,0.220777061676
G[T>G]G,0.213569970657,0.104257278187,0.248714396208,0.240809261285,0.862608897912,0.143281119555,0.486615123016
G[T>G]T,0.455903197065,0.322340314401,0.530925242152,0.140167032606,1.57821613361,0.305859106892,1.03876677812
T[T>G]A,0.107650517564,0.184241708845,0.125365159694,0.124207569375,0.632453458729,0.0722212333022,0.245279660272
T[T>G]C,0.179352094073,0.39640116654,0.208865729806,0.188816581279,0.746439386907,0.120324822606,0.408650340926
T[T>G]G,0.179044829461,0.18282298023,0.208507902663,0.192751244022,0.773499167833,0.120118683056,0.407950244341
T[T>G]T,0.858390284345,2.78551671262,0.999644381769,1.09178481668,3.72977814102,0.575882089498,1.95582596433
