,1,3,2,5,4,7,6
A[C>A]A,3.78421242236,0.634111270774,0.613656068491,4.01398594473,1.69778178949,1.58467432711,5.20301404069
A[C>A]C,1.18892490461,0.199225254286,0.19279863318,3.19434467323,0.533409551797,0.936627164561,3.07525919031
A[C>A]G,0.272160310208,0.0456052411701,0.0441341043581,0.983668668033,0.122104355391,0.252736440388,0.829817979275
A[C>A]T,1.6372290039,0.274346481735,0.265496595228,1.76766304995,0.73454058013,0.842569038627,2.76643501016
C[C>A]A,6.21945140558,1.04217834364,1.00855968739,3.21921369283,2.79034846845,1.99228420769,6.54133314857
C[C>A]C,2.09519919901,0.351087433348,0.339762032272,1.7668387578,0.940008289286,0.925519055433,3.03878756534
C[C>A]G,1.31691104482,0.220671580484,0.213553142404,0.851393575605,0.590830360651,0.437134751714,1.43525910146
C[C>A]T,3.74955661411,0.628304081283,0.608036207693,3.08291755772,1.68223350795,1.38489355157,4.54706716097
G[C>A]A,8.36894152503,1.40236317446,1.35712565271,4.44691122638,3.75471430582,2.37605099932,7.80136744776
G[C>A]C,1.68749256745,0.282769024816,0.27364744337,4.2452634415,0.757091259991,1.27908054219,4.19964778021
G[C>A]G,0.748438817948,0.125414072197,0.121368456965,0.976110117767,0.335786064268,0.408599111272,1.34156708201
G[C>A]T,4.99439840999,0.836899193026,0.809902444864,3.83402921361,2.24073009746,1.67704386266,5.50629401572
T[C>A]A,5.1014809656,0.854842756398,0.827267183611,4.75497624367,2.28877254132,1.36963326404,4.49696255026
T[C>A]C,3.32736213048,0.557557978621,0.539572237375,3.02986298883,1.4928165234,1.22773355934,4.03105851984
T[C>A]G,1.09474399403,0.183443588189,0.177526053086,0.873631501218,0.491155413538,0.347658336842,1.14147820597
T[C>A]T,8.4096296179,1.40918117922,1.36372372182,5.32721327446,3.77296896371,2.18503312546,7.17419209527
A[C>G]A,0.451731593976,0.075695564396,0.0732537719961,0.822651873514,0.202668769189,0.368121358741,1.20866512787
A[C>G]C,0.376664254275,0.0631167128786,0.0610806898825,0.296675545609,0.168989908675,0.210527328781,0.691231396165
A[C>G]G,0.202068102394,0.0338600604012,0.0327678003882,0.0188356506088,0.0906575810741,0.0685590840197,0.225102325865
A[C>G]T,0.662515648845,0.111016135752,0.107434970083,0.528263842667,0.297236750563,0.362260733537,1.18942274178
C[C>G]A,0.249227516943,0.041762448785,0.0404152730177,0.522855278076,0.111815588682,0.24013763108,0.788451888713
C[C>G]C,0.457824589887,0.0767165529,0.0742418253871,0.165171595486,0.205402383571,0.261469891992,0.85849281204
C[C>G]G,0.428205341648,0.0717533275193,0.069438704051,0.112336356027,0.192113747874,0.12548483935,0.412008555866
C[C>G]T,0.67882854478,0.113749648044,0.110080304559,0.451825355406,0.30455550928,0.361044908348,1.18543078241
G[C>G]A,0.231534997066,0.0387977562651,0.0375462157404,0.153816433688,0.103877863549,0.155242277141,0.50971214328
G[C>G]C,0.377882978822,0.0633209315863,0.06127832089,0.156329914893,0.169536687796,0.17921704803,0.588429307699
G[C>G]G,0.069727704805,0.0116841018862,0.0113071953738,0.011688126079,0.0312832405341,0.0368247646034,0.120907977114
G[C>G]T,0.319908050242,0.0536062138244,0.0518769811204,0.487150518356,0.143526314433,0.232974114595,0.764931676253
T[C>G]A,0.88392307588,0.148116839742,0.14333887717,16.519637971,0.396570893503,0.297608954569,0.977149400835
T[C>G]C,0.787261714637,0.131919530561,0.127664061833,3.84482639172,0.353203904405,0.32273392917,1.05964306744
T[C>G]G,0.145992233883,0.0244635635156,0.0236744163054,0.574001864827,0.065499218445,0.0440900172433,0.144762223282
T[C>G]T,1.71705288455,0.28772237525,0.278441008306,19.5491898715,0.770353456314,0.595329957471,1.9546666937
A[C>T]A,1.85966695092,0.311619867451,0.301567613662,1.0109166195,0.834337064465,0.614033453723,2.01607650639
A[C>T]C,2.8306535653,0.474325732563,0.459024902481,0.965492265071,1.26996889686,0.410689541341,1.34843066074
A[C>T]G,2.90542021937,0.486854198922,0.471149224763,3.52830140025,1.30351285518,0.993296285316,3.26132280345
A[C>T]T,2.25577607594,0.377994910022,0.365801525828,0.624871663786,1.01205088812,0.516846467896,1.69697923626
C[C>T]A,2.37189942798,0.397453417662,0.384632339673,1.20281268114,1.0641494731,0.66761194207,2.19199254313
C[C>T]C,3.81677001912,0.639566868069,0.618935678776,0.835432007221,1.71238871128,0.540735174933,1.77541382436
C[C>T]G,3.42433362459,0.573807256013,0.555297344528,2.17073574455,1.5363226532,0.888634807568,2.91768428485
C[C>T]T,2.83732930901,0.475444370699,0.460107455515,0.632564282009,1.27296396026,0.736690414785,2.41880019521
G[C>T]A,2.4912423726,0.417451424598,0.403985249611,1.72917133726,1.11769252392,0.76500645445,2.51177119211
G[C>T]C,4.66186848052,0.781177961601,0.755978672517,2.11528906287,2.09154099396,0.823142639233,2.70265166548
G[C>T]G,3.1514469603,0.528080301456,0.511045453022,3.99645673723,1.41389242003,0.706876312083,2.320910558
G[C>T]T,2.90667711414,0.487064813721,0.471353045537,1.64497448269,1.30407675932,0.736635140099,2.41861870999
T[C>T]A,8.62064548659,1.44454059505,1.39794251134,7.76952759301,3.86764094804,1.47783187384,4.85221465245
T[C>T]C,5.47651518233,0.91768632785,0.888083543081,1.49003203944,2.45703113586,0.691748048458,2.27123942577
T[C>T]G,2.5836861021,0.432941995487,0.418976124665,2.94226695898,1.15916727824,0.63520812666,2.08560001587
T[C>T]T,6.24062652956,1.04572660766,1.01199349128,3.00343926208,2.79984865921,1.01108894865,3.31974204807
A[T>A]A,0.869795402672,0.145749499907,0.141047903136,0.297767028305,0.39023253201,0.464061690341,1.52366921662
A[T>A]C,1.28216960815,0.214850042446,0.207919395915,0.433632607277,0.575243662033,0.454457886141,1.49213672616
A[T>A]G,0.75259935436,0.126111243163,0.122043138545,0.340948155092,0.337652683307,0.554688260394,1.82122645496
A[T>A]T,0.91569794826,0.153441277817,0.148491559177,0.700889274004,0.410826647057,0.418871936454,1.37529619136
C[T>A]A,0.307530035729,0.0515320600411,0.0498697355237,0.283689783422,0.137972934949,0.514938746897,1.69071555231
C[T>A]C,0.714930427529,0.119799152721,0.115934663924,0.350492484608,0.320752570189,0.600920049171,1.97302082811
C[T>A]G,0.92874929751,0.155628260664,0.150607994191,0.581001442563,0.416682117261,1.20315779815,3.95036810392
C[T>A]T,0.655319027373,0.109810215398,0.106267950385,0.509566792933,0.294007996065,0.639359194568,2.0992293555
G[T>A]A,0.327194885785,0.0548272511315,0.0530586301272,0.326015434301,0.146795543352,0.346301087339,1.13702190343
G[T>A]C,0.733108706946,0.122845242785,0.118882493018,0.141599795392,0.328908230684,0.282216020898,0.926609268615
G[T>A]G,0.438383368247,0.0734588346793,0.0710891948509,0.256794334253,0.196680105754,0.373425423685,1.2260801411
G[T>A]T,0.562488560538,0.0942548398739,0.0912143611683,0.194731284633,0.252359732566,0.289736230931,0.951300624891
T[T>A]A,0.911768620724,0.152782849959,0.147854370928,0.370469424584,0.409063759568,0.419884312358,1.37862015891
T[T>A]C,0.62522323153,0.104767136094,0.101387551059,0.302433028515,0.28050555793,0.412448062034,1.35420447035
T[T>A]G,0.517740631917,0.0867565383213,0.0839579403109,0.311831743336,0.23228363486,0.481514113212,1.58097133838
T[T>A]T,0.685250937165,0.114825832714,0.111121773594,0.315920317291,0.307436906944,0.473841221859,1.55577867844
A[T>C]A,3.42185371225,0.573391703134,0.554895196582,1.2979659845,1.53521004388,1.16309869055,3.81884070065
A[T>C]C,1.54749307622,0.25930965061,0.250944823171,0.785313393194,0.69428067744,0.487168347677,1.59953607487
A[T>C]G,2.77025749729,0.464205310356,0.449230945506,1.43897071073,1.24287228257,0.869524159543,2.85493765717
A[T>C]T,2.67882710898,0.448884542587,0.434404396051,0.957274003096,1.20185216241,0.93723278176,3.07724763344
C[T>C]A,1.73997159952,0.291562808569,0.28215755668,0.432718051553,0.780635906813,0.481363344741,1.58047631523
C[T>C]C,1.42565175833,0.238892997342,0.231186771621,0.849508688288,0.639616734818,0.610736363287,2.00525105946
C[T>C]G,2.33173094387,0.390722482486,0.378118531439,1.21532156567,1.04612793698,0.720723893266,2.36637678289
C[T>C]T,1.95413019679,0.327448843787,0.316885977858,0.968609925798,0.876717872074,0.5674067819,1.86298560057
G[T>C]A,5.73031551486,0.960215032221,0.929240353762,1.03393368293,2.57089831207,1.31001924207,4.3012298448
G[T>C]C,2.99122537806,0.501232360648,0.485063574821,1.19707530539,1.34200922367,0.738343660527,2.42422835206
G[T>C]G,3.96549996775,0.664489183785,0.643054048824,0.877415027809,1.77911620175,0.970807231671,3.18748374399
G[T>C]T,4.30606964766,0.721557616636,0.698281564486,1.14371879118,1.93191232841,1.06832610294,3.50767070464
T[T>C]A,2.32449136143,0.389509363266,0.376944545096,1.15840631712,1.0428799081,0.697513882754,2.29017058171
T[T>C]C,2.36763693372,0.396739161866,0.383941124386,0.784390745033,1.0622371108,0.683697008279,2.24480517718
T[T>C]G,1.68198646456,0.281846380547,0.27275456182,0.531989137695,0.754620954368,0.482588202887,1.58449793281
T[T>C]T,2.07946038999,0.348450119404,0.337209792971,0.822622971989,0.932947093888,0.553435408483,1.81711292452
A[T>G]A,0.593594371879,0.0994671650176,0.0962585467912,0.294304993727,0.266315312789,0.104133071613,0.341903585131
A[T>G]C,0.330346247069,0.0553553170764,0.0535696616868,0.183398427608,0.148209397334,0.13252298341,0.435117128864
A[T>G]G,0.436447252313,0.0731344044417,0.0707752301048,0.30019542528,0.195811469957,0.222346547879,0.730037832204
A[T>G]T,0.54049960131,0.0905702034627,0.0876485839962,0.765189915022,0.242494415723,0.388801187671,1.27656389952
C[T>G]A,0.333733142863,0.0559228509662,0.0541188880318,0.249963834232,0.149728923555,0.0651990015798,0.214070055187
C[T>G]C,0.471452465049,0.079000142792,0.076451751089,0.363266861238,0.211516511346,0.26110563458,0.857296833536
C[T>G]G,0.826835547075,0.138550821402,0.134081440066,0.45040356436,0.37095865085,0.324283349152,1.06473032972
C[T>G]T,1.49378133877,0.250309305415,0.242234811692,2.07728336754,0.670182979015,0.640541814494,2.10311229092
G[T>G]A,0.200034362388,0.0335192715353,0.0324380047116,0.0648464166962,0.0897451463688,0.0468699512684,0.153889673331
G[T>G]C,0.116245989144,0.0194790576404,0.0188507009423,0.0852198546054,0.0521536059404,0.071540930779,0.234892722725
G[T>G]G,0.79636394485,0.133444769137,0.129140099165,0.347795079072,0.357287607689,0.317162533148,1.04135031717
G[T>G]T,0.716192823122,0.12001068928,0.116139376723,1.03795781406,0.321318942266,0.295590080705,0.970520764982
T[T>G]A,0.852283714222,0.14281510887,0.138208169874,0.432209209735,0.382375936651,0.133246686462,0.437493287218
T[T>G]C,0.557173491339,0.0933642066568,0.090352458055,0.308453784948,0.249975133952,0.243224164176,0.79858600571
T[T>G]G,0.354240451713,0.0593592108276,0.0574443975751,0.221707945434,0.158929499958,0.204679746693,0.672031834974
T[T>G]T,1.36518407502,0.228760574733,0.221381201354,2.35922162,0.612487990413,0.971971371594,3.1913060034
