,1,3,2,5,4,7,6
A[C>A]A,0.340440460538,0.395861000626,0.744218681177,0.318401785221,0.510433951056,0.530453740839,1.13216246179
A[C>A]C,0.27943089599,0.3249196465,0.610848935421,0.290483255341,0.380619536945,0.435392326311,0.929270188991
A[C>A]G,0.0594228376005,0.0690963227912,0.129901086847,0.103769763063,0.0938035165047,0.0925890725402,0.197615483183
A[C>A]T,0.21612345575,0.251306343896,0.472455926524,0.248617620041,0.407316572119,0.336750500821,0.718736143542
C[C>A]A,0.373490724862,0.434291540537,0.81646809621,0.640498210913,0.666794121563,0.58195066432,1.24207380594
C[C>A]C,0.370669939256,0.431011557274,0.810301727676,1.09912713745,0.643450187747,0.577555486748,1.2326930538
C[C>A]G,0.0964690646567,0.112173330996,0.210885862273,0.360535567471,0.177435486673,0.150312263535,0.320815726649
C[C>A]T,0.626695046369,0.728715170196,1.36998451997,2.19072388213,0.748131973684,0.976478328063,2.08412538676
G[C>A]A,0.283243448455,0.329352847041,0.619183352436,0.400624561552,0.459933085016,0.441332815034,0.941949142536
G[C>A]C,0.262642507478,0.30539826451,0.574148737278,0.459854750408,0.548484166302,0.409233674443,0.873439036498
G[C>A]G,0.0707500696808,0.0822675228847,0.154662943023,0.172513879845,0.185922893589,0.110238480665,0.23528511545
G[C>A]T,0.263330362004,0.306198095354,0.575652419265,0.527396120899,0.453417504336,0.410305447774,0.875726552712
T[C>A]A,0.381437018262,0.443531416584,0.833839063178,0.383367403821,0.480114787085,0.594332098223,1.26849985143
T[C>A]C,0.328766757975,0.382286927878,0.718699424411,0.430854291408,0.525094790327,0.512264483357,1.09334061373
T[C>A]G,0.0790912429237,0.0919665615392,0.172897135694,0.109288992853,0.134510314732,0.123235192463,0.263024366002
T[C>A]T,0.986877477768,1.14753195089,2.15736006768,1.049440955,0.88251341377,1.5376928142,3.28194137955
A[C>G]A,0.153625933357,0.178634806229,0.335833435711,0.170015538698,0.208164283104,0.239370640347,0.510895545816
A[C>G]C,0.0922210106096,0.107233733267,0.201599418542,0.105289792608,0.113572290967,0.143693202578,0.306688477143
A[C>G]G,0.0255114243852,0.0296644469595,0.0557691602839,0.0324511644904,0.00468145026474,0.0397503589257,0.0848403183042
A[C>G]T,0.150939225855,0.175510727739,0.329960168149,0.152515437639,0.218102026304,0.23518437517,0.501960681333
C[C>G]A,0.0986438226713,0.114702119385,0.215639984444,0.104622902685,0.12808449084,0.153700839976,0.328048061442
C[C>G]C,0.0984614132667,0.114490015426,0.215241229002,0.0885366140146,0.157126189198,0.153416620671,0.32744144412
C[C>G]G,0.0365964682982,0.0425540329048,0.0800015818611,0.0506005995275,0.0334173894011,0.0570224040925,0.121704534108
C[C>G]T,0.133611103913,0.155361748736,0.292080087623,0.0914827270762,0.147677598642,0.208184743306,0.444334601384
G[C>G]A,0.0686501571783,0.0798257641608,0.150072436622,0.0907235176643,0.0922058474398,0.106966523975,0.2283016855
G[C>G]C,0.0746883170871,0.0868468803338,0.163272135028,0.188476816251,0.0964186840373,0.116374819647,0.248382077755
G[C>G]G,0.0171232537633,0.0199107601899,0.0374322291569,0.0325053426789,0.0177785208381,0.0266804186544,0.056944774143
G[C>G]T,0.0872602904976,0.101465454067,0.190755053646,0.125128756206,0.0908085891075,0.13596370845,0.290191198632
T[C>G]A,0.07476923348,0.0869409691628,0.163449022026,0.0766073831154,0.145500608365,0.116500898678,0.248651171806
T[C>G]C,0.112940102305,0.131325700354,0.246892316666,0.10625052746,0.126001880972,0.175976438475,0.375591503013
T[C>G]G,0.0224593559006,0.026115530117,0.0490971966199,0.0315395763156,0.0120572624808,0.0349948103567,0.0746904161345
T[C>G]T,0.172197115674,0.200229204272,0.376430904031,0.151792991059,0.396512858174,0.268307133724,0.572655524217
A[C>T]A,0.5515536364,0.641341437675,1.20572190283,1.6431828496,1.03873689782,0.859397526484,1.83423651175
A[C>T]C,0.417763936336,0.485772018996,0.913251395712,1.71112879527,1.69735621388,0.650934505454,1.38930797433
A[C>T]G,1.47383748366,1.71376451588,3.22187728986,3.32461836813,1.35717864377,2.29644445128,4.90136651542
A[C>T]T,0.370311706244,0.430595007261,0.80951861365,1.19466287739,1.13426954452,0.57699730973,1.23150172077
C[C>T]A,0.694692801457,0.807782327275,1.51863077528,1.23018268995,2.4324736693,1.08242831855,2.31025745601
C[C>T]C,0.805430019229,0.936546533988,1.7607074839,2.01862090204,4.19012461689,1.25497235554,2.6785230872
C[C>T]G,1.01031975849,1.17479041684,2.20860598367,3.35428563346,1.47243560361,1.57421915857,3.35990059217
C[C>T]T,0.838597547203,0.97511342698,1.83321324272,1.43620022349,4.25562690364,1.30665199215,2.78882440116
G[C>T]A,0.609991892812,0.709292898618,1.3334706494,2.62747383254,1.68623724503,0.950452484149,2.02857769005
G[C>T]C,0.80630924977,0.937568895081,1.76262952275,3.59707771554,3.43763085362,1.25634231941,2.68144703993
G[C>T]G,0.974178157686,1.13276529964,2.12959876331,4.6832308362,1.49066293319,1.51790550151,3.23970875696
G[C>T]T,0.756685135215,0.879866436296,1.65414890024,2.38292106061,2.9599270584,1.17902102464,2.51641800781
T[C>T]A,0.462041136919,0.537257135952,1.01004341559,1.18339087363,2.55015348624,0.719924562176,1.53655540882
T[C>T]C,0.751359799885,0.873674185912,1.64250746952,2.52203353527,4.20588249753,1.17072340912,2.49870817171
T[C>T]G,1.15040370823,1.33767873049,2.51483601333,2.09566741328,1.79811145526,1.79248949886,3.82576116922
T[C>T]T,0.492009582654,0.572104165877,1.07555583185,1.47674436314,2.26187781476,0.766619582275,1.63621791441
A[T>A]A,0.926159511981,1.07692966509,2.02462777038,0.26481897805,0.485605821275,1.44308575123,3.08001884217
A[T>A]C,0.324649787285,0.377499752657,0.709699534996,0.252376071635,0.3042453193,0.505849668561,1.0796492926
A[T>A]G,1.22487054853,1.42426807969,2.67762398981,0.2237443976,0.425206780816,1.90851922678,4.0734067079
A[T>A]T,0.416979376611,0.484859740246,0.911536311662,0.390167511435,0.341026087223,0.649712051929,1.3866988571
C[T>A]A,1.50869345033,1.75429470969,3.29807405422,0.282124414463,0.795406464664,2.35075491098,5.01728286971
C[T>A]C,0.999042044115,1.16167679548,2.18395237551,0.374801030806,0.549168165146,1.55664690595,3.32239563508
C[T>A]G,3.64951451558,4.24362152974,7.97800847591,0.732203169021,0.910207374749,5.68645284985,12.1367575751
C[T>A]T,1.16753818017,1.35760253508,2.55229276595,0.511426436359,0.759327586526,1.81918739701,3.88274325033
G[T>A]A,0.9673182271,1.12478863616,2.11460263599,0.264538347628,0.383926656811,1.50721677246,3.21689549943
G[T>A]C,0.220985678784,0.25696009161,0.483084972226,0.199693065528,0.17728422308,0.344326522757,0.734905862003
G[T>A]G,0.922726651877,1.0729379673,2.01712337852,0.333935029466,0.298230855093,1.43773687618,3.06860258648
G[T>A]T,0.269151669821,0.312967057932,0.588378068912,0.24360233906,0.257689817562,0.419375857629,0.895085785685
T[T>A]A,0.788890660131,0.917314721082,1.72455167563,0.262057490286,0.382155739923,1.22920172625,2.6235201023
T[T>A]C,0.517172829922,0.601363755724,1.13056386076,0.167952795371,0.352284376649,0.80582743267,1.71990034137
T[T>A]G,1.22070104026,1.41941981425,2.6685092508,0.216702133624,0.397926939887,1.9020225511,4.05954066877
T[T>A]T,0.534715834893,0.621762598713,1.16891368558,0.231332601632,0.452605356216,0.833161882276,1.77824103232
A[T>C]A,0.840386265003,0.977193331399,1.83712346303,0.697676879501,1.03659776299,1.30943906407,2.7947729278
A[T>C]C,0.309952754367,0.360410179496,0.677571137453,0.456777959866,0.467722391892,0.482949640525,1.03077311336
A[T>C]G,0.666139733254,0.774581085179,1.45621244014,1.13537494007,0.843253237047,1.03793865414,2.21530190361
A[T>C]T,0.46963332784,0.54608526493,1.02664029807,0.402685321902,0.784059131326,0.731754255006,1.5618038577
C[T>C]A,0.361120448011,0.419907497688,0.789426095653,0.478497623794,0.483365666658,0.562676046901,1.20093544339
C[T>C]C,0.304432061773,0.353990769504,0.665502646667,0.539106303597,0.866440977419,0.474347631135,1.01241360078
C[T>C]G,0.567700373577,0.660116713462,1.24101942131,1.33965086543,0.860778998197,0.884556396039,1.8879338005
C[T>C]T,0.37730155885,0.438722742849,0.824798756555,0.917950874286,1.56208910144,0.587888475417,1.25474704455
G[T>C]A,0.594320927309,0.691070845708,1.29921318993,0.816302960772,0.698777934484,0.926034933248,1.97646261872
G[T>C]C,0.274685296121,0.319401507118,0.600474833382,0.463697652199,0.492025144306,0.427998019538,0.913488310357
G[T>C]G,0.384663328556,0.447282940181,0.840891927541,0.693790283494,0.599369427413,0.599359139843,1.27922920892
G[T>C]T,0.443317884593,0.515485912317,0.969113515157,0.537916609459,0.766109026533,0.690751122505,1.47428970923
T[T>C]A,0.374386645358,0.435333308555,0.818426620084,0.461203909711,0.569247664813,0.583346633464,1.24505326247
T[T>C]C,0.314073432879,0.365201666139,0.686579132341,0.432084588774,0.511601815666,0.489370232626,1.04447676516
T[T>C]G,0.304449657619,0.35401122979,0.665541112005,0.566502739279,0.490200541328,0.474375047918,1.0124721172
T[T>C]T,0.275820114714,0.32072106362,0.602955599606,0.422940053652,0.496672724539,0.429766225251,0.917262241955
A[T>G]A,0.0639069996213,0.0743104646759,0.139703673591,0.126411396987,0.0749652741163,0.0995760226658,0.212527928973
A[T>G]C,0.0364396270031,0.042371659306,0.0796587194952,0.123258021361,0.123899018043,0.05677802347,0.121182945615
A[T>G]G,0.0878848634601,0.102191701698,0.192120399192,0.12869863008,0.140403021529,0.136936880275,0.292268266856
A[T>G]T,0.102714846925,0.119435868518,0.224539432814,0.37299186056,0.448540319336,0.160044063814,0.341586583961
C[T>G]A,0.0383865320811,0.0446355024198,0.0839147445493,0.0794969536175,0.023334767359,0.0598115732426,0.127657536921
C[T>G]C,0.108704267194,0.126400310691,0.237632584099,0.312649653713,0.340181658796,0.169376416326,0.361504888576
C[T>G]G,0.212978721991,0.247649676734,0.46558139226,0.40047646391,0.297236870875,0.331850566824,0.708278075459
C[T>G]T,0.345773984445,0.402062772611,0.755878012508,1.96803272156,3.02065975245,0.538764115298,1.14989952967
G[T>G]A,0.018042312969,0.0209794336848,0.0394413353275,0.0514261491733,0.00539724689845,0.0281124411377,0.0600011803386
G[T>G]C,0.0324502028695,0.0377327940343,0.0709376527844,0.117258246375,0.132278176223,0.0505619440059,0.107915790938
G[T>G]G,0.125783068952,0.146259382503,0.274967639105,0.151111388172,0.180240109655,0.195987572554,0.418301833958
G[T>G]T,0.123833108868,0.143991987056,0.270704935665,0.5627412568,0.790722318233,0.192949262655,0.41181708298
T[T>G]A,0.0868653664674,0.101006240078,0.189891731347,0.206021581992,0.11174268371,0.135348361705,0.288877846624
T[T>G]C,0.0797994366818,0.0927900426532,0.174445280188,0.186063508835,0.216618694036,0.124338657155,0.265379521988
T[T>G]G,0.123993688126,0.144178707124,0.271055969392,0.18109212089,0.153999770907,0.193199467546,0.412351102373
T[T>G]T,0.286884065124,0.333586122238,0.627141909807,0.853174833796,0.884399497845,0.447005403799,0.9540563096
