,1,3,2,5,4,7,6
A[C>A]A,0.958011556453,1.60733050027,2.0011796957,1.52217391747,1.18154758629,1.99053512285,0.479005778226
A[C>A]C,0.782342143715,1.31259626334,1.63422581131,1.24305473946,0.964888643915,1.62553312083,0.391171071857
A[C>A]G,0.259977524215,0.43618451285,0.543064161694,0.413075399587,0.320638946532,0.540175522537,0.129988762108
A[C>A]T,0.96374629018,1.61695210908,2.01315891727,1.53128577218,1.18862042456,2.00245062515,0.48187314509
C[C>A]A,1.33250044724,2.23563963926,2.78344537868,2.11719515506,1.64341721826,2.76863981815,0.666250223619
C[C>A]C,0.924719915058,1.55147452415,1.9316371559,1.46927719837,1.14048789524,1.92136249018,0.462359957529
C[C>A]G,0.285691315024,0.479326539652,0.596777413607,0.453931756094,0.352352621863,0.593603065662,0.142845657512
C[C>A]T,1.03808232357,1.74167145399,2.16843863146,1.64939746967,1.2803015324,2.15690438342,0.519041161786
G[C>A]A,1.19243785586,2.00064573595,2.4908701878,1.89465125987,1.47067335557,2.47762087829,0.596218927932
G[C>A]C,1.52616901972,2.56057246641,3.18799750785,2.42491299799,1.88227512432,3.1710400743,0.763084509858
G[C>A]G,0.546307272021,0.916582200835,1.14117519044,0.868021554433,0.673778968826,1.13510510964,0.27315363601
G[C>A]T,1.38097890854,2.31697572432,2.88471149783,2.19422204356,1.70320732053,2.86936728774,0.690489454269
T[C>A]A,1.04523731524,1.75367594002,2.18338461406,1.66076595644,1.28912602213,2.17177086611,0.522618657621
T[C>A]C,1.1599583757,1.9461523859,2.42302416257,1.84304497472,1.43061533003,2.41013573617,0.57997918785
T[C>A]G,0.298593589645,0.500973689293,0.623728831702,0.47443203688,0.368265427229,0.620411125151,0.149296794822
T[C>A]T,2.54551283454,4.27080486683,5.31729347659,4.04453705932,3.13946582926,5.28901000065,1.27275641727
A[C>G]A,0.413662232026,0.694033300399,0.864094440231,0.657263324219,0.510183419498,0.859498193209,0.206831116013
A[C>G]C,0.262628528802,0.440632309435,0.54860181572,0.417287551319,0.323908518856,0.545683720956,0.131314264401
A[C>G]G,0.0437829288572,0.0734580250826,0.0914576736128,0.0695662091842,0.0539989455905,0.0909711966255,0.0218914644286
A[C>G]T,0.320015682396,0.536915200464,0.668477203226,0.508469362029,0.394686008288,0.664921473422,0.160007841198
C[C>G]A,0.382316360395,0.641441893552,0.79861639727,0.607458217072,0.471523511154,0.79436843771,0.191158180198
C[C>G]C,0.325966262202,0.546898951028,0.680907303266,0.517924172165,0.402025056716,0.677285455909,0.162983131101
C[C>G]G,0.0475104283077,0.0797119408273,0.0992440057982,0.0754887916444,0.0585961949128,0.0987161121504,0.0237552141538
C[C>G]T,0.366011323198,0.614085664477,0.764556986237,0.581551324637,0.451413965278,0.760490193757,0.183005661599
G[C>G]A,0.231952603431,0.389164923534,0.484523216055,0.36854691434,0.286074877565,0.481945964906,0.115976301715
G[C>G]C,0.203237115004,0.340986715173,0.424539751341,0.322921193839,0.250659108504,0.422281561174,0.101618557502
G[C>G]G,0.0783580716116,0.131467431259,0.163681305144,0.124502269338,0.0966416216543,0.162810659904,0.0391790358058
G[C>G]T,0.281051259284,0.471541557243,0.587084852726,0.446559223084,0.34662988645,0.583962060956,0.140525629642
T[C>G]A,0.256629385471,0.430567080068,0.536070271873,0.407755579137,0.316509575414,0.533218834257,0.128314692736
T[C>G]C,0.289641662841,0.485954345433,0.605029251268,0.460208419847,0.357224717504,0.601811010569,0.14482083142
T[C>G]G,0.0311012272022,0.0521809478615,0.0649670079335,0.0494163943324,0.038358180216,0.0646214387423,0.0155506136011
T[C>G]T,0.417812714307,0.700996887337,0.872764336552,0.663857979398,0.515302347645,0.868121973059,0.208906357153
A[C>T]A,1.03482336155,1.73620363993,2.16163102191,1.64421934113,1.27628214591,2.15013298455,0.517411680775
A[C>T]C,0.741771151651,1.24452715444,1.54947751678,1.17859194096,0.914851087037,1.5412356151,0.370885575826
A[C>T]G,1.64712618569,2.76351171154,3.44066358788,2.61710049503,2.03145562901,3.42236218581,0.823563092843
A[C>T]T,0.771582646295,1.29454421767,1.61175041671,1.22595909356,0.951618597097,1.60317727619,0.385791323148
C[C>T]A,1.31106321704,2.19967273081,2.73866538671,2.08313377819,1.61697796769,2.72409801763,0.655531608521
C[C>T]C,0.758586073024,1.27273885585,1.58460201921,1.20530898269,0.935589490063,1.57617328506,0.379293036512
C[C>T]G,1.2432259122,2.08585680824,2.59696079436,1.97534783827,1.53331195837,2.58314717312,0.621612956098
C[C>T]T,1.2164455278,2.04092527441,2.54101954695,1.93279678306,1.50028281762,2.52750348553,0.608222763898
G[C>T]A,1.26262740933,2.11840820899,2.63748836616,2.00617466149,1.55724047151,2.62345917272,0.631313704666
G[C>T]C,2.48815354995,4.17456873381,5.19747630435,3.95339952937,3.06872271161,5.16983015379,1.24407677498
G[C>T]G,3.48545593096,5.8478205064,7.2807301669,5.53800220142,4.29872898152,7.24200287878,1.74272796548
G[C>T]T,1.73987378104,2.91912156597,3.63440300929,2.76446611877,2.14584432995,3.61507107839,0.869936890522
T[C>T]A,1.27391519676,2.1373466079,2.6610672999,2.02410970152,1.57116207601,2.6469126866,0.636957598381
T[C>T]C,1.31682824466,2.20934516605,2.75070788885,2.09229376652,1.62408816842,2.73607646391,0.658414122332
T[C>T]G,2.01334630276,3.37794768574,4.20565672132,3.19898356994,2.48312710674,4.18328620684,1.00667315138
T[C>T]T,1.37387056582,2.30504950487,2.8698629597,2.1829276768,1.69444036451,2.85459773119,0.686935282908
A[T>A]A,0.440823397364,0.739603700022,0.920831096716,0.700419398034,0.543682190082,0.915933058967,0.220411698682
A[T>A]C,0.394452808852,0.661804157074,0.823968089602,0.626741685176,0.486491797584,0.819585280615,0.197226404426
A[T>A]G,0.332816930263,0.558392849664,0.695217587661,0.52880912253,0.410474213991,0.691519621769,0.166408465132
A[T>A]T,0.540242228937,0.906406406327,1.12850598933,0.858384874866,0.666298749022,1.1225032979,0.270121114468
C[T>A]A,0.601108210305,1.00852599729,1.25564826153,0.955094156373,0.741366792709,1.24896928141,0.300554105152
C[T>A]C,0.767594195851,1.28785248415,1.60341898689,1.21962188896,0.946699508216,1.59489016249,0.383797097925
C[T>A]G,0.557289951527,0.935008696451,1.16411678763,0.885471811871,0.68732427355,1.15792467706,0.278644975764
C[T>A]T,1.61951405728,2.71718469611,3.38298491966,2.57322789102,1.99740067065,3.36499031902,0.809757028641
G[T>A]A,0.266584109356,0.447268894585,0.556864583987,0.423572529309,0.328787068205,0.553902538328,0.133292054678
G[T>A]C,0.324380920719,0.544239100317,0.677595701057,0.515405240698,0.40006980222,0.673991468605,0.162190460359
G[T>A]G,0.330815223953,0.5550344313,0.691036245592,0.525628633615,0.408005442876,0.687360520881,0.165407611977
G[T>A]T,0.458733745674,0.769653284409,0.958243824298,0.728876951461,0.565771619665,0.953146782679,0.229366872837
T[T>A]A,0.332474757025,0.557818759009,0.694502825786,0.528265447273,0.410052200331,0.690808661819,0.166237378513
T[T>A]C,0.424161473368,0.711648694207,0.886026188814,0.67394545213,0.523132483821,0.881313283554,0.212080736684
T[T>A]G,0.256862667485,0.430958475447,0.53655757208,0.408126238337,0.316797289898,0.533703542441,0.128431333743
T[T>A]T,0.57802973969,0.969805452147,1.20743990069,0.918425030841,0.712903345618,1.20101734802,0.289014869845
A[T>C]A,0.753368251262,1.26398451045,1.5737025693,1.19701844367,0.929154176556,1.56533181095,0.376684125631
A[T>C]C,0.679078796145,1.13934331353,1.41852015195,1.07898075387,0.837530515245,1.41097483199,0.339539398072
A[T>C]G,0.660862321833,1.10878011774,1.38046796116,1.05003680025,0.81506353026,1.37312504647,0.330431160916
A[T>C]T,0.711903930853,1.1944165951,1.48708821112,1.13113624569,0.878014848052,1.47917816744,0.355951965427
C[T>C]A,0.55555700386,0.932101195365,1.16049685251,0.882718350578,0.685186971428,1.15432399691,0.27777850193
C[T>C]C,1.94110866302,3.25674897906,4.0547603183,3.08420598679,2.39403401772,4.03319244427,0.970554331508
C[T>C]G,1.52746703277,2.56275024387,3.1907089129,2.42697539652,1.88387600709,3.17373705698,0.763733516386
C[T>C]T,4.22046347633,7.08099983252,8.81607926168,6.70584752351,5.20523828748,8.76918522305,2.11023173817
G[T>C]A,0.621967239982,1.04352281375,1.29922045685,0.988236836861,0.767092929311,1.29230970974,0.310983619991
G[T>C]C,1.33925162777,2.24696661993,2.79754784468,2.12792203079,1.65174367425,2.78266727103,0.669625813885
G[T>C]G,0.64028476045,1.07425554253,1.33748372183,1.0173413416,0.789684537888,1.33036944671,0.320142380225
G[T>C]T,0.819032345467,1.37415426851,1.71086756609,1.30135139335,1.01013989274,1.70176720669,0.409516172734
T[T>C]A,0.464398585705,0.779157627127,0.970077045695,0.737877752842,0.572758255703,0.964917061409,0.232199292852
T[T>C]C,0.855677204702,1.435636199,1.78741460538,1.35957600303,1.05533521913,1.77790708088,0.427838602351
T[T>C]G,0.485460785724,0.81449531827,1.01407364129,0.771343248428,0.598734969059,1.00867963256,0.242730392862
T[T>C]T,0.6753686144,1.13311845305,1.41076999452,1.07308568732,0.832954624426,1.40326589881,0.3376843072
A[T>G]A,0.0680549372593,0.114181061402,0.142159202275,0.108131733645,0.0839344226198,0.141403036305,0.0340274686297
A[T>G]C,0.307401768871,0.515751856662,0.64212813942,0.488427254985,0.379128848275,0.638712564211,0.153700884436
A[T>G]G,0.287267970801,0.481971817678,0.600070872341,0.45643688694,0.354297163988,0.596879005998,0.143633985401
A[T>G]T,1.35527773428,2.27385486529,2.83102460049,2.15338573336,1.67150920561,2.815965959,0.67763886714
C[T>G]A,0.0524530004441,0.0880044785229,0.109568489817,0.0833419895945,0.0646920338811,0.108985678701,0.0262265002221
C[T>G]C,0.873343054525,1.46527556926,1.82431660279,1.38764507552,1.07712310058,1.81461279107,0.436671527262
C[T>G]G,0.675397470664,1.13316686745,1.41083027205,1.07313153672,0.832990213819,1.40332585571,0.337698735332
C[T>G]T,10.1487985525,17.0274286826,21.1997125319,16.1253132557,12.5168515481,21.0869481036,5.07439927626
G[T>G]A,0.0303260343981,0.0508803466013,0.0633477162983,0.0481846990993,0.037402109091,0.0630107603606,0.0151630171991
G[T>G]C,0.417717493524,0.700837128023,0.872565430916,0.663706684154,0.515184908679,0.867924125433,0.208858746762
G[T>G]G,0.413338241617,0.693489716491,0.863417660268,0.656748539459,0.509783831328,0.858825013138,0.206669120809
G[T>G]T,2.77805087529,4.66095202409,5.80303960615,4.41401416851,3.42626274619,5.77217237421,1.38902543764
T[T>G]A,0.0798847992802,0.134028941015,0.166870469608,0.126928069967,0.0985245857789,0.165982860727,0.0399423996401
T[T>G]C,0.473863647452,0.795037897391,0.98984850801,0.752916684284,0.584431831857,0.984583356372,0.236931823726
T[T>G]G,0.334396717026,0.561043380788,0.698517586676,0.531319228163,0.412422617665,0.694802067598,0.167198358513
T[T>G]T,2.65665311555,4.45727356053,5.5494531747,4.22112661692,3.27653884251,5.51993480675,1.32832655777
