,1,3,2,5,4,7,6
A[C>A]A,1.36479087612,1.79327173257,1.01565832641,2.54161622248,1.65044478042,0.943794930719,1.39653019882
A[C>A]C,1.05422559236,1.38520339461,0.784539975709,1.06692574061,1.27487746053,0.538430280087,1.0787424666
A[C>A]G,0.381461573223,0.501222764816,0.283878380073,0.385475578271,0.461302367618,0.138092718845,0.3903327726
A[C>A]T,0.840387689811,1.10423033661,0.625404792417,1.35830674567,1.01628278768,1.04713669994,0.859931589574
C[C>A]A,1.57184014569,2.0653248426,1.16974150377,4.33054159378,1.90082994363,1.92586782213,1.60839456769
C[C>A]C,1.23309605226,1.62023085937,0.917652876102,2.17319237044,1.49118592367,1.54107551997,1.26177270464
C[C>A]G,0.373280211822,0.490472836463,0.277789925077,0.83368614983,0.451408628249,0.742117570152,0.38196114698
C[C>A]T,1.44699124248,1.9012791907,1.07683069208,2.97512419616,1.74984987463,4.35560685437,1.48064220161
G[C>A]A,1.44136298268,1.89388391911,1.07264221967,5.09479764911,1.74304360697,1.90568832122,1.47488305205
G[C>A]C,1.6529469073,2.17189535493,1.23010002403,1.48009476766,1.99891253905,1.07666763205,1.69138753305
G[C>A]G,0.545606499595,0.716901563421,0.406032743885,0.688761510162,0.659803208812,0.247333122322,0.558295022841
G[C>A]T,1.2948538743,1.70137776507,0.963612185526,3.52354295831,1.56586980148,2.4140459285,1.3249667551
T[C>A]A,0.986311251165,1.29596710909,0.733999070634,3.75624746507,1.19274848978,2.16687672407,1.00924872212
T[C>A]C,1.33528732327,1.75450543639,0.993702194062,2.90821035345,1.61476606535,1.37049799067,1.36634051683
T[C>A]G,0.281068713789,0.369311216955,0.209167414912,0.802352422878,0.339897049233,0.388322583836,0.287605195505
T[C>A]T,1.47290317323,1.93532626251,1.09611398938,5.30928930695,1.78118523275,11.2241871428,1.5071567354
A[C>G]A,0.484508969222,0.636622250257,0.360564814305,0.405600529766,0.585917823246,0.212655963881,0.495776619669
A[C>G]C,0.228960434542,0.300843361666,0.170389160589,0.254631009382,0.276882385958,0.174032828414,0.234285095811
A[C>G]G,0.0372023465525,0.0488821530283,0.0276854672019,0.139400929659,0.044988884203,0.122311531603,0.0380675174026
A[C>G]T,0.358225948974,0.47069223528,0.266586752725,0.425612480628,0.433203473178,0.316095230362,0.366556784997
C[C>G]A,0.350360028846,0.460356782088,0.260733044723,0.330793236561,0.423691197674,0.0638229185533,0.358507936493
C[C>G]C,0.334231928787,0.439165208755,0.248730737702,0.36337382724,0.404187448765,0.107665575932,0.34200476434
C[C>G]G,0.0860943176901,0.113123929058,0.0640701899089,0.273663411996,0.104114058602,0.12659185051,0.0880965111247
C[C>G]T,0.280799903765,0.368958013087,0.208967370244,0.518405539793,0.339571976647,0.147579386277,0.287330134086
G[C>G]A,0.208805828917,0.274361147298,0.15539038431,0.243012526525,0.252509374504,0.210587780897,0.213661778427
G[C>G]C,0.221744847248,0.29136241557,0.165019421208,0.217952393585,0.268156559463,0.478389087296,0.226901704161
G[C>G]G,0.0723914046709,0.0951189386954,0.0538726732434,0.110078913573,0.0875430940206,0.0365922825847,0.0740749257097
G[C>G]T,0.209724527554,0.275568274577,0.156074067017,0.240722158253,0.253620358903,0.128363546651,0.214601842148
T[C>G]A,0.441163908871,0.579668857005,0.328308025206,4.22287442711,0.53350054096,0.0974487535802,0.451423534659
T[C>G]C,0.286358831572,0.37626218567,0.213104246751,1.44374328769,0.346294400971,0.187820321795,0.293018339283
T[C>G]G,0.0644484180538,0.0846822237218,0.0479616134354,0.227137837955,0.0779376218325,0.0580719969432,0.0659472184736
T[C>G]T,0.830706158168,1.09150925434,0.61819993166,5.16280095602,1.00457488895,0.18719289648,0.850024906032
A[C>T]A,1.39951353341,1.83889568924,1.04149844346,1.21995044239,1.69243497063,3.41775684117,1.43206035976
A[C>T]C,1.69641350775,2.22900844623,1.26244726158,0.916666944006,2.05147680007,2.87473647849,1.73586498467
A[C>T]G,2.42671665401,3.18859281282,1.80592867275,1.34556436669,2.93463409322,6.98720689032,2.48315192503
A[C>T]T,1.14154167051,1.49993266009,0.849519382707,0.938040049631,1.3804689969,1.98269285121,1.16808915122
C[C>T]A,1.9300999884,2.53606161266,1.43635347974,1.83951551686,2.33407440457,2.98976527464,1.97498603464
C[C>T]C,3.25918364168,4.28241571523,2.42543898915,1.31589894224,3.94133835738,3.73298227529,3.33497861009
C[C>T]G,1.71618139732,2.25498253369,1.27715824917,1.39336881384,2.0753821549,6.45648175579,1.7560925926
C[C>T]T,3.56395010467,4.68286467242,2.65224193836,2.01818026425,4.30989314983,3.30895890775,3.64683266524
G[C>T]A,1.968178385,2.58609485472,1.46469089117,1.79474973223,2.38012269814,5.10170811213,2.01394997535
G[C>T]C,3.27438554876,4.30239031407,2.43675203629,3.07956161987,3.95972205897,7.5866900842,3.3505340499
G[C>T]G,2.02218447581,2.65705634612,1.50488147037,3.68356399171,2.44543238935,7.31111547048,2.06921202176
G[C>T]T,2.88477537732,3.7904606702,2.14680958312,2.43353154528,3.48856557258,5.07460967818,2.9518631768
T[C>T]A,2.36670717692,3.10974315107,1.76127045725,4.64166448155,2.86206449302,3.07019433544,2.42174687871
T[C>T]C,1.58940489015,2.08840409985,1.18281294151,1.89992609807,1.92207102995,4.00896549777,1.62636779457
T[C>T]G,1.23661728431,1.6248575945,0.920273327858,1.07410808419,1.49544415777,9.20829835705,1.2653758258
T[C>T]T,1.87700372905,2.46629559747,1.39683998441,2.2975181945,2.26986497467,3.2798492389,1.92065497856
A[T>A]A,0.512122161289,0.672904700298,0.38111416654,0.477732609141,0.619310520628,1.12098985765,0.524031978993
A[T>A]C,0.398516410486,0.523632027731,0.29657035199,0.614152330852,0.481926821983,1.93467531129,0.407784233986
A[T>A]G,0.448886759828,0.58981632396,0.334055263128,0.504262462317,0.542839802582,0.937959355507,0.4593259868
A[T>A]T,0.532891675178,0.700194875524,0.39657054897,0.541806112233,0.644427142076,0.931382590146,0.545284504833
C[T>A]A,0.648833168287,0.852536604842,0.482852590353,0.253227657807,0.784635459324,0.802056086472,0.663922311735
C[T>A]C,0.681409805261,0.895340790634,0.507095669031,0.731117505342,0.824030462176,1.05742081288,0.697256544918
C[T>A]G,1.47293178224,1.9353638534,1.0961352798,0.839457539655,1.78121982968,1.98988176103,1.50718600973
C[T>A]T,0.935100727379,1.22867886272,0.695888913398,0.648925887633,1.13081948427,0.747489496481,0.956847255922
G[T>A]A,0.667310724438,0.876815254203,0.496603329814,0.242949999551,0.806980410948,0.526743160078,0.682829578494
G[T>A]C,0.255679329259,0.335950746585,0.190272989216,0.389220933296,0.309193607476,1.05792823398,0.261625360172
G[T>A]G,0.718054928282,0.943490777859,0.534366458256,0.368468656869,0.868345494667,0.702204421482,0.734753880103
G[T>A]T,0.471897190626,0.620050959776,0.351179304652,0.422413800552,0.570666370059,0.635544530633,0.482871543896
T[T>A]A,0.540874410656,0.710683818652,0.402511189325,0.471430160866,0.654080682654,0.810379708002,0.553452885322
T[T>A]C,0.41646606105,0.547217033705,0.309928231479,0.76570414522,0.503633376154,0.929711247204,0.426151318284
T[T>A]G,0.481783968488,0.633041726037,0.358536906782,0.347591452647,0.582622473521,0.706507799668,0.492988246825
T[T>A]T,0.598276339171,0.786107282865,0.445228903569,0.583671529685,0.7234969683,0.626290170829,0.612189742408
A[T>C]A,1.42740910828,1.87554917715,1.06225794104,2.73467809421,1.72616915419,2.9599174673,1.46060466893
A[T>C]C,0.637445811776,0.837574148032,0.474378278531,1.7076256077,0.770864702613,2.09100202634,0.65227013298
A[T>C]G,1.22944991893,1.61544000976,0.914939474553,2.73585356478,1.48677664615,3.25369781196,1.25804177751
A[T>C]T,1.07608558465,1.41392640774,0.800807876952,1.72368748497,1.30131280005,1.9168926537,1.10111083081
C[T>C]A,0.666488204211,0.875734500881,0.495991221738,1.71888982771,0.805985735324,2.03571136443,0.68198792989
C[T>C]C,0.896308546953,1.17770774193,0.667020314011,2.09235504785,1.08390801027,1.62088449119,0.917152931766
C[T>C]G,1.02020385502,1.34050041416,0.759221473504,2.55810879215,1.23373489444,2.87234756159,1.04392952607
C[T>C]T,0.798778436598,1.0495577132,0.594439766771,2.08060336629,0.965964621002,1.97379232196,0.81735467931
G[T>C]A,1.03354946812,1.35803592904,0.769153092555,3.50041268946,1.2498737754,9.13264645446,1.05758550226
G[T>C]C,0.575206977936,0.755795215195,0.428061006836,2.29071029154,0.695599136108,4.72677151292,0.588583884399
G[T>C]G,0.756159999447,0.99355906904,0.562723720518,2.50687479521,0.914426045842,6.16450280989,0.773745115713
G[T>C]T,0.885235534202,1.1631583182,0.65877993243,2.48376379268,1.0705173902,6.82423090593,0.905822407091
T[T>C]A,0.848405467997,1.11476532423,0.631371511067,2.3480671971,1.02597870548,3.37236564127,0.868135827718
T[T>C]C,0.692260578635,0.90959820216,0.51517066317,2.07935779613,0.837152327652,2.99696062021,0.708359661859
T[T>C]G,0.568965312592,0.747593957243,0.42341604658,1.60386429786,0.688051075693,2.67225585714,0.582197064048
T[T>C]T,0.745108799853,0.979038306784,0.554499571984,1.81952330088,0.901061804474,2.60828732689,0.762436911478
A[T>G]A,0.164548586431,0.216209189148,0.122454761995,0.0705334630596,0.198988988242,0.159966775747,0.168375297744
A[T>G]C,0.136504432367,0.179360475086,0.101584693854,0.128622526271,0.165075127513,0.435943563556,0.13967895405
A[T>G]G,0.261005978515,0.342949715956,0.194237007267,0.218013010082,0.315635136809,0.355292854048,0.267075884992
A[T>G]T,0.535663147086,0.703836460706,0.398633039692,0.351866205123,0.6477786895,0.90523693525,0.548120429577
C[T>G]A,0.0679487014082,0.0892814332456,0.0505664754665,0.053236831445,0.0821705226331,0.189345116409,0.0695289037665
C[T>G]C,0.354435198956,0.465711366071,0.263765729456,0.43488159897,0.428619310366,0.47663472036,0.362677878002
C[T>G]G,0.433645666068,0.569790235648,0.322713053818,0.537355790251,0.524408712455,0.613883199357,0.443730449
C[T>G]T,1.24410381222,1.63469454396,0.925844697466,1.68541917333,1.50449763338,1.37140245207,1.27303645902
G[T>G]A,0.0865915513155,0.113777270915,0.0644402242348,0.045678381642,0.104715364381,0.0754706993386,0.0886053083228
G[T>G]C,0.0690547518873,0.090734732131,0.0513895827999,0.116388497633,0.0835080720498,0.198310375397,0.0706606763498
G[T>G]G,0.315922672037,0.415107696979,0.235105244307,0.488773812172,0.382046021998,0.327553929413,0.323269710921
G[T>G]T,0.435352128644,0.572032448102,0.323982979456,0.864868122342,0.526472341616,0.488783042303,0.445476596752
T[T>G]A,0.169237786737,0.222370580247,0.125944399432,0.0949724623704,0.204659649077,0.414064459668,0.173173549219
T[T>G]C,0.25378794669,0.33346555786,0.1888654487,0.303276494308,0.306906354137,0.619537188333,0.259689991962
T[T>G]G,0.314350024917,0.413041311809,0.233934902264,0.157424987003,0.380144216178,0.339137977458,0.321660490612
T[T>G]T,1.39475129,1.83263832291,1.03795444837,0.562402329911,1.6866759786,2.21702949856,1.42718736651
