,1,3,2,5,4,7,6
A[C>A]A,0.560591813557,0.482510198112,0.157743718614,0.519066494034,0.76821841117,0.869228219356,1.93092735781
A[C>A]C,0.395983927967,0.321361068226,0.105060349228,0.366651785155,0.542644642029,0.486715052091,1.36394464078
A[C>A]G,0.105551222977,0.0695410998451,0.022734590334,0.0977326138674,0.144644268524,0.121262564374,0.363565323587
A[C>A]T,0.371258858349,0.362832571671,0.118618340739,0.343758202175,0.508762139218,0.463141269608,1.27878051209
C[C>A]A,0.783197996117,0.70150132534,0.229336971746,0.725183329738,1.07327132801,1.61294410251,2.69768198662
C[C>A]C,0.817321967092,0.483895909442,0.158196739625,0.756779599159,1.12003380676,1.44104612461,2.81522010887
C[C>A]G,0.220702494423,0.15247619835,0.0498479879222,0.204354161503,0.302444159024,0.607427566664,0.760197480791
C[C>A]T,1.47699113858,1.18857270151,0.388571844726,1.36758438758,2.02402489362,3.03310753631,5.08741392179
G[C>A]A,0.614784165053,0.778233169908,0.25442238247,0.569244597271,0.842482003961,1.69776749089,2.11758990185
G[C>A]C,0.41548402333,0.589763639933,0.192807343824,0.384707429009,0.569366994933,0.759974481006,1.43111163591
G[C>A]G,0.173066727886,0.0985057921166,0.0322038166535,0.160246970265,0.237165515992,0.232277108345,0.596118729384
G[C>A]T,0.538340489318,0.796242184451,0.260309944917,0.498463416035,0.737725855732,1.39715205334,1.85428390765
T[C>A]A,0.889105329894,0.937184901444,0.306387371626,0.823245675828,1.21840360023,1.18337674692,3.06247391408
T[C>A]C,0.685843724275,0.691213032792,0.22597349149,0.63504048544,0.939859918451,0.869688295104,2.36235060584
T[C>A]G,0.147621742526,0.133808538449,0.0437450991084,0.136686798635,0.20229646198,0.267212989184,0.508474890922
T[C>A]T,1.0594940695,1.14769455321,0.375207834704,0.981013027318,1.45189928043,1.83116836255,3.64936846162
A[C>G]A,0.203133639188,0.18641529665,0.0609434623663,0.188086702952,0.278368320369,0.293677058306,0.699682534982
A[C>G]C,0.122950618547,0.129435962988,0.0423156032845,0.113843165321,0.168487884676,0.162154023971,0.423496574995
A[C>G]G,0.027052914734,0.0325979692144,0.010657028397,0.0250489951241,0.0370725127836,0.130743963746,0.0931822618615
A[C>G]T,0.202432572276,0.198023188084,0.0647383499505,0.187437566923,0.277407599046,0.289536543127,0.697267748952
C[C>G]A,0.174893466797,0.208634381042,0.0682073938021,0.161938395182,0.23966882487,0.180747231317,0.602410830078
C[C>G]C,0.148261260084,0.117723957175,0.0384866783072,0.137278944522,0.203172837892,0.162432062513,0.510677673621
C[C>G]G,0.065219456081,0.0531386705978,0.0173722576954,0.0603883852602,0.0893748101851,0.138677285481,0.224644793168
C[C>G]T,0.198495972964,0.163373406925,0.0534105368792,0.183792567559,0.272012999988,0.235788784284,0.68370835132
G[C>G]A,0.114181667047,0.121612031088,0.039757779394,0.105723765785,0.156471173361,0.250161956226,0.393292408719
G[C>G]C,0.128312561715,0.135540064272,0.044311174858,0.118807927513,0.17583573272,0.286857219959,0.44196549035
G[C>G]G,0.0282509749747,0.0124662815407,0.00407551511908,0.0261583101618,0.0387142990394,0.0460421731086,0.0973089138018
G[C>G]T,0.136070236406,0.188030141057,0.0614713922688,0.125990959635,0.18646662026,0.19925549285,0.468686369843
T[C>G]A,1.891901197,2.05303341647,0.671184001537,1.75176036759,2.59260534404,1.89266535501,6.51654856745
T[C>G]C,0.506949604718,0.622582040576,0.203536436342,0.469397782146,0.694708717577,0.602270705381,1.74615974958
T[C>G]G,0.0871606499923,0.0825228869431,0.026978636116,0.0807043055484,0.119442372212,0.137301253312,0.30022001664
T[C>G]T,2.50512122377,2.48949125309,0.813872140432,2.31955668868,3.43294389925,2.39258900284,8.62875088189
A[C>T]A,0.874464821723,1.51872720944,0.496506972318,0.809689649744,1.19834068162,2.74722260898,3.01204549705
A[C>T]C,0.49008845399,2.49025373266,0.814121412602,0.453785605546,0.671602696208,1.87924727078,1.68808245263
A[C>T]G,1.19208306025,1.19012358206,0.389078863364,1.10378061135,1.63359530479,3.71653075331,4.10606387421
A[C>T]T,0.504661618702,1.64168370356,0.536704287703,0.467279276576,0.691573329333,1.25233490901,1.73827890886
C[C>T]A,0.733344962945,1.80501973753,0.590102606499,0.679023113838,1.00495420848,2.24570496045,2.52596598348
C[C>T]C,0.500999609529,3.31979880581,1.08531884036,0.463888527342,0.686555020465,2.14208504429,1.72566532171
C[C>T]G,1.05958139528,1.11621549932,0.364916605548,0.981093884518,1.45201894909,3.6841712825,3.64966925041
C[C>T]T,0.666719964545,2.34712906378,0.767330655467,0.617333300505,0.913653284747,1.79262785193,2.29647987788
G[C>T]A,1.04333091816,1.76625108607,0.577428239677,0.966047146442,1.42974977673,3.53715148906,3.59369538476
G[C>T]C,0.993209540235,3.19243242753,1.04367983208,0.919638463181,1.36106492551,3.92121671975,3.42105508303
G[C>T]G,0.81811302142,1.53734671224,0.502594117462,0.75751205687,1.12111784417,4.53070073538,2.81794485156
G[C>T]T,0.888198601186,2.00044144145,0.653990471244,0.822406112209,1.21716104607,2.75311839295,3.05935073742
T[C>T]A,3.87474353019,3.32905942179,1.08834634943,3.58772549091,5.30983372655,2.9782595579,13.3463388262
T[C>T]C,1.0459208885,3.69649053514,1.20846805956,0.968445267128,1.43329899535,2.38127709356,3.60261639371
T[C>T]G,0.97737819845,0.762104817788,0.249149651969,0.90497981338,1.3393701238,1.93024262498,3.36652490577
T[C>T]T,2.1466444695,2.96794105823,0.970288422882,1.98763376806,2.94169797673,1.61162774068,7.39399761718
A[T>A]A,0.531973484807,3.32354011748,1.08654196149,0.492568041488,0.729000701402,1.11586172405,1.83235311433
A[T>A]C,0.207482339739,0.393291261128,0.128575989215,0.192113277536,0.284327650753,0.509705064228,0.714661392433
A[T>A]G,0.221838468674,0.237602082877,0.0776776040174,0.205405989513,0.304000864479,1.27945893251,0.764110280989
A[T>A]T,0.372856333709,0.440068506736,0.143868550279,0.345237346027,0.51095127212,0.813670689592,1.28428292722
C[T>A]A,0.868480936241,7.20624864844,2.35588898122,0.804149015038,1.19014054226,1.62952231415,2.99143433594
C[T>A]C,0.381803506462,0.581239763641,0.19002069196,0.353521765243,0.523212212559,1.35717548892,1.3151009667
C[T>A]G,0.545182266004,0.381047615418,0.124573258887,0.504798394448,0.747101623783,3.92013818225,1.87785002735
C[T>A]T,0.438450955516,0.431838407931,0.141177941055,0.405973106959,0.6008401983,1.48096055193,1.51021995789
G[T>A]A,0.428203834284,2.44862725132,0.800512755241,0.396485031745,0.586797846982,1.15982728337,1.47492431809
G[T>A]C,0.160074806583,0.221050529297,0.0722665191932,0.148217413502,0.219361771983,0.412574300716,0.551368778229
G[T>A]G,0.273384858034,0.163770931172,0.0535404967292,0.253134127809,0.374638509158,1.19077463966,0.941658955451
G[T>A]T,0.209368454017,0.172233300642,0.0563070405946,0.193859679646,0.286912325876,0.595698775512,0.721158008282
T[T>A]A,0.381409783581,1.38872125597,0.454005025991,0.353157207019,0.522672666389,1.00227237462,1.31374481011
T[T>A]C,0.200068601562,0.459181093668,0.150116896007,0.18524870515,0.274168083622,0.707148641448,0.689125183157
T[T>A]G,0.189756596997,0.197961584579,0.0647182103433,0.175700552775,0.260036818107,1.25896532013,0.653606056324
T[T>A]T,0.339467006335,0.515627758756,0.16857061344,0.314321302162,0.4651955272,0.706048026458,1.16927524404
A[T>C]A,1.02006532483,1.77108887321,0.579009823934,0.944504930399,1.39786729699,0.99033244104,3.51355834108
A[T>C]C,0.473364393934,1.11797524783,0.365491907946,0.438300364754,0.648684539835,0.732704193677,1.63047735688
A[T>C]G,1.06833858008,1.81477797411,0.593292799229,0.989202388963,1.46401953567,1.66205362046,3.67983288694
A[T>C]T,0.714967424426,1.15144704278,0.376434610141,0.662006874469,0.979770174214,0.525901271791,2.46266557302
C[T>C]A,0.475641924816,1.40518504712,0.459387419252,0.440409189644,0.651805600674,0.634740348919,1.63832218548
C[T>C]C,0.643486266891,1.62478656468,0.531180223069,0.595820617492,0.881814513888,0.84617612179,2.21645269707
C[T>C]G,1.19372899354,1.95809933943,0.640147860969,1.10530462365,1.635850843,1.84426518452,4.11173319997
C[T>C]T,0.616474824303,1.09542419407,0.35811944806,0.570810022503,0.844798833304,0.782923519574,2.12341328371
G[T>C]A,0.376460784824,2.33483578721,0.763311699665,0.348574800763,0.515890705129,0.728618365163,1.29669825884
G[T>C]C,0.237205750711,1.20518428212,0.394002553769,0.219634954362,0.325059732456,0.50673021829,0.817042030228
G[T>C]G,0.553563554679,1.48809212375,0.486491655841,0.512558846925,0.758587093448,1.01284590217,1.90671891056
G[T>C]T,0.324566168741,1.57640000537,0.515361540218,0.300524230315,0.444775860867,0.636254098188,1.11795013677
T[T>C]A,0.445910457764,1.41042474637,0.461100397853,0.412880053485,0.611062479158,0.600365875732,1.53591379897
T[T>C]C,0.483770714348,1.57025536246,0.513352714652,0.447935846619,0.662945052996,0.74166471235,1.66632134942
T[T>C]G,0.516566682158,1.083586787,0.35424952652,0.478302483479,0.707887675549,0.846439538157,1.77928523854
T[T>C]T,0.45847469563,1.29900074289,0.424673319791,0.424513607064,0.628280138455,0.479616333182,1.57919061828
A[T>G]A,0.161444732029,0.304535149368,0.0995595680627,0.14948586299,0.221239077225,0.203794548635,0.556087410321
A[T>G]C,0.125472384918,0.292028418468,0.0954708291145,0.116178134183,0.171943638592,0.205419790169,0.432182659163
A[T>G]G,0.154680156941,0.19524423721,0.0638298467803,0.143222367538,0.211969103956,0.310111995712,0.532787207241
A[T>G]T,0.444802607551,1.28371076857,0.41967467434,0.411854266251,0.609544314051,0.767385207295,1.53209787045
C[T>G]A,0.0857195197179,0.258341310237,0.0844577360392,0.0793699256647,0.117467489984,0.154434245823,0.295256123473
C[T>G]C,0.320657243211,0.624486892635,0.204159176438,0.296904854825,0.439419185141,0.581314312897,1.10448605995
C[T>G]G,0.391680396609,0.51010901914,0.166766410104,0.362667033897,0.536747210167,0.754894662932,1.3491213661
C[T>G]T,1.00927412046,2.00948469636,0.656946919964,0.934513074501,1.38307935026,1.96932427044,3.47638863714
G[T>G]A,0.0403597032408,0.0520190585685,0.0170062306859,0.0373700955933,0.0553077414781,0.123813362414,0.139016755607
G[T>G]C,0.0639224121508,0.0576685510085,0.0188531801374,0.0591874186581,0.0875973796141,0.149842468697,0.220177197408
G[T>G]G,0.154148243761,0.27087185793,0.0885542612464,0.142729855334,0.211240185895,0.407872585509,0.530955061844
G[T>G]T,0.314924138595,0.715283803374,0.233842781872,0.291596424625,0.431562708445,0.672056461077,1.0847386996
T[T>G]A,0.204845428976,0.447239792624,0.146213009127,0.189671693496,0.280714106375,0.299451964249,0.705578699806
T[T>G]C,0.215225133355,0.528519327216,0.172785164667,0.199282530884,0.294938145709,0.363963887035,0.741331014889
T[T>G]G,0.188522226728,0.331808873661,0.108475977928,0.174557617341,0.258345273665,0.410596876944,0.649354336509
T[T>G]T,1.16672201576,3.23905734721,1.05892259428,1.08029816274,1.59884128086,1.53638019581,4.01870916539
