,1,3,2,5,4,7,6
A[C>A]A,0.606286326041,0.960357540448,0.324969470758,0.101856102775,0.683890975774,0.233326602829,0.630537779082
A[C>A]C,0.55271302282,0.875497428147,0.296254180232,0.0928557878338,0.623460289741,0.19148866203,0.574821543733
A[C>A]G,0.108669131624,0.172131904492,0.0582466545502,0.0182564141128,0.122578780471,0.0295597362776,0.113015896888
A[C>A]T,0.410691181179,0.650534830988,0.220130473112,0.0689961184381,0.46325965237,0.205801206261,0.427118828427
C[C>A]A,0.713667385174,1.13044913811,0.382525718453,0.119896120709,0.805016810476,0.293799049458,0.742214080581
C[C>A]C,0.500717452193,0.793136444274,0.268384554376,0.0841205319685,0.564809286074,0.315894645302,0.520746150281
C[C>A]G,0.159487617491,0.252628386105,0.085485362975,0.0267939197384,0.17990203253,0.0740116685504,0.16586712219
C[C>A]T,1.15857571239,1.83518392843,0.620996581842,0.194640719682,1.30687340358,0.723897119072,1.20491874089
G[C>A]A,0.712769119947,1.129026286,0.382044248292,0.119745212151,0.8040035673,0.170477071348,0.741279884745
G[C>A]C,0.698023906213,1.10566986744,0.37414081373,0.117268016244,0.787370966208,0.194426792455,0.725944862461
G[C>A]G,0.142349427824,0.225481493673,0.0762992933136,0.0239147038744,0.160570154585,0.0429128866034,0.148043404937
G[C>A]T,0.809822089813,1.28275819026,0.43406464014,0.136050111089,0.913479317309,0.355988155051,0.842214973406
T[C>A]A,0.70082897284,1.11011309298,0.375644329442,0.117739267437,0.790535081364,0.302999766039,0.728862131754
T[C>A]C,0.569106676426,0.901464975458,0.305041178564,0.0956099216395,0.641952331008,0.259871202449,0.591870943483
T[C>A]G,0.138590166005,0.219526822952,0.0742843289789,0.0232831478889,0.156329707254,0.0550174330544,0.144133772646
T[C>A]T,2.46900068598,3.91089708659,1.32338436769,0.414792115245,2.78503277379,0.389047069768,2.56776071342
A[C>G]A,0.117389098693,0.18594433233,0.0629205568996,0.0197213685805,0.132414903326,0.146000363551,0.122084662641
A[C>G]C,0.0627610678062,0.099413531405,0.0336399323441,0.0105438593914,0.0707944844854,0.0785222195611,0.0652715105184
A[C>G]G,0.00293782830089,0.00465352002862,0.00157467596928,0.00049355515455,0.00331387032341,0.0215569270257,0.00305534143293
A[C>G]T,0.0886519237599,0.140424647236,0.0475174311353,0.0148935231917,0.0999993700011,0.15705158238,0.0921980007103
C[C>G]A,0.105798451515,0.167584747199,0.0567079700118,0.0177741398545,0.119340653308,0.102511182478,0.110030389575
C[C>G]C,0.079657330255,0.126177211124,0.0426963290167,0.0133824314828,0.0898534685276,0.0815833571896,0.0828436234652
C[C>G]G,0.0390907588958,0.061919762091,0.0209526467682,0.0065672474945,0.0440943760345,0.0257323290147,0.0406543892517
C[C>G]T,0.126574565668,0.200494112018,0.0678439671981,0.0212645270322,0.142776110074,0.144575223922,0.131637548295
G[C>G]A,0.0337868507831,0.0535183716404,0.0181097520197,0.00567619093156,0.0381115676833,0.0784509678152,0.0351383248144
G[C>G]C,0.0409054372466,0.0647942125986,0.0219253143642,0.00687211345742,0.0461413332141,0.0654633790981,0.0425416547364
G[C>G]G,0.0113905345621,0.0180426067464,0.0061053265253,0.00191360980644,0.0128485229861,0.00861888817478,0.0118461559446
G[C>G]T,0.11853993196,0.187767252224,0.0635374035304,0.0199147085692,0.133713043251,0.101960555916,0.123281529238
T[C>G]A,0.083333804471,0.132000746282,0.0446669191965,0.0140000791511,0.0940005314433,0.91507690513,0.0866671566498
T[C>G]C,0.11790849668,0.186767058742,0.0631989542207,0.0198086274423,0.133000784255,0.300439767569,0.122624836548
T[C>G]G,0.0212124086442,0.0336004552924,0.0113698510333,0.00356368465222,0.0239275969506,0.0365477395654,0.0220609049899
T[C>G]T,0.146637356925,0.23227357337,0.0785976233121,0.0246350759635,0.165406938612,1.20328420585,0.152502851203
A[C>T]A,0.800538264383,1.26805261078,0.429088509709,0.134490428416,0.903007162224,0.441699268426,0.832559794958
A[C>T]C,0.510989253701,0.809406977862,0.273890239984,0.0858461946217,0.576395878174,0.408321631338,0.531428823849
A[C>T]G,1.3044606595,2.06626568465,0.699190913492,0.219149390796,1.47143162392,0.748828945106,1.35663908588
A[C>T]T,0.34430146987,0.545373528275,0.184545587851,0.0578426469382,0.388372058014,0.376382822296,0.358073528665
C[C>T]A,1.06962210826,1.69428141949,0.573317450028,0.179696514188,1.20653373812,0.462026561175,1.11240699259
C[C>T]C,0.924549128554,1.46448581963,0.495558332905,0.155324253597,1.04289141701,0.571034785343,0.961531093697
C[C>T]G,1.01705675539,1.61101790054,0.545142420889,0.170865534906,1.14724002008,0.563514643406,1.05773902561
C[C>T]T,0.73613334064,1.16603521157,0.394567470583,0.123670401228,0.830358408242,0.719446128184,0.765578674266
G[C>T]A,0.854789125497,1.35398597479,0.458166971266,0.143604573083,0.96420213356,0.717357379351,0.888980690517
G[C>T]C,1.12484981805,1.78176211179,0.602919502476,0.188974769433,1.26883059476,1.14434708342,1.16984381077
G[C>T]G,1.3811414109,2.18772799487,0.740291796244,0.232031757032,1.5579275115,1.15285790689,1.43638706734
G[C>T]T,0.75338005243,1.19335400305,0.403811708102,0.126567848808,0.849812699141,0.969032223301,0.783515254527
T[C>T]A,1.05737230404,1.6748777296,0.566751554967,0.177638547079,1.19271595896,0.683154449399,1.0996671962
T[C>T]C,1.24719035971,1.97554952977,0.668494032802,0.209527980431,1.40683072575,0.474208794338,1.29707797409
T[C>T]G,1.85237968169,2.9341694158,0.992875509388,0.311199786525,2.08948428095,0.370489669095,1.92647486896
T[C>T]T,1.04948167144,1.66237896757,0.562522175894,0.176312920803,1.18381532539,0.455630170718,1.0914609383
A[T>A]A,3.88041255957,6.14657349436,2.07990113193,0.651909310008,4.3771053672,0.0972466031911,4.03562906196
A[T>A]C,0.788075626649,1.24831179261,0.422408535884,0.132396705277,0.88894930686,0.175197737832,0.819598651715
A[T>A]G,3.431849114,5.43604899658,1.83947112511,0.576550651152,3.87112580059,0.0809041800506,3.56912307856
A[T>A]T,1.08452581851,1.71788889652,0.581305838722,0.18220033751,1.22334512328,0.155918312425,1.12790685125
C[T>A]A,7.58476957699,12.01427501,4.06543649327,1.27424128893,8.55562008285,0.0814726741274,7.88816036007
C[T>A]C,3.55651408,5.63351830272,1.90629154688,0.597494365439,4.01174788224,0.186769341886,3.6987746432
C[T>A]G,10.8333400934,17.1600107079,5.80667029004,1.82000113568,12.2200076253,0.127647123074,11.2666736971
C[T>A]T,3.58943169274,5.6856598013,1.92393538731,0.603024524381,4.04887894941,0.221564293698,3.73300896045
G[T>A]A,3.72614802234,5.90221846739,1.99721533997,0.625992867753,4.2030949692,0.0467709586125,3.87519394323
G[T>A]C,0.630442024215,0.998620166356,0.337916924979,0.105914260068,0.711138603314,0.0940605754007,0.655659705184
G[T>A]G,2.57296309765,4.07557354667,1.37910822034,0.432257800404,2.90230237414,0.077986758778,2.67588162155
G[T>A]T,0.631168553446,0.999770988658,0.338306344647,0.106036316979,0.711958128287,0.105864524772,0.656415295584
T[T>A]A,2.54622134724,4.03321461403,1.36477464212,0.427765186337,2.87213767969,0.079125529446,2.64807020113
T[T>A]C,1.73637882126,2.75042405288,0.930699048196,0.291711641972,1.95863531038,0.124870888878,1.80583397411
T[T>A]G,3.56249496615,5.64299202638,1.90949730186,0.598499154313,4.01849432182,0.0617825932541,3.70499476479
T[T>A]T,1.94539512734,3.0815058817,1.04273178825,0.326826381392,2.19440570363,0.14037249494,2.02321093243
A[T>C]A,1.36542530674,2.16283368588,0.731867964413,0.229391451532,1.540199746,0.659151147661,1.42004231901
A[T>C]C,0.589302102303,0.933454530048,0.315865926834,0.0990027531869,0.664732771398,0.344622548088,0.612874186395
A[T>C]G,0.846257625817,1.34047207929,0.453594087438,0.142171281137,0.954578601922,0.62971795066,0.88010793085
A[T>C]T,0.523483464405,0.829197807618,0.280587136921,0.0879452220201,0.590489347849,0.492694360964,0.544422802981
C[T>C]A,1.23384370254,1.95440842482,0.661340224561,0.207285742027,1.39177569646,0.35984313808,1.28319745064
C[T>C]C,2.15870545284,3.4193894373,1.15706612272,0.362662516078,2.43501975081,0.448110072059,2.24505367096
C[T>C]G,2.07678717079,3.28963087852,1.11315792354,0.348900244692,2.34261592865,0.666971398516,2.15985865762
C[T>C]T,0.517052138594,0.819010587533,0.277139946286,0.0868647592838,0.583234812334,0.609614780642,0.537734224138
G[T>C]A,0.600146181182,0.950631550992,0.321678353114,0.100824558439,0.676964892373,0.680228119484,0.624152028429
G[T>C]C,0.576576609241,0.913297349037,0.309045062553,0.0968648703525,0.650378415224,0.477410002839,0.59963967361
G[T>C]G,0.644257238758,1.02050346619,0.345321879975,0.108235216111,0.72672216532,0.457571818884,0.670027528309
G[T>C]T,0.365104345719,0.578325283619,0.195695929305,0.0613375300808,0.411837701971,0.465978362702,0.379708519548
T[T>C]A,0.863983559987,1.36854995902,0.463095188153,0.145149238078,0.974573455665,0.330759849706,0.898542902386
T[T>C]C,1.52936486578,2.4225139474,0.819739568058,0.256933297451,1.7251235686,0.39488041732,1.59053946041
T[T>C]G,0.946211383223,1.49879883103,0.507169301408,0.158963512382,1.06732644028,0.289775208046,0.984059838552
T[T>C]T,0.928126914474,1.47015303253,0.497476026158,0.155925321632,1.04692715953,0.286929026848,0.965251991053
A[T>G]A,0.385922618403,0.61130142755,0.206854523464,0.0648349998917,0.435320713559,0.0315131151466,0.401359523139
A[T>G]C,0.78045285528,1.23623732276,0.41832273043,0.131116079687,0.880350820755,0.05161874497,0.811670969491
A[T>G]G,0.389357277446,0.616741927475,0.208695500711,0.065412022611,0.43919500896,0.0797322887993,0.404931568544
A[T>G]T,3.91288716855,6.19801327498,2.09730752234,0.657365044317,4.41373672613,0.208096621913,4.06940265529
C[T>G]A,0.493670509705,0.781974087373,0.264607393202,0.0829366456305,0.556860334948,0.0135286442005,0.513417330094
C[T>G]C,1.60217467655,2.53784468766,0.858765626631,0.26916534566,1.80725303515,0.17059481374,1.66626166361
C[T>G]G,1.10091740831,1.74385317476,0.590091730854,0.184954124596,1.24183483657,0.176614228,1.14495410464
C[T>G]T,5.49796993295,8.70878437379,2.94691188406,0.923658948735,6.20171008437,1.03132299757,5.71788873027
G[T>G]A,0.000200469012861,0.000317542916371,0.000107451390893,3.36787941606e-05,0.000226129046507,0.014461424501,0.000208487773375
G[T>G]C,0.0331078272525,0.0524427983679,0.0177457954073,0.00556211497842,0.0373456291408,0.0807089078553,0.0344321403426
G[T>G]G,0.36741344134,0.581982891082,0.196933604558,0.0617254581451,0.414442361831,0.112549442034,0.382109978994
G[T>G]T,1.52034475972,2.4082260994,0.814904791212,0.255417919634,1.71494888897,0.370889132581,1.58115855011
T[T>G]A,0.549191178408,0.869918826598,0.294366471626,0.0922641179725,0.619487649244,0.0517800902352,0.571158825544
T[T>G]C,1.39980665866,2.21729374731,0.750296369041,0.235167518655,1.57898191097,0.105823341008,1.455798925
T[T>G]G,0.73897478804,1.17053606426,0.39609048639,0.124147764391,0.833563560909,0.0869011416528,0.768533779562
T[T>G]T,10.6867397224,16.9277957203,5.72809249121,1.79537227336,12.0546424069,0.397825150349,11.1142093113
