,1,3,2,5,4,7,6
A[C>A]A,1.49628349222,1.59386719823,0.284619142542,4.75498227956,2.63281369459,1.43122768821,1.57760324723
A[C>A]C,1.19233434016,1.27009527539,0.226802727748,3.94069052089,1.34591034315,1.14049371667,1.25713511952
A[C>A]G,0.329125282415,0.350589974746,0.0626053526332,0.825110080244,0.621094138026,0.314815487527,0.347012526024
A[C>A]T,0.799949926857,0.852120574261,0.152164388261,3.11252773645,1.52636542872,0.765169495255,0.84342546636
C[C>A]A,1.30203551839,1.38695087829,0.247669799694,4.14172526811,4.10150642743,1.24542527846,1.37279831831
C[C>A]C,1.33479049248,1.42184204634,0.253900365417,3.2671733513,2.23377450523,1.27675612324,1.40733345403
C[C>A]G,0.259710213759,0.276647836396,0.0494013993564,0.757400905374,0.888986372705,0.248418465335,0.27382489929
C[C>A]T,2.10321456155,2.24038072861,0.400067987252,4.43154205478,2.5106441047,2.01177045018,2.21751970077
G[C>A]A,1.33927524065,1.42661927809,0.254753442516,4.288359479,4.77157490363,1.28104588237,1.41206193852
G[C>A]C,1.19977049474,1.27801639657,0.228217213674,3.66478004247,2.53013222348,1.14760656019,1.26497541293
G[C>A]G,0.30491371506,0.324799392129,0.0579998914516,0.813748554493,1.14648818551,0.291656597014,0.321485112617
G[C>A]T,0.967708777113,1.0308202191,0.184075039125,3.67783225321,3.27531406246,0.925634482456,1.02030164543
T[C>A]A,1.8708533206,1.99286549368,0.355868838158,2.86801509273,2.97838652027,1.78951187188,1.9725301315
T[C>A]C,1.54451269014,1.64524177863,0.293793174755,2.60567118678,3.00132696246,1.47735996448,1.62845359721
T[C>A]G,0.338217036062,0.360274668849,0.0643347622944,0.678436366473,0.766547732505,0.323511947538,0.356598396718
T[C>A]T,2.14565783651,2.28559204324,0.408141436292,4.24114749474,4.5530692348,2.05236836535,2.26226967545
A[C>G]A,0.404184723149,0.430544596397,0.0768829636424,0.984112600646,0.59910459828,0.386611474316,0.426151284189
A[C>G]C,0.340621942389,0.362836416892,0.0647922173022,0.483894558182,0.38193706629,0.32581229272,0.359134004475
A[C>G]G,0.107518424148,0.114530495288,0.0204518741586,0.086144017367,0.161520437491,0.102843710055,0.113361816765
A[C>G]T,0.465082588573,0.49541406174,0.0884667967394,0.84865747078,0.52132790809,0.444861606461,0.490358816212
C[C>G]A,0.298774153831,0.318259424733,0.0568320401309,0.590637267126,0.487106095243,0.28578397323,0.315011879583
C[C>G]C,0.248764316411,0.264988076177,0.0473192993173,0.538230629024,0.576207091877,0.237948476567,0.262284116216
C[C>G]G,0.113393449272,0.120788674224,0.0215694061115,0.169846259265,0.289977718902,0.108463299303,0.119556136732
C[C>G]T,0.377879798371,0.402524133048,0.0718793094728,0.612588559497,0.636276995885,0.361450241921,0.398416743935
G[C>G]A,0.222369701236,0.236872073055,0.0422985844742,0.405288789702,0.314970367856,0.212701453356,0.234455011085
G[C>G]C,0.365793717439,0.389649829446,0.0695803266869,0.353709017619,0.371657597728,0.349889642768,0.385673810779
G[C>G]G,0.0651539301002,0.0694030994545,0.0123934106169,0.0620892363099,0.18577403451,0.0623211505306,0.0686949045621
G[C>G]T,0.282201877935,0.300606348236,0.0536797050421,0.594976102022,0.334112070487,0.269932231069,0.297538936519
T[C>G]A,1.52061325218,1.61978368167,0.289247086013,0.421854463803,0.688842189237,1.45449963252,1.60325527676
T[C>G]C,0.412089901988,0.438965330379,0.0783866661391,0.39372051679,0.644392140808,0.394172949728,0.434486092314
T[C>G]G,0.102422904615,0.109102659264,0.0194826177256,0.0389394544747,0.139681802062,0.097969734849,0.107989366822
T[C>G]T,2.74805909415,2.92728033943,0.52272863204,0.952752604289,1.22325855227,2.62857826397,2.89741013188
A[C>T]A,3.07988622939,3.28074837479,0.585847924069,2.96648357615,1.04443773933,2.94597813246,3.24727135055
A[C>T]C,3.69308599492,3.93393942937,0.702489183817,2.99733636561,0.898289955341,3.53251703862,3.8937971903
A[C>T]G,10.8997146992,11.6105656579,2.07331529604,3.57411358847,1.45456305008,10.4258140601,11.4920904981
A[C>T]T,2.38528692271,2.54084911332,0.453723055951,2.79071062625,0.902694380454,2.28157879564,2.51492208156
C[C>T]A,3.93823682902,4.19507836135,0.749121135955,3.75664651239,1.60072457778,3.7670091408,4.15227143929
C[C>T]C,6.34925655386,6.76333850302,1.2077390184,5.52073844888,1.75127323485,6.07320192108,6.69432484483
C[C>T]G,6.59475761549,7.02485050346,1.2544375899,2.6999523969,1.38326773091,6.30802902351,6.95316835546
C[C>T]T,5.67843508341,6.04876780624,1.08013710826,6.26833093445,2.23074318836,5.43154660152,5.98704568577
G[C>T]A,3.73457697896,3.97813634715,0.710381490563,3.09646543236,1.40121175781,3.57220406683,3.93754311912
G[C>T]C,6.74610286667,7.18606609711,1.28322608877,5.0810974156,1.81787808304,6.45279404638,7.11273889204
G[C>T]G,7.17491279189,7.64284188702,1.36479319411,2.90359161192,1.35809535587,6.86296006181,7.5648537045
G[C>T]T,4.78742251138,5.09964571865,0.910651021187,4.60248013787,1.78191593137,4.57927370654,5.04760851743
T[C>T]A,14.6724528506,15.6293519495,2.79095570528,3.83114496596,4.85900839551,14.034520118,15.4698687664
T[C>T]C,5.42906719468,5.78313679433,1.03270299899,3.93363345326,1.92524800682,5.19302079491,5.72412519439
T[C>T]G,6.316505234,6.72845122752,1.20150914777,2.23399637182,1.23846347958,6.04187457165,6.65979356194
T[C>T]T,8.93635701995,9.51916291256,1.6998505201,3.70199647137,2.91158908126,8.54781975822,9.42202859713
A[T>A]A,0.601486549914,0.640713933604,0.114413202429,0.965285995434,0.313536564703,0.575334960787,0.634176036322
A[T>A]C,0.829689968596,0.883800183939,0.157821461418,1.07234350793,0.319226329489,0.793616491701,0.874781814715
A[T>A]G,0.417930828882,0.445187187287,0.0794977120156,1.17770064116,0.4959975998,0.399759923278,0.440644460886
A[T>A]T,0.904652089321,0.963651138625,0.172080560469,1.89681785938,0.3112527013,0.865319389785,0.953817963741
C[T>A]A,0.390455996005,0.415920517484,0.0742715209792,0.928128606388,0.284618155385,0.373479648353,0.411676430571
C[T>A]C,0.513876743882,0.547390444569,0.0977482936731,1.58568089091,0.513776259883,0.491534276756,0.541804827788
C[T>A]G,0.579652830548,0.617456276019,0.110260049289,1.52420786621,0.9338942182,0.554450533568,0.611155701774
C[T>A]T,0.518655989749,0.552481380385,0.0986573893545,2.41097328275,0.601886992325,0.496105729325,0.546843815279
G[T>A]A,0.255148560789,0.271788684319,0.0485336936284,0.669740229356,0.256853439889,0.244055145103,0.269015330398
G[T>A]C,0.381583906097,0.406469813017,0.0725838951815,0.637597873228,0.297493401273,0.364993301484,0.402322161863
G[T>A]G,0.302602460666,0.322337403753,0.0575602506701,0.78742318004,0.368925332534,0.289445831941,0.319048246571
G[T>A]T,0.357231808491,0.380529535131,0.067951702702,1.27164793206,0.332658732289,0.34169999073,0.376646580691
T[T>A]A,0.591163470805,0.629717610205,0.112449573251,1.17445552302,0.341169160282,0.565460711204,0.623291920305
T[T>A]C,0.457661542567,0.487509034474,0.0870551847275,1.01082300823,0.400100461785,0.43776321463,0.48253445249
T[T>A]G,0.282024965351,0.300417897874,0.0536460531918,0.790109385558,0.424241562643,0.269763010336,0.29735240912
T[T>A]T,0.487808397465,0.519621988604,0.0927896408221,1.89936641373,0.40699111688,0.466599336705,0.514319723414
A[T>C]A,3.68492575742,3.92524700247,0.700936964727,2.51814083343,0.810115063302,3.52471159406,3.88519346163
A[T>C]C,1.84411365112,1.96438193272,0.350782487985,1.35551341678,0.346676914115,1.76393479672,1.94433721912
A[T>C]G,3.36133491974,3.58055241451,0.639384359734,2.3664838439,0.665835487815,3.21518992323,3.54401616538
A[T>C]T,2.65134854304,2.82426257846,0.504332603296,2.42361650267,0.789189326112,2.53607251943,2.79544357256
C[T>C]A,2.1841834733,2.32663022156,0.415469682422,0.924997494692,0.362441699346,2.08921897446,2.30288909685
C[T>C]C,1.59882828926,1.70309969942,0.304124946326,2.07967414823,0.562464162982,1.52931401581,1.68572113106
C[T>C]G,3.00677722626,3.20287139319,0.571941320212,2.28834886698,0.544460443201,2.87604778164,3.17018903203
C[T>C]T,1.93810475425,2.06450289039,0.368661230427,3.47622738745,0.709345591193,1.85383933015,2.04343653437
G[T>C]A,5.20388659544,5.54327050383,0.989869732828,0.911987541999,0.749245477492,4.9776306565,5.4867065191
G[T>C]C,2.39985718113,2.55636960598,0.456494572497,1.15134526889,0.552116138717,2.29551556456,2.53028420184
G[T>C]G,2.51899147171,2.68327352421,0.479155986466,1.21887743259,0.67777959279,2.40947010337,2.65589318213
G[T>C]T,3.36257120578,3.5818693279,0.639619522838,1.47139993201,0.786060548417,3.2163724577,3.54531964088
T[T>C]A,1.98034632286,2.10949934391,0.376696311413,1.13471324726,0.407227846778,1.89424430882,2.0879738404
T[T>C]C,2.18581283152,2.32836584227,0.415779614692,1.16177897546,0.52433380321,2.09077749102,2.30460700715
T[T>C]G,1.53544613947,1.63558393117,0.292068559138,0.871873086395,0.360434627073,1.46868761166,1.61889429922
T[T>C]T,1.74068172485,1.85420444603,0.331107936791,1.24147737191,0.375417342589,1.66499991072,1.8352839925
A[T>G]A,0.379077131066,0.403799552657,0.0721070629745,0.451259790165,0.0608658728127,0.362595516672,0.399679149059
A[T>G]C,0.177415354058,0.188985920627,0.0337474858263,0.262871477762,0.110659881536,0.169701643012,0.187057492866
A[T>G]G,0.26611206576,0.283467200483,0.0506191429434,0.691559989369,0.22007459211,0.254541975944,0.280574678029
A[T>G]T,0.555652645064,0.591890861046,0.105694796615,1.06458574339,0.225862178642,0.531493834409,0.585851158382
C[T>G]A,0.220854909045,0.23525849007,0.0420104446553,0.274733970763,0.0239138855075,0.211252521695,0.232857893232
C[T>G]C,0.465641228441,0.496009134644,0.0885730597579,0.798866136819,0.2373263291,0.445395957639,0.490947816944
C[T>G]G,0.610024504084,0.649808710872,0.116037269799,1.07275863948,0.37170603036,0.583501699558,0.643178009741
C[T>G]T,1.68807724175,1.79816923577,0.321101649245,6.38840166994,0.968197011935,1.61468257906,1.7798205701
G[T>G]A,0.0908032419588,0.0967251925213,0.0172723558074,0.0993761710095,0.069702163939,0.0868552749171,0.0957382007609
G[T>G]C,0.180487565589,0.19225849378,0.0343318738893,0.304939142953,0.0871167311306,0.172640280129,0.190296672415
G[T>G]G,0.264485074814,0.281734101432,0.0503096609701,0.713593299508,0.506151370298,0.252985723735,0.278859263663
G[T>G]T,0.805362415159,0.85788605093,0.153193937666,2.13693184519,0.368045493209,0.770346657978,0.849132111635
T[T>G]A,0.519568813971,0.553453736622,0.0988310243967,0.439498380329,0.090275352962,0.496978865538,0.547806249513
T[T>G]C,0.320852717499,0.341777894727,0.0610317669156,0.503331688837,0.207311639013,0.306902599347,0.338290365189
T[T>G]G,0.352342069696,0.375320900328,0.0670215893443,0.612931092997,0.217380724791,0.337022849274,0.371491095223
T[T>G]T,1.01507273515,1.08127313092,0.193084487664,2.22030089289,0.410159193693,0.970939137966,1.07023973162
