,1,3,2,5,4,7,6
A[C>A]A,1.61327737923,2.10074248663,1.12581227184,0.905292342303,0.557102979879,1.57845844299,0.464252483232
A[C>A]C,1.07972032673,1.40596675638,0.753473897068,0.605886226508,0.372853062467,1.05641701032,0.310710885389
A[C>A]G,0.179189896519,0.233333606259,0.12504618678,0.100552603802,0.0618785254167,0.175322488681,0.0515654378473
A[C>A]T,1.09154080748,1.42135889319,0.761722721766,0.612519302039,0.376934955101,1.06798237279,0.314112462584
C[C>A]A,1.86119795989,2.42357432187,1.29882159791,1.04441324368,0.642715842264,1.82102821975,0.53559653522
C[C>A]C,1.04808583133,1.36477363649,0.731398026183,0.588134495281,0.361928920173,1.02546527382,0.301607433477
C[C>A]G,0.289715040705,0.377254837177,0.202175244233,0.162573907734,0.100045481682,0.2834621981,0.0833712347353
C[C>A]T,2.35389851561,3.06514842681,1.64264860442,1.32089269222,0.812857041363,2.30309495053,0.677380867803
G[C>A]A,2.18462549696,2.84472816511,1.52452282882,1.22590495513,0.754403049312,2.13747530638,0.62866920776
G[C>A]C,0.977728639439,1.27315743697,0.68229984191,0.548653481124,0.337632911461,0.956626582472,0.281360759551
G[C>A]G,0.19065026004,0.248256813433,0.133043706646,0.106983599159,0.0658360610209,0.186535506226,0.0548633841841
G[C>A]T,1.90876749607,2.48551738697,1.33201760517,1.07110694024,0.659142732457,1.8675710753,0.549285610381
T[C>A]A,2.33948423218,3.04637874838,1.63258971598,1.31280410151,0.807879447085,2.28899176674,0.673232872571
T[C>A]C,1.62716066689,2.11882072451,1.13550060927,0.913082964155,0.561897208711,1.59204209135,0.468247673925
T[C>A]G,0.316047676731,0.411544097038,0.220551256424,0.177350494856,0.109138766065,0.309226503852,0.0909489717211
T[C>A]T,3.15287419854,4.10554122256,2.20020717452,1.76923875889,1.08876231316,3.08482655397,0.907301927637
A[C>G]A,0.416768771315,0.542698903655,0.290838638975,0.233870245774,0.143920151246,0.407773761862,0.119933459371
A[C>G]C,0.244828066228,0.318804891995,0.170851240461,0.137385533567,0.0845449437334,0.239544007245,0.0704541197778
A[C>G]G,0.0562439882874,0.0732385746765,0.0392494018984,0.0315613747225,0.0194223844446,0.0550300892597,0.0161853203705
A[C>G]T,0.425144074265,0.553604873683,0.296683274847,0.238570056062,0.146812342192,0.415968302878,0.122343618494
C[C>G]A,0.356884596547,0.464720230035,0.249048963058,0.200266176479,0.123240723987,0.349182051297,0.102700603323
C[C>G]C,0.241636190371,0.31464856444,0.168623816302,0.135594408985,0.0834427132217,0.236421020795,0.0695355943514
C[C>G]G,0.101242024796,0.131833140202,0.0706509093898,0.0568120714681,0.0349612747496,0.0990569451238,0.0291343956247
C[C>G]T,0.341817229455,0.445100133319,0.238534325591,0.191811107176,0.118037604416,0.334439879179,0.0983646703468
G[C>G]A,0.188066574414,0.24489244582,0.131240703009,0.105533761182,0.0649438530352,0.1840075836,0.0541198775293
G[C>G]C,0.204301020132,0.266032263625,0.142569776639,0.114643737916,0.0705499925635,0.199891645597,0.0587916604696
G[C>G]G,0.0204901467392,0.0266814140993,0.0142988793792,0.0114980679544,0.00707573412578,0.0200479133564,0.00589644510482
G[C>G]T,0.234846028801,0.305806699374,0.163885358228,0.131784102493,0.0810979092263,0.229777409474,0.0675815910219
T[C>G]A,5.12847957801,6.67809211237,3.57886704365,2.87785184953,1.77098575356,5.01779296841,1.4758214613
T[C>G]C,1.39721606192,1.81939645474,0.975035669113,0.784049300936,0.482491877499,1.36706031958,0.402076564583
T[C>G]G,0.216337799969,0.281706056075,0.150969543864,0.121398189911,0.0747065784067,0.211668638819,0.0622554820056
T[C>G]T,6.26299003707,8.15540429288,4.37057578127,3.51448361792,2.16275914949,6.12781759023,1.80229929124
A[C>T]A,2.0043194064,2.60994109754,1.39869771526,1.12472599784,0.692139075591,1.96106071418,0.576782562993
A[C>T]C,1.45509311455,1.89476153765,1.01542469145,0.816527071473,0.502478197829,1.42368822718,0.418731831524
A[C>T]G,6.61698113204,8.6163567259,4.61760553819,3.71312610287,2.28500067869,6.47416858963,1.90416723224
A[C>T]T,1.36762892482,1.78086931938,0.954388530273,0.767446447024,0.47227473663,1.33811175379,0.393562280525
C[C>T]A,1.56531344508,2.03828585295,1.09234103721,0.878377328894,0.540539894704,1.53152970166,0.450449912254
C[C>T]C,1.58339570302,2.06183181472,1.10495959132,0.88852420745,0.546784127661,1.54922169504,0.455653439718
C[C>T]G,3.83417311559,4.99270024404,2.67564598714,2.15155038141,1.32403100394,3.75142117784,1.10335916995
C[C>T]T,1.72952342845,2.25211324136,1.20693361553,0.970523938265,0.597245500471,1.69219558467,0.497704583726
G[C>T]A,1.84541343601,2.40302037351,1.28780649851,1.03555574107,0.637265071429,1.80558436905,0.531054226191
G[C>T]C,2.24595617096,2.92459040967,1.56732193225,1.26032072903,0.775581987094,2.19748229677,0.646318322578
G[C>T]G,4.74182879423,6.17461159537,3.3090459931,2.66088234497,1.63746605844,4.63948716558,1.3645550487
G[C>T]T,1.8703210677,2.43545405219,1.30518808322,1.04953268547,0.645866267984,1.82995442595,0.538221889986
T[C>T]A,3.39817007097,4.42495527227,2.37138486967,1.90688680241,1.17346880149,3.32482827087,0.977890667904
T[C>T]C,1.94846789048,2.537213584,1.35972219695,1.0933848594,0.672852221172,1.90641462665,0.56071018431
T[C>T]G,3.08439175532,4.01636624254,2.1524172681,1.73080976198,1.06511369968,3.01782214909,0.887594749734
T[C>T]T,1.9989206917,2.60291111653,1.39493026687,1.12169650325,0.690274771234,1.9557785185,0.575228976028
A[T>A]A,1.22510459838,1.59528008854,0.854929108221,0.687468767436,0.423057703037,1.19866349194,0.352548085864
A[T>A]C,0.689656677696,0.898042148654,0.481271206737,0.387001588923,0.238154823952,0.674772001199,0.198462353294
A[T>A]G,0.450970517382,0.58723499026,0.314706044504,0.253062592488,0.155730826146,0.441237340748,0.129775688455
A[T>A]T,0.974463093408,1.26890517919,0.68002100763,0.546821016445,0.336505240889,0.953431515852,0.280421034074
C[T>A]A,1.89918669284,2.47304166478,1.3253317209,1.06573066217,0.655834253642,1.85819705199,0.546528544702
C[T>A]C,1.04800663,1.36467050382,0.731342756189,0.588090051369,0.361901570073,1.02538778187,0.301584641728
C[T>A]G,1.40641687588,1.83137737076,0.981456381013,0.789212347619,0.485669136996,1.37606255482,0.40472428083
C[T>A]T,1.18206403144,1.5392344582,0.824893604673,0.66331650685,0.408194773446,1.1565518581,0.340162311205
G[T>A]A,1.09999740451,1.43237072099,0.767624088042,0.61726473059,0.379855218825,1.07625645334,0.316546015687
G[T>A]C,0.379074217938,0.493614629114,0.264533806763,0.212717906469,0.130903327058,0.370892759997,0.109086105882
G[T>A]G,0.754417431856,0.982370900474,0.526463963238,0.423342156006,0.26051824985,0.73813504124,0.217098541541
G[T>A]T,0.656212246922,0.854492206424,0.457932287421,0.368234210503,0.226605668002,0.642049392672,0.188838056668
T[T>A]A,0.8933264825,1.16325247002,0.623400494982,0.501291119676,0.308486842878,0.87404605482,0.257072369065
T[T>A]C,0.621112605506,0.808786917961,0.433438293051,0.348538008845,0.21448492852,0.607707297474,0.178737440433
T[T>A]G,0.378815904336,0.493278263919,0.264353544752,0.212572953512,0.130814125238,0.370640021508,0.109011771032
T[T>A]T,1.05885025129,1.37879061499,0.738909887591,0.594174961155,0.365646129942,1.03599736817,0.304705108285
A[T>C]A,2.13891868608,2.78521066317,1.49262670899,1.20025652888,0.738619402387,2.09275497343,0.615516168655
A[T>C]C,1.18242876,1.53970939251,0.82514812748,0.663521174675,0.408320722877,1.15690871482,0.340267269064
A[T>C]G,1.94041421216,2.52672642015,1.35410200417,1.08886552913,0.670071094847,1.89853476873,0.558392579039
A[T>C]T,1.65030242605,2.14895495766,1.15164989443,0.926068987277,0.569888607555,1.61468438807,0.474907172963
C[T>C]A,1.53097562603,1.99357257778,1.06837867428,0.859108624677,0.52868223057,1.49793298662,0.440568525475
C[T>C]C,1.93275071156,2.51674732944,1.34875409368,1.08456514749,0.667424706151,1.89103666743,0.556187255126
C[T>C]G,2.27971253432,2.9685465375,1.59087853115,1.27926314876,0.787238860773,2.23051010552,0.656032383977
C[T>C]T,1.018014029,1.32561539028,0.71041266772,0.57125967095,0.351544412892,0.996042503194,0.29295367741
G[T>C]A,2.64868910304,3.44901242914,1.84836577694,1.48631474847,0.914655229827,2.59152315118,0.762212691523
G[T>C]C,1.37441137117,1.789701138,0.959121604342,0.77125242411,0.474616876375,1.3447478164,0.395514063646
G[T>C]G,1.56142582029,2.03322355017,1.08962809042,0.87619578405,0.539197405569,1.52772598245,0.449331171308
G[T>C]T,1.82202761824,2.37256833742,1.27148689906,1.02243276419,0.629189393349,1.78270328116,0.524324494458
T[T>C]A,1.34707089928,1.75409951633,0.940042282231,0.755910288804,0.465175562341,1.31799742663,0.387646301951
T[T>C]C,1.78929437869,2.32994447873,1.24864427866,1.0040644715,0.617885828613,1.7506765144,0.514904857178
T[T>C]G,1.12168124823,1.46060651748,0.782755978982,0.629432642892,0.387343164857,1.09747230043,0.322785970714
T[T>C]T,1.4186845673,1.84735184663,0.990017287973,0.796096375896,0.48990546209,1.38806547592,0.408254551741
A[T>G]A,0.330004485078,0.429718070498,0.230290899659,0.185182372922,0.113958383336,0.32288208612,0.094965319447
A[T>G]C,0.480389105963,0.625542648772,0.335235563154,0.269570865217,0.16588976321,0.470020995762,0.138241469342
A[T>G]G,0.424490794189,0.552754199628,0.296227388751,0.238203467243,0.146586749073,0.415329122372,0.122155624227
A[T>G]T,2.20749249456,2.87450461522,1.5404803739,1.23873679551,0.762299566468,2.15984877166,0.635249638723
C[T>G]A,0.262787209936,0.342190539557,0.183383880315,0.147463326439,0.0907466624239,0.257115543534,0.0756222186866
C[T>G]C,1.02036327975,1.32867448658,0.712052072916,0.572577955541,0.352355664948,0.998341050687,0.29362972079
C[T>G]G,0.874294704435,1.13847008275,0.610119326117,0.490611416877,0.301914718078,0.855425034556,0.251595598399
C[T>G]T,3.22437061176,4.19864086855,2.25010035497,1.80935904832,1.11345172205,3.15477987913,0.927876435038
G[T>G]A,0.103101270792,0.134254172758,0.071948368826,0.0578553893653,0.0356033165325,0.100876063509,0.0296694304437
G[T>G]C,0.0704238991719,0.0917030629504,0.0491447353933,0.0395184470173,0.0243190443183,0.068903958902,0.0202658702653
G[T>G]G,0.467980818341,0.609385094386,0.326576542295,0.262607941227,0.161604886909,0.457880512909,0.134670739091
G[T>G]T,1.07807001844,1.40381779379,0.752322243081,0.60496015423,0.372283171834,1.0548023202,0.310235976528
T[T>G]A,0.333852853855,0.434729255739,0.232976451971,0.187341889214,0.115287316439,0.326647396578,0.0960727636993
T[T>G]C,0.872793109316,1.13651476825,0.609071450386,0.489768795155,0.301396181634,0.853955847963,0.251163484695
T[T>G]G,0.594249467627,0.773806860722,0.414692074531,0.333463730035,0.205208449252,0.581423939548,0.171007041044
T[T>G]T,5.83970346359,7.60421817921,4.07518874797,3.27695590043,2.01658824642,5.71366669819,1.68049020535
