,1,3,2,5,4,7,6
A[C>A]A,0.849811214485,3.12377854374,2.934458632,0.45542368953,0.680787989504,0.838428423853,0.436643331199
A[C>A]C,0.769833274543,2.52228917868,2.36942316785,0.412562583595,0.616717264137,0.658983895068,0.39554969355
A[C>A]G,0.136083390431,1.14306668692,1.07378991801,0.0729286677999,0.109017080732,0.204528436825,0.0699213000556
A[C>A]T,0.610524651594,2.27933813843,2.14119643307,0.327187244225,0.48909433415,0.473809605633,0.313694986731
C[C>A]A,1.32261846208,3.69758836302,3.47349209859,0.708806579124,1.05955622653,0.785071804546,0.67957744184
C[C>A]C,1.48899870223,4.37170541317,4.10675356995,0.797971680201,1.19284426422,0.531696730491,0.765065631533
C[C>A]G,0.506698902643,0.712130021434,0.668970626196,0.271545820753,0.405919010404,0.232032265082,0.260348054949
C[C>A]T,3.55440858253,4.43183269888,4.16323677774,1.90484879837,2.84745438932,1.23113335471,1.82629833246
G[C>A]A,0.800174189604,3.17264104712,2.98035977154,0.428822631998,0.641023522059,0.930322556042,0.411139224493
G[C>A]C,0.974126383529,3.13911219249,2.9488629687,0.522045630952,0.780377489567,0.932887904587,0.500517976067
G[C>A]G,0.264959770885,1.38825352118,1.30411694414,0.141995015336,0.212260589935,0.229339266172,0.136139550786
G[C>A]T,1.45388165714,2.54190338101,2.38784863065,0.779152048303,1.16471182478,1.03480599961,0.747022066929
T[C>A]A,0.860658675498,4.10355593019,3.85485557078,0.461236969742,0.68947794446,0.491606183658,0.442216888516
T[C>A]C,0.80671543078,3.86289883901,3.62878375786,0.432328159037,0.64626374289,0.589515501693,0.414500193716
T[C>A]G,0.231000484312,0.765164041868,0.718790463573,0.123795839659,0.185055636604,0.170600638829,0.11869085658
T[C>A]T,1.33469727396,11.9386720948,11.2151162103,0.715279754554,1.06923262279,0.889125537141,0.685783682201
A[C>G]A,0.395231141715,0.949027315094,0.891510508119,0.2118089544,0.316621632865,0.228983662856,0.203074564527
A[C>G]C,0.24608709864,0.519397453873,0.487918820305,0.131880931315,0.197141598358,0.107146157187,0.126442542395
A[C>G]G,0.0844538403355,0.189162400452,0.177698012546,0.045259792887,0.067656391429,0.0184037126335,0.0433934096751
A[C>G]T,0.379170859078,0.659027456209,0.619086398257,0.2032020626,0.303755660588,0.158880225957,0.194822596101
C[C>G]A,0.26000081486,0.788052350906,0.740291602366,0.139337453267,0.208287945606,0.127040959879,0.133591578906
C[C>G]C,0.259840559422,0.734920030008,0.690379422128,0.139251570519,0.208159564178,0.10068791684,0.133509237714
C[C>G]G,0.102989359935,0.387475878841,0.363992492245,0.0551931928932,0.0825052883455,0.0370263664158,0.0529171849389
C[C>G]T,0.373633100413,0.810873731487,0.761729868973,0.200234313481,0.299319334585,0.0902893522566,0.191977228389
G[C>G]A,0.241034695374,0.52198179493,0.490346534631,0.129173289786,0.193094092979,0.0733534454958,0.123846556187
G[C>G]C,0.255755640521,0.750607928061,0.705116538482,0.137062415086,0.204887115334,0.0876751907006,0.131410356732
G[C>G]G,0.0492030197409,0.36109655757,0.339211917718,0.0263684691429,0.0394167837703,0.0140590236557,0.0252811095906
G[C>G]T,0.279688810764,0.644384708424,0.605331089731,0.149888478697,0.224060097021,0.114454099149,0.143707510503
T[C>G]A,0.161177128618,0.421504957651,0.395959202642,0.0863766932371,0.129119799169,0.284867524358,0.0828147677428
T[C>G]C,0.310156393872,0.807216770911,0.758294542371,0.166216409976,0.248467829345,0.130608713413,0.159362125028
T[C>G]G,0.0544912251399,0.191195280123,0.179607687389,0.0292024797711,0.0436531914104,0.0274909749532,0.0279982538012
T[C>G]T,0.341771016066,0.731201827325,0.686886565063,0.183159052809,0.273794460384,0.411694783383,0.175606102177
A[C>T]A,2.85859644419,2.14224181763,2.0124089802,1.53195500048,2.29003582546,0.630718427513,1.4687815984
A[C>T]C,5.86565072349,2.39003989291,2.24518899031,3.14347027723,4.69900196081,0.503330182825,3.01384263693
A[C>T]G,2.79768752414,2.86939939917,2.69549640528,1.49931320354,2.24124138674,1.18836680721,1.43748585494
A[C>T]T,2.8368932297,2.01640220212,1.89419600805,1.52032399603,2.27264927241,0.394164495288,1.457630223
C[C>T]A,5.1811750702,2.64953655447,2.48895858147,2.7766518332,4.15066511149,0.597230195959,2.66215072668
C[C>T]C,12.0836803295,3.31007943217,3.10946855749,6.47578448597,9.68029639655,0.52038014818,6.20874182675
C[C>T]G,3.16678533801,2.78010636742,2.61161507242,1.69711700435,2.53692748073,0.966896477728,1.62713279798
C[C>T]T,10.0613633236,3.28629200279,3.0871227905,5.39200133918,8.06020818744,0.547792525576,5.1696507685
G[C>T]A,5.78729849379,2.15126520101,2.02088549186,3.10148040827,4.6362336,0.970335756729,2.97358430896
G[C>T]C,13.4254576278,3.53696757285,3.32260590176,7.19485850772,10.7552008621,1.19984113004,6.89816331153
G[C>T]G,4.75218300032,3.27568068299,3.077154581,2.5467500057,3.8069974312,1.69225366142,2.44172938691
G[C>T]T,9.05386141265,2.97583552617,2.79548185791,4.85206937584,7.25309339687,0.938427393313,4.65198404075
T[C>T]A,2.92551745285,1.43681624725,1.34973647469,1.56781874545,2.34364657825,1.22993551785,1.50316642605
T[C>T]C,6.02178646611,3.50106269322,3.28887707545,3.22714523322,4.82408308059,0.890280477756,3.09406707927
T[C>T]G,2.14966456958,6.74356195327,6.33486122883,1.1520301837,1.72210697563,0.721665002151,1.10452378437
T[C>T]T,2.91256136227,3.43505201333,3.22686704282,1.56087542619,2.33326738967,0.881709879226,1.49650942923
A[T>A]A,2.25019096612,1.32281235818,1.24264191223,1.20590344593,1.80263917175,0.224133265111,1.15617546878
A[T>A]C,1.15181638071,0.943832253939,0.886630299155,0.617271762037,0.922725829848,0.247266438212,0.591817256386
A[T>A]G,2.92064158761,1.47395818488,1.3846273858,1.5652057127,2.33974049836,0.21125501075,1.50066114723
A[T>A]T,1.26110907112,1.4416398413,1.35426772971,0.675842982866,1.01028074758,0.28911964342,0.64797316914
C[T>A]A,3.51615409497,1.42258995432,1.33637238133,1.88434777465,2.81680852912,0.227938822018,1.80664271178
C[T>A]C,2.46815524266,1.72183366902,1.61748011333,1.32271303059,1.97725143749,0.272163048487,1.26816816335
C[T>A]G,8.47096556728,3.97774793765,3.73667230507,4.53968872943,6.78613263677,0.542091058716,4.35248507048
C[T>A]T,2.73641122838,2.07075752831,1.94525707205,1.46647452571,2.19215264152,0.363107675655,1.40600134939
G[T>A]A,2.21119611594,1.05425509796,0.990360849595,1.18500565329,1.77140020338,0.263304623008,1.13613944079
G[T>A]C,0.776219694972,0.746958153145,0.701687962045,0.415985140399,0.621833457298,0.138717721326,0.398831113991
G[T>A]G,2.18145939323,1.45434663618,1.36620441581,1.16906939858,1.74757796695,0.270774364167,1.12086035122
G[T>A]T,0.74299495535,0.784484211523,0.736939713855,0.398179616955,0.595216953181,0.176962173251,0.381759838937
T[T>A]A,1.85026232627,1.57181027506,1.47654904627,0.99157704778,1.48225434977,0.220437577918,0.950687272613
T[T>A]C,1.28156757659,0.863264749363,0.810945673644,0.686806933313,1.02667015805,0.196962041341,0.658484997919
T[T>A]G,2.85566809105,1.60036205302,1.50337041344,1.53038566206,2.2876899072,0.183087050138,1.46727697496
T[T>A]T,1.27587769827,1.50031106129,1.40938311818,0.683757661504,1.02211196823,0.23801116661,0.655561469277
A[T>C]A,2.40750147426,2.72527878699,2.56011037565,1.29020797239,1.92866140203,0.748465879284,1.23700351992
A[T>C]C,1.19013536182,1.35404026536,1.27197721897,0.6378073486,0.953423356154,0.431866614252,0.611506014637
A[T>C]G,2.58697694255,2.40907560569,2.26307102353,1.38639095816,2.0724400921,0.794095833672,1.329220197
A[T>C]T,1.29307633071,2.12020354097,1.99170635667,0.692974608171,1.03588987819,0.501716689421,0.664398335669
C[T>C]A,1.1456233121,1.82319631786,1.71269957133,0.613952824717,0.917764531793,0.395861645691,0.58863518246
C[T>C]C,1.01306154288,1.9020301146,1.7867555622,0.542911434581,0.811568639322,0.510314323772,0.520523334186
C[T>C]G,2.76499542678,2.81249959055,2.64204506991,1.48179312927,2.21505158499,0.718710791556,1.42068825796
C[T>C]T,1.08176280729,2.96602022333,2.78626142191,0.579729239268,0.866605563855,0.485265681567,0.555822878886
G[T>C]A,2.48812730854,2.76974318488,2.60187996155,1.33341629242,1.99325115878,0.864628281599,1.27843005356
G[T>C]C,1.93538258953,1.73540065709,1.63022485969,1.03719398445,1.55044461592,0.588319485095,0.99442309849
G[T>C]G,2.19231608615,1.96949995497,1.85013632133,1.17488762628,1.75627531763,0.65969895252,1.126438652
G[T>C]T,1.82112238428,2.26203075154,2.12493797872,0.975960614779,1.45891019735,0.692459314753,0.935714816232
T[T>C]A,1.2674002709,1.64821228167,1.54832062823,0.679214509821,1.01532065901,0.633031656314,0.651205664055
T[T>C]C,1.22001376855,1.89378709556,1.77901212007,0.653819533423,0.977359096354,0.490078668238,0.626857903179
T[T>C]G,1.24679177295,1.45774565735,1.36939743569,0.668170176662,0.998811088824,0.406773087054,0.640616767315
T[T>C]T,0.90757822612,2.36245175351,2.21927285936,0.486381701291,0.727065429765,0.504439174555,0.466324723918
A[T>G]A,0.153607093529,1.43074381447,1.34403206814,0.0823198236039,0.123055406418,0.066130822568,0.0789251917027
A[T>G]C,0.0991624396838,0.578985924022,0.543895868021,0.05314230193,0.0794395235036,0.0829397617494,0.0509508667989
A[T>G]G,0.270832527764,0.542447102871,0.509571520879,0.145142293885,0.216965284673,0.131585645142,0.139157044652
A[T>G]T,0.208792978304,2.3259036448,2.18493978754,0.111894579533,0.167265093117,0.299147160418,0.107280370068
C[T>G]A,0.108021748962,1.0226112618,0.960634821692,0.0578901085597,0.0865367602181,0.0523046248332,0.0555028875882
C[T>G]C,0.400234762984,1.00437364407,0.943502514122,0.214490453091,0.320630058744,0.180166755609,0.205645485953
C[T>G]G,0.747226990591,1.39521714884,1.31065853376,0.400447613742,0.598607257656,0.217781913571,0.383934310083
C[T>G]T,0.530963544046,6.45312731781,6.06202869249,0.284549523605,0.425357535286,0.685247585156,0.272815522631
G[T>G]A,0.052562433656,0.306491770803,0.287916511966,0.0281688180367,0.042108026962,0.0344871236145,0.0270072172929
G[T>G]C,0.143744380081,0.208356505129,0.195728838151,0.0770342810377,0.115154337634,0.0303241729685,0.0738576096547
G[T>G]G,0.421202271196,0.545053419651,0.512019879066,0.225727184011,0.337427233831,0.149681942275,0.216418846526
G[T>G]T,0.603041496378,1.90520076738,1.7897340542,0.323176934523,0.483099541297,0.298178236658,0.309850050625
T[T>G]A,0.197972571763,2.23472686428,2.09928887251,0.106095798127,0.158596811633,0.0780874916081,0.101720713668
T[T>G]C,0.173426610675,1.03792496534,0.975020421981,0.0929413327929,0.138932920154,0.142001466426,0.0891087005127
T[T>G]G,0.32982454574,0.861250475665,0.80905347714,0.176756800756,0.264224083604,0.132226087275,0.169467860519
T[T>G]T,0.4067898898,6.82400953354,6.41043319818,0.218003421605,0.325881403431,0.818773158817,0.209013589787
