,1,3,2,5,4,7,6
A[C>A]A,1.65734897829,1.14675156579,1.5401626869,0.602672355742,1.03793572378,2.49276456143,0.513255504382
A[C>A]C,1.47942931994,1.02364553956,1.37482320641,0.537974298161,0.926511291277,1.93467821539,0.389571809349
A[C>A]G,0.556316875968,0.384926323271,0.516981339284,0.202297045807,0.348400467778,1.06753078097,0.0807010278369
A[C>A]T,1.44428071768,0.99932554708,1.34215985885,0.525192988246,0.904499035313,2.32604969972,0.588652068386
C[C>A]A,1.9026181415,1.316458007,1.76808958604,0.691861142365,1.19153863407,4.01052163925,0.656941542404
C[C>A]C,2.15332835327,1.48992921413,2.00107281314,0.783028492099,1.34854906973,2.38821201501,0.804783764483
C[C>A]G,0.416094985888,0.287904106397,0.3866741283,0.151307267596,0.260584738637,1.13823040105,0.211756363044
C[C>A]T,3.20988633139,2.22098195656,2.98292467159,1.16723139323,2.0102318439,2.73571205137,2.03237732764
G[C>A]A,1.50802923451,1.04343436934,1.4014009048,0.548374267096,0.944422348888,3.39545335216,0.365768043334
G[C>A]C,1.75418069952,1.21375129209,1.63014772077,0.637883890735,1.09857781182,5.85063826513,0.388869366642
G[C>A]G,0.662818436776,0.458616797163,0.615952486701,0.2410248861,0.415098414951,2.26567847543,0.123318625799
G[C>A]T,2.0216168759,1.39879551514,1.87867426852,0.735133409419,1.266063094,3.60489363579,0.829246805389
T[C>A]A,2.95630427479,2.04552366488,2.7472726594,1.07501973629,1.85142287916,3.16647365373,0.97705270167
T[C>A]C,2.66224256021,1.84205672096,2.47400318727,0.968088203714,1.66726301751,4.0056619886,0.660260358069
T[C>A]G,0.485697437876,0.336063378732,0.451355194794,0.176617250137,0.304174153013,0.764167626628,0.161336793585
T[C>A]T,3.23976919396,2.24165848269,3.01069460448,1.17809788871,2.02894636389,3.73873015692,5.1017500946
A[C>G]A,0.592924686618,0.410255970034,0.551000718877,0.215608976952,0.371326571417,0.975687256859,0.290679593428
A[C>G]C,0.355629555325,0.246066914543,0.330484031212,0.1293198383,0.222717499295,0.610162831381,0.170637200083
A[C>G]G,0.141246233345,0.0977309796377,0.131259125937,0.0513622666709,0.0884572370443,0.0546104778089,0.0452295812036
A[C>G]T,0.568185009227,0.393138112445,0.528010311605,0.206612730628,0.355833036081,0.629313284941,0.309416724766
C[C>G]A,0.524077772412,0.36261946879,0.487021768302,0.190573735423,0.328210322117,0.999063218279,0.153670741362
C[C>G]C,0.414107829714,0.286529154903,0.384827478118,0.150584665351,0.259340256993,1.03053699147,0.182939358315
C[C>G]G,0.204889030861,0.141766652666,0.190401927669,0.0745051021312,0.128314342559,0.122900413531,0.0635833056721
C[C>G]T,0.582290121733,0.402897710492,0.541118092924,0.211741862448,0.364666540883,0.927366545695,0.206459846333
G[C>G]A,0.331549461558,0.229405435523,0.308106570337,0.120563440567,0.207637036531,0.456466954959,0.152099729642
G[C>G]C,0.541948591808,0.374984631706,0.503628994407,0.197072215203,0.339402148405,0.633737520301,0.135896640061
G[C>G]G,0.170367794114,0.117880746432,0.158321586449,0.0619519251324,0.106694982172,0.286858614297,0.0257889079199
G[C>G]T,0.413702821617,0.286248922028,0.384451106957,0.150437389679,0.259086615558,0.431524653982,0.13660653202
T[C>G]A,6.3033147055,4.36138441744,5.85762578693,2.29211443836,3.94753042163,4.94949764976,0.440813408752
T[C>G]C,1.2940364508,0.895368655351,1.20253892398,0.470558709382,0.810406666157,1.57492453623,0.255190278353
T[C>G]G,0.327911788045,0.226888459405,0.304726106062,0.119240650198,0.205358897564,0.241288548361,0.03823792749
T[C>G]T,9.10027984111,6.2966582739,8.45682571093,3.3091926695,5.69916515302,5.71846199838,0.739304610459
A[C>T]A,2.21741399513,1.53427129966,2.06062714699,0.806332361867,1.3886835121,1.60171319926,1.17415562522
A[C>T]C,1.94193302955,1.34366073257,1.80462463352,0.70615746529,1.21616007911,0.97443801043,0.933539801546
A[C>T]G,4.87867600604,3.37564955973,4.53371911672,1.77406400219,3.05533244822,1.27564782444,1.62634831862
A[C>T]T,1.47277887072,1.01904396611,1.36864299097,0.53555595299,0.922346363483,1.20054107412,0.985661577542
C[C>T]A,2.71542708737,1.87885611601,2.5234271923,0.98742803177,1.70057049916,1.27762637782,1.28033560785
C[C>T]C,2.92384800394,2.02306654818,2.71711127639,1.06321745598,1.83109672974,0.775054128655,1.65993602355
C[C>T]G,3.91248287951,2.70712199239,3.63584267591,1.42272104709,2.45024180333,0.806685744506,1.32182245517
C[C>T]T,3.10484456551,2.1483015428,2.88531010128,1.12903438746,1.94444811173,1.32889983444,2.15200457837
G[C>T]A,3.00640934617,2.08019232538,2.79383494795,1.09323976224,1.88280181275,2.18307478115,1.58842870497
G[C>T]C,4.67061444564,3.23168777299,4.34036897978,1.69840525296,2.92503126899,1.85238636806,2.03554005803
G[C>T]G,3.43506327693,2.37678620677,3.19218001493,1.24911391888,2.15125174919,1.89812043049,1.45078404902
G[C>T]T,3.08692232748,2.13590080235,2.8686550922,1.12251720999,1.93322408388,1.85336791488,2.30890972505
T[C>T]A,30.1972540042,20.8940595887,28.0620946301,10.9808196379,18.9114115986,3.9059958973,1.09981901803
T[C>T]C,7.20120298335,4.98265054909,6.69202701483,2.61861926667,4.5098442926,1.82574499614,1.73130482635
T[C>T]G,5.18597368746,3.58827472314,4.81928867925,1.88580861362,3.24778150124,1.02551014677,3.70012898919
T[C>T]T,16.783063646,11.6125238359,15.5963823781,6.10293223492,10.5106055157,1.71872527599,1.50085966557
A[T>A]A,0.985555157989,0.681924528508,0.915869439747,0.358383693814,0.617216361569,1.43652369197,0.206267492982
A[T>A]C,1.54818706484,1.07122034285,1.43871929258,0.562977114488,0.969571697174,0.467015957446,0.23992717826
A[T>A]G,0.583025833393,0.403406763509,0.541801784567,0.212009393961,0.3651272896,0.833356374243,0.275698252305
A[T>A]T,0.64286037342,0.444807430094,0.597405599542,0.233767408516,0.402599425778,0.804468607572,0.367325412115
C[T>A]A,1.04442059118,0.722654651474,0.970572670592,0.379789305884,0.654081582356,2.53414316898,0.171564429152
C[T>A]C,0.730711064716,0.505593009425,0.679044625797,0.265713114442,0.457617030428,0.777127314408,0.298949258654
C[T>A]G,1.18294663749,0.818503481496,1.09930394595,0.430162413633,0.740835267923,0.978178200842,0.305455651859
C[T>A]T,0.697594581444,0.48267907908,0.648269712049,0.253670756889,0.436877414641,0.960318549585,0.288078139444
G[T>A]A,0.503581440247,0.348437663201,0.467974671744,0.183120523726,0.315374235306,1.06640531847,0.154656702903
G[T>A]C,0.879314151688,0.608414337279,0.817140423791,0.319750600614,0.550681589946,0.515048776186,0.13675545468
G[T>A]G,0.599623186252,0.414890790487,0.557225587224,0.218044795001,0.37552159139,0.358956948659,0.173478364705
G[T>A]T,0.50920883493,0.352331365583,0.473204169834,0.185166849066,0.31889846228,0.513344284417,0.208988291943
T[T>A]A,0.569791458161,0.394249645293,0.52950317324,0.207196893877,0.35683909501,0.86715864663,0.24893489616
T[T>A]C,0.499306221292,0.345479557157,0.464001740999,0.181565898652,0.312696825456,0.840960479372,0.237433012978
T[T>A]G,0.325604574931,0.225292054371,0.302582029229,0.118401663611,0.203913976219,0.856161384238,0.20618885941
T[T>A]T,0.497573761534,0.344280835001,0.462391778395,0.180935913285,0.311611850658,0.836740412893,0.381067611881
A[T>C]A,1.90891328351,1.32081373657,1.773939617,0.694150284912,1.19548104624,1.67139433562,1.13165039675
A[T>C]C,1.06593053753,0.73753779617,0.990561711644,0.387611104556,0.667552457847,0.588910361407,0.596625031745
A[T>C]G,1.58313364463,1.09540055209,1.47119490208,0.575684961683,0.99145743401,1.06213715015,1.25292196266
A[T>C]T,1.43716268526,0.99440044384,1.33554512165,0.522604612821,0.900041277636,1.60311021798,0.893960072711
C[T>C]A,1.26329500673,0.874098060214,1.17397111737,0.459380002448,0.791154448661,0.518563658382,0.479228135773
C[T>C]C,0.840605086194,0.581630791963,0.781168362928,0.305674576798,0.52643954893,0.835772803341,0.557994629154
C[T>C]G,1.43530636277,0.993116018682,1.33382005429,0.52192958646,0.898878732237,0.543926713186,1.10216849474
C[T>C]T,1.33270189289,0.922122016795,1.23847044591,0.484618870141,0.834621387464,0.808145783335,0.577578530321
G[T>C]A,6.61321327922,4.57580918815,6.14561234028,2.40480482881,4.14160831628,0.613833643634,0.48310581808
G[T>C]C,3.32059204806,2.29758136659,3.08580271133,1.20748801748,2.07956269676,0.767461334751,0.422825144008
G[T>C]G,4.14107650483,2.8652903089,3.8482731156,1.50584600176,2.59340144747,0.520077533232,0.692296333227
G[T>C]T,4.77362150038,3.30296033107,4.43609270742,1.73586236377,2.98954073761,0.822450837136,0.634142794701
T[T>C]A,2.01245644672,1.39245723839,1.87016154644,0.731802344261,1.26032625956,0.630464821315,0.494056655076
T[T>C]C,1.68080064395,1.16297822334,1.56195615397,0.611200234163,1.0526226255,0.670700085966,0.56484915236
T[T>C]G,1.38885009838,0.960972037768,1.29064857627,0.505036399411,0.869784910097,0.405909430858,0.63952877698
T[T>C]T,1.53197758724,1.0600046942,1.42365593965,0.557082758995,0.959420307158,0.624495486064,0.554456463642
A[T>G]A,0.0733964557289,0.0507844163377,0.068206807344,0.026689620265,0.0459654571231,0.210230484161,0.0951578227213
A[T>G]C,0.205868554845,0.14244440411,0.191312192381,0.074861292671,0.128927781822,0.184246985229,0.117787731625
A[T>G]G,0.262039235157,0.181309975841,0.243511208429,0.0952869946026,0.164105379593,0.336791387717,0.160440278005
A[T>G]T,0.277753817287,0.19218319681,0.258114658489,0.101001388104,0.173946835069,0.324052936046,0.336659322034
C[T>G]A,0.0420447166407,0.0290915463625,0.0390718578883,0.0152889878693,0.0263310346639,0.0971499393449,0.0682394610283
C[T>G]C,0.167940099261,0.116200977772,0.156065546788,0.061069127004,0.105174607618,0.303452822629,0.217979020956
C[T>G]G,0.291672287872,0.20181365373,0.27104899479,0.106062650135,0.182663453011,0.327189313127,0.360102778761
C[T>G]T,0.388930455437,0.269108446439,0.361430322224,0.141429256523,0.243572608455,0.636731300362,0.560003246493
G[T>G]A,0.0422095616066,0.0292056057581,0.0392250471496,0.0153489314933,0.0264342709052,0.0506245620723,0.0293450924464
G[T>G]C,0.0919473957793,0.0636201677867,0.0854460647646,0.033435416647,0.0575832175587,0.11965498279,0.0835943908621
G[T>G]G,0.274405089308,0.189866147652,0.255002709256,0.0997836688392,0.17184965189,0.391626501013,0.198968776051
G[T>G]T,0.23568709494,0.163076424277,0.219022350853,0.0857043981599,0.147602019053,0.301221180356,0.196553915033
T[T>G]A,0.0828526353416,0.0573273284939,0.0769943681962,0.0301282310333,0.0518875090018,0.209489440307,0.216307416354
T[T>G]C,0.181641728248,0.125681397828,0.168798373726,0.0660515375448,0.113755425772,0.218309511865,0.263261806436
T[T>G]G,0.252686809233,0.174838852853,0.234820065146,0.0918861124484,0.158248304772,0.354535711516,0.177095547249
T[T>G]T,0.289650254939,0.200414570337,0.269169933883,0.105327365433,0.181397129356,0.570100609935,1.15857038604
