,1,3,2,5,4,7,6
A[C>A]A,1.05240680945,0.473583064252,1.27394808917,0.122780794436,0.730838062117,0.181247839405,2.04533728321
A[C>A]C,0.645070398198,0.290281679189,0.537687215274,0.0752582131231,0.447965554304,0.111095457467,1.4509501371
A[C>A]G,0.125050714101,0.0562728213457,0.330656024596,0.0145892499785,0.0868407736816,0.021536511873,0.460080950881
A[C>A]T,0.631593001195,0.284216850538,0.831018680542,0.0736858501394,0.43860625083,0.108774350206,1.12881309168
C[C>A]A,1.3942564208,0.627415389361,2.33439918354,0.162663249094,0.968233625557,0.240121939138,2.21461085022
C[C>A]C,0.658023266615,0.296110469977,0.934842565172,0.076769381105,0.456960601816,0.11332622925,1.22859138558
C[C>A]G,0.236791025134,0.10655596131,0.598303997392,0.027625619599,0.164438211899,0.0407806765509,0.496810791341
C[C>A]T,0.939916010336,0.422962204651,1.10261173333,0.109656867873,0.652719451623,0.161874424002,1.56941378456
G[C>A]A,1.92413419061,0.865860385774,2.82487888844,0.224482322238,1.33620429903,0.331378666161,2.61198518342
G[C>A]C,1.28912262432,0.580105180943,1.86945300359,0.150397639504,0.895224044664,0.222015563077,1.99315912524
G[C>A]G,0.290965253792,0.130934364206,0.819300865397,0.0339459462757,0.202059204022,0.0501106825975,0.582893227933
G[C>A]T,1.35267611052,0.608704249735,1.90064976141,0.157812212894,0.939358410085,0.232960885701,1.90931554519
T[C>A]A,1.86489811447,0.83920415151,2.61414595027,0.217571446688,1.29506813505,0.321176897491,1.7836117346
T[C>A]C,1.15777635004,0.520999357518,1.9653634671,0.135073907505,0.804011354195,0.19939481584,1.56288570841
T[C>A]G,0.279907226334,0.125958251851,0.529776483833,0.0326558430724,0.194380018288,0.0482062445354,0.438248621713
T[C>A]T,2.26928830366,1.02117973665,4.32536191208,0.264750302094,1.57589465532,0.39082187452,4.70405296338
A[C>G]A,0.299822359385,0.134920061723,0.36901585616,0.0349792752615,0.208209971795,0.0516360730051,0.353583394924
A[C>G]C,0.219027527616,0.0985623874273,0.247281414393,0.0255532115552,0.152102449733,0.0377214075339,0.184911166892
A[C>G]G,0.0228518047704,0.0102833121467,0.0422382805285,0.00266604388988,0.0158693088683,0.00393558859934,0.0318221366579
A[C>G]T,0.275338885053,0.123902498274,0.271332817587,0.0321228699228,0.191207559064,0.047419474648,0.241412887849
C[C>G]A,0.428192635401,0.192686685931,0.384316254369,0.0499558074635,0.297355996806,0.073744287208,0.219678132322
C[C>G]C,0.229213822863,0.103146220288,0.350785646276,0.0267416126674,0.159176265877,0.0394757139376,0.212666653085
C[C>G]G,0.072347063898,0.0325561787541,0.100291553027,0.0084404907881,0.0502410165959,0.0124597721158,0.0832626787238
C[C>G]T,0.252549303026,0.113647186362,0.400455203532,0.0294640853531,0.175381460435,0.0434946021878,0.207049368235
G[C>G]A,0.173534629594,0.0780905833173,0.169509296713,0.020245706786,0.12051015944,0.0298865195412,0.100219915358
G[C>G]C,0.191952804375,0.0863787619686,0.192277751381,0.0223944938437,0.133300558594,0.0330585385312,0.131384734378
G[C>G]G,0.0224358474371,0.0100961313467,0.0885897046199,0.00261751553433,0.0155804496091,0.00386395150306,0.0409162215124
G[C>G]T,0.38346076421,0.172557343894,0.194740404371,0.0447370891578,0.266292197368,0.0660404649472,0.183337849123
T[C>G]A,2.67400121046,1.20330054471,5.1384105975,0.311966807887,1.85694528504,0.46052243069,0.419383980176
T[C>G]C,0.871006874733,0.39195309363,1.38332762413,0.101617468719,0.604865885231,0.150006739537,0.259829141681
T[C>G]G,0.10452943444,0.0470382454978,0.219085010196,0.0121951006846,0.0725898850275,0.0180022914868,0.0352963778982
T[C>G]T,3.18121590915,1.43154715912,6.12815603013,0.371141856067,2.20917771469,0.547876073242,0.487693551179
A[C>T]A,2.55977196185,1.15189738283,0.874718065508,0.298640062216,1.77761941795,0.440849615652,0.842711340764
A[C>T]C,6.35944380645,2.8617497129,1.24388461498,0.741935110752,4.41628042114,1.09523754444,1.50632381624
A[C>T]G,1.68391387214,0.757761242465,0.834390752304,0.196456618417,1.16938463343,0.290007389091,1.36918219849
A[C>T]T,3.15608897878,1.42024004045,0.789782861685,0.368210380857,2.19172845748,0.543548657456,0.938128631681
C[C>T]A,5.29621859324,2.38329836696,2.11499786707,0.617892169212,3.67792957864,0.912126535503,1.77459924198
C[C>T]C,12.7355421082,5.7309939487,2.65454192003,1.48581324596,8.84412646405,2.19334336308,3.1921252349
C[C>T]G,2.05737231746,0.925817542858,1.18771508272,0.240026770371,1.42873077602,0.354325232452,1.17269253633
C[C>T]T,10.5152344453,4.73185550038,2.58143068109,1.22677735195,7.30224614257,1.81095704336,2.98920502903
G[C>T]A,4.48486111825,2.01818750321,1.25086563106,0.523233797129,3.11448688767,0.772392748143,1.28204314582
G[C>T]C,12.0464548224,5.4209046701,2.3268553912,1.40541972929,8.3655936267,2.07466721942,2.68217115357
G[C>T]G,2.44301662772,1.09935748247,1.14994242448,0.285018606567,1.6965393248,0.420741752552,1.21868847716
G[C>T]T,7.64448641536,3.44001888691,1.76590676582,0.891856748458,5.30867112178,1.3165504382,2.04825264961
T[C>T]A,3.66661307535,1.64997588391,4.78428713477,0.427771525457,2.5462590801,0.631472251865,1.53666868716
T[C>T]C,5.25847234105,2.36631255347,3.21122990442,0.61348843979,3.65171690351,0.90562579207,2.26848761238
T[C>T]G,1.09733097394,0.493798938271,2.62926916113,0.128021946959,0.762035398567,0.188984778845,2.88053591708
T[C>T]T,3.83350104413,1.72507546986,2.67432984961,0.447241788482,2.66215350287,0.660214068711,1.59047341534
A[T>A]A,7.2352943364,3.25588245138,0.309564155955,0.84411767258,5.02450995584,1.24607846905,0.405640713449
A[T>A]C,0.43305947526,0.194876763867,0.197471599911,0.050523605447,0.300735746708,0.0745824651836,0.298814051745
A[T>A]G,0.326150876568,0.146767894456,0.397046091979,0.0380509355996,0.226493664284,0.0561704287423,0.342721601467
A[T>A]T,0.622997432483,0.280348844617,0.289096859066,0.0726830337897,0.432637105891,0.107294002261,0.452884809905
C[T>A]A,16.1124000919,7.25058004137,0.300527994401,1.87978001072,11.1891667305,2.77491334917,0.532504748729
C[T>A]C,0.569498647553,0.256274391399,0.596999141955,0.0664415088812,0.395485171912,0.0980803226341,0.368071974035
C[T>A]G,0.698521365987,0.314334614694,0.889634680251,0.0814941593652,0.485084281935,0.12030090192,0.397382583235
C[T>A]T,1.13372518494,0.510176333224,1.27675349168,0.132267938243,0.78730915621,0.19525267074,0.432750657575
G[T>A]A,5.47498563818,2.46374353718,0.254674418255,0.638748324454,3.80207335985,0.942914193242,0.287595402247
G[T>A]C,0.252452879637,0.113603795837,0.240684588144,0.0294528359577,0.175314499748,0.0434779959375,0.180226564977
G[T>A]G,0.359626983194,0.161832142437,0.329300658294,0.0419564813726,0.249740960551,0.0619357582167,0.163772525114
G[T>A]T,0.302795580061,0.136258011027,0.268041327593,0.0353261510071,0.210274708376,0.0521481276772,0.246836428937
T[T>A]A,3.00695422091,1.35312939941,0.302736499137,0.350811325773,2.08816265341,0.517864338045,0.349672047328
T[T>A]C,0.244123196095,0.109855438243,0.406732950513,0.0284810395444,0.169529997288,0.0420434393274,0.429127344
T[T>A]G,0.307609321506,0.138424194678,0.405335930906,0.0358877541757,0.213617584379,0.052977160926,0.250850522405
T[T>A]T,0.535376283617,0.240919327628,0.373803786734,0.062460566422,0.371789085845,0.0922036932896,0.473521234225
A[T>C]A,1.24509507362,0.560292783131,0.724491743938,0.145261091923,0.864649356684,0.214433040458,1.26867602809
A[T>C]C,0.695748775958,0.313086949181,0.58192102778,0.0811706905284,0.483158872193,0.119823400304,0.80892633755
A[T>C]G,1.11225887154,0.500516492195,0.724005754976,0.129763535013,0.772401994127,0.191555694544,1.29435139508
A[T>C]T,0.957088448513,0.430689801831,0.59385454296,0.111660318993,0.664644755912,0.164831899466,0.898382139055
C[T>C]A,0.884461491178,0.39800767103,0.54742517326,0.103187173971,0.614209368874,0.152323923481,0.653381308272
C[T>C]C,1.38028347573,0.621127564078,1.61241991806,0.161033072168,0.958530191479,0.237715487487,0.88830735843
C[T>C]G,1.38747547798,0.624363965089,1.29998192029,0.161872139097,0.963524637483,0.238954110096,0.986224486314
C[T>C]T,2.48719983402,1.11923992531,3.39515308903,0.29017331397,1.72722210696,0.428351082526,0.791123135997
G[T>C]A,1.47991770763,0.665962968431,0.563385590338,0.17265706589,1.0277206303,0.254874716313,1.33832730395
G[T>C]C,1.09308807619,0.491889634287,0.706554734935,0.127526942223,0.759088941801,0.188254057567,0.812222873888
G[T>C]G,0.989450949235,0.445252927156,0.619731956546,0.115435944077,0.687118714746,0.170405441257,0.977391877482
G[T>C]T,1.33684287135,0.601579292107,0.84081041988,0.155965001657,0.928363105104,0.230234050066,1.21632519852
T[T>C]A,0.763514680826,0.343581606372,0.55046577764,0.0890767127631,0.530218528352,0.131494195031,1.1668277855
T[T>C]C,0.977054133482,0.439674360067,0.805084517576,0.113989648906,0.678509814918,0.1682704341,0.882763294992
T[T>C]G,0.571288124953,0.257079656229,0.528649663493,0.0666502812446,0.396727864551,0.0983885104086,0.710439635433
T[T>C]T,0.969114940019,0.436101723009,0.664756997314,0.113063409669,0.672996486125,0.166903128559,0.921765230976
A[T>G]A,0.529649981902,0.238342491856,0.0905607039517,0.0617924978886,0.367812487432,0.0912174968831,0.0627033568721
A[T>G]C,0.247422579858,0.111340160936,0.271955902518,0.0288659676501,0.171821236012,0.042611666531,0.0770658867688
A[T>G]G,0.208969856,0.0940364352,0.206216139602,0.0243798165333,0.145117955556,0.0359892529778,0.174063793749
A[T>G]T,0.803103021107,0.361396359498,1.06717782184,0.0936953524625,0.557710431325,0.138312186968,0.210544089054
C[T>G]A,0.29425963425,0.132416835412,0.0627004323938,0.0343302906625,0.204346968229,0.0506780481208,0.07961974853
C[T>G]C,0.497252668672,0.223763700902,0.720788557162,0.058012811345,0.345314353244,0.0856379596046,0.154242028606
C[T>G]G,0.534197141689,0.24038871376,0.594552943718,0.0623229998637,0.370970237284,0.0920006188464,0.252845595578
C[T>G]T,5.05807507457,2.27613378356,8.05743036214,0.5901087587,3.51255213512,0.871112929509,0.372434565353
G[T>G]A,0.123202854516,0.0554412845322,0.0436535326123,0.0143736663602,0.0855575378584,0.0212182693889,0.0164871185112
G[T>G]C,0.178403656456,0.0802816454052,0.300877562476,0.0208137599199,0.123891428094,0.0307250741674,0.0354287832476
G[T>G]G,0.527404578072,0.237332060132,0.37524973768,0.0615305341084,0.366253179217,0.0908307884457,0.223664485193
G[T>G]T,1.51400967799,0.681304355096,2.00894330456,0.176634462432,1.05139560972,0.26074611121,0.256280917893
T[T>G]A,0.73246408243,0.329608837094,0.145911822311,0.0854541429502,0.508655612799,0.126146591974,0.0954470490471
T[T>G]C,0.328674209848,0.147903394432,0.428917057613,0.0383453244822,0.228245979061,0.0566050028071,0.177699115612
T[T>G]G,0.384776014877,0.173149206695,0.236753256749,0.044890535069,0.267205565887,0.0662669803399,0.124775212638
T[T>G]T,1.74100132347,0.783450595563,2.24485448594,0.203116821072,1.20902869686,0.29983911682,0.793391992479
