,1,3,2,5,4,7,6
A[C>A]A,3.00938922716,0.320147790123,2.72125621605,1.10450987593,2.17700497284,2.07292320944,1.87910329954
A[C>A]C,2.59061167661,0.275596986873,2.34257438842,0.950809604712,1.87405951074,1.63477421919,1.63126268845
A[C>A]G,0.577305263739,0.0614154535892,0.522031355508,0.211883314883,0.417625084407,0.83938853585,0.445800833379
A[C>A]T,2.13474782797,0.227100832763,1.93035707849,0.783497873033,1.54428566279,1.61317346917,1.8714930497
C[C>A]A,3.02055890352,0.321336053566,2.73135645531,1.1086093848,2.18508516425,2.77765007003,1.91979110572
C[C>A]C,2.70815927875,0.288102050931,2.44886743292,0.993952075713,1.95909394633,2.31069846969,1.69822076727
C[C>A]G,0.611926854201,0.0650986015108,0.553338112841,0.224590175212,0.442670490273,0.749581204315,0.447744770597
C[C>A]T,3.7554358857,0.399514455925,3.39587287537,1.37832487294,2.71669830029,3.17077306911,5.41971887995
G[C>A]A,2.58331599186,0.274820850198,2.33597722668,0.948131933184,1.86878178135,2.49624881215,1.85133510846
G[C>A]C,2.41862989182,0.257301052321,2.18705894473,0.887688630507,1.74964715578,3.49976657287,2.08809052254
G[C>A]G,0.610623409988,0.0649599372327,0.552159466478,0.224111783453,0.441727573183,1.39846382475,0.440302451779
G[C>A]T,2.32282361685,0.247108895409,2.10042561098,0.852525689162,1.68034048878,2.64274081054,3.74361041012
T[C>A]A,2.45411260289,0.261075808818,2.21914437496,0.900711540424,1.77531549997,1.7369073857,2.14387865512
T[C>A]C,2.32383408575,0.247216392101,2.10133933286,0.85289655275,1.68107146629,2.67984946841,2.19860732088
T[C>A]G,0.438608991207,0.0466605309795,0.396614513326,0.160978831879,0.317291610661,0.56099767488,0.410952857614
T[C>A]T,4.84575481892,0.5155058318,4.3817995703,1.77849511971,3.50543965624,2.46978646614,4.62995407099
A[C>G]A,0.953937755231,0.101482739918,0.862603289305,0.350115452718,0.690082631444,0.615994345669,0.911340070174
A[C>G]C,0.500889290966,0.0532860947836,0.452931805661,0.183837027003,0.362345444529,0.373401437361,0.423237669271
A[C>G]G,0.129657854471,0.0137933887735,0.117243804575,0.0475871912687,0.0937950436601,0.0764384617744,0.225297291725
A[C>G]T,0.861057243417,0.0916018344061,0.778615592452,0.316026328701,0.622892473961,0.392096330253,0.790574421499
C[C>G]A,0.712306209147,0.0757772562922,0.644106678484,0.261431534208,0.515285342787,0.560346028406,0.599600520355
C[C>G]C,0.594054266723,0.0631972624174,0.537176730548,0.21803055534,0.429741384438,0.590860286665,0.469118172524
C[C>G]G,0.206273729023,0.0219440137258,0.18652411667,0.0757068473541,0.149219293336,0.17535336948,0.208871226981
C[C>G]T,0.754041649063,0.0802171967089,0.681846172025,0.276749328646,0.54547693762,0.533643556701,0.709612278066
G[C>G]A,0.449729181514,0.0478435299483,0.40667000456,0.165060178321,0.325336003648,0.314839779241,0.503185288646
G[C>G]C,0.554628031216,0.0590029820443,0.501525347377,0.203560288053,0.401220277901,0.436302000652,0.444393994856
G[C>G]G,0.113743376845,0.0121003592388,0.10285305353,0.041746239374,0.0822824428242,0.212577260714,0.0982525596193
G[C>G]T,0.647646863726,0.0688986025241,0.585638121455,0.237700178708,0.468510497164,0.307817791702,0.604222481277
T[C>G]A,1.17938651289,0.125466650307,1.06646652761,0.432859943559,0.853173222087,0.35912666719,4.17635414338
T[C>G]C,0.632569008135,0.0672945753335,0.572003890335,0.232166284901,0.457603112268,0.455213236959,1.01980654621
T[C>G]G,0.126573903477,0.0134653088805,0.114455125484,0.0464553156378,0.0915641003875,0.0900170019286,0.26515238993
T[C>G]T,2.13399837149,0.22702110335,1.92967937847,0.783222806557,1.54374350278,0.493125355791,6.47802658332
A[C>T]A,2.39517879392,0.254806254673,2.16585316472,0.879081578621,1.73268253177,1.36918300438,3.43703111288
A[C>T]C,2.89697592923,0.308188928642,2.61960589345,1.06325180381,2.09568471476,1.47781201732,3.20977539267
A[C>T]G,2.87983167969,0.306365072307,2.60410311461,1.05695949946,2.08328249169,1.33814721245,3.63436798728
A[C>T]T,2.50038470324,0.265998372685,2.26098616782,0.917694385764,1.80878893426,1.13389482526,2.30797377292
C[C>T]A,2.11602379882,0.225108914768,1.91342577552,0.776625755948,1.53074062042,1.57078430403,3.44068220345
C[C>T]C,3.60206835116,0.383198760761,3.25718946647,1.32203572463,2.60575157318,2.09291418377,3.83754538037
C[C>T]G,2.7612718578,0.293752325297,2.49689476503,1.01344552228,1.99751581202,1.09637648623,2.79436658994
C[C>T]T,3.09079780851,0.328808277501,2.79487035876,1.13438855738,2.23589628701,2.18931567053,3.92214644249
G[C>T]A,2.43995965371,0.259570175926,2.20634649537,0.895517106946,1.7650771963,2.04856026663,4.49460918487
G[C>T]C,4.0713797672,0.433125507148,3.68156681076,1.49428299966,2.94525344861,2.61749090118,5.44312033784
G[C>T]G,1.34773717577,0.143376295295,1.21869851001,0.494648218768,0.974958808006,1.60540298932,5.30120136634
G[C>T]T,2.74674452904,0.292206864792,2.48375835073,1.00811368353,1.98700668058,2.24344647392,4.40196782494
T[C>T]A,8.95159885313,0.952297750333,8.09453087783,3.28542723865,6.47562470226,1.33715204747,23.4844218004
T[C>T]C,4.93181066309,0.524660708839,4.45961602513,1.8100794455,3.56769282011,1.39791524287,7.29027386325
T[C>T]G,3.40638421302,0.362381299257,3.08024104369,1.25021548244,2.46419283495,0.643341311456,4.2929660965
T[C>T]T,7.01907561249,0.746710171541,6.3470364581,2.57615009182,5.07762916648,1.19202261791,13.6817640844
A[T>A]A,2.64827696782,0.281731592321,2.39471853473,0.971973993509,1.91577482779,0.377048160515,0.786353570915
A[T>A]C,1.86711586288,0.198629347115,1.68834945048,0.685271247548,1.35067956038,0.367118714187,0.59266213857
A[T>A]G,1.65864453354,0.176451546121,1.49983814203,0.608757834117,1.19987051362,0.559277273644,0.794541974714
A[T>A]T,1.5942540814,0.169601498021,1.44161273318,0.585125168173,1.15329018654,0.49914473943,0.773322302332
C[T>A]A,4.13807327895,0.44022056159,3.74187477352,1.51876093749,2.99349981882,0.378334257397,0.983900216614
C[T>A]C,1.94163051859,0.206556438148,1.75572972426,0.712619711611,1.40458377941,0.597719889142,1.04706979492
C[T>A]G,4.19203889498,0.445961584573,3.79067346887,1.53856746678,3.03253877509,1.02886937277,2.13811107236
C[T>A]T,2.40740558374,0.256106976993,2.17690930444,0.883569070628,1.74152744356,0.674031513197,1.19603315853
G[T>A]A,2.13327878335,0.22694455142,1.92902868707,0.782958702399,1.54322294966,0.309239692713,0.811327849248
G[T>A]C,1.10534582236,0.117589981102,0.999514839364,0.405685434801,0.799611871491,0.35908687086,0.445768655282
G[T>A]G,1.59602773242,0.1697901843,1.44321656655,0.585776135834,1.15457325324,0.392569112547,0.917569700477
G[T>A]T,1.22295444578,0.130101536785,1.10586306268,0.448850301909,0.88469045014,0.292374746082,0.649520209641
T[T>A]A,1.78936672718,0.190358162466,1.61804438096,0.656735660509,1.29443550477,0.389310347985,0.736937633959
T[T>A]C,1.13816009133,0.12108086078,1.02918731663,0.417728969692,0.823349853306,0.480463469223,0.644815576254
T[T>A]G,1.35739112309,0.144403310967,1.22742814322,0.498191422837,0.981942514577,0.548754963394,0.72148907245
T[T>A]T,1.71081925351,0.182002048246,1.54701741009,0.627907066449,1.23761392807,0.444843246526,0.739252122502
A[T>C]A,2.89974451889,0.308483459457,2.62210940538,1.06426793513,2.09768752431,1.68392103576,1.38452619248
A[T>C]C,1.57345909261,0.167389265171,1.42280875396,0.577492964841,1.13824700317,0.687309840671,0.976228454645
A[T>C]G,2.68614469913,0.285760074375,2.42896063219,0.985872256594,1.94316850575,1.40699586025,1.54277849287
A[T>C]T,2.33703416388,0.248620655732,2.11327557372,0.857741262274,1.69062045897,1.30147299296,1.14727764988
C[T>C]A,1.6492999484,0.17545744132,1.49138825122,0.605328172553,1.19311060097,0.688929709673,0.660610060416
C[T>C]C,1.60983527149,0.171259071435,1.4557021072,0.590843796452,1.16456168576,0.804633929091,0.940781967365
C[T>C]G,2.52912751385,0.269056118495,2.28697700721,0.928243608808,1.82958160577,1.19263450712,1.06618102091
C[T>C]T,1.76032504048,0.187268621328,1.59178328129,0.646076743582,1.27342662503,1.03910907133,0.779325254407
G[T>C]A,5.87340738292,0.624830572651,5.31105986753,2.15566547565,4.24884789403,1.05891507499,1.37434056832
G[T>C]C,2.9039144668,0.308927070937,2.62588010296,1.06579839473,2.10070408237,0.753392041518,1.22385818457
G[T>C]G,3.99721381305,0.425235512026,3.61450185222,1.46706251649,2.89160148178,0.814695012948,1.16391637646
G[T>C]T,4.39373582492,0.467418704779,3.97305899062,1.61259453149,3.1784471925,0.900767600465,1.33570101198
T[T>C]A,2.2373709314,0.238018184192,2.02315456563,0.821162735462,1.6185236525,0.737213052449,0.947957923
T[T>C]C,2.03457532906,0.216444183942,1.83977556351,0.746732434601,1.47182045081,0.738848956044,1.02841002898
T[T>C]G,1.56971155991,0.166990591479,1.41942002758,0.576117540604,1.13553602206,0.584366149141,0.727206328742
T[T>C]T,1.94038381298,0.206423809892,1.75460238408,0.712162144127,1.40368190727,0.660413709403,0.848679840838
A[T>G]A,0.28382499993,0.0301941489287,0.256650265894,0.104169813804,0.205320212715,0.217000118914,0.201677216536
A[T>G]C,0.261564205889,0.0278259793499,0.236520824474,0.0959996287571,0.189216659579,0.138045741581,0.159548046683
A[T>G]G,0.592121155887,0.0629916123284,0.535428704792,0.217321062533,0.428342963833,0.233174385539,0.482634235641
A[T>G]T,0.696541053673,0.0741001120929,0.629850952789,0.25564538672,0.503880762232,0.338278271098,0.573144833936
C[T>G]A,0.180964527994,0.0192515455313,0.163638137016,0.0664178320829,0.130910509613,0.119192904655,0.152738299662
C[T>G]C,0.485386547006,0.0516368667027,0.438913366973,0.178147190124,0.351130693579,0.31353260127,0.394223075909
C[T>G]G,0.904333452619,0.0962056864488,0.817748334815,0.331909618248,0.654198667852,0.4090567658,0.638843378129
C[T>G]T,1.1906178317,0.126661471457,1.07662250739,0.436982076527,0.861298005908,1.21540370841,0.809677894156
G[T>G]A,0.133954005742,0.0142504261428,0.121128622214,0.0491639701926,0.0969028977709,0.0453641419908,0.199282185201
G[T>G]C,0.155821070031,0.0165767095778,0.140902031411,0.0571896480433,0.112721625129,0.118045689409,0.224804625353
G[T>G]G,0.683737715679,0.0727380548595,0.618273466306,0.250946289265,0.494618773045,0.239034732836,0.670979760722
G[T>G]T,0.630135513461,0.0670356929214,0.569803389832,0.231273140579,0.455842711866,0.453755582845,0.61359900665
T[T>G]A,0.260023607462,0.0276620859002,0.235127730152,0.0954341963556,0.188102184121,0.290567800764,0.331842261846
T[T>G]C,0.436403940733,0.0464259511419,0.394620584706,0.160169531439,0.315696467765,0.193092574091,0.330469959372
T[T>G]G,0.609847339934,0.0648773765887,0.551457701004,0.223826949231,0.441166160803,0.253082959022,0.543644897408
T[T>G]T,1.88510099739,0.200542659297,1.70461260402,0.691872174574,1.36369008322,0.676931380934,0.825310047298
