,1,3,2,5,4,7,6
A[C>A]A,0.196615446832,0.302116418303,1.58876334955,0.642596826232,0.359662402742,1.58356715299,1.00755236702
A[C>A]C,0.158381259744,0.243366325948,1.11129332371,0.517636312335,0.289721816605,0.979583728361,0.523989191723
A[C>A]G,0.0813397769585,0.124985510936,0.314290798964,0.265842197864,0.148792274924,0.386450534468,0.0907999242422
A[C>A]T,0.196802351637,0.302403613491,0.962067620708,0.643207685839,0.360004301776,0.927647938301,0.534129449882
C[C>A]A,0.316248876835,0.485943396112,1.72400000712,1.03359389014,0.578504042991,2.180600012,1.2704950775
C[C>A]C,0.308779175175,0.474465561854,1.12797454469,1.00918071886,0.564839954588,1.44896161587,0.652297581731
C[C>A]G,0.108956654475,0.167421200778,0.381496172192,0.356102236576,0.199310953308,0.54932728681,0.208993267523
C[C>A]T,0.580334491565,0.891733487039,1.86312597797,1.89670297243,1.06158748457,1.69684949244,0.812210140257
G[C>A]A,0.253526743889,0.389565484513,1.75601768015,0.828599601979,0.463768433944,2.09112613514,1.44904540696
G[C>A]C,0.348853394449,0.536043020738,1.31388366826,1.14015499649,0.638146453259,1.88903011589,0.645040186751
G[C>A]G,0.143008769134,0.21974518184,0.38743890504,0.467394513754,0.261601406952,0.728077021015,0.159603640787
G[C>A]T,0.327378714327,0.503045341527,1.41859525633,1.06996945658,0.598863501818,1.69222018445,0.932649334404
T[C>A]A,0.334667549775,0.514245259411,1.93754827786,1.09379150414,0.612196737394,1.46937035785,1.3267858438
T[C>A]C,0.334454423548,0.513917772769,1.55845216848,1.09309494525,0.611806872344,1.65448748466,0.881548511188
T[C>A]G,0.0679004469259,0.104334833081,0.406470030988,0.221918533855,0.124208134621,0.431762106975,0.236007470258
T[C>A]T,1.55179878578,2.38447130497,8.07193011894,5.07173261693,2.83865631545,1.98196114392,2.5632055143
A[C>G]A,0.0791811466184,0.121668591145,0.406664269795,0.258787162119,0.144843560887,0.455974714515,0.276241336597
A[C>G]C,0.0576472269481,0.0885798853105,0.213135238309,0.188408010025,0.105452244417,0.260214817762,0.152370779342
A[C>G]G,0.0121132469714,0.0186130380293,0.0329861158604,0.0395896364433,0.0221583786063,0.0423421152974,0.0378274159769
A[C>G]T,0.0655994887212,0.100799214377,0.400797356674,0.214398328991,0.119999064734,0.440615935616,0.311139497735
C[C>G]A,0.0654210532251,0.100525033004,0.29277172569,0.213815149565,0.119672658339,0.307788078065,0.200368406566
C[C>G]C,0.0690864795828,0.106157273505,0.287243741249,0.22579483571,0.126377706554,0.414757939749,0.220229680662
C[C>G]G,0.0210934324106,0.0324118595577,0.181058094979,0.0689395108054,0.0385855470926,0.132882332957,0.113883027596
C[C>G]T,0.0681645213004,0.104740605901,0.329854256611,0.222781606201,0.124691197501,0.397061743424,0.271425818964
G[C>G]A,0.0425551561949,0.0653896302507,0.188700804216,0.139082705613,0.0778447979175,0.214259840621,0.149137553489
G[C>G]C,0.0810342080954,0.124515978293,0.242325191452,0.264843509385,0.148233307492,0.234015769158,0.16040620259
G[C>G]G,0.0255447656896,0.0392517131328,0.0291979814626,0.0834877707905,0.0467282299201,0.0836002419612,0.013642368394
G[C>G]T,0.0430854675281,0.0662044988847,0.220027490753,0.140815918263,0.0788148796247,0.175229855966,0.184889251626
T[C>G]A,0.0458062231763,0.0703851721978,0.30052370873,0.14970814404,0.083791871664,0.276822734885,0.222207715766
T[C>G]C,0.0709213272063,0.108976673512,0.377980320295,0.231791654772,0.129734135134,0.362297805484,0.287339980236
T[C>G]G,0.0122777676219,0.0188658380532,0.0575317203024,0.0401273380813,0.0224593310157,0.0413267035616,0.0342156910083
T[C>G]T,0.0722855144683,0.111072863695,0.761173054844,0.236250218018,0.132229599637,0.701063702028,0.545875361549
A[C>T]A,0.353296087229,0.54286959745,1.59477450259,1.1546750168,0.646273330298,2.07699089676,1.86589849002
A[C>T]C,0.332812177878,0.511394322105,3.22977446911,1.08772760575,0.608802764411,5.01210844012,4.20635680583
A[C>T]G,0.567284460165,0.871680999766,3.00630943542,1.8540516503,1.03771547591,1.85759350604,1.67882969023
A[C>T]T,0.244497467437,0.375691230452,1.95654245923,0.799089283818,0.447251464824,2.74885656727,2.15268078668
C[C>T]A,0.334772122707,0.514405944647,4.21598971738,1.09413327909,0.612388029342,4.55627563615,4.65584454026
C[C>T]C,0.496281394422,0.762578728014,6.5407099013,1.62199285006,0.907831819064,11.1233029433,9.57747681056
C[C>T]G,0.529316309462,0.813339695027,2.83991745793,1.72996062117,0.968261541698,1.79945943968,1.80590224054
C[C>T]T,0.448818058217,0.689647260188,5.05649001775,1.46686877564,0.821008643081,10.5247821915,8.4659881352
G[C>T]A,0.533660569493,0.820015021416,1.65171530834,1.74415893444,0.976208358828,4.30715661789,2.99010972314
G[C>T]C,0.843172851646,1.29560706472,3.7013472456,2.75573566148,1.54238936277,10.2897122017,7.57933847449
G[C>T]G,0.493823745907,0.758802341272,2.17111687693,1.6139605354,0.903336120562,2.18957279144,1.50259657729
G[C>T]T,0.60166604929,0.924511246471,2.69250894275,1.96642074646,1.10060862675,7.99884329631,5.46527382106
T[C>T]A,0.337089154961,0.5179662625,5.44274690564,1.10170601865,0.616626502977,2.05826110767,3.26229391254
T[C>T]C,0.428198322431,0.657963275931,13.0130740013,1.39947744404,0.783289614203,3.65918821057,6.75993130974
T[C>T]G,1.11252634178,1.7094916959,8.97432334162,3.6360617024,2.03510916179,0.785958295615,2.53420519776
T[C>T]T,0.448522393033,0.689192945392,6.10874626566,1.46590245528,0.820467792133,2.48850512892,3.36056897247
A[T>A]A,0.102759267713,0.157898386974,1.08942800609,0.33584736277,0.187974270207,0.301029056916,2.1397804315
A[T>A]C,0.274884890703,0.422384100348,0.55266675766,0.898404276932,0.502838214701,0.424930617962,0.404022190795
A[T>A]G,0.10859796728,0.166870047283,0.480263831875,0.354929941841,0.198654818194,0.446658676056,0.893708572941
A[T>A]T,0.190482205325,0.292692169157,0.75095703687,0.62255159789,0.348443058521,0.407874209961,0.720200364268
C[T>A]A,0.0871621328012,0.133932057719,1.6320088085,0.284871360862,0.159442925856,0.32610290712,4.02236381532
C[T>A]C,0.463506660405,0.712217551354,0.69694346383,1.51487542669,0.847878037326,0.493866832077,0.896135904735
C[T>A]G,0.303521810229,0.466387171816,1.23592964016,0.991998111481,0.55522282359,0.572844179501,2.23416738552
C[T>A]T,0.283180196573,0.435130545953,0.849681025441,0.925515764409,0.518012554707,0.416804531734,1.07092874644
G[T>A]A,0.0466937100146,0.0717488714858,0.901350425462,0.152608710779,0.0854153231974,0.222875845724,1.68121051296
G[T>A]C,0.185673134605,0.285302621467,0.293555842678,0.606834147247,0.339645977937,0.238255265027,0.243091277709
G[T>A]G,0.107049154642,0.16449016445,0.642769294398,0.349867968831,0.195821624346,0.229873911544,0.70587857108
G[T>A]T,0.0929062731117,0.142758419659,0.416330684213,0.303644892609,0.169950499595,0.273118811188,0.369436977138
T[T>A]A,0.0504168848741,0.0774698474894,0.805742094649,0.16477713593,0.092226008916,0.335329612636,1.4014917051
T[T>A]C,0.274354940392,0.421569786456,0.437584071951,0.896672244207,0.5018687934,0.439353527244,0.525864554427
T[T>A]G,0.115611652244,0.177647172961,0.389417126549,0.377852717091,0.211484729715,0.411289522114,0.929018840543
T[T>A]T,0.377368610257,0.579859084054,0.70401993528,1.23335106767,0.690308433398,0.430320176914,0.756343156705
A[T>C]A,0.436670448269,0.670981420511,2.82711014295,1.42716683093,0.798787405371,2.31010485387,2.06862797163
A[T>C]C,0.368956224813,0.566932735688,1.01981400141,1.20585692988,0.674919923438,0.795386128858,0.713058283827
A[T>C]G,0.483484772285,0.742915625706,1.91607365762,1.58016974357,0.884423363936,1.71233693755,1.33642770719
A[T>C]T,0.320754399875,0.492866516882,2.02073743718,1.04831925813,0.58674585343,1.76518945928,1.49299297892
C[T>C]A,0.644666939107,0.990585784482,0.812120873966,2.10696024001,1.17926879105,0.815058350191,0.743207749088
C[T>C]C,1.00877841799,1.55007415447,0.97625278583,3.2969831222,1.84532637437,0.841821560743,0.898291995207
C[T>C]G,1.09425044266,1.68140921677,1.34292161382,3.57633071504,2.00167763902,1.20702143761,0.944304250346
C[T>C]T,0.319161739097,0.490419257636,1.33104760261,1.04311397656,0.583832449567,0.89025696917,1.36603565136
G[T>C]A,1.0762863652,1.65380587824,1.69490278983,3.51761885213,1.96881652171,1.29173444403,0.813934871855
G[T>C]C,0.650506906378,0.999559392727,1.03657999803,2.12604696231,1.18995165801,0.846794491161,0.563636495034
G[T>C]G,0.820970303643,1.26149095438,1.37771827592,2.6831712363,1.50177494569,0.972944938491,0.727556416218
G[T>C]T,0.740614259244,1.1380170325,1.82784029034,2.42054416436,1.35478218154,1.12202626097,0.982280721798
T[T>C]A,0.516215632873,0.793209387098,1.39853597049,1.68714377573,0.944296889402,0.909106292025,0.968140730023
T[T>C]C,0.885191894874,1.36017291164,1.19035076097,2.893066193,1.61925346623,0.846766032034,0.832725875585
T[T>C]G,0.575546818006,0.884376817911,1.06823021463,1.88105545397,1.05282954513,0.71677872867,0.699238527131
T[T>C]T,0.612649376319,0.941388066051,1.24011388644,2.00231747382,1.12070007863,0.691033787221,1.00096669942
A[T>G]A,0.132067451445,0.202932913196,0.22573676289,0.43163508521,0.241586801423,0.136958256579,0.565446428163
A[T>G]C,0.371051689331,0.570152595801,0.245041241066,1.21270552123,0.678753090239,0.107609806541,0.188494197723
A[T>G]G,0.16413310143,0.25220452171,0.374265443911,0.53643501443,0.300243478226,0.207917001838,0.2729252461
A[T>G]T,1.78079087071,2.73633719158,0.542513901024,5.82014577257,3.25754427569,0.214772776506,0.532801023379
C[T>G]A,0.201544962841,0.309691040463,0.0689459046959,0.658707927333,0.368679810074,0.0219886390108,0.301148896707
C[T>G]C,0.710553433862,1.09182600813,0.395074445339,2.32229658872,1.29979286682,0.284182150942,0.362155753125
C[T>G]G,0.438118992553,0.673207232459,0.569001129342,1.43190109761,0.801437181499,0.331022590312,0.487323308805
C[T>G]T,2.48099054652,3.81225376661,1.12982128703,8.10860324961,4.5383973412,0.531058366192,1.83338346225
G[T>G]A,0.00343763098263,0.00528221346111,0.0640290423125,0.0112351841871,0.00628834935847,0.0185569938559,0.127721673771
G[T>G]C,0.023867611984,0.0366746232925,0.145024977803,0.0780063416063,0.0436602658244,0.0985486305418,0.0917647714881
G[T>G]G,0.116666027005,0.179267309788,0.320203573848,0.381298722407,0.213413464034,0.2758309595,0.330543732256
G[T>G]T,0.666474890716,1.02409556378,0.340205006474,2.17823500868,1.21916138546,0.311425861782,0.582088116904
T[T>G]A,0.216464000737,0.332615415767,0.34270182367,0.707467709726,0.395970733055,0.198677066434,0.81822304011
T[T>G]C,0.656545748815,1.00883858964,0.46421900565,2.14578366686,1.200998321,0.219608532544,0.335883866373
T[T>G]G,0.285125953514,0.438120367594,0.372870266868,0.931875067581,0.521571866183,0.193143073195,0.350052033614
T[T>G]T,4.88669126297,7.50881828212,1.99994201963,15.9711372985,8.93906938348,0.4359670256,1.3361260332
