,1,3,2,5,4,7,6
A[C>A]A,3.22260244408,0.679464370741,0.951250119037,2.36841866372,0.698877638476,2.62079114428,2.83433708937
A[C>A]C,2.71942734578,0.573373235555,0.802722529777,1.99861527822,0.589755328,2.21158248,2.39178549689
A[C>A]G,1.5499470479,0.326796064317,0.457514490044,1.13911770991,0.336133094726,1.26049910522,1.36320643972
A[C>A]T,2.1185870346,0.446690037416,0.625366052382,1.55703384471,0.459452609914,1.72294728718,1.86333558465
C[C>A]A,4.37790636245,0.9230525463,1.29227356482,3.2174974471,0.949425476195,3.56034553573,3.85044776457
C[C>A]C,5.3246798453,1.12267346136,1.5717428459,3.91331892245,1.15474984597,4.33031192238,4.6831521531
C[C>A]G,1.3029559878,0.274719635981,0.384607490374,0.957594159706,0.282568768438,1.05963288164,1.14597333866
C[C>A]T,5.468112786,1.15291534645,1.61408148502,4.01873349333,1.18585578492,4.44695919343,4.8093040166
G[C>A]A,3.8479691167,0.811318789665,1.13584630553,2.8280254954,0.834499326513,3.12937247442,3.38435837975
G[C>A]C,4.68453271516,0.987702680908,1.38278375327,3.44284934488,1.01592275751,3.80971034065,4.12013118322
G[C>A]G,2.12840398215,0.448759875754,0.628263826056,1.56424870977,0.46158158649,1.73093094934,1.87196976743
G[C>A]T,3.15497424459,0.665205413016,0.931287578222,2.31871601108,0.684211281959,2.56579230735,2.77485686572
T[C>A]A,2.92144140066,0.615966560381,0.862353184533,2.14708343904,0.633565604963,2.37587101861,2.56946050902
T[C>A]C,4.47912733924,0.944394318514,1.32215204592,3.29188876739,0.971377013328,3.64266379998,3.93947344294
T[C>A]G,0.985062775094,0.207693958604,0.290771542046,0.723961798563,0.213628071707,0.801105268902,0.866380513035
T[C>A]T,4.49345471679,0.947415151131,1.32638121158,3.3024185268,0.974484155449,3.65431558293,3.95207463043
A[C>G]A,0.862871789207,0.181930798929,0.254703118501,0.634158784839,0.187128821756,0.701733081584,0.758911332676
A[C>G]C,0.516872253298,0.108979089551,0.152570725371,0.379869969292,0.112092777824,0.420347916839,0.454598487841
A[C>G]G,0.314983239093,0.0664121287244,0.0929769802141,0.231493705839,0.0683096181165,0.256161067937,0.27703345125
A[C>G]T,0.499983958441,0.105418304491,0.147585626287,0.367458089939,0.108430256047,0.406613460178,0.439744927304
C[C>G]A,0.826239583268,0.174207141051,0.243889997471,0.607236320233,0.179184487938,0.671941829766,0.726692645525
C[C>G]C,0.792743202074,0.16714465104,0.234002511456,0.58261849791,0.171920212498,0.644700796867,0.697231972908
C[C>G]G,0.493803549588,0.104115206238,0.145761288734,0.362915861745,0.107089926417,0.401587224063,0.434309146023
C[C>G]T,0.72988437579,0.153891284052,0.215447797673,0.536421047268,0.158288177882,0.593580667058,0.641946499189
G[C>G]A,0.671317442974,0.141542834362,0.198159968107,0.493377879776,0.145586915344,0.545950932539,0.590435823338
G[C>G]C,0.963512310607,0.203150185971,0.28441026036,0.708123505386,0.208954476999,0.783579288747,0.847426490052
G[C>G]G,0.481822427043,0.101589065943,0.14222469232,0.354110458429,0.104491610684,0.391843540065,0.423771532218
G[C>G]T,0.513806177095,0.108332627701,0.151665678781,0.377616587986,0.111427845635,0.417854421132,0.451901818409
T[C>G]A,0.333023161504,0.070215726823,0.0983020175523,0.244751962069,0.0722218904466,0.270832089175,0.292899889033
T[C>G]C,0.762088399367,0.160681289023,0.224953804633,0.560089064595,0.165272182995,0.619770686232,0.670270519925
T[C>G]G,0.26385430538,0.0556319318573,0.0778847046002,0.193917019617,0.0572214156247,0.214580308592,0.232064630033
T[C>G]T,0.418529773021,0.0882442292515,0.123541920952,0.307594170534,0.0907654929444,0.340370598541,0.368104499163
A[C>T]A,3.92608176914,0.827788324818,1.15890365475,2.88543358937,0.851439419813,3.1928978243,3.45305986924
A[C>T]C,2.6792177377,0.564895306142,0.790853428599,1.96906363855,0.581035172032,2.17888189512,2.35642041991
A[C>T]G,6.03519574227,1.27248103,1.78147344199,4.43550530456,1.30883763085,4.9081411157,5.30806372513
A[C>T]T,1.6676384409,0.351610514647,0.492254720505,1.22561379391,0.361656529351,1.35621198507,1.46671814681
C[C>T]A,3.73289403759,0.787055971781,1.10187836049,2.7434522445,0.809543285261,3.03578731973,3.283147768
C[C>T]C,3.13857436221,0.661747606491,0.926446649087,2.30666308548,0.680654680962,2.55245505361,2.76043287279
C[C>T]G,5.44392376059,1.14781525073,1.60694135102,4.00095601682,1.18060997218,4.42728739566,4.7880293316
C[C>T]T,2.67884637016,0.564817005756,0.790743808059,1.96879070578,0.580954634492,2.17857987935,2.35609379544
G[C>T]A,4.77478339458,1.00673143862,1.40942401406,3.50917815746,1.035495194,3.88310697752,4.19950828679
G[C>T]C,5.15296347362,1.08646820227,1.52105548318,3.78711773362,1.11751015091,4.1906630659,4.53212450089
G[C>T]G,6.94207836705,1.46369122197,2.04916771076,5.10200940229,1.50551097117,5.64566614188,6.10568338307
G[C>T]T,3.40926873682,0.718821721618,1.00635041026,2.50560714392,0.739359485092,2.7725980691,2.99851346732
T[C>T]A,3.13264184397,0.66049677433,0.924695484062,2.30230304195,0.67936811074,2.54763041527,2.75521511578
T[C>T]C,3.30634699487,0.697121354341,0.975969896077,2.4299658637,0.717039107322,2.68889665246,2.90799193525
T[C>T]G,3.64528154156,0.768583457559,1.07601684058,2.67906233778,0.790542984918,2.96453619344,3.20609099439
T[C>T]T,2.21988794289,0.468048662658,0.655268127721,1.63148390984,0.481421481591,1.80533055597,1.95243156423
A[T>A]A,1.1230483338,0.236787299294,0.331502219012,0.825372871825,0.243552650703,0.913322440135,0.987741305627
A[T>A]C,0.632999376383,0.133463723936,0.186849213511,0.465216409149,0.137276973192,0.514788649468,0.556734391277
A[T>A]G,1.67692571163,0.353568674139,0.494996143795,1.23243937843,0.363670636258,1.36376488597,1.47488646927
A[T>A]T,0.899037564311,0.189556112957,0.26537855814,0.660738450879,0.194972001899,0.73114500712,0.790719785478
C[T>A]A,1.6452058273,0.34688074672,0.485633045407,1.20912717428,0.356791625197,1.33796859449,1.44698825774
C[T>A]C,1.61098035986,0.339664533706,0.475530347188,1.18397351749,0.349369234669,1.31013463001,1.4168863406
C[T>A]G,4.89034715482,1.03109729168,1.44353620835,3.59411055956,1.0605572143,3.97708955362,4.30114870243
C[T>A]T,1.52633362874,0.32181733136,0.450544263904,1.12176326931,0.331012112256,1.24129542096,1.34243801082
G[T>A]A,1.18235927374,0.249292617957,0.349009665139,0.868962839734,0.256415264184,0.96155724069,1.03990634919
G[T>A]C,0.673027917581,0.141903476598,0.198664867238,0.494634975572,0.145957861644,0.547341981166,0.591940216668
G[T>A]G,1.5545311527,0.327762592437,0.458867629411,1.14248675078,0.337127237935,1.26422714226,1.36723824274
G[T>A]T,0.65464714893,0.138028013329,0.19323921866,0.481126217888,0.141971670852,0.532393765696,0.575773998457
T[T>A]A,1.00130595115,0.211118724641,0.295566214497,0.735899554463,0.217150688202,0.814315080758,0.880666679931
T[T>A]C,0.885818060484,0.186768868174,0.261476415444,0.651022911922,0.192105121551,0.720394205815,0.779092992956
T[T>A]G,1.54297301835,0.325325636398,0.455455890957,1.1339922183,0.334620654581,1.25482745468,1.35707265469
T[T>A]T,0.62358700448,0.131479187692,0.184070862768,0.458298882811,0.135235735911,0.507134009668,0.548456040085
A[T>C]A,1.25346883323,0.264285597369,0.369999836316,0.921224082257,0.271836614436,1.01938730414,1.10244849188
A[T>C]C,0.691286460434,0.145753169369,0.204054437116,0.508053904656,0.149917545636,0.562190796136,0.607998935081
A[T>C]G,1.82661951805,0.385130621275,0.539182869785,1.34245530845,0.396134353312,1.48550382492,1.60654487732
A[T>C]T,0.571922609996,0.120586092469,0.168820529457,0.420328665177,0.124031409397,0.465117785237,0.503016271442
C[T>C]A,0.65823604904,0.138784709135,0.194298592789,0.48376384327,0.142749986539,0.535312449521,0.578930500963
C[T>C]C,0.449265765786,0.0947247096537,0.132614593515,0.33018327365,0.0974311299295,0.365366737236,0.39513736027
C[T>C]G,1.7764562491,0.374554028425,0.524375639795,1.30558832765,0.385255572095,1.44470839535,1.56242537572
C[T>C]T,0.590686640536,0.124542363968,0.174359309556,0.434119097261,0.128100717225,0.480377689592,0.519519575411
G[T>C]A,1.07328349458,0.226294712713,0.316812597799,0.788798712887,0.232760275934,0.872851034752,0.943972230176
G[T>C]C,0.709668578459,0.149628917145,0.209480484003,0.521563654048,0.153904029063,0.577140108988,0.624166340091
G[T>C]G,1.00958694567,0.212864717461,0.298010604445,0.741985586578,0.218946566531,0.821049624492,0.887949964265
G[T>C]T,0.804052896012,0.169529225063,0.237340915088,0.590930441647,0.174372917207,0.653898439528,0.707179053119
T[T>C]A,0.634027270961,0.133680448697,0.187152628175,0.465971849742,0.137499890088,0.515624587829,0.557638443134
T[T>C]C,0.599182146175,0.126333585037,0.176867019052,0.440362782129,0.129943116038,0.487286685142,0.526991526154
T[T>C]G,0.906801575994,0.191193103372,0.267670344721,0.666444531755,0.196655763469,0.737459113007,0.797548374067
T[T>C]T,0.371295551382,0.0782852066168,0.109599289263,0.272879863064,0.0805219268058,0.301957225522,0.326561147601
A[T>G]A,0.164666015838,0.0347187382791,0.0486062335908,0.121019602002,0.03571070223,0.133915133362,0.144826736822
A[T>G]C,0.184948075666,0.0389950761947,0.0545931066725,0.135925694164,0.0401092212288,0.150409579608,0.162665174983
A[T>G]G,0.334148714624,0.07045304224,0.098634259136,0.245579175808,0.072465986304,0.27174744864,0.293889833344
A[T>G]T,0.451112506972,0.0951140827953,0.133159715913,0.331540517172,0.0978316280181,0.366868605068,0.396761602518
C[T>G]A,0.14978311372,0.0315807769892,0.0442130877848,0.110081565505,0.0324830849032,0.121811568387,0.131736955441
C[T>G]C,0.440186574455,0.0928104223249,0.129934591255,0.323510614961,0.095462148677,0.357983057539,0.387152047412
C[T>G]G,0.744792682856,0.157034601807,0.21984844253,0.54737775487,0.161521304716,0.605704892684,0.65505862468
C[T>G]T,0.773048486843,0.16299215084,0.228189011177,0.568144068644,0.167649069436,0.628684010384,0.679910114934
G[T>G]A,0.0808825896214,0.0170535580527,0.0238749812738,0.0594438309266,0.0175408025685,0.0657780096319,0.0711376993056
G[T>G]C,0.1275262544,0.0268880656868,0.0376432919615,0.0937241146796,0.027656296135,0.103711110506,0.112161645436
G[T>G]G,0.32360140292,0.0682292114591,0.0955208960427,0.237827537086,0.0701786175008,0.263169815628,0.284613282087
G[T>G]T,0.353223321605,0.0744747967239,0.104264715413,0.259597862866,0.0766026480588,0.287259930221,0.310666294905
T[T>G]A,0.298657834078,0.0629700252574,0.0881580353603,0.219495516611,0.0647691688361,0.242884383136,0.262674962502
T[T>G]C,0.244446799897,0.0515399879302,0.0721559831023,0.179653672214,0.0530125590139,0.198797096302,0.214995378223
T[T>G]G,0.502816171653,0.106015457879,0.14842164103,0.369539596034,0.109044470961,0.408916766103,0.442235910008
T[T>G]T,0.667045777202,0.14064218194,0.196899054716,0.490238462763,0.144660529996,0.542476987484,0.586678816094
