,1,3,2,5,4,7,6
A[C>A]A,0.150216434905,1.14353430088,0.690995600561,0.690995600561,0.853229350258,0.306267668117,0.997437127767
A[C>A]C,0.115206845599,0.762990155882,0.529951489754,0.529951489754,0.654374883001,0.190855246641,0.764973454776
A[C>A]G,0.0212298122404,0.293674678444,0.097657136306,0.097657136306,0.120585333526,0.0374052172022,0.140965953277
A[C>A]T,0.131595965997,0.73091973796,0.605341443587,0.605341443587,0.747465086864,0.200773928775,0.873797214221
C[C>A]A,0.34901007238,1.65185410844,1.60544633295,1.60544633295,1.98237721112,0.382083641621,2.31742688061
C[C>A]C,0.44631073655,1.02792336641,2.05302938813,2.05302938813,2.5350449836,0.375773715641,2.96350329069
C[C>A]G,0.134402118908,0.364753312588,0.618249746976,0.618249746976,0.763404035396,0.114326212025,0.892430069548
C[C>A]T,1.12066165196,1.42166285343,5.15504359903,5.15504359903,6.36535818315,0.904160329346,7.44119336903
G[C>A]A,0.166642210497,1.43928457237,0.766554168285,0.766554168285,0.946527755622,0.364792953739,1.1065042777
G[C>A]C,0.185896803419,1.65480560451,0.855125295726,0.855125295726,1.05589384342,0.284166774825,1.2343547747
G[C>A]G,0.059126688644,0.57767705843,0.271982767762,0.271982767762,0.335839591498,0.0661609107274,0.392601212596
G[C>A]T,0.322630388266,1.17265260012,1.48409978602,1.48409978602,1.83254060535,0.371872037444,2.14226577809
T[C>A]A,0.222285017584,1.05223939001,1.02251108089,1.02251108089,1.26257889988,0.383100746812,1.47597251676
T[C>A]C,0.179483770363,1.37063686664,0.825625343668,0.825625343668,1.01946781566,0.217929178654,1.19177223521
T[C>A]G,0.0283025078035,0.278861256481,0.130191535896,0.130191535896,0.160758244324,0.058180280931,0.187928651815
T[C>A]T,0.536511142195,1.67103117312,2.4679512541,2.4679512541,3.04738328767,0.660629110563,3.56243398417
A[C>G]A,0.0809487368427,0.498074507302,0.372364189476,0.372364189476,0.459788825266,0.0993763546832,0.537499612635
A[C>G]C,0.0464165896026,0.26623415049,0.213516312172,0.213516312172,0.263646228943,0.0657974021272,0.308206154961
A[C>G]G,0.00239450118852,0.0169846101783,0.0110147054672,0.0110147054672,0.0136007667508,0.0198852458406,0.0158994878918
A[C>G]T,0.0571280646643,0.415972082896,0.262789097456,0.262789097456,0.324487407293,0.0999092986311,0.379330349371
C[C>G]A,0.0513393037959,0.491624759115,0.236160797461,0.236160797461,0.291607245561,0.0587688379764,0.340892977205
C[C>G]C,0.04605234325,0.438252736526,0.21184077895,0.21184077895,0.26157730966,0.0597485566022,0.30578755918
C[C>G]G,0.00502597424672,0.109824727957,0.0231194815349,0.0231194815349,0.0285475337214,0.0303813117469,0.0333724689982
C[C>G]T,0.0415283735816,0.393167115631,0.191030518475,0.191030518475,0.235881161944,0.0930568431398,0.275748400582
G[C>G]A,0.0445906836675,0.281288605749,0.205117144871,0.205117144871,0.253275083232,0.0708984115774,0.296082139552
G[C>G]C,0.0501547328769,0.286117107218,0.230711771234,0.230711771234,0.284878882741,0.0891979352124,0.333027426302
G[C>G]G,0.0051357335986,0.066685010264,0.0236243745536,0.0236243745536,0.02917096684,0.0062692554583,0.0341012710947
G[C>G]T,0.0522232279286,0.275476332628,0.240226848472,0.240226848472,0.296627934634,0.0889832200499,0.346762233446
T[C>G]A,0.154481705725,0.548189503763,0.710615846334,0.710615846334,0.877456088516,0.0697993180465,1.02575852601
T[C>G]C,0.0666758827468,0.425135942705,0.306709060635,0.306709060635,0.378719014002,0.0752198543339,0.442727861439
T[C>G]G,0.0109391436927,0.0597708668287,0.0503200609864,0.0503200609864,0.0621343361745,0.00860480065303,0.0726359141195
T[C>G]T,0.206112459534,1.03861858574,0.948117313856,0.948117313856,1.17071877015,0.159273261144,1.3685867313
A[C>T]A,0.497178110371,1.34153111374,2.28701930771,2.28701930771,2.82397166691,0.705098251171,3.30126265287
A[C>T]C,0.345124965519,0.890855573721,1.58757484139,1.58757484139,1.96030980415,0.489454205552,2.29162977104
A[C>T]G,0.573609066584,1.23424547948,2.63860170629,2.63860170629,3.2580994982,0.696807015135,3.80876420212
A[C>T]T,0.281817082951,0.857681955354,1.29635858157,1.29635858157,1.60072103116,0.389425824739,1.8712654308
C[C>T]A,0.2860098852,1.50224219849,1.31564547192,1.31564547192,1.62453614794,0.6559807657,1.89910563773
C[C>T]C,0.278631448174,0.846249619891,1.2817046616,1.2817046616,1.58262662563,0.52062119108,1.85011281588
C[C>T]G,0.563104066645,0.912276485344,2.59027870657,2.59027870657,3.19843109854,0.608092236656,3.73901100252
C[C>T]T,0.325293959294,1.45034378065,1.49635221275,1.49635221275,1.84766968879,0.492705901478,2.15995188971
G[C>T]A,0.76041726587,1.35733712679,3.497919423,3.497919423,4.31917007014,0.747032207286,5.04917064538
G[C>T]C,0.939260262434,1.43486286751,4.3205972072,4.3205972072,5.33499829063,0.732645132217,6.23668814256
G[C>T]G,0.677589158099,1.03352240036,3.11691012725,3.11691012725,3.848706418,0.403699375141,4.49919200978
G[C>T]T,0.791875998555,1.43298017121,3.64262959335,3.64262959335,4.49785567179,0.612411959778,5.25805663041
T[C>T]A,0.285027982181,1.54444671154,1.31112871803,1.31112871803,1.61895893879,0.617257390512,1.89258580168
T[C>T]C,0.240510908208,1.09750083406,1.10635017776,1.10635017776,1.36610195862,0.633353401567,1.5969924305
T[C>T]G,0.386258680083,0.871095879736,1.77678992838,1.77678992838,2.19394930287,0.417065226992,2.56475763575
T[C>T]T,0.25810974435,1.30070134747,1.18730482401,1.18730482401,1.46606334791,0.538340689362,1.71384870248
A[T>A]A,0.166344227057,2.70721229326,0.765183444462,0.765183444462,0.944835209683,0.436367534345,1.10452566766
A[T>A]C,0.120275434499,0.646787206515,0.553266998696,0.553266998696,0.683164467955,0.121927824025,0.798628885074
A[T>A]G,0.0816617526378,0.46680263222,0.375644062134,0.375644062134,0.463838754983,0.153427660244,0.542234037515
A[T>A]T,0.254560256719,0.708227875408,1.17097718091,1.17097718091,1.44590225816,0.345444360177,1.69028010461
C[T>A]A,0.131339102894,5.33372452031,0.604159873312,0.604159873312,0.746006104438,0.630899439203,0.872091643216
C[T>A]C,0.161194914995,0.8780167558,0.741496608975,0.741496608975,0.915587117169,0.210329293269,1.07033423556
C[T>A]G,0.272936491615,1.76433400948,1.25550786143,1.25550786143,1.55027927237,0.185323266172,1.81229830432
C[T>A]T,0.205705161838,1.35502005126,0.946243744456,0.946243744456,1.16840531924,0.255127106474,1.36588227461
G[T>A]A,0.148540397219,2.37384202756,0.683285827206,0.683285827206,0.843709456202,0.240544682872,0.986308237532
G[T>A]C,0.0954289954749,0.392616015037,0.438973379185,0.438973379185,0.542036694297,0.0982672261746,0.633648529953
G[T>A]G,0.166713882568,0.959250450974,0.766883859811,0.766883859811,0.946934852984,0.0963916884114,1.10698018025
G[T>A]T,0.127319902653,0.601000063412,0.585671552204,0.585671552204,0.723177047069,0.107602922424,0.845404153616
T[T>A]A,0.216920744749,1.44681116014,0.997835425847,0.997835425847,1.23210983018,0.402541660638,1.44035374514
T[T>A]C,0.0882589461348,0.496268321085,0.40599115222,0.40599115222,0.501310814045,0.11442422468,0.586039402335
T[T>A]G,0.127378767343,0.504497294358,0.585942329777,0.585942329777,0.723511398507,0.20079989371,0.845795015156
T[T>A]T,0.177922823233,0.657518932211,0.81844498687,0.81844498687,1.01060163596,0.228315441322,1.18140754626
A[T>C]A,0.557658022149,3.27918889476,2.56522690188,2.56522690188,3.1674975658,0.770618840551,3.70284926707
A[T>C]C,0.390369433729,1.24003137146,1.79569939515,1.79569939515,2.21729838358,0.391358750548,2.59205303996
A[T>C]G,0.835162255063,2.44554458989,3.84174637329,3.84174637329,4.74372160876,0.779753502289,5.54547737362
A[T>C]T,0.364286618985,2.37176135757,1.67571844733,1.67571844733,2.06914799583,0.593569086911,2.41886315006
C[T>C]A,0.367626241055,1.39174236853,1.69108070885,1.69108070885,2.08811704919,0.369262368623,2.4410382406
C[T>C]C,0.408715791269,1.53733009762,1.88009263984,1.88009263984,2.32150569441,0.48631496463,2.71387285402
C[T>C]G,0.947137769136,2.03108533846,4.35683373802,4.35683373802,5.37974252869,0.831418756273,6.28899478706
C[T>C]T,0.397698722374,2.00664628694,1.82941412292,1.82941412292,2.25892874308,0.843809738604,2.64071951656
G[T>C]A,0.415422917967,2.50922279534,1.91094542265,1.91094542265,2.35960217405,0.22528500685,2.7584081753
G[T>C]C,0.315884417501,1.19337775414,1.4530683205,1.4530683205,1.7942234914,0.2427972886,2.0974725322
G[T>C]G,0.525652224725,1.53853194939,2.41800023374,2.41800023374,2.98570463644,0.405498419023,3.49033077218
G[T>C]T,0.31824796765,1.77111965689,1.46394065119,1.46394065119,1.80764845625,0.305809829535,2.1131665052
T[T>C]A,0.381979499156,1.45951963565,1.75710569612,1.75710569612,2.16964355521,0.352348565829,2.5363438744
T[T>C]C,0.352055392581,1.42267055908,1.61945480587,1.61945480587,1.99967462986,0.39656755358,2.33764780674
T[T>C]G,0.400519019534,0.967258532039,1.84238748986,1.84238748986,2.27494803095,0.388997150087,2.65944628971
T[T>C]T,0.416495017935,1.30020282672,1.9158770825,1.9158770825,2.36569170187,0.492954031878,2.76552691909
A[T>G]A,0.195581579097,0.307531923139,0.899675263848,0.899675263848,1.11090336927,0.408971391081,1.29866168521
A[T>G]C,0.038156501481,0.183442853189,0.175519906813,0.175519906813,0.216728928412,0.11293855977,0.253359169834
A[T>G]G,0.0688802684318,0.369602282039,0.316849234786,0.316849234786,0.391239924693,0.129537422999,0.457364982387
A[T>G]T,0.130285687964,0.479499778327,0.599314164634,0.599314164634,0.740022707635,0.389352763811,0.86509696808
C[T>G]A,0.117072519273,0.04961067852,0.538533588656,0.538533588656,0.664971909471,0.251602534722,0.777361527973
C[T>G]C,0.140540543133,0.518959868754,0.64648649841,0.64648649841,0.798270284993,0.251218382441,0.933189206401
C[T>G]G,0.257429028298,0.6681010367,1.18417353017,1.18417353017,1.46219688073,0.34000400124,1.7093287479
C[T>G]T,0.359392982568,2.62455123073,1.65320771981,1.65320771981,2.04135214099,1.54268051883,2.38636940425
G[T>G]A,0.0564458556051,0.128272111609,0.259650935783,0.259650935783,0.320612459837,0.090345250436,0.374800481218
G[T>G]C,0.036501306046,0.202660077436,0.167906007812,0.167906007812,0.207327418341,0.0765500786556,0.242368672145
G[T>G]G,0.0947200362273,0.394526364757,0.435712166645,0.435712166645,0.538009805771,0.120001373601,0.628941040549
G[T>G]T,0.197570044303,0.822823600682,0.908822203792,0.908822203792,1.12219785164,0.479434213337,1.31186509417
T[T>G]A,0.275433437645,0.314787917677,1.26699381317,1.26699381317,1.56446192582,0.608670204813,1.82887802596
T[T>G]C,0.0636010613517,0.319597198082,0.292564882218,0.292564882218,0.361254028478,0.175243620255,0.422311047376
T[T>G]G,0.0915103859474,0.436625449993,0.420947775358,0.420947775358,0.519778992181,0.173861247059,0.60762896269
T[T>G]T,0.358987441417,1.08845277877,1.65134223052,1.65134223052,2.03904866725,0.871851724337,2.38367661101
