,1,3,2,5,4,7,6
A[C>A]A,0.322116207813,1.42330417406,0.337098357014,1.19857193605,1.14613441385,1.27348268205,0.98882184724
A[C>A]C,0.306004826131,1.35211434802,0.320237608742,1.13862260886,1.08880786972,1.20978652192,0.93936365231
A[C>A]G,0.125200091393,0.553209706154,0.131023351457,0.465860805182,0.445479394955,0.494977105506,0.384335164275
A[C>A]T,0.498290274743,2.20174772561,0.521466566591,1.85410334788,1.77298632641,1.96998480712,1.529635262
C[C>A]A,0.458644916825,2.02657056272,0.479977238538,1.70658573702,1.63192261103,1.81324734559,1.40793323305
C[C>A]C,0.584307811256,2.58182521253,0.611484918756,2.17416860002,2.07904872377,2.31005413752,1.79368909502
C[C>A]G,0.117627309021,0.519748574746,0.12309834665,0.437683010312,0.418534378611,0.465038198457,0.361088483507
C[C>A]T,1.80452991071,7.97350425661,1.88846153446,6.71452990031,6.42076921717,7.13418801908,5.53948716775
G[C>A]A,0.36300250988,1.60396457854,0.379886347549,1.35070701351,1.29161358167,1.43512620185,1.11433328614
G[C>A]C,0.475181540541,2.09963936518,0.497283007543,1.76811736015,1.69076222565,1.87862469516,1.45869682213
G[C>A]G,0.153299713715,0.677370828044,0.160429932958,0.570417539406,0.545461772057,0.606068635619,0.47059447001
G[C>A]T,1.01893984271,4.50229232824,1.06633239353,3.79140406589,3.62553013801,4.02836682001,3.12790835436
T[C>A]A,0.588238938233,2.59919530847,0.615598888848,2.18879604924,2.09303622208,2.32559580232,1.80575674062
T[C>A]C,0.643397223654,2.84291796498,0.673322675917,2.39403618104,2.28929709812,2.54366344235,1.97507984936
T[C>A]G,0.0982954061944,0.434328538999,0.102867285552,0.365750348631,0.349748770878,0.38860974542,0.30174403762
T[C>A]T,1.01364688467,4.47890483924,1.0607932514,3.77170933831,3.60669705476,4.00744117195,3.11166020411
A[C>G]A,0.127325172098,0.562599597641,0.133247273126,0.473768082224,0.453040728627,0.503378587363,0.390858667835
A[C>G]C,0.063388066676,0.280086806243,0.0663363488469,0.235862573678,0.22554358608,0.250603984533,0.194586623284
A[C>G]G,0.0376313959383,0.166278261123,0.0393816934238,0.14002379884,0.133897757641,0.148775286268,0.115519634043
A[C>G]T,0.102349791213,0.452243263501,0.107110246619,0.380836432422,0.364174838504,0.404638709449,0.314190056748
C[C>G]A,0.109409565427,0.483437614676,0.114498382423,0.407105359727,0.389294500239,0.43254944471,0.335861921775
C[C>G]C,0.0807116259297,0.356632765736,0.0844656550427,0.300322329041,0.287183227145,0.319092474606,0.247765921459
C[C>G]G,0.0502315662661,0.221953432339,0.0525679181855,0.186908153548,0.178730921831,0.198589913145,0.154199226677
C[C>G]T,0.123677522315,0.546482075346,0.129429965214,0.46019543187,0.440061881726,0.488957646362,0.379661231293
G[C>G]A,0.0864463200905,0.381972112028,0.0904670791645,0.321660725918,0.307588069159,0.341764521288,0.265370098882
G[C>G]C,0.103935890855,0.459251610756,0.108770118337,0.386738198532,0.369818402346,0.41090933594,0.319059013788
G[C>G]G,0.0377135674768,0.166641344665,0.0394676868944,0.140329553402,0.134190135441,0.14910015049,0.115771881557
G[C>G]T,0.0906797049932,0.400677766249,0.0948973656906,0.337412855789,0.322651043348,0.358501159276,0.278365606026
T[C>G]A,1.61096020387,7.11819624967,1.68588858545,5.99427052604,5.73202119053,6.36891243392,4.94527318398
T[C>G]C,0.406867154876,1.79778510294,0.425791208591,1.51392429721,1.44769010921,1.60854456579,1.2489875452
T[C>G]G,0.0801113572748,0.353980415866,0.0838374669155,0.298088771255,0.285047387513,0.316719319459,0.245923236286
T[C>G]T,2.03490582106,8.99144432563,2.12955260344,7.57174259,7.24047885169,8.04497650188,6.24668763675
A[C>T]A,0.805850538335,3.56073493683,0.843331958723,2.99851363101,2.86732865966,3.18592073295,2.47377374559
A[C>T]C,0.710303763342,3.13855151244,0.743341147684,2.64299074732,2.52735990212,2.80817766903,2.18046736654
A[C>T]G,1.02172678197,4.51460671105,1.06924895788,3.80177407246,3.63544645679,4.03938495199,3.13646360978
A[C>T]T,0.523585436197,2.31351704366,0.547938247183,1.94822487887,1.86299004042,2.0699889338,1.60728552507
C[C>T]A,0.811241869832,3.58455709926,0.848974049824,3.01857439937,2.8865117694,3.20723529934,2.49032387948
C[C>T]C,0.822991220627,3.63647283533,0.861269882051,3.06229291396,2.92831759897,3.25368622108,2.52639165402
C[C>T]G,0.872981506926,3.85736014688,0.913585297945,3.24830328158,3.10619001301,3.45132223668,2.67985020731
C[C>T]T,0.776429886065,3.43073670587,0.812542904021,2.88904143652,2.76264587367,3.0696065263,2.38345918513
G[C>T]A,1.12898293953,4.98852926768,1.18149377392,4.20086675173,4.01707883134,4.46342092372,3.46571507018
G[C>T]C,1.25072637973,5.52646539881,1.30889969972,4.653865599,4.45025897904,4.94473219894,3.83943911917
G[C>T]G,1.63238056906,7.21284437494,1.7083052467,6.07397421047,5.80823783877,6.45359759863,5.01102872364
G[C>T]T,1.00006015007,4.41887043054,1.04657457565,3.72115404677,3.55835355723,3.95372617469,3.06995208859
T[C>T]A,3.3688515132,14.8856229653,3.52554228125,12.5352614445,11.9868437563,13.3187152847,10.3415906917
T[C>T]C,1.9057290485,8.42066323757,1.9943676089,7.09108483163,6.78084987025,7.53427763361,5.8501449861
T[C>T]G,0.851646090702,3.76308737752,0.891257536782,3.16891568633,3.03027562506,3.36697291673,2.61435544123
T[C>T]T,1.9602564006,8.66159804915,2.0514311169,7.29397730455,6.97486579747,7.74985088608,6.01753127625
A[T>A]A,0.167122978515,0.738450370182,0.174896140306,0.621852943311,0.594646877041,0.660718752268,0.513028678232
A[T>A]C,0.118311753097,0.522772862519,0.123814625334,0.440229778964,0.420969726134,0.467744140149,0.363189567645
A[T>A]G,0.190743952755,0.842822116826,0.199615764512,0.709744940485,0.678693599339,0.754103999266,0.5855395759
A[T>A]T,0.175043229149,0.773446826473,0.183184774691,0.651323643345,0.622828233949,0.692031371055,0.53734200576
C[T>A]A,0.183247497283,0.809698243808,0.191770636691,0.681851152681,0.652020164751,0.724466849723,0.562527200962
C[T>A]C,0.241930181798,1.06899382655,0.253182748394,0.900205327622,0.860821344539,0.956468160599,0.742669395288
C[T>A]G,0.483201536672,2.13507655739,0.50567602675,1.79795920622,1.71929849095,1.91033165661,1.48331634513
C[T>A]T,0.223915853367,0.989395631158,0.234330544222,0.833175268344,0.796723850354,0.885248722615,0.687369596384
G[T>A]A,0.126931360105,0.560859498136,0.132835144295,0.472302735273,0.451639490605,0.501821656227,0.3896497566
G[T>A]C,0.111988300776,0.494832026686,0.117197058952,0.416700654051,0.398470000436,0.442744444929,0.343778039592
G[T>A]G,0.165496621862,0.731264143111,0.173194139158,0.615801383672,0.588860073137,0.654288970152,0.50803614153
G[T>A]T,0.103968046419,0.459393693478,0.108803769508,0.386857847139,0.369932816327,0.411036462585,0.31915772389
T[T>A]A,0.166283316083,0.734740233853,0.174017423807,0.618728617982,0.591659240945,0.657399156606,0.510451109835
T[T>A]C,0.1541474787,0.68111676635,0.161317128872,0.573572013768,0.548478238166,0.609420264629,0.473196911359
T[T>A]G,0.182444132327,0.806148491676,0.190929905923,0.678861887727,0.649161680139,0.72129075571,0.560061057375
T[T>A]T,0.149529083526,0.660709903953,0.15648392462,0.556387287539,0.532045343709,0.59116149301,0.45901951222
A[T>C]A,0.357080493081,1.57779752757,0.373688888108,1.32867160216,1.27054221957,1.4117135773,1.09615407178
A[T>C]C,0.249967253246,1.10450646783,0.261593637118,0.930110709752,0.889418366201,0.988242629112,0.767341335546
A[T>C]G,0.419771117991,1.85480261438,0.439295356037,1.56193904369,1.49360421053,1.65956023392,1.28859971104
A[T>C]T,0.234024413118,1.03406136029,0.244909269542,0.870788513929,0.832691516444,0.925212796049,0.718400523991
C[T>C]A,0.214256291487,0.946713846106,0.224221700394,0.79723271251,0.762353781338,0.847059757042,0.657716987821
C[T>C]C,0.262850996595,1.16143463612,0.275076624343,0.978050219887,0.935260522767,1.03917835863,0.806891431406
C[T>C]G,0.374129386514,1.65312984739,0.391530753329,1.39210934517,1.33120456132,1.47911617924,1.14849020976
C[T>C]T,0.305616673973,1.35039925709,0.319831402995,1.13717832176,1.08742677018,1.20825196687,0.938172115453
G[T>C]A,0.41132094048,1.81746462072,0.430452147014,1.53049652272,1.46353729985,1.62615255539,1.26265963124
G[T>C]C,0.318148427294,1.4057721206,0.332946028564,1.18380810156,1.13201649712,1.25779610791,0.976641683787
G[T>C]G,0.344968278328,1.52427843912,0.361013314529,1.2836028961,1.2274452694,1.36382807711,1.05897238929
G[T>C]T,0.359024652349,1.58638799875,0.375723473388,1.33590568316,1.27745980952,1.41939978836,1.10212218861
T[T>C]A,0.268560691918,1.18666352243,0.281051886891,0.999295597835,0.95557641543,1.0617515727,0.824418868214
T[T>C]C,0.276199698594,1.22041727286,0.289046196203,1.02771980872,0.98275706709,1.09195229677,0.847868842196
T[T>C]G,0.24403576062,1.07829754693,0.255386261114,0.908040039518,0.868313287789,0.964792541988,0.749133032602
T[T>C]T,0.249194447249,1.10109174366,0.260784886656,0.927235152555,0.886668614631,0.98518734959,0.764969000858
A[T>G]A,0.0944928921489,0.417526732751,0.0988879103884,0.351601459159,0.33621889532,0.373576550356,0.290071203806
A[T>G]C,0.0540517887687,0.238833485257,0.0565658254556,0.201122934953,0.192323806549,0.213693118388,0.165926421337
A[T>G]G,0.0723918089394,0.319870783686,0.0757588698203,0.269364870472,0.257580157389,0.286200174877,0.22222601814
A[T>G]T,0.173031112116,0.764556076791,0.181079070819,0.643836696245,0.615668840785,0.684076489761,0.531165274403
C[T>G]A,0.067311863545,0.297424513338,0.0704426478959,0.250462748074,0.239505002846,0.266116669829,0.206631767161
C[T>G]C,0.109901854424,0.485612845127,0.115013568583,0.408937132739,0.391046133182,0.434495703535,0.33737313451
C[T>G]G,0.139515748929,0.616464937128,0.14600485353,0.519128368108,0.496416502003,0.551573891114,0.428280903689
C[T>G]T,0.414401247324,1.83107527887,0.433675723943,1.54195812958,1.47449746141,1.63833051267,1.2721154569
G[T>G]A,0.0301331094301,0.133146297482,0.0315346494035,0.112123197879,0.107217807972,0.119130897747,0.0925016382504
G[T>G]C,0.0456857130549,0.201867104196,0.0478106299411,0.169993350902,0.1625561418,0.180617935333,0.140244514494
G[T>G]G,0.0797262824695,0.35227892254,0.0834344816541,0.29665593477,0.283677237624,0.315196930693,0.244741146185
G[T>G]T,0.171887509159,0.759502947445,0.179882277027,0.639581429428,0.61159974189,0.679555268767,0.527654679278
T[T>G]A,0.148529933954,0.656295057004,0.155438302975,0.552669521688,0.528490230114,0.587211366793,0.455952355392
T[T>G]C,0.0784446573423,0.346615927792,0.0820932460559,0.291887097088,0.27911703659,0.310130040656,0.240806855097
T[T>G]G,0.0900386448021,0.397845174707,0.0942264887464,0.335027515543,0.320370061738,0.355966735264,0.276397700323
T[T>G]T,0.236188759754,1.0436247524,0.247174283463,0.878841896758,0.840392563774,0.933769515305,0.725044564825
