,1,3,2,5,4,7,6
A[C>A]A,0.519418466792,1.49096528836,1.60083068454,0.945495399768,0.84382922775,1.02180681992,0.477831008485
A[C>A]C,0.384001839849,1.1191897306,1.18348108019,0.643725294785,0.574507521153,0.75541345544,0.325323536074
A[C>A]G,0.0791298081086,0.178473148293,0.243875474171,0.186384081438,0.166342782358,0.155665196279,0.0941941056728
A[C>A]T,0.362912570577,0.956519329908,1.11848464375,0.816621738238,0.72881294918,0.713926368348,0.412701308572
C[C>A]A,0.646076406383,1.36584118286,1.99118630164,1.08340995339,0.966914259477,1.27096997977,0.54752976139
C[C>A]C,0.603414659091,1.08302470972,1.85970419523,0.91947603209,0.820607641543,1.187045231,0.464681435573
C[C>A]G,0.141897048137,0.227213139879,0.437322049996,0.199424639283,0.177981129683,0.27914173404,0.100784495122
C[C>A]T,1.16412734193,1.16073679948,3.58780229973,1.90980643756,1.70445090664,2.29008657429,0.965170995324
G[C>A]A,0.554618563199,1.06902181261,1.70931622757,0.77851673366,0.694805256922,1.09105291121,0.393443940667
G[C>A]C,0.422572642902,1.01056826955,1.30235503058,0.810432137932,0.723288897294,0.831290445053,0.409573230998
G[C>A]G,0.0787920660489,0.144888118133,0.242834564216,0.258827580169,0.23099665757,0.15500078567,0.130805336214
G[C>A]T,0.60287326256,0.977307440361,1.85803562887,1.16604479681,1.04066363586,1.18598018864,0.589291456451
T[C>A]A,0.605671778214,1.22385473705,1.86666056236,0.875311639594,0.781192108455,1.19148546534,0.442361796354
T[C>A]C,0.484841057004,1.12338675477,1.49426424126,1.07182126497,0.956571666587,0.953785685909,0.541673112405
T[C>A]G,0.0698528767967,0.196044309624,0.215284276029,0.244412174638,0.218131295645,0.137415495338,0.123520131269
T[C>A]T,2.03339753961,1.69663589584,6.26686454831,1.51123140839,1.34873340749,4.00012630743,0.76374060424
A[C>G]A,0.257028400043,0.931132380629,0.792153101772,0.356103889486,0.317813148681,0.505629639429,0.179966481783
A[C>G]C,0.101320594537,0.503777184478,0.312266750376,0.18938407717,0.169020197904,0.199319202368,0.0957102325481
A[C>G]G,0.00664311733423,0.157296304094,0.020473869817,0.0644008887721,0.0574760620224,0.0130684275427,0.0325466857235
A[C>G]T,0.181765733388,0.936332192179,0.560196030771,0.422470707934,0.377043750092,0.357571934535,0.213506701859
C[C>G]A,0.171383812281,0.597267119847,0.528199290309,0.281936663037,0.251620892818,0.337148483176,0.142484120029
C[C>G]C,0.132531042806,0.506695933991,0.408456328649,0.298577397638,0.266472301117,0.260716805521,0.150893953645
C[C>G]G,0.0282646095758,0.155506026388,0.0871106000042,0.166086355259,0.148227607382,0.055602510641,0.0839361150236
C[C>G]T,0.0710508201786,0.85949525023,0.218976298255,0.456857961272,0.407733449307,0.139772105269,0.230885206234
G[C>G]A,0.112328435657,0.426768156785,0.346192555795,0.265935433922,0.237340225973,0.220973971784,0.134397477358
G[C>G]C,0.128874907859,0.479887906341,0.397188240614,0.266863452719,0.238168457803,0.253524408902,0.134866476106
G[C>G]G,0.0133082819341,0.0481148536971,0.0410156885837,0.0384925930651,0.0343536045635,0.0261802267556,0.0194532459576
G[C>G]T,0.109705358402,0.656395390245,0.338108317698,0.231815658872,0.20688924394,0.215813819807,0.117154150183
T[C>G]A,0.223721013639,0.611388193276,0.68950082892,0.602047178692,0.537310922919,0.440106912077,0.304260402135
T[C>G]C,0.118537762263,0.748556408055,0.365329496811,0.451917220919,0.403323971358,0.233189040517,0.228388272938
T[C>G]G,0.0407155048097,0.0802196287796,0.125483850889,0.0457813913337,0.0408586610828,0.0800960750355,0.0231368321794
T[C>G]T,0.432671727,1.27747520426,1.33348007666,1.17647108876,1.04996882115,0.851157495737,0.594560657761
A[C>T]A,1.0752502388,1.837260722,3.31388598188,1.69871923866,1.51606125601,2.11524637141,0.858492518465
A[C>T]C,0.69207086175,1.47624241551,2.13293970507,1.27648826471,1.13923146206,1.36145087557,0.64510697249
A[C>T]G,2.45462823514,4.23469572049,7.56508374109,1.01635103233,0.907065975089,4.82877685602,0.513639769026
A[C>T]T,0.576293012071,1.38469432338,1.77611616835,1.07198728599,0.95671983588,1.13369117129,0.541757015498
C[C>T]A,0.874975617698,2.58436915098,2.69664616602,2.14829022337,1.91729127462,1.72126351023,1.08569505912
C[C>T]C,0.816159204729,2.76750835064,2.51537590966,1.56745867623,1.39891473255,1.60555909127,0.792156535299
C[C>T]G,1.76638946911,3.06584076751,5.4439544294,0.84542573831,0.754519744943,3.4748645294,0.427258168823
C[C>T]T,1.1631373677,3.00465812115,3.5847512316,1.89912353694,1.69491670501,2.288139084,0.959772110065
G[C>T]A,1.17827200301,1.94659510147,3.6313956814,1.71374231385,1.52946894677,2.31791213706,0.86608482528
G[C>T]C,1.43150295673,2.73219059097,4.41184517812,1.65337590869,1.47559355291,2.81607139029,0.835577072131
G[C>T]G,2.03014467428,2.67419079699,6.256839324,1.20250605566,1.07320432925,3.99372722809,0.607718114151
G[C>T]T,1.36732857016,2.23756615165,4.2140618228,1.46192105361,1.30472524139,2.6898266954,0.738820317415
T[C>T]A,0.63211760093,2.44613450434,1.9481657209,2.18360025398,1.94880452775,1.24351003462,1.1035399133
T[C>T]C,0.712664940299,4.39097674847,2.19640997994,2.52800156069,2.25617343588,1.40196381698,1.27759218658
T[C>T]G,1.83574316189,2.80303640538,5.65770023663,0.812063850365,0.724745156777,3.61129802338,0.410397859862
T[C>T]T,0.838767297346,2.41145444118,2.58505330985,1.88926538362,1.68611856817,1.65003402757,0.95479003258
A[T>A]A,0.536267761896,1.00612972018,1.65275965961,0.70147911184,0.626051250352,1.05495297422,0.354510948994
A[T>A]C,0.386768870057,1.12474979635,1.19200897657,0.512679205278,0.457552409012,0.760856793555,0.259095942453
A[T>A]G,0.243352988598,0.864148102635,0.750005932072,0.720888976779,0.643374033039,0.478727190684,0.364320235576
A[T>A]T,0.580678738098,1.10876410739,1.78963283217,0.685198756335,0.611521470708,1.14231882904,0.346283242449
C[T>A]A,0.555138906008,0.78136772902,1.71091990704,0.617195055796,0.550829996033,1.09207653641,0.311915780886
C[T>A]C,0.521388110356,1.27721162383,1.60690106143,1.00378307522,0.895849411215,1.02568152857,0.507288220808
C[T>A]G,1.26747610489,1.60647641587,3.90631979868,1.46906874196,1.31110436111,2.49339561618,0.742432590023
C[T>A]T,0.895235466304,1.42909568828,2.75908635517,0.987930854166,0.881701730062,1.76111895011,0.499276883288
G[T>A]A,0.685698512967,0.464281148422,2.11330033504,0.386532380661,0.344969759084,1.34891510748,0.195344321409
G[T>A]C,0.23297057469,0.642813189048,0.718007672814,0.349690780151,0.312089620995,0.458302769881,0.176725448033
G[T>A]G,0.755962325574,0.676442800504,2.32985110177,0.522481534384,0.466300724235,1.48713900113,0.264049807699
G[T>A]T,0.476211558891,0.611334071643,1.46766841101,0.344037114152,0.307043876071,0.936809624047,0.17386821898
T[T>A]A,0.638053790145,1.03075690484,1.96646086143,0.727344595136,0.649135498885,1.25518778389,0.36758275238
T[T>A]C,0.203812652957,0.900993801628,0.628143914031,0.690156600544,0.615946213389,0.40094292385,0.34878881963
T[T>A]G,0.353769921717,0.87671052613,1.09030729972,0.645729456087,0.576296181239,0.695940829606,0.326336391786
T[T>A]T,0.540489800274,1.27565131036,1.66577184347,0.653627801358,0.583345242072,1.06325862349,0.330328028643
A[T>C]A,1.00038298956,2.76532043105,3.08314757438,3.57614938878,3.19161719644,1.96796653684,1.80730130401
A[T>C]C,0.529563489946,1.54042282648,1.63209731328,1.30165584115,1.16169284747,1.04176424252,0.657826070257
A[T>C]G,0.9954007483,2.24602591467,3.06779247017,2.29240850461,2.04591296648,1.95816540649,1.15852902921
A[T>C]T,0.772710066359,2.192551409,2.38146708976,2.44347701463,2.18073755069,1.52008537644,1.23487548051
C[T>C]A,0.598999175647,1.75623970138,1.84609582003,1.1501995537,1.02652218233,1.17835903406,0.581283645416
C[T>C]C,0.757556406235,2.32392685018,2.3347640061,1.63295912778,1.4573721248,1.49027489751,0.825258914041
C[T>C]G,1.02334514673,2.33351258357,3.15391618992,1.72112804558,1.5360605138,2.01313799357,0.869817399381
C[T>C]T,0.924005231317,2.89933385294,2.84775382766,2.36393052274,2.10974444503,1.81771520915,1.19467456526
G[T>C]A,1.11119128307,4.02909912957,3.42465510193,1.52306283759,1.35929264,2.18595006506,0.769719928676
G[T>C]C,0.597937389457,2.3397704493,1.8428234298,1.02628714024,0.915933684298,1.17627027434,0.518661242916
G[T>C]G,0.880276794142,2.80760090203,2.71298421801,1.34661562053,1.20181824198,1.73169205405,0.680547679192
G[T>C]T,0.940651381211,3.24547435368,2.89905671586,1.36272286938,1.21619352859,1.85046173353,0.688687901731
T[T>C]A,0.724279700351,2.33277347259,2.23220628961,1.64486537886,1.46799813382,1.42481252528,0.831276051681
T[T>C]C,0.633370101924,2.1632568922,1.9520258879,1.43016283742,1.27638188716,1.245973971,0.722770466221
T[T>C]G,0.548211024237,1.69271510304,1.68956840256,1.22545290413,1.09368377466,1.07844791653,0.619314908541
T[T>C]T,0.874524179288,2.2765734208,2.69525484764,1.35576049519,1.20997979678,1.72037543467,0.685169282514
A[T>G]A,0.417016070281,0.785439272055,1.28522985595,0.438825234221,0.391639725165,0.82035948252,0.221771892563
A[T>G]C,0.178140560356,0.482291540636,0.549023366344,0.28544438892,0.254751443874,0.350440446602,0.144256841712
A[T>G]G,0.242489102219,0.576794396909,0.747343462577,0.395396832527,0.352881044084,0.477027742071,0.199824205686
A[T>G]T,0.700720464067,1.87883858488,2.15959749581,0.793823249205,0.708465910581,1.37846648669,0.401179491534
C[T>G]A,0.228361737793,0.549373689193,0.703803388608,0.181937027742,0.162373906479,0.449236205495,0.091946669934
C[T>G]C,0.367234536653,0.974266255432,1.13180480149,0.648401463707,0.578680876211,0.722428596694,0.327686761228
C[T>G]G,0.51458798042,0.986468666849,1.58594328392,0.622969826648,0.555983823783,1.01230422378,0.314834213467
C[T>G]T,2.00073327545,5.05166274855,6.16619435711,3.16319452588,2.82306608224,3.93586873858,1.59860368512
G[T>G]A,0.15719580708,0.238205997788,0.48447232346,0.0757602395092,0.0676139771964,0.309237653272,0.0382874328703
G[T>G]C,0.0605814057231,0.259860572356,0.186709906163,0.245008895328,0.218663852819,0.119176535849,0.123821699789
G[T>G]G,0.271566563137,0.734532953765,0.836959243765,0.206173764875,0.184004542846,0.534229304531,0.104195343539
G[T>G]T,0.585521741252,1.58138736665,1.80455880911,0.886969862603,0.791596759098,1.15184604837,0.448253586477
T[T>G]A,0.542746569321,1.20996634114,1.67272713168,0.629219475487,0.56156146737,1.06769816916,0.317992638149
T[T>G]C,0.296501203707,0.854015035141,0.913806988473,0.474160865737,0.42317582641,0.583281056472,0.239629684835
T[T>G]G,0.340984635773,0.737961046421,1.05090346763,0.397152034753,0.354447514887,0.670789447423,0.20071124337
T[T>G]T,1.98104289502,4.4800181911,6.10550925021,1.43649654212,1.28203454834,3.89713356396,0.725971370748
