,1,3,2,5,4,7,6
A[C>A]A,0.928140683319,2.0643352154,1.25748092579,0.54653460377,0.695530881586,4.07623725312,4.46336593079
A[C>A]C,0.797323423345,1.69536164103,1.08024463808,0.494604270087,0.413977072811,3.6889235144,4.03926820571
A[C>A]G,0.141818184875,0.437579631258,0.192140766605,0.0451550477397,0.0815857712306,0.336781397725,0.368766223207
A[C>A]T,0.751024450969,2.6444345043,1.01751699809,0.514057651777,0.415245856499,3.83401331951,4.19813748951
C[C>A]A,0.939297015853,2.14813391627,1.27259595696,0.527667840405,1.10334813234,3.93552264302,4.3092873633
C[C>A]C,0.666618257146,1.50127432151,0.903160219359,0.460810140531,0.61691564244,3.43687563146,3.76328281433
C[C>A]G,0.127747820645,0.466918814146,0.173077692487,0.0390887428068,0.185740769249,0.291536873434,0.319224732922
C[C>A]T,0.952423464499,8.41790706358,1.29038017771,0.640480513911,0.908482674358,4.77691716626,5.23059086361
G[C>A]A,0.793800431079,2.51013736116,1.07547155178,0.374306592917,1.12521182102,2.79170333884,3.05683717549
G[C>A]C,0.771501173274,2.62240999501,1.04525965411,0.277442685197,0.406227632788,2.0692600271,2.26578192911
G[C>A]G,0.171307872206,0.515116712305,0.232094536537,0.0307598131399,0.135657132331,0.229416939669,0.251205140643
G[C>A]T,0.769052229474,5.83944386881,1.04194173026,0.438738918119,0.767971089914,3.27226109763,3.58303449797
T[C>A]A,0.685734064089,2.46716248105,0.929059054573,0.415726396582,0.864602175261,3.10062604117,3.39509890542
T[C>A]C,0.676567879082,2.37431264552,0.916640352304,0.320224453365,0.732833510704,2.38834071468,2.61516636915
T[C>A]G,0.107615967117,0.45456591338,0.145802278029,0.0397997201199,0.173860299482,0.296839579227,0.325031047645
T[C>A]T,1.03931177097,10.3754903197,1.40809981874,0.648961696986,1.27404043818,4.84017265668,5.29985385872
A[C>G]A,0.240381775974,0.422529724594,0.325678535191,0.14153299173,0.120257910567,1.05560022999,1.1558527658
A[C>G]C,0.123015422424,0.203145021081,0.166666056187,0.0698343321922,0.0794303206721,0.5208477276,0.570313712903
A[C>G]G,0.0165398990431,0.0110942790029,0.0224088954777,0.0106003399347,0.0313408508672,0.0790608686794,0.0865694427998
A[C>G]T,0.218029139537,0.356605720772,0.295394318082,0.139179871766,0.142625587596,1.03804987692,1.13663561942
C[C>G]A,0.196485935423,0.258739315801,0.266206751218,0.108670291358,0.103072835545,0.810499256378,0.88747404609
C[C>G]C,0.185236797587,0.18115562825,0.250965983827,0.0991773412244,0.132098037854,0.739697669965,0.809948286666
C[C>G]G,0.0476221497915,0.106525017341,0.0645203319756,0.0137539097785,0.0885736188598,0.102581243764,0.112323596524
C[C>G]T,0.196189586425,0.281594353851,0.265805246124,0.116875227156,0.172081772819,0.871694402538,0.954481021773
G[C>G]A,0.11481118381,0.125173732994,0.155550636129,0.0696424267834,0.0695792069152,0.519416433093,0.568746485398
G[C>G]C,0.124726374205,0.179378637982,0.168984119891,0.0519056325684,0.0944821005878,0.387129509572,0.423895999308
G[C>G]G,0.0218080133453,0.00223341332704,0.0295463406613,0.00885198414503,0.0258752860844,0.066021048415,0.0722912038511
G[C>G]T,0.140461954605,0.335115701027,0.190303293336,0.0906816554407,0.0870625031697,0.676334013495,0.740566852766
T[C>G]A,0.174931474407,2.32304455671,0.237003933067,0.0749181259643,0.217612356975,0.558764356151,0.611831362042
T[C>G]C,0.157092270796,0.697264984946,0.212834689466,0.0699853798244,0.206453433157,0.521974291191,0.571547268566
T[C>G]G,0.0211046845169,0.08261808834,0.028593443539,0.00431024730973,0.0409326628031,0.0321472611851,0.0352003530295
T[C>G]T,0.298563074057,3.02934775034,0.404504810013,0.133465986906,0.394536627462,0.995433819004,1.0899722264
A[C>T]A,0.69723539626,2.59014898374,0.94464150461,0.430428089055,0.444132529378,3.2102761642,3.51516272728
A[C>T]C,1.1738739533,3.22039584488,1.59040987222,0.36931286469,1.22529599643,2.75445844914,3.01605506163
A[C>T]G,0.894654979772,4.25936799598,1.2121131984,0.495524175708,0.642405862042,3.69578447715,4.04678076828
A[C>T]T,0.863571270206,2.62755413068,1.16999978544,0.450068971686,0.563999652994,3.35676441382,3.67556326877
C[C>T]A,1.97239514372,1.72317128696,2.67227729149,0.335491753245,4.02794279646,2.50220932629,2.73984931817
C[C>T]C,2.83428058257,2.77424867533,3.83999304736,0.598377604603,5.07246037447,4.46289963433,4.88675043759
C[C>T]G,0.950367959307,2.91270155715,1.28759529971,0.300778730651,1.51423275382,2.24330803277,2.45635963365
C[C>T]T,2.40465747677,2.49828152186,3.25792303305,0.819329623515,4.21498999608,6.11083344205,6.69119192537
G[C>T]A,0.53829458726,4.19043819741,0.72930234403,0.394668882904,0.515463436582,2.943572085,3.22312921039
G[C>T]C,1.33252852176,5.28369142951,1.80536122303,0.825401190557,1.88620739525,6.1561172129,6.74077638955
G[C>T]G,0.826071273786,6.86198453181,1.11919333868,0.708624496698,0.98970730119,5.28515770454,5.78710005636
G[C>T]T,1.01893054564,4.45160798369,1.3804865457,0.700209665152,1.43978255206,5.22239708592,5.71837893207
T[C>T]A,2.95458643136,3.80504050897,4.0029880683,0.239408297089,7.12993782735,1.78558688246,1.95516775956
T[C>T]C,6.62490689589,4.10450911946,8.97568031056,0.283457829865,13.8160992746,2.11412298108,2.31490561057
T[C>T]G,2.34810945037,5.16909258212,3.18130957792,0.181714292827,4.96930034087,1.35528576733,1.48400005808
T[C>T]T,2.50164442024,4.55036965824,3.38932469839,0.336974104648,4.83778015609,2.51326519717,2.75195518796
A[T>A]A,0.522785089508,2.2671401366,0.708289476108,0.218294244929,1.24535401307,1.62811124343,1.78273633359
A[T>A]C,0.405353229123,0.430882935182,0.549188245908,0.217695102662,0.563578337939,1.62364264069,1.7778433384
A[T>A]G,0.33767982207,0.379102875343,0.457501694417,0.21300204654,1.24908926194,1.58864026378,1.73951671341
A[T>A]T,0.604489197272,0.712974206748,0.818985364046,0.378049392175,0.647672774294,2.81961838331,3.08740336943
C[T>A]A,0.65603957489,4.55459033457,0.888827811142,0.210761764917,2.03547933716,1.57193149667,1.72122108016
C[T>A]C,0.470007793514,0.604057918604,0.636784752503,0.304599599695,1.21263428696,2.27180534773,2.48756339751
C[T>A]G,0.616600004951,0.502685096685,0.835393555094,0.332286674099,3.56625265139,2.47830477766,2.71367450514
C[T>A]T,0.660300480466,0.638966325191,0.894600650953,0.455352981784,1.29663299874,3.39617432247,3.7187160179
G[T>A]A,0.409799216688,1.60593378346,0.555211841965,0.163571391028,1.10725249088,1.21996995809,1.33583302673
G[T>A]C,0.231253973837,0.320184394081,0.313311835521,0.135042585101,0.332994489578,1.00719261388,1.10284777833
G[T>A]G,0.34495305405,0.19808346933,0.467355750648,0.190438168872,0.924176632694,1.42035134283,1.55524504579
G[T>A]T,0.425127782849,0.215853320526,0.575979576763,0.292435486119,0.394105742771,2.18108133397,2.38822313664
T[T>A]A,0.446633936362,1.26044803563,0.605116946039,0.244190150124,0.915298404878,1.82125153634,1.99421955934
T[T>A]C,0.328751565223,0.366809511019,0.445405346431,0.190612007927,0.733901986245,1.42164789246,1.5566647314
T[T>A]G,0.247492586965,0.404907638655,0.335312537178,0.139425941405,1.22036073156,1.03988514632,1.13864518814
T[T>A]T,0.640881633878,0.549160060275,0.868291245899,0.415577939997,0.892332862129,3.09951880248,3.39388650997
A[T>C]A,0.966754737112,2.265349193,1.3097967406,0.346520059955,1.35445956883,2.58446211383,2.82991382296
A[T>C]C,0.431401154917,1.06577338673,0.584478984082,0.188502054229,0.639441305636,1.40591115446,1.53943344287
A[T>C]G,0.732258386333,1.64801513904,0.99209200729,0.28125338917,1.1219741209,2.09768152756,2.29690267822
A[T>C]T,0.868559056979,1.77666764621,1.17675743204,0.382123318747,0.866635471597,2.85000308565,3.12067376977
C[T>C]A,0.427239742861,0.728172598586,0.578840941941,0.143843145831,0.883517177461,1.07283012932,1.17471902428
C[T>C]C,0.458030405097,1.16098052651,0.620557323035,0.271738608315,0.838642594638,2.02671712035,2.21919863457
C[T>C]G,0.536194428969,1.13698084567,0.726456968281,0.257130548539,1.14785491389,1.91776534119,2.09989947974
C[T>C]T,0.551677932985,1.61271892971,0.747434618882,0.338500859565,0.804608770682,2.52465224425,2.76442368645
G[T>C]A,0.994011202401,1.61409024195,1.34672485487,0.206163106731,1.85284279734,1.53763317103,1.68366537164
G[T>C]C,0.545566755953,1.61267537405,0.739154959678,0.232279092636,0.942413720681,1.73241489924,1.89694592319
G[T>C]G,0.602773645775,1.40560421554,0.816661068469,0.188815748297,1.09178745342,1.40825078939,1.54199527776
G[T>C]T,0.910611348899,1.76079095249,1.23373150496,0.217094008303,1.54198252689,1.6191594786,1.77293440114
T[T>C]A,0.511399625362,1.22714673944,0.692864008554,0.14217897145,0.960150329188,1.06041816206,1.16112826684
T[T>C]C,0.501018197643,1.29637565505,0.67879884842,0.166070464271,0.983975671874,1.23860887935,1.35624212488
T[T>C]G,0.300387021659,0.924855922889,0.406975964829,0.0934633691731,0.674942365298,0.69708096175,0.763284181581
T[T>C]T,0.513340171636,1.35589398145,0.695493135766,0.207860742455,0.785221716245,1.55029470415,1.69752939672
A[T>G]A,0.112370152191,0.684941936143,0.152243432001,0.0659092065505,0.0869960125497,0.491572832189,0.538258520163
A[T>G]C,0.0420872255038,0.387409469631,0.0570214022954,0.0221915943812,0.109367516642,0.165512308093,0.181231354113
A[T>G]G,0.200872288223,0.34180912698,0.272149551785,0.112355235472,0.167987723782,0.837982797898,0.917567756357
A[T>G]T,0.105462704913,1.11537912945,0.142884955044,0.0934533465369,0.479534236442,0.697006209588,0.763202330051
C[T>G]A,0.0467204082794,0.434462305444,0.0632986176689,0.0331435755746,0.0822968009119,0.247195834494,0.270672533859
C[T>G]C,0.123800997523,0.476710534513,0.167730383741,0.0748873445478,0.316177049086,0.558534778085,0.611579980473
C[T>G]G,0.237704524323,0.550377952716,0.322051291018,0.142122992909,0.352163225882,1.06000065545,1.16067110876
C[T>G]T,0.269240606399,2.74277574895,0.364777595767,0.438726014163,0.820960957885,3.27216485563,3.58292911566
G[T>G]A,0.0401284565763,0.127775584663,0.0543675863292,0.0202386950937,0.0131445641605,0.150946934241,0.165282676599
G[T>G]C,0.0401430364169,0.23796594779,0.0543873396617,0.0277411472591,0.0367459363644,0.206902723307,0.226552702616
G[T>G]G,0.202575971455,0.364940696756,0.274457767777,0.11786773878,0.256191791355,0.879096885069,0.962586533371
G[T>G]T,0.21417060141,1.01255092275,0.290166621265,0.212442254551,0.39175507296,1.58446514853,1.73494507884
T[T>G]A,0.0679399846288,1.08935832901,0.09204772111,0.0315397054314,0.0948974085002,0.235233636343,0.257574261023
T[T>G]C,0.108568305565,0.553359211048,0.147092543024,0.053884560665,0.272587464574,0.40188901496,0.440057245431
T[T>G]G,0.192947524038,0.345810283935,0.261412774504,0.105463564198,0.21110275353,0.786582416312,0.861285774285
T[T>G]T,0.263501144278,2.77774709132,0.357001550312,0.195644654462,1.28353972074,1.45918304786,1.5977646781
