,1,3,2,5,4,7,6
A[C>A]A,1.09424211403,1.91799741335,1.89340770292,1.91799741335,0.528678774192,1.65980545386,0.307371380344
A[C>A]C,0.870064266702,1.52505646748,1.50550446149,1.52505646748,0.420368128856,1.31976040455,0.244400074916
A[C>A]G,0.30689061827,0.537920634271,0.531024215883,0.537920634271,0.148272995344,0.465508241196,0.0862052298511
A[C>A]T,0.512756236824,0.898763740949,0.887241128886,0.898763740949,0.247736159364,0.777776314283,0.144032650793
C[C>A]A,1.07242817884,1.87976175168,1.85566224204,1.87976175168,0.518139457194,1.62671690049,0.301243870462
C[C>A]C,0.818099142047,1.43397152988,1.4155872795,1.43397152988,0.395261383236,1.24093690086,0.229803129789
C[C>A]G,0.374059268025,0.655654447325,0.647248621077,0.655654447325,0.180725264327,0.567393271723,0.105072828097
C[C>A]T,1.46753114631,2.57230178455,2.53932355654,2.57230178455,0.709031902152,2.22603039048,0.412227850088
G[C>A]A,1.44493315523,2.53269182265,2.50022141466,2.53269182265,0.698113771627,2.19175253883,0.405880099783
G[C>A]C,1.40253373682,2.45837374094,2.42685612887,2.45837374094,0.677628659361,2.12743881427,0.393970150791
G[C>A]G,0.292577563593,0.512832583376,0.506257806666,0.512832583376,0.141357699264,0.443797427922,0.0821847088744
G[C>A]T,1.27607646113,2.23671829142,2.20804241589,2.23671829142,0.616531323917,1.93562159834,0.358448444138
T[C>A]A,0.714106952905,1.25169308599,1.23564573873,1.25169308599,0.34501796601,1.0831959398,0.200591840704
T[C>A]C,0.702454325388,1.23126825574,1.21548276528,1.23126825574,0.339388044851,1.06552060593,0.197318630727
T[C>A]G,0.263014666523,0.461014471658,0.455104029714,0.461014471658,0.127074501803,0.398954831243,0.0738805243042
T[C>A]T,1.04100966164,1.82469109231,1.80129761677,1.82469109231,0.502959724163,1.57905959912,0.292418444281
A[C>G]A,0.208043927907,0.364661266893,0.359986122446,0.364661266893,0.100515605618,0.315572250196,0.0584393055919
A[C>G]C,0.103587642125,0.181569350241,0.179241538058,0.181569350241,0.0500479619254,0.157127322324,0.0290976522822
A[C>G]G,0.155268775821,0.272156505934,0.26866731996,0.272156505934,0.0750174984304,0.235520053212,0.0436148246689
A[C>G]T,0.131747629538,0.230928429303,0.227967808414,0.230928429303,0.0636533491027,0.199841909974,0.0370077611062
C[C>G]A,0.106879314155,0.187339022563,0.184937240223,0.187339022563,0.0516383203219,0.162120307987,0.0300222792569
C[C>G]C,0.0746209691127,0.130796305411,0.129119429701,0.130796305411,0.0360528277736,0.113189110452,0.02096094638
C[C>G]G,0.125942834905,0.220753733093,0.217923557027,0.220753733093,0.0608487854037,0.191036884407,0.0353772008161
C[C>G]T,0.0661341795777,0.115920584428,0.11443442309,0.115920584428,0.0319524687847,0.100315890371,0.0185770167353
G[C>G]A,0.281119607374,0.492748974722,0.486431680175,0.492748974722,0.135821832776,0.426417381971,0.0789661818465
G[C>G]C,0.268314939501,0.470304837777,0.464275288575,0.470304837777,0.129635307849,0.406994571153,0.0753693650284
G[C>G]G,0.0524764560518,0.091981203866,0.0908019576626,0.091981203866,0.0253537933733,0.0795991187302,0.0147405775426
G[C>G]T,0.127573296102,0.223611620133,0.22074480449,0.223611620133,0.0616365363187,0.193510055884,0.0358351955341
T[C>G]A,0.347168725795,0.608520463192,0.600718918792,0.608520463192,0.167733204598,0.526604246993,0.0975193049987
T[C>G]C,0.0830589564188,0.145586485408,0.143719992006,0.145586485408,0.0401296081574,0.12598830468,0.0233311675334
T[C>G]G,0.0802939212687,0.140739906943,0.138935549162,0.140739906943,0.0387936922984,0.121794150239,0.0225544722665
T[C>G]T,0.575769129288,1.00921330527,0.99627467315,1.00921330527,0.278180590555,0.873357668021,0.161732901485
A[C>T]A,2.76565823033,4.84767060597,4.78552098281,4.84767060597,1.3362168978,4.19509956286,0.776870289418
A[C>T]C,2.26004916492,3.96143449132,3.91064686964,3.96143449132,1.0919338662,3.42816446365,0.634845271046
A[C>T]G,2.03910982556,3.57417003133,3.52834733862,3.57417003133,0.98518789325,3.09303175788,0.572783658866
A[C>T]T,1.12253166547,1.96758359341,1.94235816272,1.96758359341,0.542346759721,1.70271657122,0.315317883559
C[C>T]A,2.93336508711,5.14162869201,5.07571037544,5.14162869201,1.41724380613,4.44948636808,0.823978957052
C[C>T]C,2.67724100361,4.69269209622,4.63252937704,4.69269209622,1.29349846242,4.0609835448,0.752033989779
C[C>T]G,1.6123487786,2.82613943216,2.78990687534,2.82613943216,0.778999971685,2.44569758552,0.452906960282
C[C>T]T,1.83043730596,3.20840696326,3.16727354066,3.20840696326,0.884368586027,2.7765060259,0.514167782574
G[C>T]A,2.561588859,4.48997597757,4.43241218298,4.48997597757,1.23762158356,3.88555613443,0.719547432303
G[C>T]C,2.80375937569,4.91445463605,4.85144880738,4.91445463605,1.35462531635,4.25289343504,0.787572858341
G[C>T]G,1.71948327855,3.01392574667,2.97528567299,3.01392574667,0.830761584018,2.60820497308,0.48300092094
G[C>T]T,1.61713264017,2.83452462772,2.79818456839,2.83452462772,0.781311275588,2.45295400475,0.454250741621
T[C>T]A,6.07731772758,10.6523771405,10.5158082028,10.6523771405,2.93623216051,9.21840329464,1.70711172123
T[C>T]C,3.71793964831,6.51683803523,6.43328882965,6.51683803523,1.79630791997,5.63957137665,1.04436506975
T[C>T]G,1.48364809161,2.60055171113,2.56721130458,2.60055171113,0.716818740889,2.25047744233,0.416755081912
T[C>T]T,3.49968558973,6.13428035953,6.05563573954,6.13428035953,1.69085932987,5.3085118496,0.983057749925
A[T>A]A,1.16609639654,2.04394424562,2.01773983222,2.04394424562,0.563394888216,1.76879790486,0.327555167568
A[T>A]C,0.379233274311,0.66472349205,0.656201395998,0.66472349205,0.183225065116,0.575241483505,0.106526200649
A[T>A]G,0.711454129644,1.24704319353,1.23105546028,1.24704319353,0.343736264884,1.0791719944,0.19984666563
A[T>A]T,0.707935090814,1.24087499064,1.22496633691,1.24087499064,0.342036055112,1.07383412651,0.198858171577
C[T>A]A,1.90042590495,3.33108360867,3.28837740856,3.33108360867,0.918183302391,2.88266850751,0.53382750139
C[T>A]C,0.707709969885,1.24048039665,1.22457680182,1.24048039665,0.341927288821,1.07349265095,0.198794935361
C[T>A]G,1.60032136373,2.80505767126,2.76909539343,2.80505767126,0.773188973489,2.42745375398,0.449528472959
C[T>A]T,0.572418627543,1.00334051569,0.990477175748,1.00334051569,0.276561808813,0.868275446273,0.16079174931
G[T>A]A,0.919622501171,1.61192258632,1.59125691214,1.61192258632,0.444311994948,1.39493300739,0.258320927295
G[T>A]C,0.264115317114,0.462943701907,0.457008526242,0.462943701907,0.127606276808,0.40062435742,0.0741896958185
G[T>A]G,0.553047251993,0.969386194505,0.95695816637,0.969386194505,0.267202604896,0.838891899091,0.155350351684
G[T>A]T,0.389664154869,0.683006833253,0.674250335391,0.683006833253,0.188264704038,0.5910636057,0.109456223278
T[T>A]A,0.855215181854,1.49902885808,1.47981053939,1.49902885808,0.413193851907,1.2972365118,0.240228983667
T[T>A]C,0.541920087657,0.949882400837,0.937704421339,0.949882400837,0.261826559205,0.822013616109,0.152224743724
T[T>A]G,0.610431589569,1.06996997722,1.05625241341,1.06996997722,0.294927621926,0.925935557211,0.171469547632
T[T>A]T,0.364901782234,0.639603123916,0.631403083866,0.639603123916,0.176300861079,0.553502703389,0.102500500628
A[T>C]A,1.07640980635,1.88674078417,1.86255179976,1.88674078417,0.520063164867,1.63275644784,0.302362305155
A[T>C]C,0.944215794597,1.6550299321,1.63381159964,1.6550299321,0.456194147951,1.43223744124,0.265229155786
A[T>C]G,1.57343915027,2.75793828586,2.72258010271,2.75793828586,0.76020093777,2.38667736277,0.441977289401
A[T>C]T,0.630331751416,1.10485115979,1.09068640133,1.10485115979,0.304542306864,0.956121195969,0.177059480735
C[T>C]A,0.583459307991,1.02269271962,1.0095812745,1.02269271962,0.281896070153,0.885022545828,0.163893064042
C[T>C]C,0.719243739202,1.26069689119,1.24453411053,1.26069689119,0.347499784109,1.0909876943,0.202034758203
C[T>C]G,1.22229330284,2.14244668813,2.1149794229,2.14244668813,0.590546202498,1.85404040319,0.343340815406
C[T>C]T,0.645522386734,1.13147744192,1.11697132087,1.13147744192,0.311881602579,0.979163170889,0.181326513128
G[T>C]A,0.941089205533,1.64954961869,1.62840154665,1.64954961869,0.454683548741,1.42749486233,0.264350900431
G[T>C]C,0.815740535693,1.42983734346,1.41150609547,1.42983734346,0.394121831852,1.23735923953,0.229140599914
G[T>C]G,1.08440845181,1.90076088182,1.87639215257,1.90076088182,0.523927678964,1.64488922465,0.304609115677
G[T>C]T,1.0185748098,1.78536708235,1.76247776079,1.78536708235,0.492120413726,1.54502920588,0.286116519608
T[T>C]A,0.892735202818,1.56479428808,1.54473282285,1.56479428808,0.431321502485,1.35414890315,0.250768315398
T[T>C]C,0.908155329521,1.59182282478,1.57141483985,1.59182282478,0.438771676061,1.37753898298,0.255099811663
T[T>C]G,0.815850912217,1.43003081242,1.41169708406,1.43003081242,0.394175159835,1.2375266646,0.229171604555
T[T>C]T,0.675961390739,1.18483120174,1.16964105813,1.18483120174,0.32658808766,1.02533469382,0.189876795151
A[T>G]A,0.305288663623,0.535112713765,0.528252294358,0.535112713765,0.147499017256,0.463078309989,0.0857552425906
A[T>G]C,0.115381489423,0.202241711798,0.199648869339,0.202241711798,0.0557461128674,0.175016865979,0.0324105307368
A[T>G]G,0.305196331085,0.534950872464,0.528092527946,0.534950872464,0.147454407154,0.462938255017,0.0857293064847
A[T>G]T,0.408529083008,0.716073448867,0.706893020036,0.716073448867,0.19737921988,0.619678946135,0.114755360395
C[T>G]A,0.24180222358,0.423833110995,0.418399353162,0.423833110995,0.116825793415,0.366778653746,0.0679219729158
C[T>G]C,0.341747120536,0.599017424759,0.591337714185,0.599017424759,0.165113777337,0.518380463734,0.0959963821729
C[T>G]G,0.505296911992,0.885688969333,0.874333982547,0.885688969333,0.244132215906,0.766461608077,0.141937334829
C[T>G]T,0.583163354646,1.02217396994,1.00906917545,1.02217396994,0.281753081458,0.884573627833,0.16380993108
G[T>G]A,0.133400241289,0.233825142035,0.230827383804,0.233825142035,0.0644518019713,0.202348680607,0.0374719778903
G[T>G]C,0.0904654827374,0.158568711315,0.156535779119,0.158568711315,0.0437080422215,0.137222923253,0.0254116524543
G[T>G]G,0.256892477009,0.450283442847,0.444510578195,0.450283442847,0.124116590015,0.389668364002,0.0721608081485
G[T>G]T,0.434104616172,0.76090247329,0.751147313376,0.76090247329,0.20973593815,0.658473294193,0.121939498925
T[T>G]A,0.453732736518,0.795306819066,0.785110577796,0.795306819066,0.219219187307,0.68824628573,0.127453015876
T[T>G]C,0.199158504792,0.349086817388,0.344611345371,0.349086817388,0.0962226483827,0.302094361202,0.0559434002225
T[T>G]G,0.356426968972,0.624748395052,0.616738800244,0.624748395052,0.17220628838,0.540647649564,0.100119935104
T[T>G]T,0.315396021731,0.55282898191,0.54574143086,0.55282898191,0.152382347578,0.478409695884,0.0885943881267
