,1,3,2,5,4,7,6
A[C>A]A,0.863994538856,0.826331817099,1.66405885198,1.10463726813,0.161825841829,1.13981679897,0.91466780164
A[C>A]C,0.588067443906,0.842985792016,1.09236939703,0.889582340038,0.130320979751,0.91791298781,0.73659684207
A[C>A]G,0.345608072941,0.163320419428,0.388043819441,0.182791774558,0.0267784128334,0.188613168652,0.15135624645
A[C>A]T,0.707587138789,0.710672597922,1.63431415984,0.636265885486,0.0932109258992,0.656529130247,0.526844363778
C[C>A]A,1.36599741904,1.48404872818,2.75255273602,1.21301786386,0.177703253941,1.25164900602,1.00440969619
C[C>A]C,0.79310554947,1.70611534386,1.60430505818,1.00976069268,0.14792672568,1.04191867653,0.83610757993
C[C>A]G,0.438124259811,0.553091824306,0.622757612108,0.303940216222,0.0445262737141,0.313619840943,0.251670242732
C[C>A]T,0.612477927653,4.54703919415,3.45439939001,1.74595755367,0.255777221238,1.80156129742,1.44569733743
G[C>A]A,1.39205864453,1.1389396168,2.61530033302,1.16438457917,0.170578632618,1.20146689061,0.964140097404
G[C>A]C,1.93531656748,1.51269115643,2.26155503181,1.11637884111,0.163545944877,1.15193230739,0.924390123216
G[C>A]G,0.792512784611,0.325350963288,0.796091988524,0.189940529404,0.0278256826515,0.195989590849,0.157275597595
G[C>A]T,1.11012838774,2.35484730544,2.98155326955,1.04137497158,0.152558116856,1.07453977959,0.862285008315
T[C>A]A,1.08029709788,0.834116835886,2.11833817814,1.72583132818,0.2528287933,1.78079410933,1.42903230996
T[C>A]C,1.42895850798,1.00955321138,2.20204602187,0.870045755325,0.127458932309,0.897754218871,0.72042005218
T[C>A]G,0.37916442218,0.285740016422,0.442078582841,0.221674735094,0.0324746427208,0.228734440034,0.183552328422
T[C>A]T,1.23443909518,1.82438650076,5.28598253965,4.14800703165,0.607669819923,4.28010916642,3.43465550391
A[C>G]A,0.456680994417,0.190892372365,0.456951719938,0.346648982831,0.0507829720071,0.357688759354,0.287034189605
A[C>G]C,0.313724042546,0.192356077045,0.280438301201,0.153612786327,0.0225037839842,0.15850491328,0.12719530078
A[C>G]G,0.0407277202047,0.0659495782018,0.0468603134521,0.0710547402781,0.0104092931618,0.0733176300958,0.0588351352621
A[C>G]T,0.348631304475,0.196058690022,0.354638534639,0.284522314757,0.0416816129899,0.293583534972,0.235591725595
C[C>G]A,0.417689662087,0.242417942148,0.405542222752,0.150036068563,0.0219798062225,0.154814287307,0.124233687345
C[C>G]C,0.410493672929,0.101568610247,0.428425889994,0.169999821576,0.0249044324601,0.175413828632,0.14076418347
C[C>G]G,0.0852003808182,0.0883487963462,0.0886048720564,0.0908932057967,0.0133155651804,0.0937878938794,0.0752618901502
C[C>G]T,0.404827812128,0.104815517362,0.430678623871,0.286287027515,0.0419401377888,0.295404448773,0.237052952719
G[C>G]A,0.236448959894,0.234060967982,0.205617161888,0.167815467802,0.0245844315888,0.173159909452,0.138955482893
G[C>G]C,0.269035846491,0.260116218353,0.247328677049,0.202821789886,0.029712746289,0.209281082558,0.16794160946
G[C>G]G,0.0995450199644,0.0320345358067,0.0902798032276,0.0352231739956,0.00516008281465,0.0363449311292,0.0291656854741
G[C>G]T,0.246434086668,0.307914295165,0.241397424315,0.239658096472,0.0351091478908,0.247290519926,0.198443009817
T[C>G]A,0.776637494209,0.177975737163,1.10984760841,1.24159641431,0.181889920567,1.28113770139,1.02807346408
T[C>G]C,0.343462973364,0.278458971471,0.535974642764,0.319496331761,0.0468051950988,0.329671374174,0.264551102732
T[C>G]G,0.0751706998276,0.0307330694119,0.0742279505632,0.0978376318531,0.0143329014817,0.100953480001,0.0810120518529
T[C>G]T,1.3769621676,0.23170255833,1.29736360253,1.87415749293,0.27455810406,1.93384403729,1.55185015338
A[C>T]A,1.75844633569,3.00378806881,1.43405237581,2.03580450838,0.298238877024,2.10063904686,1.68569800057
A[C>T]C,2.94300707148,3.29702800291,1.20350470811,2.33347038125,0.341845979419,2.4077847246,1.93217292715
A[C>T]G,1.14253248269,5.48475787439,1.60714680999,2.25826633377,0.330828825967,2.33018564377,1.86990205981
A[C>T]T,2.0134972351,1.8132847099,1.21228694542,1.52530601924,0.223452474156,1.57388264405,1.26299224523
C[C>T]A,2.64830368643,4.4730143945,1.28902653306,2.58787091675,0.379114847677,2.67028718799,2.14282305209
C[C>T]C,3.9467883278,5.71874963721,1.40261585239,3.59777564749,0.527062674474,3.71235448977,2.9790498992
C[C>T]G,1.38174873306,4.7401487373,1.3452015926,1.91631934492,0.280734681103,1.97734862342,1.58676124102
C[C>T]T,2.90232270324,4.33053027184,1.87507785643,2.85721716214,0.418573214836,2.94821133928,2.36584860559
G[C>T]A,1.67899143992,4.94405781746,2.0548681302,2.0117191859,0.294710453985,2.07578667589,1.66575473991
G[C>T]C,2.91484487377,9.22009967223,2.58379783937,2.90823760905,0.426047547822,3.00085664118,2.40809483552
G[C>T]G,0.970204941503,8.70028432306,2.65216504956,1.62197887522,0.237614739681,1.67363425341,1.34303983298
G[C>T]T,1.87777193506,5.83616769087,2.24665140832,2.3252295627,0.340638725746,2.3992814596,1.92534931943
T[C>T]A,8.00765923974,6.14814295618,2.15086530296,7.09445212906,1.03931464311,7.32039009496,5.87438711324
T[C>T]C,5.96331684797,11.5873477495,1.54973113439,4.34534632126,0.636579397382,4.48373314678,3.59805746346
T[C>T]G,1.8077819783,5.64955532382,2.16883107111,3.23312495092,0.473642508734,3.33609071369,2.67710983198
T[C>T]T,6.52348778461,4.68993709729,1.70655953423,5.15989739203,0.755908535139,5.32422533446,4.27252650296
A[T>A]A,1.19606893313,5.59801709523,1.30693262279,3.52108719538,0.51582806047,3.63322373026,2.915549907
A[T>A]C,0.595173956851,0.805701234788,0.519995013917,0.979028106798,0.143424499722,1.01020734587,0.81066021582
A[T>A]G,1.28878964514,0.251574589892,0.884767948007,4.5523097778,0.666898884645,4.6972877962,3.76942847843
A[T>A]T,0.666322750868,0.948612834747,0.694527838311,1.67435119986,0.245287118451,1.72767448648,1.38640545212
C[T>A]A,1.98364137632,12.3373856701,2.14496636029,5.64540554311,0.827033933067,5.82519552856,4.67453962168
C[T>A]C,1.97766243885,0.58127303296,0.993282725616,3.64374086371,0.533796432263,3.75978356637,3.01711026931
C[T>A]G,3.5513823162,0.452656788332,1.90289139812,13.4861294165,1.97567501007,13.9156239839,11.1668587525
C[T>A]T,2.68766441012,0.426397953964,1.13863114932,4.1034497765,0.601142323946,4.2341328904,3.39776096143
G[T>A]A,1.05385471358,4.1175601945,1.01730227479,3.497843642,0.512422953923,3.60923993633,2.89630365261
G[T>A]C,0.545773965017,0.419265854756,0.436522402974,0.746214995913,0.10931812042,0.7699798047,0.617885028463
G[T>A]G,1.00632237648,0.280335850372,0.585117926628,3.28379095206,0.481064916545,3.38837028175,2.71906257177
G[T>A]T,0.480397521124,0.352989554069,0.497400110822,0.906663276439,0.132823282536,0.935537903077,0.750740292592
T[T>A]A,0.859802487712,2.20572590674,0.902980432436,3.26557623501,0.478396518504,3.36957547816,2.70398032198
T[T>A]C,1.06207855273,0.284011304593,0.853370357122,1.81124605032,0.265341778072,1.86892904555,1.49975787606
T[T>A]G,1.293043776,0.1153906888,0.831743557632,4.80632367883,0.704111112185,4.95939131191,3.97975846018
T[T>A]T,1.17083195743,0.400226534242,0.884815426142,1.97859645354,0.28985807918,2.04160907944,1.63832827363
A[T>C]A,1.60946337275,1.57857249247,1.82964556246,2.11773722112,0.310241758507,2.18518108166,1.75354037417
A[T>C]C,1.08515473559,1.24175253703,1.16875780444,0.753684912528,0.110412439415,0.777687616748,0.624070309736
A[T>C]G,1.26787151042,2.55057152055,1.78077670293,1.53292130822,0.22456808974,1.58174045817,1.26929789853
A[T>C]T,1.12510502133,0.920150736143,1.27438518718,1.16191076411,0.170216226589,1.19891429163,0.962091715502
C[T>C]A,1.44667672256,1.04884367071,1.05690282973,0.846230785696,0.123970115102,0.873180810718,0.700700650576
C[T>C]C,3.47171446695,1.20451061568,1.50809734262,0.656133100456,0.0961214096209,0.677029059069,0.543294923944
C[T>C]G,2.86812954381,3.17310871038,1.52134813542,1.19622387808,0.175242988508,1.23432017992,0.990503848088
C[T>C]T,5.06512781944,1.03752752912,1.36902594713,1.08820184219,0.15941810427,1.12285795181,0.901058850221
G[T>C]A,1.24982526115,2.51264033239,2.04409179529,0.708014425445,0.103721858505,0.730562655554,0.586253982852
G[T>C]C,1.28165286759,2.68720994811,1.34436198249,0.549085097256,0.0804392180693,0.566571883793,0.454656449957
G[T>C]G,1.24691202702,2.39950017327,1.58359943836,0.785098802309,0.115014474224,0.810101948879,0.650081810829
G[T>C]T,1.30268809453,2.01755484338,1.69355624931,0.87027951762,0.12749317774,0.897995425824,0.720613613316
T[T>C]A,1.13283425333,1.10070726924,1.57370253521,0.944024431703,0.138296572797,0.974088904051,0.781676281028
T[T>C]C,1.91163818665,1.36517466863,1.34612714408,0.766370589983,0.112270850762,0.79077729667,0.634574373871
T[T>C]G,1.2134581906,1.35485578978,1.09323490189,0.747065986886,0.109442787888,0.770857897297,0.61858967067
T[T>C]T,1.36233622633,0.854910928869,1.32391598361,1.04515479541,0.153111849008,1.07843997997,0.865414798743
A[T>G]A,0.287347722629,0.11640955673,0.117150707831,1.08418739363,0.15883000034,1.11871565457,0.897734784533
A[T>G]C,0.837386246323,0.176587378721,0.150732873374,0.207005093108,0.0303255868884,0.213597611997,0.171405491109
A[T>G]G,0.489795025378,0.201568803107,0.239249088257,0.348966841927,0.0511225309829,0.360080435619,0.28895343599
A[T>G]T,3.92020349855,0.43283195076,0.391361970442,0.775149803376,0.113556977565,0.799836102846,0.641843786235
C[T>G]A,0.330484582666,0.0635033224556,0.0921560079263,0.733757819638,0.107493183769,0.757125903066,0.607570169127
C[T>G]C,1.97589011842,0.48989247428,0.326410295514,0.402588431161,0.0589779230363,0.415409718778,0.333353478031
C[T>G]G,1.32952445365,0.633144041081,0.411311472693,0.871944217736,0.127737051006,0.899713141867,0.721992027424
C[T>G]T,14.736516005,0.694232674966,1.05074541897,1.78243045067,0.261120384494,1.83919575165,1.4758978254
G[T>G]A,0.0292999683602,0.0257279335209,0.0429428862614,0.239753298372,0.0351230946659,0.247388753734,0.198521839416
G[T>G]C,0.435124384905,0.183468911446,0.109592219593,0.0805224033792,0.0117962756543,0.0830868111302,0.0666746015242
G[T>G]G,0.512789069717,0.509713832494,0.364960340609,0.415147277,0.0608177539555,0.42836852786,0.343752522357
G[T>G]T,3.68285878605,1.01819968371,0.448997438901,0.688233086649,0.100823955369,0.710151337816,0.569874530346
T[T>G]A,0.416599061722,0.146170019765,0.138813670941,1.62901663125,0.238645748528,1.6808961418,1.34886727429
T[T>G]C,1.38769513888,0.193178061938,0.259061341993,0.369574048923,0.0541414211799,0.381343923093,0.306016728408
T[T>G]G,0.739090167906,0.283353415744,0.225561127646,0.552989940751,0.0810112652055,0.570601085361,0.457889759857
T[T>G]T,9.37977998028,0.715771497304,0.831869589367,2.0415695866,0.299083442623,2.1065877263,1.69047163222
