,1,3,2,5,4,7,6
A[C>A]A,0.453886941001,1.46166981,0.746220903002,0.452761724632,0.300200708724,0.438500943001,0.319886001099
A[C>A]C,0.320030149725,1.03060556691,0.526151263107,0.391960093886,0.25988658399,0.309181670073,0.276928327202
A[C>A]G,0.0634511435571,0.204334191116,0.10431798178,0.115233321782,0.0764047024858,0.0613002573349,0.0814148469111
A[C>A]T,0.363531962732,1.17069615117,0.597671192967,0.697934815216,0.46276112748,0.351208845352,0.493106119446
C[C>A]A,0.507839653342,1.6354158328,0.834922819901,0.753920376892,0.499881989026,0.490624749839,0.532661135848
C[C>A]C,0.390956381701,1.25901207666,0.642758797034,0.775055668844,0.513895606516,0.377703622999,0.547593679074
C[C>A]G,0.0980286867279,0.315685601327,0.161165806993,0.192129635051,0.127390301501,0.0947056803981,0.135743763895
C[C>A]T,0.663932888595,2.13808896327,1.09155068125,2.51777803912,1.66939630855,0.641426688982,1.77886491895
G[C>A]A,0.338505637571,1.09010290065,0.556526217701,0.470122456479,0.311711628752,0.327030870196,0.332151735556
G[C>A]C,0.297279460485,0.95734063546,0.488747587577,0.722397272617,0.478980800322,0.287202190638,0.510389377392
G[C>A]G,0.0641553088877,0.206601842181,0.105475677324,0.183051647853,0.121371201294,0.0619805526542,0.129329968592
G[C>A]T,0.37344719919,1.20262657366,0.613972513922,1.38052379201,0.915347296875,0.360787972099,0.97537007044
T[C>A]A,0.856319240577,2.75763823237,1.40784688705,0.445661876602,0.29549320079,0.82729146971,0.314869804121
T[C>A]C,0.559740062271,1.80255274291,0.920250610853,0.819854235039,0.543599003667,0.540765822872,0.579244839973
T[C>A]G,0.118421267732,0.381356624901,0.194692592712,0.121103666845,0.0802969964949,0.11440698747,0.0855623733143
T[C>A]T,2.09053219478,6.73222232216,3.43697665921,1.2191710274,0.808363398601,2.01966669665,0.861370834575
A[C>G]A,0.254388919798,0.819218555281,0.418232630854,0.164787410741,0.109261217991,0.245765566584,0.116425888024
A[C>G]C,0.136860177621,0.440736165221,0.225007410666,0.114394265685,0.0758483718128,0.132220849566,0.0808220355382
A[C>G]G,0.0273555284831,0.0880940747761,0.0449743434383,0.0143962356915,0.00954533018676,0.0264282224328,0.0101712534777
A[C>G]T,0.262788251298,0.846267249942,0.432041701286,0.168714920824,0.111865327938,0.253880174983,0.119200759278
C[C>G]A,0.176000177557,0.56678023281,0.289356224119,0.120237929026,0.0797229746803,0.170034069843,0.0849507107249
C[C>G]C,0.159643540507,0.514106316886,0.262464803884,0.125331853012,0.0831004677576,0.154231895066,0.0885496787581
C[C>G]G,0.0418224523264,0.134682473594,0.0687589470452,0.0294089839819,0.0194994350314,0.0404047420781,0.0207780865089
C[C>G]T,0.211670920645,0.681652117331,0.348001344111,0.10363475766,0.0687143501873,0.204495635199,0.073220209216
G[C>G]A,0.118546342697,0.381759408684,0.194898224434,0.086770355103,0.0575325180574,0.114527822605,0.0613051421924
G[C>G]C,0.11786261659,0.379557578849,0.19377413236,0.11940745888,0.0791723368662,0.113867273655,0.0843639655132
G[C>G]G,0.0146097705468,0.0470484136254,0.0240194532719,0.0170536828369,0.0113073331854,0.0141145240876,0.0120487976565
G[C>G]T,0.122739974253,0.395264323866,0.201792839026,0.0775543675463,0.0514219176122,0.11857929716,0.054793846636
T[C>G]A,1.69434243705,5.45635700068,2.78561383719,0.140706537569,0.0932945520836,1.6369071002,0.0994122276301
T[C>G]C,0.494129937693,1.59126590104,0.812383117902,0.156047066318,0.103465989624,0.477379770313,0.110250644682
T[C>G]G,0.0728587056677,0.234629730116,0.119784651691,0.0161721616774,0.0107228463296,0.0703889190349,0.0114259837938
T[C>G]T,2.20082741403,7.08741031637,3.6183094773,0.2313375491,0.153386853207,2.12622309491,0.163445007516
A[C>T]A,0.697658000882,2.24669525708,1.1469970523,1.40894905356,0.934194481162,0.674008577123,0.995453135665
A[C>T]C,0.466731981459,1.50303519453,0.767339020365,1.51671903771,1.00565066631,0.450910558359,1.07159497229
A[C>T]G,0.847160734742,2.728144739,1.39278968254,3.11683897415,2.0665997546,0.8184434217,2.20211449261
A[C>T]T,0.560739385744,1.80577090324,0.921893566392,1.1086913668,0.735110580161,0.541731270973,0.78331455263
C[C>T]A,0.85753284925,2.76154646369,1.40984214199,2.88809778703,1.91493440227,0.828463939106,2.04050387127
C[C>T]C,0.71755140396,2.31075875852,1.17970315566,3.55605400448,2.35781841601,0.693227627555,2.51242945968
C[C>T]G,0.645492707521,2.07870532931,1.06123377338,2.47415818181,1.64047444664,0.623611598792,1.7480465415
C[C>T]T,1.09683350685,3.53217570001,1.80326864685,3.51578639514,2.33111924025,1.05965271,2.4839795183
G[C>T]A,0.745537661829,2.40088399572,1.22571446097,1.99569631166,1.32323342404,0.720265198716,1.41000282889
G[C>T]C,0.925208114456,2.97948375842,1.52110486614,2.79608094012,1.85392323204,0.893845127526,1.97549196856
G[C>T]G,0.742639356443,2.3915504699,1.22094945042,3.05694819031,2.02688956097,0.71746514097,2.15980035185
G[C>T]T,1.00171949216,3.22587633069,1.6468947583,2.55878155752,1.69658342401,0.967762899208,1.80783479608
T[C>T]A,2.71574896165,8.74563224937,4.46487541152,3.72786750856,2.47173823937,2.62368967481,2.6338194354
T[C>T]C,1.10195732934,3.54867614534,1.81169255841,7.63674987999,5.06349720304,1.0646028436,5.39552980651
T[C>T]G,1.52972682365,4.9262389236,2.51497460837,3.40452070477,2.2573452499,1.47787167708,2.40536788924
T[C>T]T,1.7001409653,5.47503022724,2.79514701075,2.88623741706,1.9137008961,1.64250906817,2.03918947945
A[T>A]A,0.388856461425,1.25224962154,0.639306385733,1.07581451801,0.713311799984,0.375674886461,0.760086344245
A[T>A]C,0.427734741184,1.37745086144,0.703224913472,0.354259276968,0.234889303207,0.413235258432,0.250291880466
A[T>A]G,0.370940114325,1.19455291054,0.609850696433,0.205444673483,0.136218750897,0.358365873162,0.145151128005
A[T>A]T,0.384799159845,1.23918373509,0.632635906864,0.388173498906,0.257375906883,0.371755120528,0.274253015531
C[T>A]A,0.335111628419,1.07917304067,0.550946236554,2.06208639942,1.36725293875,0.323751912202,1.45690886916
C[T>A]C,0.440687270496,1.41916239651,0.724519749799,0.365592375536,0.242403640301,0.425748718954,0.258298960976
C[T>A]G,0.702961789231,2.26377525346,1.15571683992,0.180412327424,0.119621217096,0.679132576037,0.127465231332
C[T>A]T,0.459138165845,1.47858053408,0.75485427266,0.260245408777,0.172554021037,0.443574160223,0.18386903881
G[T>A]A,0.288660824023,0.929585704481,0.474577964919,0.726431922525,0.48165594863,0.278875711344,0.513239945262
G[T>A]C,0.223810454819,0.720745532469,0.367959561313,0.192810307474,0.127841616912,0.216223659741,0.136224673759
G[T>A]G,0.305341460825,0.983303009437,0.502002062713,0.102960756261,0.0682674579557,0.294990902831,0.0727440125757
G[T>A]T,0.245633149035,0.791022005368,0.403837550109,0.18525002535,0.122828821156,0.237306601611,0.130883170085
T[T>A]A,0.351806714335,1.13293687667,0.57839408967,0.540198078989,0.358174813243,0.339881063002,0.381661686243
T[T>A]C,0.403478642854,1.29933800241,0.663346243335,0.418984122211,0.277804689727,0.389801400723,0.296021390692
T[T>A]G,0.298336165784,0.960743584728,0.49048488273,0.168008130116,0.111396694968,0.288223075418,0.118701396278
T[T>A]T,0.442861908777,1.42616546894,0.728095002566,0.423024435454,0.280483593073,0.427849640683,0.298875959832
A[T>C]A,1.69766845204,5.46706789639,2.79108203131,1.62889947006,1.08003117037,1.64012036892,1.15085288646
A[T>C]C,0.86757001701,2.7938695463,1.42634392627,1.02036490433,0.676546295264,0.838160863891,0.720909986757
A[T>C]G,1.4699698758,4.73380129494,2.41673013479,1.72703005173,1.14509601256,1.42014038848,1.22018427568
A[T>C]T,1.16812558663,3.76176036372,1.92047765937,1.05733614105,0.701059832651,1.12852810912,0.747030969219
C[T>C]A,0.93380840809,3.00717961927,1.53524433195,1.04578412666,0.693400344851,0.902153885782,0.738869219923
C[T>C]C,0.946567480878,3.04826815876,1.55622111263,1.14201407746,0.757204986144,0.914480447628,0.806857772121
C[T>C]G,1.1969595381,3.85461546167,1.96788263043,1.4791889916,0.980766613996,1.1563846385,1.04507917885
C[T>C]T,0.915800597305,2.9491883642,1.50563827014,1.05191818321,0.697467491041,0.88475650926,0.743203064224
G[T>C]A,1.99730465445,6.43199803977,3.28370426241,2.19754671895,1.45706902017,1.92959941193,1.55261452969
G[T>C]C,0.983172737653,3.16614949414,1.61640263648,1.17194310811,0.777049234725,0.949844848241,0.828003282904
G[T>C]G,1.29745355883,4.17824027421,2.13310161367,1.46738517176,0.972940168231,1.25347208226,1.03673952353
G[T>C]T,1.45304014541,4.67928182421,2.38889651026,1.76705324565,1.17163313027,1.40378454726,1.24846153225
T[T>C]A,1.21333132622,3.90733816917,1.99479896005,1.38220529732,0.916462208007,1.17220145075,0.976558090499
T[T>C]C,1.03978713766,3.3484670535,1.70948054836,1.15825073352,0.767970595051,1.00454011605,0.818329322595
T[T>C]G,0.832246295422,2.68011518865,1.36826933315,1.03772017781,0.688053596156,0.804034556594,0.733171864756
T[T>C]T,1.02483503616,3.30031621813,1.68489827978,1.06994374371,0.709419221375,0.99009486544,0.75593851458
A[T>G]A,0.105320617959,0.339168091732,0.173154236305,0.061503993881,0.0407798220298,0.10175042752,0.0434539087203
A[T>G]C,0.108067786033,0.348014904176,0.177670766869,0.0839324825907,0.055650885196,0.104404471253,0.0593001235695
A[T>G]G,0.161133236078,0.518903641606,0.264913964399,0.106581954278,0.0706684696844,0.155671092482,0.0753024676965
A[T>G]T,0.339188176694,1.092300908,0.557648358293,0.210775769354,0.139753499246,0.327690272399,0.148917663131
C[T>G]A,0.070234151835,0.226177777096,0.115469707254,0.0336185127142,0.022290535604,0.0678533331288,0.0237522100698
C[T>G]C,0.224654876562,0.723464856724,0.369347847907,0.229457126533,0.152140051288,0.217039457017,0.162116448094
C[T>G]G,0.276321613102,0.889849262533,0.454291465609,0.224526749896,0.148870997214,0.26695477876,0.158633029818
C[T>G]T,0.620624884982,1.99862251096,1.02034938717,0.363373849749,0.240932661247,0.599586753287,0.25673152428
G[T>G]A,0.0306144591704,0.0985889363113,0.0503322464326,0.00554352481696,0.00367559797646,0.0295766808934,0.00391662079459
G[T>G]C,0.0463719259577,0.149333320881,0.0762385901338,0.0665266602851,0.0441100682325,0.0447999962642,0.0470025317232
G[T>G]G,0.142016857902,0.457342423753,0.233485342653,0.168092906908,0.111452905667,0.137202727126,0.118761292924
G[T>G]T,0.227995154622,0.734221684377,0.374839491498,0.245002156223,0.162447081843,0.220266505313,0.173099349505
T[T>G]A,0.157830522059,0.508267782902,0.25948407864,0.0901558939439,0.0597772775063,0.152480334871,0.0636970989821
T[T>G]C,0.232780367847,0.749631693066,0.38270670646,0.148480041521,0.0984487231827,0.22488950792,0.104904377162
T[T>G]G,0.170305267796,0.548440692903,0.279993406377,0.113017216531,0.074935328352,0.164532207871,0.0798491203751
T[T>G]T,0.959855981662,3.09106163586,1.57806830883,0.20233826433,0.134159066567,0.927318490759,0.142956382407
