,1,3,2,5,4,7,6
A[C>A]A,0.572930211622,0.423811389419,0.243299130963,1.11446698699,1.26358580919,1.13801206418,0.368872875976
A[C>A]C,0.516069990154,0.381750403676,0.219153009518,1.00386217263,1.13818175911,1.02507052839,0.332264240236
A[C>A]G,0.11741091399,0.0868519089786,0.0498594292285,0.22838835324,0.258947358251,0.233213459294,0.0755933281851
A[C>A]T,0.663667198916,0.490931900568,0.281831276252,1.29096907186,1.46370437021,1.31824306634,0.427292580124
C[C>A]A,0.66451788577,0.491561175775,0.282192526834,1.29262383259,1.46558054259,1.3199327868,0.427840282619
C[C>A]C,0.751710916753,0.556060130201,0.319219704375,1.46223219423,1.65788298078,1.49312442369,0.483978261471
C[C>A]G,0.13805325229,0.102121583886,0.0586253537123,0.268541942811,0.304473611216,0.274215364138,0.0888836007897
C[C>A]T,1.61062451427,1.19142087357,0.683963834829,3.1329956305,3.55219927121,3.19918567904,1.036977427
G[C>A]A,0.590455325438,0.436775172241,0.250741302583,1.14855693441,1.30223708761,1.17282222176,0.380156168432
G[C>A]C,0.527949217588,0.390537777394,0.224197612948,1.02696971092,1.16438115112,1.04866625411,0.339912509954
G[C>A]G,0.141281824865,0.104509843051,0.0599963913809,0.274822179874,0.311594161688,0.280628282265,0.0909622708033
G[C>A]T,0.922886422331,0.68268310693,0.391910672497,1.79520372563,2.03540704103,1.8331305649,0.594187148624
T[C>A]A,0.665833576329,0.492534426326,0.282751244743,1.29518312108,1.46848227108,1.32254614476,0.428687371061
T[C>A]C,0.615222817661,0.455096330872,0.26125900476,1.196734796,1.35686128279,1.22201792549,0.396102362056
T[C>A]G,0.123356221803,0.0912498079089,0.0523841489847,0.239953198575,0.272059612469,0.245022632348,0.0794211291059
T[C>A]T,1.05647801294,0.781504283543,0.44864134796,2.05506681969,2.33004054908,2.09848372433,0.680198172713
A[C>G]A,0.184918911283,0.136789331634,0.0785272089011,0.359705279483,0.407834859132,0.367304686796,0.119057381237
A[C>G]C,0.104651003032,0.0774130707363,0.0444408369042,0.203567704529,0.230805636825,0.207868430681,0.0673780430483
A[C>G]G,0.0706203208355,0.0522396893851,0.0299894513137,0.13737103505,0.1557516665,0.140273240016,0.0454678777982
A[C>G]T,0.171153318034,0.126606564025,0.0726815460144,0.332928372066,0.377475126075,0.339962070067,0.110194602022
C[C>G]A,0.156474427849,0.115748206902,0.0664480447029,0.304374914445,0.345101135392,0.310805370384,0.100743809711
C[C>G]C,0.131294286276,0.0971218008066,0.0557551078705,0.255394365084,0.289566850553,0.260790020684,0.0845319377391
C[C>G]G,0.0726589117914,0.0537476881745,0.0308551543224,0.141336513348,0.160247736965,0.144322496024,0.046780395263
C[C>G]T,0.169922928748,0.125696413047,0.0721590519342,0.330535012086,0.374761527787,0.337518146144,0.109402433578
G[C>G]A,0.177465946,0.131276179233,0.0753622510413,0.345207730576,0.391397497343,0.352500851645,0.11425889674
G[C>G]C,0.155124766338,0.114749827154,0.0658749007736,0.301749545479,0.342124484663,0.308124535877,0.09987484956
G[C>G]G,0.0449217132299,0.0332297604714,0.0190763439743,0.0873819627211,0.0990739154796,0.0892280605251,0.0289221989288
G[C>G]T,0.126202790246,0.0933554886751,0.0535929657209,0.245490359109,0.27833766068,0.250676775146,0.0812538512543
T[C>G]A,1.08408999288,0.801929583772,0.460366983276,2.10877779436,2.39093820347,2.15332943791,0.697975748839
T[C>G]C,0.336796426087,0.249137082311,0.143023139845,0.655138253484,0.74279759726,0.668979202501,0.216841534604
T[C>G]G,0.0723115936502,0.0534907679056,0.0307076630569,0.140660908196,0.159481733941,0.143632617524,0.0465567794734
T[C>G]T,1.36469875166,1.00950318616,0.579529606871,2.65461948954,3.00981505504,2.71070299988,0.878641662031
A[C>T]A,1.57309014685,1.16365572506,0.668024582907,3.05998357332,3.4694179951,3.1246311136,1.01281146441
A[C>T]C,1.71383694917,1.26776979802,0.727793772936,3.33376502441,3.77983217557,3.40419667986,1.10342926864
A[C>T]G,1.16230936405,0.859790488474,0.493583428568,2.26093054376,2.56344941934,2.30869668201,0.748336165894
A[C>T]T,1.09441037305,0.809563837595,0.464749610471,2.12885305442,2.41369958987,2.17382882317,0.704620377166
C[C>T]A,2.17911699649,1.61194955905,0.925378450566,4.23883032195,4.80599775939,4.32838307523,1.40299313473
C[C>T]C,3.00309526885,2.22146773312,1.27528703198,5.84163737228,6.62326490801,5.96505224634,1.93349969364
C[C>T]G,1.10753324392,0.819271166737,0.47032233646,2.15437973475,2.44264181194,2.19989479957,0.713069348826
C[C>T]T,2.71013162738,2.00475490244,1.15087781436,5.27176289161,5.97713961654,5.38313816397,1.74487926694
G[C>T]A,1.65181122039,1.22188775207,0.701454079892,3.21311223693,3.64303570525,3.28099488982,1.06349489532
G[C>T]C,2.57344896089,1.90364717655,1.09283449024,5.00588701981,5.67568880415,5.11164519628,1.65687809811
G[C>T]G,1.17307275498,0.867752448889,0.498154183622,2.28186755078,2.58718785687,2.33007602017,0.75526602033
G[C>T]T,1.92094545551,1.42097335065,0.815743960558,3.73663362578,4.23660573064,3.81557658971,1.23677310149
T[C>T]A,2.43227027997,1.79921363176,1.03288189971,4.7312654761,5.36432212431,4.83122178897,1.56598223505
T[C>T]C,3.21038136234,2.37480265159,1.36331263332,6.24485141715,7.08043012789,6.37678489779,2.06695786342
T[C>T]G,1.09008714003,0.806365829611,0.462913716999,2.12044347787,2.40416478828,2.16524157951,0.701836925773
T[C>T]T,1.79681409452,1.32915015211,0.76303064288,3.49517262222,3.96283656463,3.56901429734,1.15685291017
A[T>A]A,0.585510507447,0.433117361673,0.248641448368,1.13893824736,1.29133139314,1.16300032301,0.376972518493
A[T>A]C,0.318710904058,0.235758750947,0.135342986655,0.619958196936,0.702910350047,0.633055905322,0.20519743138
A[T>A]G,0.729025304897,0.539278992664,0.309586088381,1.41810401775,1.60785032998,1.44806396178,0.469372456578
A[T>A]T,0.551256255342,0.407778599842,0.234095122131,1.07230668847,1.21578434397,1.09496105513,0.354918410973
C[T>A]A,0.790435283524,0.584705552196,0.335664298483,1.53755904466,1.74328877599,1.57004268645,0.508910388022
C[T>A]C,0.852884746295,0.630901045204,0.362183933358,1.65903608183,1.88101978292,1.6940861399,0.549117576382
C[T>A]G,1.84515376145,1.3649082619,0.783558446644,3.58920320721,4.06944870676,3.66503144398,1.18797570943
C[T>A]T,1.13724054593,0.841246431234,0.482937766079,2.21216654139,2.50816065609,2.25890245424,0.732195967926
G[T>A]A,0.506650512787,0.374782571103,0.215152957485,0.985539353641,1.11740729533,1.00636060759,0.326199645219
G[T>A]C,0.262670280525,0.194304043128,0.111544913648,0.510947668967,0.579313906364,0.52174233803,0.169116481982
G[T>A]G,0.577768304328,0.427390252517,0.245353663482,1.12387807143,1.27425612324,1.14762197435,0.371987812376
G[T>A]T,0.409348245295,0.302805551314,0.173832816495,0.796266449752,0.902809143732,0.81308898038,0.263552979847
T[T>A]A,0.559746442825,0.414059012501,0.237700544213,1.08882184769,1.23450927801,1.11182512616,0.360384696065
T[T>A]C,0.456499734822,0.337684735348,0.193856051774,0.887985785544,1.00680078502,0.906746048619,0.293910788173
T[T>A]G,0.645680314527,0.477626534034,0.274193010279,1.25598088579,1.42403466629,1.28251569324,0.415711983325
T[T>A]T,0.585597666448,0.433181835455,0.248678461094,1.13910778953,1.29152362052,1.16317344705,0.377028634562
A[T>C]A,0.512657480443,0.379226081424,0.217703861558,0.99722414004,1.13065553906,1.01829225568,0.330067144943
A[T>C]C,0.428247186933,0.316785590334,0.181858394451,0.833028774583,0.944490371182,0.850627974046,0.275720791587
A[T>C]G,0.625740809491,0.462876763185,0.265725549236,1.21719445134,1.38005849764,1.24290982707,0.402874219809
A[T>C]T,0.418437798362,0.309529330295,0.177692763688,0.813947498184,0.922855966251,0.831143572089,0.26940515785
C[T>C]A,0.328126058627,0.242723385834,0.139341202979,0.638272607192,0.723675279985,0.651757239738,0.211259243226
C[T>C]C,0.821560009485,0.607729322085,0.348881647863,1.59810303215,1.81193371955,1.63186577226,0.528949595148
C[T>C]G,0.854500347394,0.632096147387,0.362870010537,1.66217875794,1.88458295795,1.69729521058,0.550157757911
C[T>C]T,1.52066944954,1.1248787709,0.645763738848,2.95801454569,3.35380522434,3.02050781074,0.979061152446
G[T>C]A,0.201892097838,0.149344839497,0.0857350004517,0.392721614972,0.445268873314,0.4010185505,0.129985323266
G[T>C]C,0.363293888715,0.268737945077,0.154275486989,0.70668126298,0.801237206618,0.721611148817,0.233901544789
G[T>C]G,0.417242341684,0.308645019876,0.177185104003,0.811622089304,0.920219411112,0.828769034852,0.268635480263
G[T>C]T,0.441458698292,0.326558489148,0.187468762289,0.85872787887,0.973628088015,0.876870017156,0.284226833147
T[T>C]A,0.213008373344,0.157567837816,0.0904556105982,0.414345054998,0.469785590526,0.423098823766,0.137142377358
T[T>C]C,0.464685282876,0.343739798292,0.197332106427,0.903908358471,1.02485384306,0.923005013932,0.29918093555
T[T>C]G,0.358914873903,0.265498673846,0.152415905356,0.698163179372,0.791579379429,0.712913105697,0.231082179088
T[T>C]T,0.317689824648,0.235003431931,0.13490937759,0.617971987672,0.700658380388,0.63102773389,0.204540024088
A[T>G]A,0.156252535974,0.115584067707,0.0663538166466,0.303943289155,0.344611757423,0.31036462625,0.100600947819
A[T>G]C,0.161286449187,0.11930778433,0.0684915058192,0.31373528472,0.355713949577,0.320363494961,0.103841960436
A[T>G]G,0.220028006939,0.162760443489,0.0934365508919,0.42799968473,0.48526724818,0.437041931591,0.141661867481
A[T>G]T,0.715060035982,0.528948519768,0.303655631718,1.39093870013,1.57705021634,1.42032472901,0.460381119057
C[T>G]A,0.117690960591,0.0870590667384,0.0499783531276,0.228933101423,0.259564995276,0.233769716242,0.0757736321612
C[T>G]C,0.455401784217,0.336872552709,0.193389798777,0.885850046011,1.00437927752,0.904565187829,0.293203888469
C[T>G]G,0.465487055232,0.344332890171,0.197672585098,0.90546797045,1.02662213551,0.92459757546,0.299697145149
C[T>G]T,3.66129889913,2.70835808977,1.55479816264,7.1219786805,8.07491948986,7.27244301882,2.35727463369
G[T>G]A,0.0520563119995,0.0385074088763,0.0221061050957,0.101260223341,0.114809126465,0.103399523835,0.0335157077257
G[T>G]C,0.157991534396,0.116870450101,0.0670922954283,0.307325998414,0.348447082708,0.313818801197,0.10172057694
G[T>G]G,0.224641586643,0.166173228476,0.0953957422731,0.436974045251,0.495442403418,0.446205891277,0.144632254414
G[T>G]T,1.00476873374,0.743253583863,0.426682612958,1.95448164645,2.21599679633,1.99577351222,0.646905897066
T[T>G]A,0.197409387259,0.146028861808,0.0838313836304,0.384001821791,0.435382347242,0.392114536336,0.127099194536
T[T>G]C,0.272006313191,0.201210149484,0.115509530259,0.529108170864,0.599904334572,0.540286512502,0.175127352328
T[T>G]G,0.274176966989,0.202815838595,0.116431314749,0.533330538527,0.604691666921,0.544598085115,0.176524896555
T[T>G]T,1.26803047746,0.937995147711,0.538478695908,2.46657983287,2.79661516262,2.51869067441,0.816403184119
