,1,3,2,5,4,7,6
A[C>A]A,0.951622484458,2.73056243617,0.430777603328,1.3090044331,3.40154419977,2.91560931408,3.32055505215
A[C>A]C,0.437500117191,1.52037827409,0.362744442963,1.00743374411,1.56383020613,1.34042589097,1.5265961536
A[C>A]G,0.0947993898729,0.296097732873,0.139952502833,0.380492561152,0.338857393588,0.290449194504,0.330789360408
A[C>A]T,0.485213183049,1.78993620553,0.42624969225,0.948957536191,1.73437903728,1.48661060338,1.6930842983
C[C>A]A,1.42689094046,3.49885048367,0.593007066897,1.69617380039,5.10037612759,4.37175096651,4.97893860075
C[C>A]C,0.748111945291,1.76615504608,0.631934238394,1.12784268316,2.67410227253,2.29208766217,2.6104331708
C[C>A]G,0.311589360516,0.603245953545,0.221415981438,0.412946779584,1.11376622482,0.954656764133,1.08724798137
C[C>A]T,1.17259890676,2.57117598933,1.23426006555,1.25304699766,4.19141736883,3.592643459,4.0916217172
G[C>A]A,1.67332951402,3.63181874722,0.647345590376,1.31772217272,5.98126294375,5.12679680893,5.83885192128
G[C>A]C,0.459990494613,1.52463561359,0.729622850046,1.99017999738,1.64422134245,1.40933257924,1.60507321524
G[C>A]G,0.185108516891,0.506896347939,0.181771818401,0.672185225749,0.661664485909,0.567140987922,0.645910569578
G[C>A]T,1.07852370735,2.61826534497,0.704742694102,1.29649263848,3.85514857095,3.30441306081,3.76335931926
T[C>A]A,1.01592323522,3.48270257971,0.899756616453,1.25598597485,3.63138518122,3.11261586962,3.54492362929
T[C>A]C,0.840975604169,2.51256231219,0.578981517691,1.60176143312,3.00604045746,2.57660610639,2.93446806561
T[C>A]G,0.228290738553,0.624744537877,0.169620827504,0.257010796489,0.816017959084,0.699443964929,0.796588960058
T[C>A]T,1.67431964372,11.5982647304,4.51770427136,2.3368565233,5.98480213074,5.12983039778,5.84230684191
A[C>G]A,0.324745863334,1.06392775159,0.146514210483,0.976081076934,1.16079372426,0.994966049365,1.13315577844
A[C>G]C,0.190988955706,0.590545606049,0.103734712202,0.509725207075,0.682683926778,0.585157651524,0.666429547569
A[C>G]G,0.0918354669058,0.215350355858,0.115509397345,0.157136875917,0.328262945536,0.281368239031,0.320447161118
A[C>G]T,0.354754772404,1.14813326628,0.138233921651,0.810949217224,1.268059612,1.08690823886,1.23786771647
C[C>G]A,0.223486975052,0.758691585961,0.147976477824,0.768129405197,0.79884705976,0.684726051223,0.77982689167
C[C>G]C,0.227701119168,0.768509780719,0.112631059879,0.665867958662,0.813910383409,0.697637471494,0.794531564757
C[C>G]G,0.131398002621,0.350971451425,0.104317746919,0.148390842517,0.469677966815,0.402581114413,0.458495158082
C[C>G]T,0.375700836544,1.23127132414,0.117810205003,0.886137222221,1.34293064977,1.15108341409,1.31095611049
G[C>G]A,0.165753471936,0.544731783188,0.233429666558,0.466724724994,0.592480495432,0.507840424656,0.578373816969
G[C>G]C,0.169668747241,0.508843304377,0.24902749016,0.461313776518,0.606475522054,0.51983616176,0.592035628671
G[C>G]G,0.0357480137254,0.0872396510849,0.0554860906476,0.126211810993,0.127780134168,0.109525829286,0.124737750021
G[C>G]T,0.244019859464,0.755015275597,0.139345064346,0.615548936959,0.872241199786,0.747635314102,0.851473552172
T[C>G]A,0.230062224684,0.76767899732,0.162257730638,1.72314092415,0.822350079721,0.704871496904,0.802770315918
T[C>G]C,0.361630034077,1.07485003524,0.128385671159,0.976019054197,1.29263501542,1.10797287036,1.26185799125
T[C>G]G,0.0507472197451,0.114709716586,0.0557558404573,0.148047626152,0.181394317387,0.155480843474,0.177075405068
T[C>G]T,0.492521224048,1.76505146492,0.271330892033,2.43390833114,1.7605013966,1.50900119708,1.71858469668
A[C>T]A,0.745910672031,1.62777943565,2.08296556254,1.25415096652,2.66623389151,2.28534333558,2.60275213219
A[C>T]C,1.19058262864,0.913872413847,1.53911477368,1.8915963611,4.25569960876,3.64774252179,4.1543734276
A[C>T]G,0.949339915337,1.24738720716,1.57120393177,1.13404977609,3.39338522929,2.90861591082,3.31259034288
A[C>T]T,0.852745134135,1.36496071487,0.917161261782,1.20656913042,3.0481102667,2.61266594288,2.97553621273
C[C>T]A,0.889089919553,1.79624676356,2.02563516011,2.02410716363,3.17802354223,2.72402017906,3.10235631504
C[C>T]C,1.86627732605,1.07215970025,1.72362284674,3.63967811149,6.67094873992,5.71795606279,6.51211662706
C[C>T]G,1.06306486154,1.11520046707,1.4642818878,0.991246939955,3.79989141997,3.25704978854,3.70941781473
C[C>T]T,1.53148121483,1.84828089558,1.24120421434,3.41884413557,5.47423072534,4.69219776458,5.34389189855
G[C>T]A,1.13994797411,1.42747547701,1.98838559595,1.87637392362,4.07470765214,3.49260655898,3.97769080328
G[C>T]C,2.01191294169,1.35879935205,2.27915275443,3.32584355248,7.19151860009,6.16415880008,7.02029196676
G[C>T]G,1.29973197031,1.2445721578,1.83996112963,1.03771990003,4.64585044707,3.98215752606,4.53523496024
G[C>T]T,1.37043051016,1.52980779976,1.36397361382,2.58739698801,4.89856012144,4.19876581837,4.78192773759
T[C>T]A,0.625235222678,1.71235058383,3.0800280637,2.0693355725,2.23488334915,1.91561429927,2.18167184083
T[C>T]C,1.30868354409,1.93868982177,2.64007551837,2.87680290991,4.67784756186,4.00958362445,4.56647023896
T[C>T]G,0.528074523782,5.90713915135,3.59566277306,1.76730655577,1.88758553182,1.61793045584,1.84264301916
T[C>T]T,0.85216605631,2.49402712572,2.2657602958,1.60593618412,3.04604037149,2.61089174699,2.97351560074
A[T>A]A,0.182553950275,0.96010439753,1.9446269437,0.51323181927,0.652533269068,0.559314230629,0.636996762661
A[T>A]C,0.186030363689,0.779472681708,0.242793492557,0.434526974704,0.664959597866,0.569965369599,0.649127226488
A[T>A]G,0.185764779457,1.03873582316,0.300912088025,0.392210423454,0.664010275507,0.56915166472,0.648200507043
A[T>A]T,0.213867971003,1.18033505873,0.488317621598,0.508731454153,0.764464236777,0.655255060095,0.74626270733
C[T>A]A,0.135837991456,0.901134261545,4.04085840307,0.546519027871,0.485548565203,0.416184484459,0.473987885079
C[T>A]C,0.268862907955,1.87927760719,0.440572390454,0.628400083677,0.961041883755,0.823750186076,0.938159934142
C[T>A]G,0.313729803775,2.07817347071,0.483502696885,1.04319409122,1.12141717094,0.961214717949,1.09471676211
C[T>A]T,0.287233934609,1.71379219419,0.31629538073,0.909088401877,1.02670853222,0.88003588476,1.00226309098
G[T>A]A,0.100448471853,0.553664252805,1.42626875466,0.51302297694,0.359049856836,0.307757020145,0.350501050721
G[T>A]C,0.139905230905,0.578477812171,0.187380301906,0.33882651654,0.50008678281,0.428645813837,0.488179954647
G[T>A]G,0.156981193972,0.78454114646,0.235954556037,0.604715455509,0.561124267815,0.480963658127,0.5477641662
G[T>A]T,0.176968501185,0.706952982889,0.26749930622,0.473463592537,0.632568259556,0.542201365334,0.617507110519
T[T>A]A,0.174017648972,0.977944445169,0.914074292925,0.452705410702,0.622020532495,0.533160456424,0.607210519816
T[T>A]C,0.188983748897,1.1936830792,0.31218306209,0.478064681376,0.675516379037,0.579014039174,0.659432655726
T[T>A]G,0.133050839395,0.953469007726,0.200706040014,0.461436881223,0.475585979115,0.407645124956,0.464262503422
T[T>A]T,0.239611748533,1.73951607239,0.311112498589,0.652814873281,0.856484547946,0.734129612525,0.83609205871
A[T>C]A,0.69457488096,3.73366673739,0.686380006437,1.22665091508,2.48273574471,2.12805920975,2.42362298888
A[T>C]C,0.316334186411,1.51488914606,0.560789636264,0.686924402813,1.13072645355,0.969194103046,1.10380439514
A[T>C]G,0.632165579626,2.36003983035,0.928837986976,1.15575083723,2.25965568888,1.93684773332,2.20585436295
A[T>C]T,0.579509775687,3.01636918819,0.500357592307,1.14722918473,2.0714391982,1.77551931274,2.02211921729
C[T>C]A,0.311939264415,1.67873575991,0.389564601647,0.736409443476,1.11501694514,0.955728810123,1.08846892264
C[T>C]C,0.364167150284,2.88221668006,0.52924072146,0.878575095125,1.30170385633,1.11574616257,1.27071090737
C[T>C]G,0.551723442946,2.66100273012,0.843578600201,0.962754252551,1.97211783862,1.69038671881,1.92516265198
C[T>C]T,0.344379232743,1.8674571264,0.388970776411,0.72191659641,1.23097257661,1.05511935138,1.20166370574
G[T>C]A,0.541544558489,1.23803552295,0.434401033493,1.29849609449,1.93573374098,1.65920034941,1.88964484239
G[T>C]C,0.306959514361,1.19698276186,0.481413477069,0.742915610759,1.0972169875,0.940471703575,1.07109277352
G[T>C]G,0.422114635088,1.44966985834,0.600393062718,0.778517042144,1.50883529138,1.29328739261,1.47291064159
G[T>C]T,0.405132121924,1.33195818064,0.588871556619,1.03169533465,1.44813184007,1.24125586291,1.41365251054
T[T>C]A,0.331825294072,1.76771173126,0.36495011696,0.763735887402,1.18609892349,1.01665622014,1.15785847293
T[T>C]C,0.401352393131,2.48404258462,0.692149161537,0.857408007279,1.43462132013,1.22967541725,1.40046366965
T[T>C]G,0.292261470522,1.66522880892,0.567021672018,0.504167964957,1.04467929889,0.895439399046,1.01980598225
T[T>C]T,0.294265623076,2.07497454114,0.451599054138,0.796065962369,1.05184307823,0.901579781341,1.02679919542
A[T>G]A,0.0498727862253,0.688564462125,0.221886313592,0.166756915054,0.178268682678,0.15280172801,0.174024190233
A[T>G]C,0.0592678648197,0.903094010888,0.219232275933,0.108592821075,0.21185109127,0.18158664966,0.206807017669
A[T>G]G,0.158553876658,0.874818614175,0.251439097103,0.381645311027,0.566745771884,0.485782090186,0.553251824934
A[T>G]T,0.135259379727,3.77673560848,0.794754223885,0.426847757624,0.483480336044,0.414411716609,0.471968899472
C[T>G]A,0.02344619538,0.568439666207,0.198134245526,0.105393510523,0.0838076771029,0.0718351518025,0.0818122562195
C[T>G]C,0.16112605992,1.74904494877,0.393632335582,0.337090718713,0.575939958863,0.493662821883,0.5622271027
C[T>G]G,0.262954644144,1.5368840806,0.446821972928,0.538127810887,0.939922983323,0.80564827142,0.917543864673
C[T>G]T,0.281868187006,5.65438156597,1.1242927495,0.722128101979,1.00752883866,0.863596147421,0.983540056785
G[T>G]A,0.0591251614287,0.190860281059,0.0822467632223,0.178413458838,0.211341002554,0.18114943076,0.206309073921
G[T>G]C,0.0793950096237,0.312361536883,0.100019714537,0.176305380379,0.283794928017,0.243252795443,0.277037905921
G[T>G]G,0.303933219103,0.94318772654,0.217903526662,0.635325950714,1.08639959169,0.931199650018,1.06053293474
G[T>G]T,0.173982655357,1.67754914909,0.40084132872,0.404445325184,0.621895448936,0.533053241945,0.607088414438
T[T>G]A,0.091236272844,1.12443224222,0.391770363976,0.265559728069,0.326121145485,0.279532410416,0.318356356307
T[T>G]C,0.15113293019,1.77413785934,0.394593020899,0.29615048887,0.540219835571,0.463045573347,0.527357458534
T[T>G]G,0.165348247012,1.09624665039,0.35446112552,0.482947203095,0.591032031871,0.506598884461,0.576959840636
T[T>G]T,0.289174316806,10.5664433626,1.91657071626,1.08971976257,1.03364436646,0.885980885534,1.0090337863
