,1,3,2,5,4,7,6
A[C>A]A,4.14992200507,2.08852283916,4.69239546979,2.38791199506,5.07212689509,0.813710197073,0.374111570888
A[C>A]C,2.24386985899,1.12926783753,2.53718618043,1.45316188146,2.74250760544,0.439974482156,0.328940707062
A[C>A]G,0.590492989232,0.297176210267,0.667681615275,0.417203187919,0.721713653505,0.115782939065,0.163017590299
A[C>A]T,2.07288724178,1.0432177622,2.3438528943,1.69126439001,2.53352885106,0.40644847878,0.26880727997
C[C>A]A,5.27177257783,2.65311430388,5.96089317624,2.78675446747,6.44327759513,1.03368089761,0.471509883017
C[C>A]C,1.99944152566,1.00625488546,2.26080643097,1.39197666329,2.44376186469,0.392047357972,0.595799490309
C[C>A]G,1.12326644359,0.565304027167,1.27009865844,0.612097819939,1.37288120884,0.220248322273,0.0916620102051
C[C>A]T,4.53553794676,2.28259099281,5.12841872411,3.15404876069,5.54343526826,0.88932116603,0.499319442628
G[C>A]A,7.33835256283,3.69315782574,8.29761433575,3.118854957,8.9690975768,1.43889265938,0.380039246199
G[C>A]C,3.0236338055,1.52169805897,3.41888005458,1.86559275954,3.69555242894,0.592869373627,0.40279037318
G[C>A]G,0.862558418902,0.434098027813,0.975311153399,0.567155408912,1.05423806755,0.169129101745,0.20073699082
G[C>A]T,5.39239528452,2.71381984907,6.09728355701,2.79055255932,6.59070534775,1.05733240873,0.334870197706
T[C>A]A,4.11096245366,2.06891574465,4.64834316656,3.87546417747,5.02450966559,0.806071069346,0.450119079487
T[C>A]C,3.08862247793,1.55440477647,3.49236397831,2.37319918129,3.77498302858,0.605612250574,0.57419809245
T[C>A]G,0.971723588657,0.489037361612,1.09874627998,0.728127033026,1.18766216391,0.190534036992,0.112997989701
T[C>A]T,8.10690744822,4.0799468857,9.16663391204,19.5505723736,9.90844243671,1.58958969573,1.00888426603
A[C>G]A,0.550731357017,0.277165454185,0.622722384078,0.495190848455,0.67311610302,0.107986540591,0.100332560564
A[C>G]C,0.329637705102,0.165896099953,0.372727601193,0.272643757763,0.402890528457,0.0646348441376,0.0608164087193
A[C>G]G,0.133481736514,0.0671770830823,0.150930329523,0.0554139661171,0.163144344629,0.0261728895126,0.0304131109644
A[C>G]T,0.499293663058,0.251278510166,0.564560808556,0.543513741096,0.610247810404,0.0979007182466,0.0691794417941
C[C>G]A,0.360967289741,0.181663276536,0.408152556374,0.29518201992,0.441182243017,0.0707778999492,0.0989870330996
C[C>G]C,0.329135018986,0.16564311413,0.372159204475,0.354947468547,0.402276134316,0.0645362782326,0.0914865010084
C[C>G]G,0.28043645933,0.141134688682,0.317094820026,0.228850358419,0.342755672514,0.054987541045,0.0637877846788
C[C>G]T,0.43376546011,0.218300264238,0.490466827445,0.505400022662,0.530157784579,0.085052051002,0.0967225593152
G[C>G]A,0.18739026303,0.0943075179957,0.21188572225,0.208887880016,0.229032543704,0.0367431888295,0.0675920228269
G[C>G]C,0.191981926237,0.0966183550343,0.217077602869,0.258449379354,0.234644576512,0.0376435149484,0.0917818338143
G[C>G]G,0.0338099362567,0.0170154581161,0.0382295357673,0.0255904263034,0.0413232554248,0.00662939926601,0.0547275439561
G[C>G]T,0.411573885915,0.207131955657,0.465374393878,0.292110828514,0.503034749452,0.0807007619442,0.0615902680549
T[C>G]A,1.99665019539,1.00485009833,2.25765022093,0.361139847146,2.44035023881,0.391500038312,0.0806804169978
T[C>G]C,0.907703087208,0.456817893562,1.02635708554,0.463662290793,1.10941488437,0.177980997492,0.117910956411
T[C>G]G,0.140068304822,0.0704918919692,0.158377887152,0.0379820139205,0.171194594782,0.0274643734945,0.0326465368636
T[C>G]T,2.51240266676,1.26441179961,2.84082131601,0.987564093053,3.07071437048,0.492627973874,0.143727938448
A[C>T]A,1.69317496684,0.852120734947,1.91450502787,1.37037384356,2.06943607058,0.331995091538,0.461760967566
A[C>T]C,2.81094394575,1.4146580642,3.17838759879,1.51139484271,3.43559815592,0.551165479559,1.04712341912
A[C>T]G,2.50868746216,1.26254205612,2.83662046375,2.25038992773,3.06617356486,0.491899502384,0.897405023686
A[C>T]T,1.76824540462,0.889901282064,1.99938859477,1.38407317326,2.16118882787,0.34671478522,0.599674651572
C[C>T]A,2.60522271463,1.31112515704,2.94577470347,1.97616716674,3.18416109566,0.510827983261,0.800006984462
C[C>T]C,4.97247790397,2.50248887977,5.6224750156,2.19749278632,6.07747299374,0.974995667445,1.74406349941
C[C>T]G,2.37331396172,1.19441290884,2.6835510809,1.97754654779,2.90071706432,0.465355678769,0.684103654301
C[C>T]T,4.31814120617,2.17318217566,4.88260410894,2.6075446943,5.27772814088,0.846694354151,1.25309570018
G[C>T]A,2.82099758652,1.41971773962,3.18975544097,1.87854024732,3.44788593908,0.553136781671,0.559172297812
G[C>T]C,5.36185024133,2.69844750708,6.06274569771,3.1551424684,6.55337251718,1.05134318457,1.44459231703
G[C>T]G,2.74747376776,1.38271555632,3.1066206655,3.10179740364,3.35802349392,0.538720346619,0.981199016545
G[C>T]T,3.77274117614,1.8986998076,4.26590995733,2.82076770675,4.61112810417,0.739753171791,0.899447967118
T[C>T]A,2.6032168036,1.31011564626,2.94350658185,2.48381443953,3.18170942662,0.510434667373,1.09970221671
T[C>T]C,2.18552340688,1.09990393679,2.47121274111,2.65135761191,2.67119527507,0.428534001349,2.05844624839
T[C>T]G,2.33787022424,1.17657521089,2.64347417512,12.4106400173,2.85739694074,0.458405926322,1.07603757425
T[C>T]T,2.13057919012,1.07225227215,2.4090862738,4.07601767611,2.60404123237,0.417760625514,1.31750352669
A[T>A]A,2.95696959597,1.48814809732,3.3435015693,0.520394109429,3.61407395064,0.579797959995,0.152670847506
A[T>A]C,0.512192366738,0.257770014633,0.579145617292,0.59837131958,0.62601289268,0.100429875831,0.103412472559
A[T>A]G,0.457629247011,0.23031014392,0.517450063613,0.585947412588,0.559324635235,0.0897312249041,0.228289862474
A[T>A]T,0.599714551961,0.301817127458,0.678108611041,0.698483478895,0.732984452397,0.11759108862,0.14393051607
C[T>A]A,6.22226743668,3.13146792565,7.03563572906,0.327307183379,7.60499353372,1.22005243857,0.233928979881
C[T>A]C,0.481189464353,0.242167246766,0.544090047929,0.792353462697,0.588120456432,0.0943508753634,0.319225416216
C[T>A]G,0.840108361176,0.422799632749,0.949926447604,0.868906491491,1.0267991081,0.164727129642,0.712111482062
C[T>A]T,0.713988545616,0.359327568709,0.807320381645,0.697760177014,0.872652666865,0.139997754042,0.280612516883
G[T>A]A,2.35121902303,1.18329323381,2.65856791493,0.258380615775,2.87371213926,0.46102333785,0.155645324496
G[T>A]C,0.2939505055,0.147935875317,0.33237540818,0.338289808065,0.359272840056,0.0576373540196,0.090778485227
G[T>A]G,0.382946258433,0.192724587577,0.433004592869,0.345334825419,0.468045426974,0.0750875016535,0.223264994359
G[T>A]T,0.411067762312,0.206877239857,0.464802110327,0.30073726031,0.502416153937,0.080601522022,0.0888335672945
T[T>A]A,1.39097756789,0.700034462273,1.57280470095,0.547580521283,1.70008369409,0.272740699587,0.13545952131
T[T>A]C,0.369557203991,0.185986305276,0.417865335232,0.651671441845,0.4516810271,0.072462196861,0.154623038007
T[T>A]G,0.271160666388,0.136466479163,0.306606505132,0.419785640958,0.331418592252,0.0531687581153,0.212006791121
T[T>A]T,0.473672870375,0.238384385744,0.535590892646,0.721257412946,0.578933508236,0.0928770334068,0.206550881778
A[T>C]A,1.39223849218,0.700669045084,1.57423045194,4.04832220621,1.70162482378,0.272987939643,0.216608437794
A[T>C]C,0.837250416121,0.421361320532,0.946694914961,1.51239430559,1.02330606415,0.164166748259,0.123135672052
A[T>C]G,1.56988884972,0.79007478058,1.77510307845,2.54464059752,1.91875303855,0.307821343083,0.176908071126
A[T>C]T,1.17016716015,0.588907655761,1.32313018762,2.92367268772,1.43020430685,0.229444541206,0.117429358455
C[T>C]A,0.670999549745,0.337692583859,0.758711909189,1.11215424647,0.820110560799,0.131568539166,0.192999691902
C[T>C]C,0.858804161289,0.432208630191,0.971066143157,1.51447640977,1.04964953046,0.168392972802,0.302065405262
C[T>C]G,1.25761998216,0.6329198603,1.42201475106,1.71248825888,1.5370910893,0.246592153364,0.356272285378
C[T>C]T,0.722038043197,0.363378623047,0.816422101131,1.7205358713,0.882490941685,0.141576086901,0.132596658057
G[T>C]A,1.93951880285,0.976097698167,2.19305067251,2.18416337493,2.37052298126,0.380297804481,0.185812661226
G[T>C]C,1.17613252181,0.591909831236,1.32987533512,1.64630325097,1.43749530443,0.230614219962,0.220353591438
G[T>C]G,1.4677702093,0.738681739323,1.65963559614,1.82381097751,1.79394136693,0.287798080256,0.159728520834
G[T>C]T,1.73462108811,0.87297924042,1.96136894276,2.23083443205,2.12009244102,0.340121781982,0.14675913565
T[T>C]A,1.00527909119,0.505924771383,1.13668812272,1.96294531946,1.22867444479,0.197113547292,0.145700045365
T[T>C]C,1.1028074433,0.555007667544,1.24696527903,1.95306874883,1.34787576404,0.216236753589,0.243948546007
T[T>C]G,0.637418606498,0.32079237059,0.720741300158,1.56649286423,0.77906718572,0.12498404049,0.182762414766
T[T>C]T,0.802648900503,0.403947485874,0.907570325406,1.84900947982,0.981015322837,0.157382137354,0.176371543617
A[T>G]A,0.0956833114548,0.0481543462877,0.108190933867,0.276048782519,0.116946269556,0.0187614336186,0.0439919473936
A[T>G]C,0.131434767482,0.0661469091249,0.148615782839,0.506893963334,0.160642493589,0.0257715230357,0.108585399386
A[T>G]G,0.307261283057,0.154634763368,0.347426156659,0.487690851612,0.37554156818,0.0602473104033,0.0647073276369
A[T>G]T,0.208885120737,0.105125191482,0.236190365278,1.41381131556,0.255304036456,0.0409578668112,0.519849268644
C[T>G]A,0.0649293018984,0.0326768382103,0.0734167923426,0.194330064499,0.0793580356536,0.0127312356664,0.0598044171722
C[T>G]C,0.232262963702,0.116890511144,0.262624135428,0.654410138082,0.283876955636,0.0455417575887,0.217568419612
C[T>G]G,0.514300679859,0.258831061106,0.581529526899,0.739533946333,0.628589719828,0.100843270561,0.171688729586
C[T>G]T,0.474884358141,0.238994088738,0.536960744826,2.36882681847,0.580414215505,0.0931145800276,0.728789621834
G[T>G]A,0.100894384148,0.0507769122836,0.114083192533,0.0281679351738,0.123315358403,0.019783212578,0.000494176827888
G[T>G]C,0.0800378378967,0.0402804805101,0.0905003003669,0.263915756589,0.097824024096,0.0156936937052,0.00937572620139
G[T>G]G,0.728997847417,0.366881269615,0.82429168368,0.317882544919,0.890997369065,0.142940754395,0.066811519803
G[T>G]T,0.499840007149,0.25155346765,0.565178570174,0.630981931379,0.610915564293,0.0980078445389,0.228178381728
T[T>G]A,0.0965652028197,0.0485981739681,0.109188105149,0.638448813886,0.11802413678,0.0189343534941,0.0690160222995
T[T>G]C,0.26182654543,0.13176891502,0.296052237643,0.989485087655,0.320010222192,0.0513385383196,0.19296897299
T[T>G]G,0.234323021876,0.117927272447,0.264953482252,0.443200222783,0.286394804515,0.0459456905639,0.118488645534
T[T>G]T,0.70222307425,0.353406383773,0.794016940165,5.06497052286,0.858272646305,0.137690798873,1.4353624949
