,1,3,2,5,4,7,6
A[C>A]A,0.511006582611,0.64528568461,0.311764790663,0.340364175775,0.309587929611,0.64528568461,2.06244535065
A[C>A]C,0.41151927405,0.519655725625,0.257403213473,0.237014634994,0.249314596687,0.519655725625,1.1764745692
A[C>A]G,0.0619679297023,0.0782514732737,0.15385732567,0.0472910510974,0.0375426143452,0.0782514732737,0.32834025992
A[C>A]T,0.338211953406,0.42708516744,0.310693624048,0.261900209704,0.204902132356,0.42708516744,1.28038822691
C[C>A]A,0.822111968381,1.03814139073,0.530013477407,0.294939067602,0.498067834858,1.03814139073,2.63078676802
C[C>A]C,0.985521915777,1.24449117832,0.419984712356,0.246973549012,0.597068021967,1.24449117832,1.49064188952
C[C>A]G,0.282017650411,0.356124478256,0.159590683033,0.0719482275437,0.170857408643,0.356124478256,0.532800384182
C[C>A]T,2.35328539213,2.97166695502,0.686444092581,0.528688916649,1.42571304779,2.97166695502,2.83355760623
G[C>A]A,0.725881490398,0.916624071816,0.43319014783,0.277251433225,0.43976761827,0.916624071816,2.96396181589
G[C>A]C,0.767236352261,0.96884590468,0.720949094765,0.241662474223,0.464822023633,0.96884590468,1.44044267702
G[C>A]G,0.144845697908,0.182907341154,0.292968346361,0.0524991213631,0.0877532330391,0.182907341154,0.477719692886
G[C>A]T,0.748516224966,0.945206619848,0.539234697008,0.35099606869,0.453480632644,0.945206619848,2.68630691736
T[C>A]A,0.757393038141,0.956416026265,0.585392392285,0.468068170802,0.458858555954,0.956416026265,2.28285986945
T[C>A]C,0.554995301265,0.700833482619,0.615383503828,0.318737524272,0.336238029234,0.700833482619,2.07849269256
T[C>A]G,0.113484552069,0.143305310277,0.116561307302,0.0824698116225,0.0687534147572,0.143305310277,0.515728346946
T[C>A]T,1.25502347374,1.58481066392,1.28330700169,1.23178403446,0.760342688472,1.58481066392,3.96714444561
A[C>G]A,0.179087885839,0.226147476278,0.111780708068,0.230994247114,0.10849850018,0.226147476278,1.00555675217
A[C>G]C,0.162505246695,0.205207355315,0.0694541759559,0.129792399984,0.098452083764,0.205207355315,0.522331150318
A[C>G]G,0.0404546137887,0.0510850232514,0.00837139520248,0.0415946257407,0.0245089995946,0.0510850232514,0.192786955298
A[C>G]T,0.174305079757,0.220107874438,0.064039192481,0.23282935967,0.105600887736,0.220107874438,0.867132398168
C[C>G]A,0.220277048357,0.278160068363,0.118941830442,0.138940869886,0.133452518348,0.278160068363,0.740225155751
C[C>G]C,0.132284330221,0.167045176119,0.115118614413,0.132978476745,0.0801430613749,0.167045176119,0.693627345261
C[C>G]G,0.0721019022207,0.0910483874758,0.0245957792338,0.0441050634386,0.0436821743381,0.0910483874758,0.295336350721
C[C>G]T,0.120725207823,0.152448620098,0.109278839921,0.182419826182,0.0731400894113,0.152448620098,0.69769129452
G[C>G]A,0.162017652178,0.204591633773,0.0510831519692,0.112245153715,0.0981566797868,0.204591633773,0.544902432607
G[C>G]C,0.210962622021,0.266398055545,0.0810752583059,0.098884101501,0.127809471736,0.266398055545,0.485363420003
G[C>G]G,0.0141678068957,0.0178907342552,0.0412695117521,0.0174633691346,0.00858341585655,0.0178907342552,0.13092615983
G[C>G]T,0.267087216928,0.337270719187,0.0510859222222,0.127408182172,0.16181196354,0.337270719187,0.489924741331
T[C>G]A,0.178424873723,0.225310242,1.14192632732,0.642231112758,0.108096821307,0.225310242,0.642405447518
T[C>G]C,0.227085763258,0.286757934625,0.310519686303,0.271234562702,0.137577506207,0.286757934625,0.754383640205
T[C>G]G,0.033697922995,0.0425528516652,0.0537139017298,0.0414590544444,0.0204155299896,0.0425528516652,0.185313667894
T[C>G]T,0.240416709674,0.303591903457,1.35702054772,0.896050812277,0.145653919,0.303591903457,1.23711363216
A[C>T]A,1.91294022472,2.41561064873,0.332155037915,0.604444227631,1.1589345887,2.41561064873,3.19861215883
A[C>T]C,2.13569390714,2.69689814552,0.751341346635,0.53937360374,1.29388754958,2.69689814552,4.26407272211
A[C>T]G,1.8413391117,2.3251946447,0.482415298945,0.680666050225,1.1155558122,2.3251946447,2.98849293359
A[C>T]T,1.11763016888,1.41131400888,0.397122297451,0.528782422216,0.677104408883,1.41131400888,2.58741415312
C[C>T]A,5.28843356698,6.67809494224,0.902156325675,0.75521442155,3.20394150408,6.67809494224,4.08448510309
C[C>T]C,6.19120835382,7.81809522052,1.68545567624,0.90995353841,3.75087805377,7.81809522052,7.15850707435
C[C>T]G,2.69861846011,3.40774447882,0.504808735716,0.517671345765,1.63492943203,3.40774447882,2.52387961105
C[C>T]T,4.99344217941,6.30558756962,1.4097730891,1.0375753527,3.0252240941,6.30558756962,6.58691534068
G[C>T]A,2.21970163717,2.80298089949,0.639481334487,0.663033503358,1.34478274369,2.80298089949,4.28454309652
G[C>T]C,3.43487471242,4.33746952737,1.33144873658,0.856358495333,2.08098249001,4.33746952737,8.40798667178
G[C>T]G,1.06243627758,1.3416166133,0.568232751595,0.602295900584,0.643665774009,1.3416166133,4.92669170597
G[C>T]T,2.53431874276,3.20027111312,0.997547482221,0.918859003666,1.53539018722,3.20027111312,6.05092615764
T[C>T]A,7.36306205676,9.29788128335,1.87581210035,0.969961887051,4.46083321687,9.29788128335,3.22853352446
T[C>T]C,15.033162195,18.9834821879,2.31021239107,1.05185326107,9.10768220575,18.9834821879,3.88306117695
T[C>T]G,5.7233288606,7.22726929112,1.36620332658,0.901517799107,3.46741821481,7.22726929112,1.61719940774
T[C>T]T,5.19239621044,6.55682149201,1.26222676157,0.854470357462,3.14575828807,6.55682149201,3.05485415033
A[T>A]A,5.51769308021,6.96759783121,0.092940019735,0.20670885731,3.3428359537,6.96759783121,1.42330040906
A[T>A]C,0.317660332632,0.401133120769,0.0631259310696,0.189141796954,0.192451150427,0.401133120769,0.917521498243
A[T>A]G,0.609002982817,0.769032963703,0.139682427542,0.252014383504,0.368958011488,0.769032963703,1.17838382865
A[T>A]T,0.882595081264,1.11451787634,0.0931353740337,0.25648721969,0.534710888649,1.11451787634,1.37348658011
C[T>A]A,11.9706284692,15.1161950742,0.129497750631,0.201842697219,7.25227856161,15.1161950742,1.47380114675
C[T>A]C,0.670936437429,0.847240902739,0.129056494248,0.298553770887,0.406479739464,0.847240902739,1.23202805496
C[T>A]G,1.38303845402,1.74646461712,0.328138506879,0.412313108227,0.83789920937,1.74646461712,3.54456039688
C[T>A]T,0.756508631903,0.955299221308,0.143854045983,0.344682544059,0.458322747795,0.955299221308,2.05625087092
G[T>A]A,4.14354490497,5.23235962453,0.0872959099005,0.158480567134,2.51032282564,5.23235962453,1.7587077091
G[T>A]C,0.204346199696,0.258043011294,0.0687447989801,0.106406887864,0.123800982297,0.258043011294,0.58174659515
G[T>A]G,0.43720892657,0.552095943771,0.0905486720212,0.173088015496,0.264878400769,0.552095943771,1.90312330628
G[T>A]T,0.267042092292,0.337213736982,0.0505594103456,0.14412506149,0.161784625257,0.337213736982,1.12295648381
T[T>A]A,2.52544527421,3.18906593021,0.0748685364039,0.21543668406,1.53001429021,3.18906593021,1.47988716366
T[T>A]C,0.353043182929,0.445813654355,0.108518064003,0.210392630395,0.213887475789,0.445813654355,0.681686598586
T[T>A]G,0.65771647737,0.830547084563,0.152294851523,0.216504960528,0.398470566582,0.830547084563,1.03290978943
T[T>A]T,0.742472995017,0.937575387868,0.102219886421,0.309235768881,0.44981940574,0.937575387868,1.19999314198
A[T>C]A,1.21883222553,1.53910930669,0.205249270477,0.683781552558,0.73841660379,1.53910930669,3.18201452154
A[T>C]C,0.790203815654,0.997848613928,0.10891303529,0.357762365705,0.478736618243,0.997848613928,1.31316406352
A[T>C]G,1.84409420867,2.32867370876,0.214185586156,0.628878085552,1.11722495854,2.32867370876,2.63965002048
A[T>C]T,0.841221054746,1.06227184285,0.162030989063,0.558182254745,0.509644872583,1.06227184285,2.33268687456
C[T>C]A,0.880063672617,1.11132128002,0.107767116299,0.412209555228,0.533177261512,1.11132128002,1.23873607923
C[T>C]C,0.914151344315,1.15436629611,0.114258031955,0.547252940538,0.553828916629,1.15436629611,1.25575467446
C[T>C]G,2.05254926632,2.5919052779,0.200503318001,0.63953070884,1.24351524894,2.5919052779,1.91071593487
C[T>C]T,1.13632656516,1.43492332681,0.11552743807,0.620395936632,0.688431422689,1.43492332681,1.56477023522
G[T>C]A,0.588050341166,0.742574518407,0.213320510541,0.468981723772,0.356264075305,0.742574518407,1.89517012802
G[T>C]C,0.409392995698,0.516970717195,0.162671031053,0.328250859312,0.248026413452,0.516970717195,1.47257011979
G[T>C]G,0.930203011022,1.17463591903,0.14882102347,0.396288823798,0.563553649013,1.17463591903,1.64814178816
G[T>C]T,0.978786299034,1.23598561849,0.228863015934,0.445197482005,0.592987319853,1.23598561849,1.65920511477
T[T>C]A,0.725158409318,0.915710984029,0.108924694581,0.375732464877,0.439329547251,0.915710984029,1.6360820663
T[T>C]C,0.826051163405,1.04311570269,0.136779373282,0.468800491335,0.500454354472,1.04311570269,1.35844909771
T[T>C]G,0.915056220216,1.15550894962,0.110199796615,0.350695831887,0.554377126116,1.15550894962,1.07532018482
T[T>C]T,0.896479814605,1.13205115275,0.104864619552,0.435930862656,0.543122807388,1.13205115275,1.69803142822
A[T>G]A,0.627863150433,0.792849087773,0.00822572235752,0.131390181541,0.380384244423,0.792849087773,0.453707498261
A[T>G]C,0.149436906878,0.188704999197,0.0250163167066,0.12965809533,0.0905347684007,0.188704999197,0.187273797937
A[T>G]G,0.208674658179,0.263508874927,0.0301294225139,0.140992692524,0.126423333057,0.263508874927,0.629078990595
A[T>G]T,0.416837679183,0.526371667874,0.0605701850211,0.554476091879,0.252536696148,0.526371667874,0.363817913765
C[T>G]A,0.386094987623,0.487550604808,0.00988796683926,0.107967496906,0.233911561844,0.487550604808,0.162886720686
C[T>G]C,0.385078193907,0.486266624422,0.047334473435,0.272187843043,0.233295548133,0.486266624422,0.421321033012
C[T>G]G,0.646770527228,0.816724826353,0.0637052874662,0.274587061943,0.391839078539,0.816724826353,0.960820368563
C[T>G]T,1.07176129836,1.3533920045,0.10389833717,1.39063146088,0.649315239155,1.3533920045,1.22769358838
G[T>G]A,0.13964874143,0.176344761075,0.00114455412104,0.0405388911045,0.084604711961,0.176344761075,0.30237540813
G[T>G]C,0.0800580097438,0.10109515099,0.0213905149661,0.0523208572732,0.048502297874,0.10109515099,0.0767334287305
G[T>G]G,0.430745194458,0.543933712709,0.0481140244079,0.169225060703,0.26096241708,0.543933712709,0.809505935415
G[T>G]T,0.540243986315,0.682205909726,0.0478822757179,0.404200667005,0.327301101198,0.682205909726,0.634405999489
T[T>G]A,0.923669432168,1.16638548734,0.0190997101681,0.217214337715,0.559595349416,1.16638548734,0.485493684247
T[T>G]C,0.244514400374,0.308766359596,0.0405761884998,0.261878429252,0.14813646154,0.308766359596,0.397628049196
T[T>G]G,0.368664930804,0.465540387073,0.0380083666035,0.186704273404,0.223351746399,0.465540387073,0.737835747728
T[T>G]T,0.983226627696,1.24159274884,0.195251178479,1.46748880799,0.595677445977,1.24159274884,1.22932888627
