,1,3,2,5,4,7,6
A[C>A]A,4.43851283875,1.89335163052,1.02427219356,1.64504321996,2.51412265692,3.72462615839,6.14563316135
A[C>A]C,3.36988253288,1.4375023392,0.777665199896,1.24897744226,1.90881458156,2.82787345417,4.66599119938
A[C>A]G,1.65533139951,0.706120387202,0.381999553732,0.613514434782,0.937635268252,1.3890892863,2.29199732239
A[C>A]T,2.60995701212,1.11333830587,0.602297772029,0.967326724773,1.47836725862,2.19017371647,3.61378663217
C[C>A]A,5.32718531836,2.27243569525,1.22935045808,1.97441134177,3.01749657893,4.47036530212,7.3761027485
C[C>A]C,2.93314683458,1.25120249587,0.676880038749,1.08711036526,1.66143282238,2.46138195909,4.0612802325
C[C>A]G,1.66079687142,0.708451812283,0.383260816481,0.615540099196,0.940731094998,1.39367569629,2.29956489888
C[C>A]T,3.23944256957,1.38186011709,0.747563669902,1.20063256075,1.83492900794,2.7184133451,4.48538201941
G[C>A]A,5.69643089143,2.4299460446,1.31456097495,2.11126459612,3.22664966578,4.78022172707,7.88736584967
G[C>A]C,8.03722425598,3.42846629101,1.85474405907,2.9788313676,4.55255359954,6.74452385117,11.1284643544
G[C>A]G,2.82048665052,1.20314465512,0.650881534735,1.04535519215,1.59761831253,2.36684194449,3.90528920841
G[C>A]T,4.94061674637,2.10753581488,1.14014232608,1.83113767523,2.79853116403,4.14597209485,6.84085395651
T[C>A]A,3.45077127961,1.47200732906,0.796331833755,1.27895718755,1.95463268285,2.89575212275,4.77799100253
T[C>A]C,4.62350726786,1.97226533804,1.06696321566,1.71360758879,2.61890971116,3.87986623876,6.40177929396
T[C>A]G,1.18220081241,0.504295451447,0.272815572094,0.43815834306,0.669638222413,0.992056625797,1.63689343256
T[C>A]T,8.7069048539,3.71413423838,2.00928573552,3.22703466613,4.93188316899,7.3064935837,12.0557144131
A[C>G]A,1.27946682935,0.545786549582,0.295261576004,0.474207985703,0.724732959282,1.0736784582,1.77156945602
A[C>G]C,0.721578867265,0.307806369952,0.166518200138,0.267438321434,0.408726491248,0.605520727775,0.999109200829
A[C>G]G,0.0769887491929,0.0328413545508,0.0177666344291,0.0285342916589,0.0436090117806,0.0646059433787,0.106599806575
A[C>G]T,0.733993034303,0.313101923724,0.169383007916,0.27203937635,0.415758292158,0.615938210604,1.0162980475
C[C>G]A,0.976851579357,0.41669892546,0.225427287544,0.362049886055,0.553321523971,0.819735591069,1.35256372526
C[C>G]C,1.01236543159,0.431848191096,0.233622791904,0.375212362755,0.573437761947,0.849537425107,1.40173675143
C[C>G]G,0.182829274684,0.0779901101798,0.0421913710809,0.0677618990086,0.103560638108,0.153423167567,0.253148226485
C[C>G]T,0.881983615372,0.376230772991,0.20353468047,0.326889032271,0.499585124791,0.740126110802,1.22120808282
G[C>G]A,0.426260271244,0.181831304517,0.0983677549024,0.157984576055,0.241448125669,0.357700926918,0.590206529414
G[C>G]C,0.64911902806,0.276896928053,0.149796698783,0.240582576833,0.367682806104,0.544715268302,0.898780192698
G[C>G]G,0.277932104721,0.118558450266,0.0641381780126,0.103009801051,0.157430073304,0.233229738228,0.384829068076
G[C>G]T,0.593100468998,0.253000899363,0.136869339,0.219820453545,0.335952013908,0.497706687271,0.821216033998
T[C>G]A,0.74702771499,0.318662172129,0.172391011152,0.276870411849,0.423141572826,0.626876404187,1.03434606691
T[C>G]C,0.699344458813,0.298321762151,0.161387182803,0.259197596623,0.396132175971,0.58686248292,0.968323096818
T[C>G]G,0.113267641087,0.0483169657783,0.0261386864046,0.0419803145287,0.0641585939023,0.0950497687442,0.156832118428
T[C>G]T,0.922141481594,0.393361051589,0.212801880368,0.341772716954,0.522331888176,0.773825019519,1.27681128221
A[C>T]A,1.25261244505,0.534331182852,0.289064410395,0.46425496215,0.709521734607,1.05114331053,1.73438646237
A[C>T]C,1.34080812562,0.571953116522,0.309417259758,0.496942871732,0.759478728496,1.12515367185,1.85650355855
A[C>T]G,2.6345515895,1.12382969902,0.607973443732,0.976442197509,1.4922984528,2.21081252266,3.64784066239
A[C>T]T,1.03039765809,0.439540259744,0.237784074943,0.381895635515,0.583651820315,0.86466936343,1.42670444966
C[C>T]A,1.55794062177,0.664576069426,0.35952475887,0.577418552125,0.882469862681,1.30736275953,2.15714855322
C[C>T]C,1.67291496635,0.713621069561,0.386057299927,0.620031421094,0.947595190729,1.40384472701,2.31634379956
C[C>T]G,1.91099279823,0.815178746098,0.440998338053,0.708270058085,1.08245046613,1.60363032019,2.64599002832
C[C>T]T,1.72464047796,0.735685798291,0.397993956452,0.639202414908,0.976894256747,1.44725075074,2.38796373871
G[C>T]A,2.52169405278,1.07568767287,0.581929396796,0.934613879703,1.42837215577,2.11610689744,3.49157638078
G[C>T]C,2.60226111592,1.11005544105,0.60052179598,0.964474399605,1.47400804468,2.18371562175,3.60313077588
G[C>T]G,2.76430565049,1.17917933343,0.637916688574,1.02453286347,1.56579550832,2.31969704936,3.82750013145
G[C>T]T,2.44316065625,1.04218741281,0.563806305288,0.905507096372,1.38388820389,2.0502047465,3.38283783173
T[C>T]A,2.21591247468,0.945249377311,0.511364417234,0.82128224586,1.25516720594,1.85950697176,3.0681865034
T[C>T]C,1.6120479975,0.687656838094,0.372011076346,0.597472334737,0.913118096485,1.35276755035,2.23206645807
T[C>T]G,5.00741231447,2.13602902925,1.15555668796,1.8558940746,2.83636641589,4.20202431984,6.93334012773
T[C>T]T,2.00185863183,0.853939696096,0.461967376577,0.741947604805,1.13391992432,1.67988136937,2.77180425946
A[T>A]A,0.410313049032,0.175028643293,0.0946876266998,0.152074067124,0.232415083718,0.344318642545,0.568125760199
A[T>A]C,0.367223639232,0.156647846106,0.0847439167459,0.136103866289,0.208007795649,0.308159697258,0.508463500475
A[T>A]G,0.828558106876,0.353440870765,0.191205716971,0.307087969681,0.469323123475,0.695293516259,1.14723430183
A[T>A]T,0.54324713272,0.231734790881,0.125364722935,0.201343342896,0.307713410842,0.455871719765,0.752188337613
C[T>A]A,0.582251906188,0.248373190752,0.134365824505,0.215799657538,0.329807023785,0.4886029982,0.80619494703
C[T>A]C,0.646543372635,0.275798221893,0.149202316762,0.239627963284,0.366223868416,0.542553879134,0.895213900571
C[T>A]G,1.3181215759,0.562275637272,0.304181902131,0.488534570089,0.746628305231,1.10611600775,1.82509141279
C[T>A]T,0.755057559327,0.322087490342,0.174244052152,0.279846508002,0.427689946192,0.633614735099,1.04546431291
G[T>A]A,0.454767896873,0.193991900065,0.10494643774,0.168550339401,0.257595801725,0.381623409964,0.62967862644
G[T>A]C,0.389207602318,0.166025620569,0.0898171389964,0.144251768691,0.220460250264,0.326607778169,0.538902833978
G[T>A]G,0.338084313154,0.144217783933,0.0780194568818,0.125303976204,0.191502303255,0.283707115934,0.468116741291
G[T>A]T,0.207802271025,0.0886429268009,0.0479543702366,0.0770176249254,0.11770618149,0.174379528133,0.287726221419
T[T>A]A,0.372236764558,0.158786312154,0.0859007918211,0.137961877773,0.210847398106,0.312366515713,0.515404750927
T[T>A]C,0.761603447199,0.324879792162,0.175754641661,0.282272606304,0.431397756805,0.639107787859,1.05452784997
T[T>A]G,0.952201760918,0.406183967944,0.219738867904,0.352913939361,0.539359039401,0.799050428742,1.31843320742
T[T>A]T,0.473946984256,0.202173189088,0.109372380982,0.175658672487,0.268459480593,0.397717749026,0.656234285893
A[T>C]A,1.82671267806,0.779227086444,0.421549079551,0.677033370189,1.03471137708,1.53290574382,2.52929447731
A[T>C]C,0.763024819414,0.325486111778,0.176082650634,0.282799408594,0.432202869738,0.64030054776,1.0564959038
A[T>C]G,1.47660975192,0.629882481586,0.340756096596,0.547274943018,0.836401328008,1.23911307853,2.04453657958
A[T>C]T,1.5702017834,0.669806355158,0.362354257708,0.581962898744,0.889414996193,1.31765184621,2.17412554625
C[T>C]A,0.500460147639,0.213483000042,0.115490803301,0.185485229544,0.283477426285,0.419966557459,0.692944819807
C[T>C]C,0.914937123656,0.390287863937,0.211139336228,0.339102570306,0.518251098015,0.767779404466,1.26683601737
C[T>C]G,0.89547878434,0.38198745346,0.206648950232,0.331890738252,0.50722924148,0.751450728118,1.23989370139
C[T>C]T,0.765849431007,0.326691016024,0.176734484079,0.283846292611,0.433802824556,0.642670851195,1.06040690447
G[T>C]A,0.850172155095,0.362660849376,0.196193574253,0.31509877077,0.481566045893,0.713431179101,1.17716144552
G[T>C]C,1.02321596191,0.436476738996,0.236126760441,0.37923388798,0.579583866536,0.858642765239,1.41676056264
G[T>C]G,0.685817260904,0.292551418987,0.158265521747,0.254184019776,0.388469917015,0.575510988171,0.949593130482
G[T>C]T,1.18151359673,0.5040023035,0.272656983861,0.437903640746,0.669248960386,0.991479941312,1.63594190317
T[T>C]A,1.07668478812,0.45928511941,0.248465720336,0.399051005389,0.609870404462,0.903511710314,1.49079432202
T[T>C]C,0.896371481801,0.382368254474,0.206854957339,0.33222159815,0.507734895286,0.752199844868,1.24112974403
T[T>C]G,0.609206670281,0.259871376833,0.14058615468,0.225789884789,0.345075106942,0.511222380655,0.843516928081
T[T>C]T,0.785194362392,0.334943049692,0.181198699014,0.291016092355,0.444760443033,0.658904360049,1.08719219408
A[T>G]A,0.12304374026,0.0524871899013,0.0283947092909,0.0456036240126,0.069696104623,0.10325348833,0.170368255745
A[T>G]C,0.264190610537,0.112696694005,0.06096706397,0.0979167997094,0.149646429744,0.221698414436,0.36580238382
A[T>G]G,0.391042936353,0.166808525297,0.0902406776199,0.144931997389,0.221499845067,0.328147918618,0.541444065719
A[T>G]T,0.724957387156,0.309247556759,0.167297858574,0.268690500135,0.410640198319,0.608355849362,1.00378715145
C[T>G]A,0.143376882994,0.0611607682703,0.0330869729987,0.053139683907,0.0812134791786,0.12031626545,0.198521837992
C[T>G]C,0.418251343519,0.178414908774,0.0965195408121,0.155016232213,0.236911600175,0.350980148408,0.579117244872
C[T>G]G,0.455428182254,0.194273560262,0.105098811289,0.168795060556,0.257969809529,0.382177495598,0.630592867736
C[T>G]T,1.19578237479,0.51008898505,0.275949778797,0.443192068978,0.67733127523,1.00345374108,1.65569867278
G[T>G]A,0.0540896434801,0.0230732045614,0.0124822254185,0.0200472105206,0.0306381896635,0.0453899106126,0.0748933525109
G[T>G]C,0.176019754483,0.0750853498146,0.0406199433423,0.0652380908226,0.0997034972948,0.147708884881,0.243719660054
G[T>G]G,0.526858691222,0.224743917235,0.121582774897,0.195269305138,0.298430447475,0.442119181445,0.729496649384
G[T>G]T,0.564170635911,0.240660201333,0.130193223672,0.209098207715,0.319565185376,0.473429904261,0.781159342031
T[T>G]A,0.279440896028,0.119202060543,0.0644863606218,0.103569003423,0.158284703344,0.234495856807,0.386918163731
T[T>G]C,0.418681271823,0.178598304764,0.0966187550362,0.15517557627,0.237155125998,0.351340927404,0.579712530217
T[T>G]G,0.369044730728,0.157424675346,0.0851641686296,0.136778816284,0.209039323,0.309687885926,0.510985011778
T[T>G]T,2.39284247713,1.02072301472,0.5521944178,0.886857701316,1.35538629824,2.00797970109,3.3131665068
