,1,3,2,5,4,7,6
A[C>A]A,0.917285336331,1.73540469036,2.41717081871,1.82902488984,1.13668213493,0.774151673195,2.27572682404
A[C>A]C,0.728281329982,1.37782954321,1.9191197209,1.36050534842,0.845511798451,0.607882608085,1.01375017658
A[C>A]G,0.267668185935,0.506399270689,0.705341841316,0.461809499444,0.287000253892,0.0878321733527,0.443600158759
A[C>A]T,0.67686514916,1.2805556876,1.7836311363,1.2798140163,0.795364642896,0.590857824969,1.28032215456
C[C>A]A,1.23352453047,2.33369505764,3.25050383029,2.03054278411,1.26191924436,0.791519969584,4.41168966579
C[C>A]C,1.35336019178,2.56041117364,3.56628699185,2.24984205091,1.3982069243,0.753183676279,2.90803949144
C[C>A]G,0.409403389767,0.774546953613,1.07883325682,0.474822593477,0.295087487472,0.113817547947,1.53088203487
C[C>A]T,3.04556630922,5.76188220664,8.02547878782,2.82420486646,1.75515556673,1.35956411602,5.86176266661
G[C>A]A,1.12796085148,2.13397998928,2.97232927078,1.50978900024,0.938286949299,0.525617779897,4.91028464701
G[C>A]C,1.00872549312,1.90839958157,2.65812798862,1.50978150752,0.938282292808,0.444544036128,2.61872387238
G[C>A]G,0.353608564382,0.668989175857,0.931806352087,0.567902283733,0.352933622659,0.0607184361922,1.09872564967
G[C>A]T,1.45480758555,2.75233867536,3.83361458353,1.39368644305,0.866132817712,0.581932420895,3.69624125033
T[C>A]A,0.889924695552,1.68364131591,2.34507183287,2.42897653984,1.50953344284,1.18182886017,2.96597912271
T[C>A]C,1.01734299086,1.92470295569,2.68083625971,2.13235808893,1.32519429255,0.824196347246,2.61018853352
T[C>A]G,0.231530933011,0.438031494885,0.610115296447,0.446812886321,0.277680324832,0.161690627644,0.787327006798
T[C>A]T,1.45018356332,2.7435905252,3.82142966011,4.79957467791,2.98278652299,1.22347720514,6.09199711597
A[C>G]A,0.263387956551,0.498301539421,0.694062858479,1.02409898168,0.63644569483,0.293553176089,0.512135593436
A[C>G]C,0.150159661674,0.284085846411,0.395691000358,0.566230874785,0.351894893934,0.187941302646,0.426172665626
A[C>G]G,0.0724120355915,0.136995743011,0.190815499194,0.180103167071,0.111928521909,0.0408810705227,0.171354523754
A[C>G]T,0.208873158454,0.395165434913,0.550408998629,0.985128229805,0.612226583495,0.374226554722,0.540392016214
C[C>G]A,0.183175129023,0.346547541395,0.482691218372,0.720258907015,0.447618529783,0.199343992796,0.351897884657
C[C>G]C,0.154435954046,0.292176129276,0.406959608634,0.67323006632,0.418391566639,0.189126756634,0.475544025668
C[C>G]G,0.102456726046,0.193837049276,0.269987318634,0.274203588195,0.170409009613,0.0473031686327,0.271452244045
C[C>G]T,0.192237595322,0.363692747906,0.506572041726,0.922001806669,0.572995473071,0.277395041632,0.507690704252
G[C>G]A,0.176151139719,0.333258912982,0.464182057367,0.511131683618,0.317652458746,0.164122675638,0.30563714462
G[C>G]C,0.1866499876,0.353121598162,0.491847940296,0.598885139178,0.372188504574,0.167540442508,0.619306608859
G[C>G]G,0.0602029789286,0.113897527703,0.158642985014,0.162341258045,0.100890047373,0.0159681555923,0.135370656402
G[C>G]T,0.163562525193,0.30944261523,0.431009356927,0.634474980492,0.394306485052,0.154039754889,0.320619338562
T[C>G]A,1.66261179118,3.1454817671,4.38120674704,2.98364200222,1.85424079234,2.62275352709,0.245733022345
T[C>G]C,0.532538180792,1.00750466636,1.40331007101,1.37627545678,0.855312430767,0.641349446183,0.528283899217
T[C>G]G,0.101602006349,0.192220012012,0.267735016731,0.213683145725,0.132797435196,0.0978432686758,0.120025923538
T[C>G]T,2.05862870522,3.89470295583,5.42476483133,4.04970905865,2.51676834153,3.71129642275,0.343598979179
A[C>T]A,1.51939166591,2.87452477335,4.00380236288,2.1651394439,1.34556688604,1.48384797168,3.37821330454
A[C>T]C,1.55360168748,2.93924643577,4.09395039268,1.98809370577,1.23553846121,1.1109185259,2.66883654572
A[C>T]G,1.54227744032,2.91782218438,4.0641094711,3.04140165399,1.89013662113,3.62681481148,6.43151441667
A[C>T]T,1.06743650587,2.01947447056,2.81283944114,1.7913859537,1.11329070569,1.25373493492,1.98467534647
C[C>T]A,1.50529687924,2.84785896072,3.96666069529,4.60723654403,2.86325434939,1.75413927742,3.21053100849
C[C>T]C,2.02495872815,3.8310029992,5.33603989174,5.17000188089,3.2129955192,1.66679293411,3.76006276577
C[C>T]G,1.49980966559,2.8374777457,3.9522011458,3.35014579691,2.08201151221,2.18754697041,7.11069211293
C[C>T]T,1.65178950337,3.12500716854,4.35268855618,5.44576238411,3.38437210312,2.36344091151,2.85479435677
G[C>T]A,2.02356081914,3.82835830649,5.33235621261,2.75546982318,1.71243887316,1.56396548425,5.60766015298
G[C>T]C,2.4042342033,4.54855119543,6.3354820222,3.98351886223,2.47563319121,2.04453795286,7.30330295976
G[C>T]G,1.46050059432,2.76310923249,3.84861643097,3.37641235086,2.09833535929,2.7156589829,7.56622639345
G[C>T]T,1.95489086683,3.6984421805,5.15140160855,3.82086829707,2.37455091908,2.17879031646,4.83321251574
T[C>T]A,2.22296980368,4.20561854751,5.85782583403,5.87483447953,3.65102707767,8.34478138331,4.05739633748
T[C>T]C,2.70624726973,5.11992726705,7.13132726482,10.5144800636,6.53442263842,2.75821951885,6.37640528166
T[C>T]G,1.142743314,2.16194681027,3.01128305716,5.90896153971,3.67223598513,2.32969343007,5.44335488735
T[C>T]T,1.64615693556,3.11435095916,4.33784597883,4.50416662723,2.79919959884,4.78289897308,2.89853946259
A[T>A]A,0.202309661497,0.382748008238,0.533113297189,0.842307980648,0.523468236561,0.433176204166,1.2764099347
A[T>A]C,0.251196273125,0.475236192398,0.661936125126,0.976179255189,0.606665073846,0.710396418798,1.38597266673
A[T>A]G,0.228153533326,0.431641819806,0.601215391872,0.861342859591,0.535297822345,0.349715922244,1.02696818123
A[T>A]T,0.380192495243,0.719283099109,1.00185860233,1.11826714282,0.694968280851,0.593502777982,0.99481115057
C[T>A]A,0.201010004271,0.38028919727,0.529688524769,0.5719817322,0.355468873119,0.325665328047,1.47750059564
C[T>A]C,0.450857695802,0.852974019085,1.18807095515,0.976109644197,0.606621812778,0.538180670313,0.96431794745
C[T>A]G,0.54250377914,1.02635850108,1.42957076936,1.32995284887,0.826524369352,0.380280865201,2.08933649844
C[T>A]T,0.342840496727,0.64861715597,0.903431038672,1.13343730099,0.704396062759,0.513397719014,0.87059592244
G[T>A]A,0.183859127155,0.347841591914,0.48449364588,0.481117937148,0.298999847945,0.21851992371,0.832839602458
G[T>A]C,0.207230653498,0.392057993105,0.54608077611,0.558030438252,0.346798577445,0.31510156312,0.903705435875
G[T>A]G,0.251049768939,0.474959022318,0.6615500668,0.695951698957,0.432512355284,0.219392363301,0.713431098342
G[T>A]T,0.212104889459,0.401279520598,0.558925046547,0.603657018706,0.375154079422,0.374712351821,0.599963738781
T[T>A]A,0.198835206805,0.376174715577,0.523957639553,0.906374192639,0.563283396555,0.372363308086,0.871991097847
T[T>A]C,0.277335657078,0.524689080959,0.730816934193,0.759870822924,0.472236104642,0.522016046153,0.735736358468
T[T>A]G,0.183753757133,0.347642243225,0.484215981635,0.764127364676,0.474881413076,0.216439358472,0.826472432909
T[T>A]T,0.314205807994,0.59444342053,0.827974764309,1.13821250679,0.707363704785,0.539016403915,0.588117975402
A[T>C]A,0.851326774903,1.61061822279,2.24336109603,3.45709575309,2.14847758667,3.01878765686,2.30160037483
A[T>C]C,0.70302514973,1.33004758057,1.85256627294,1.57535545544,0.97903446383,1.49941241075,1.43443934678
A[T>C]G,1.47130418027,2.78354844916,3.8770853399,3.03877663512,1.88850525346,2.66844851769,3.18088526197
A[T>C]T,0.55211539157,1.0445426327,1.45489866697,2.66518699974,1.65633090379,2.21266673993,1.57321600438
C[T>C]A,0.657112496271,1.24318580376,1.73158022666,1.83977469968,1.14336280771,1.7570474617,1.49866534026
C[T>C]C,0.862054549235,1.63091401207,2.27163023109,1.73652372921,1.07919553792,1.49261319097,1.1257892357
C[T>C]G,1.76276713986,3.3349648592,4.64512962532,2.62627335814,1.63214728472,2.24868626346,3.29474043528
C[T>C]T,0.507778997505,0.960662968253,1.33806627721,2.62474967814,1.63120036494,1.6467536865,1.42019490473
G[T>C]A,0.756551686363,1.43131400123,1.99361593028,3.43581654645,2.13525322096,3.94929095546,5.49726249368
G[T>C]C,0.533249476305,1.00885036058,1.4051844308,1.82763214993,1.13581659035,1.80494023916,2.82923621836
G[T>C]G,0.949451724591,1.7962600195,2.50193359859,2.34546382443,1.45763288524,2.07553422976,4.20022476967
G[T>C]T,0.629566090335,1.19107098172,1.65899172453,2.8422362415,1.76636150602,2.57730152966,4.10187099712
T[T>C]A,0.562134498388,1.06349769965,1.48130036737,2.08333580708,1.29472846768,1.69775587725,1.98161900659
T[T>C]C,0.758834339633,1.43563253444,1.99963103011,1.89506896649,1.17772647635,1.76568300211,1.91517549932
T[T>C]G,0.743339594661,1.40631815206,1.95880028323,1.62147215914,1.00769456218,1.20226843357,1.97368690768
T[T>C]T,0.506773030792,0.958759787985,1.33541541898,2.07691820324,1.29074012631,1.39578047987,1.4950648188
A[T>G]A,0.101184929131,0.191430947004,0.266635961899,0.649945801556,0.403921119611,0.123792126318,0.137002653082
A[T>G]C,0.156359136568,0.295814582697,0.412027454471,0.298683597292,0.185622574588,0.0957845332877,0.321242651903
A[T>G]G,0.179369132414,0.339347007269,0.472661902982,0.502883761797,0.312526631625,0.202490208344,0.3566655526
A[T>G]T,0.705726705438,1.33515863191,1.8596852373,0.887552101876,0.551586052013,0.336993292936,0.449869154894
C[T>G]A,0.109123871048,0.206450566847,0.28755614668,0.406382942597,0.252554371105,0.0535074475743,0.105557372492
C[T>G]C,0.456739827827,0.86410237697,1.20357116792,0.614046717004,0.38161095407,0.34291158005,0.538728941834
C[T>G]G,0.527654651054,0.998265556047,1.39044131021,0.914382606214,0.568260376743,0.402836933211,0.852597302061
C[T>G]T,1.02684007417,1.94267041059,2.70586235761,3.08551484371,1.91755159779,1.31562591462,1.04378689901
G[T>G]A,0.0410533594004,0.0776685177845,0.108181149771,0.19114099531,0.118788189176,0.0220572274553,0.0990608043882
G[T>G]C,0.0844648981718,0.159798456001,0.222576420858,0.210207158161,0.130637216937,0.139130204553,0.174726583017
G[T>G]G,0.224995086829,0.425666380487,0.592892458535,0.614850485612,0.382110471284,0.183226754599,0.595945635015
G[T>G]T,0.439204357071,0.830927162027,1.15736283282,1.02812261809,0.638946259829,0.595990975534,0.469863182807
T[T>G]A,0.153475987479,0.290359976311,0.404429967004,1.0535212744,0.654730735502,0.146280904577,0.256838568393
T[T>G]C,0.291639026932,0.551749510412,0.768508246646,0.631395198275,0.392392496103,0.24870051961,0.433134644804
T[T>G]G,0.226178887842,0.427906004025,0.596011934178,0.618958947264,0.384663752537,0.204805639337,0.3456375637
T[T>G]T,1.68017562695,3.17871064558,4.42748982777,2.41108476995,1.49841426381,0.517735400085,0.97162678777
