,1,3,2,5,4,7,6
A[C>A]A,1.05804579207,2.10331751964,1.28001344076,2.2361950505,1.34454765695,0.488328827109,0.517924513601
A[C>A]C,0.709193293864,1.61613892835,0.857975103765,1.21347986764,0.72962397105,0.327319981783,0.347157556437
A[C>A]G,0.175708017382,0.245370308472,0.21256983921,0.485915487367,0.292164375316,0.0810960080222,0.0860109175993
A[C>A]T,1.51064123023,1.60209456138,1.82755897083,1.32244636744,0.795141803208,0.697219029336,0.739474728083
C[C>A]A,1.51894108726,2.4268672175,1.83760005661,3.32702219111,2.00042473516,0.70104973258,0.743537595161
C[C>A]C,1.29409442557,1.80553355905,1.5655827666,2.14167737872,1.28771741125,0.597274350262,0.633472795732
C[C>A]G,0.425457162972,0.330874654843,0.514713910449,0.681721284629,0.409895709112,0.196364844449,0.208265744112
C[C>A]T,5.66373894971,2.22564774662,6.85193593216,2.70651228249,1.62733333441,2.6140333614,2.77245962573
G[C>A]A,1.51981789894,1.85510376492,1.83866081481,3.88580102875,2.33639935273,0.701454414897,0.743966803678
G[C>A]C,1.1696625205,1.29823241624,1.41504626606,1.56638214661,0.941812050175,0.539844240229,0.57256207297
G[C>A]G,0.261784370438,0.258386033469,0.316704168432,0.745112206425,0.448010503863,0.120823555587,0.128146195319
G[C>A]T,3.45639877063,1.97430477752,4.18151739384,2.53979498751,1.52709192287,1.59526097106,1.69194345416
T[C>A]A,1.33373246762,2.55383031876,1.61353648181,4.38001579398,2.63355380018,0.615568831209,0.6528760331
T[C>A]C,1.52062493238,2.04112078357,1.83963715596,2.89401813736,1.74007419652,0.70182689187,0.744361855013
T[C>A]G,0.310154652491,0.352958833642,0.375222062105,0.731821043698,0.44001898197,0.14314830115,0.151823955765
T[C>A]T,3.4559793471,2.94589658323,4.18100997935,9.47065120707,5.69437889033,1.59506739097,1.69173814193
A[C>G]A,0.501391562303,1.19399796692,0.606578603346,0.53080744191,0.3191563733,0.231411490294,0.2454364291
A[C>G]C,0.271495393614,0.615411045716,0.328452469198,0.303767609665,0.182645081761,0.125305566284,0.132899843028
A[C>G]G,0.184615956879,0.23074716453,0.223346577204,0.13793323733,0.0829345414324,0.0852073647136,0.0903714474235
A[C>G]T,0.532232306051,1.16540637145,0.643889433195,0.481548865436,0.289538874788,0.245645679716,0.260533296668
C[C>G]A,0.326040705934,0.899122807793,0.394440854032,0.474361255704,0.285217210708,0.150480325816,0.159600345562
C[C>G]C,0.339160088565,0.721648947753,0.410312554698,0.412096508371,0.247779546172,0.156535425492,0.166022420976
C[C>G]G,0.217412383124,0.243190577097,0.263023372591,0.281606959042,0.16932063993,0.100344176827,0.106425642089
C[C>G]T,0.421490924222,1.21388883299,0.509915593639,0.634766820211,0.381663594431,0.194534272718,0.20632422864
G[C>G]A,0.437840433912,0.604963463226,0.529695070397,0.272212322435,0.163671966021,0.202080200267,0.214327485132
G[C>G]C,0.401360425905,0.518183138575,0.485561913857,0.312802052599,0.188077183525,0.185243273494,0.196470138555
G[C>G]G,0.0685853708901,0.102469571648,0.0829739102377,0.155417660525,0.0934473275311,0.0316547865647,0.0335732584777
G[C>G]T,0.265422008346,0.862211937953,0.32110494716,0.352327407186,0.211842428371,0.12250246539,0.129926857232
T[C>G]A,1.74040012628,4.99476543964,2.10551903389,7.45539197325,4.48267238898,0.803261596746,0.85194411776
T[C>G]C,0.645908332978,1.94571475914,0.781413577659,2.1598659019,1.29865354861,0.298111538298,0.316178904255
T[C>G]G,0.154328216511,0.264961670621,0.186704765429,0.361919136718,0.21760960752,0.0712284076202,0.0755452808093
T[C>G]T,2.62084979199,6.44881782342,3.17067841968,8.95020371962,5.38145160357,1.20962298092,1.28293346461
A[C>T]A,4.02711792159,1.85176842467,4.87196783521,1.08633215841,0.653174399045,1.85866980996,1.97131646511
A[C>T]C,3.28205147664,1.65863752058,3.97059374447,0.703903207525,0.423232941233,1.51479298922,1.60659862493
A[C>T]G,3.68567199702,2.00137668141,4.45888989849,1.64368924353,0.988294165413,1.70107938324,1.80417510344
A[C>T]T,2.4450809799,1.50323321394,2.95803503162,0.782698025861,0.470609572511,1.1284989138,1.19689278736
C[C>T]A,3.53014784939,3.87274955231,4.2707383073,1.62430495452,0.976639054934,1.62929900741,1.7280444018
C[C>T]C,3.53255615304,4.11366025876,4.27365184948,1.21691443214,0.731689057299,1.63041053217,1.7292232917
C[C>T]G,2.83377884653,1.95815447611,3.42827790524,1.73693187283,1.04435777164,1.30789792917,1.38716447033
C[C>T]T,3.5130039322,4.21809388921,4.24999776413,1.46977254836,0.883724000596,1.62138643024,1.7196522745
G[C>T]A,4.72966663027,2.17513894987,5.72190438487,1.14489685931,0.688387352116,2.18292306013,2.31522142741
G[C>T]C,5.05622873603,4.0189078574,6.1169760233,1.52920163997,0.919456682261,2.33364403201,2.47507700365
G[C>T]G,4.70485871883,4.21309464178,5.69189201649,2.10064547857,1.26304633205,2.17147325485,2.30307769453
G[C>T]T,4.26837980011,3.01782907161,5.16384409384,1.42389406022,0.856138833675,1.9700214462,2.08941668537
T[C>T]A,6.82176510393,7.73973107206,8.25290463623,3.98200198632,2.39424170063,3.14850697105,3.33932557535
T[C>T]C,4.89152245023,10.5160367415,5.91771597125,1.74948774498,1.05190718844,2.25762574626,2.39445154906
T[C>T]G,1.88474999454,4.04937587559,2.2801520913,4.61445522604,2.77451421819,0.869884612866,0.922604892433
T[C>T]T,4.61501372315,4.76805403326,5.58319842032,2.2503690155,1.35306997767,2.13000633376,2.25909762672
A[T>A]A,0.75022302963,1.30926983223,0.907612476405,1.51493795969,0.910880418802,0.346256782906,0.367242042476
A[T>A]C,0.606451789289,0.890148536704,0.733679437392,0.642401889279,0.386254300516,0.279900825826,0.296864512239
A[T>A]G,0.658590757321,0.793846323592,0.796756650465,2.04642076125,1.23044286278,0.303964964917,0.322387084003
A[T>A]T,0.924313416946,1.31415667537,1.1182253226,0.85365785521,0.513275292689,0.426606192437,0.45246111319
C[T>A]A,0.596438490024,1.65964099459,0.721565445973,2.30413607368,1.38539827215,0.275279303088,0.291962897214
C[T>A]C,0.89129309107,1.22668210173,1.07827765563,2.01300191706,1.21034925393,0.411366042033,0.436297317307
C[T>A]G,1.24052761134,1.0772531902,1.50077815917,6.02227902304,3.62099055183,0.572551205234,0.607251278278
C[T>A]T,0.875585550323,1.36714363593,1.05927482661,2.29240952685,1.37834750032,0.404116407841,0.428608311347
G[T>A]A,0.613202051886,0.756150207456,0.741845838995,1.51658852733,0.911872848713,0.28301633164,0.300168836588
G[T>A]C,0.445699365351,0.548970449619,0.539202728711,0.518867466764,0.31197727432,0.205707399393,0.218174514507
G[T>A]G,0.712649379152,0.645389590321,0.862156241912,1.60632579285,0.965828799501,0.32891509807,0.348849346438
G[T>A]T,0.625172323066,0.845304192676,0.756327355877,0.580226358132,0.348870278624,0.288541072184,0.306028409892
T[T>A]A,0.818879534426,1.02237450877,0.990672443746,1.3526039652,0.813274536039,0.377944400504,0.400850121747
T[T>A]C,0.604579782386,0.989334634698,0.731414701768,1.05131770154,0.632121402825,0.27903682264,0.295948145224
T[T>A]G,0.511309389014,0.63027299712,0.618577093003,2.0190165675,1.21396565767,0.235988948776,0.250291309307
T[T>A]T,0.652774324496,1.5325078967,0.789719986978,1.20661212918,0.725494634632,0.30128045746,0.319539879124
A[T>C]A,2.50920275409,2.36333817988,3.03560892628,1.55283377426,0.933665876927,1.15809357881,1.22828106844
A[T>C]C,1.27628958611,1.44855422495,1.54404264613,0.725606707657,0.436282514098,0.589056732049,0.624757140051
A[T>C]G,2.33742718366,2.16892998897,2.82779652288,1.27053031876,0.76392645748,1.0788125463,1.14419512487
A[T>C]T,1.87620571429,1.95933765106,2.2698153047,1.0095248088,0.606992764787,0.865941098903,0.918422377625
C[T>C]A,0.89891047234,1.39082542252,1.08749308891,1.0101013644,0.60733942796,0.414881756464,0.440026105341
C[T>C]C,1.18577845444,1.96345951047,1.43454316516,1.45186820573,0.872958731295,0.547282363587,0.580450991683
C[T>C]G,1.68839037745,2.05272302789,2.04259814894,1.7543215735,1.05481360432,0.779257097283,0.826484800149
C[T>C]T,1.43613921394,1.76406266702,1.73742716092,1.57924856089,0.949548185346,0.662833483355,0.703005209619
G[T>C]A,1.34688093374,2.08517533075,1.62944336739,1.16754942218,0.702007563967,0.621637354034,0.659312345188
G[T>C]C,1.17661628044,1.92564274492,1.42345885676,0.823601085062,0.495203184056,0.543053667897,0.575966011406
G[T>C]G,1.5965411684,1.68510590768,1.93147987505,0.975912614362,0.58678290104,0.736865154645,0.781523648866
G[T>C]T,1.4941196416,1.86433411775,1.80757131466,1.01783856613,0.611991542927,0.689593680739,0.731387237147
T[T>C]A,1.13558185978,1.86395976413,1.37381581638,0.830077335391,0.499097132039,0.524114704515,0.555879232061
T[T>C]C,1.30319422201,1.74865083812,1.57659161124,1.25798829955,0.756385369985,0.601474256313,0.637927241544
T[T>C]G,1.16647610561,1.29411736825,1.41119137253,0.856666363844,0.515084206109,0.538373587207,0.571002289461
T[T>C]T,1.08396636881,1.79355598038,1.31137190073,1.00775651724,0.605929551503,0.500292170221,0.530612907811
A[T>G]A,0.432790781344,0.373594806455,0.523586050158,0.366686873509,0.220476284705,0.19974959139,0.211855627231
A[T>G]C,0.284692929736,0.22541831111,0.344418719192,0.450231901757,0.270709054854,0.131396736801,0.139360175395
A[T>G]G,0.504934388041,0.601105940881,0.610864679238,0.344471140614,0.207118723787,0.233046640634,0.24717067946
A[T>G]T,0.769607605043,0.92081503018,0.931063745961,1.92222744217,1.1557696646,0.35520351002,0.376730995475
C[T>G]A,0.218441778605,0.276859040571,0.264268725165,0.343244945451,0.206381454543,0.100819282433,0.106929541974
C[T>G]C,0.601805725916,0.629430518623,0.728058675409,0.888902078474,0.534466439589,0.277756488884,0.294590215483
C[T>G]G,0.791603979683,0.839166736523,0.957674744652,0.929973724744,0.559161416776,0.365355682931,0.387498451593
C[T>G]T,1.81145076329,1.49974816029,2.19147539895,4.76765977229,2.86663087574,0.836054198442,0.886724149863
G[T>G]A,0.189520352839,0.19499084601,0.22927986742,0.0812564884053,0.0488567493576,0.0874709320795,0.0927722006904
G[T>G]C,0.220791268395,0.210407719449,0.267111114911,0.137338775728,0.0825771119881,0.101903662336,0.108079641872
G[T>G]G,0.473675442762,0.920269399215,0.573047913271,0.498409781224,0.299676767192,0.218619435121,0.231869097855
G[T>G]T,0.688432812858,1.02432018237,0.832859277094,1.30179275447,0.782723491611,0.317738221319,0.336995083217
T[T>G]A,0.614915594185,0.537510144918,0.743918865692,0.60877049338,0.366032891589,0.283807197316,0.301007633517
T[T>G]C,0.463213387818,0.569255638993,0.560391021626,0.863754350156,0.519345970031,0.213790794378,0.226747812219
T[T>G]G,0.553524724149,0.688489964925,0.669648792152,0.507290869341,0.305016661945,0.255472949607,0.270956158674
T[T>G]T,1.0070849828,2.17137728114,1.21836155262,5.49066578872,3.30134968309,0.464808453599,0.492978662908
