,1,3,2,5,4,7,6
A[C>A]A,2.27187829895,2.8885309801,2.36924451177,1.99600736265,2.80739246942,0.822935624805,0.468616119681
A[C>A]C,1.42574593539,1.81273411786,1.48684933262,1.25261964324,1.76181462016,0.614923033643,0.350164505269
A[C>A]G,0.288984665486,0.367423360404,0.301369722578,0.253893670391,0.357102479494,0.0854650310315,0.0486675871151
A[C>A]T,1.30924809251,1.6646154319,1.36535872504,1.15026796699,1.61785657146,0.693223704891,0.394752387507
C[C>A]A,2.66663536889,3.39043639758,2.78091974184,2.34282964552,3.29519942012,0.884389860214,0.503610892622
C[C>A]C,1.77920437408,2.26213127562,1.85545599011,1.56315812866,2.19858826226,0.873475705183,0.497395887674
C[C>A]G,0.541572470794,0.688570712867,0.564782719542,0.475810099341,0.66922883891,0.142650889079,0.0812317562813
C[C>A]T,3.29224257874,4.18585127868,3.43333868926,2.89247026561,4.06827118659,1.33481655801,0.760103873309
G[C>A]A,3.09138388198,3.93047379281,3.22387176264,2.71600155346,3.82006722559,0.603194714996,0.343485879373
G[C>A]C,1.60927012571,2.04607201697,1.67823884538,1.4138587533,1.98859808391,0.511774434075,0.291427108293
G[C>A]G,0.406060302661,0.516276670526,0.42346288706,0.356752980195,0.501774516859,0.0657741416523,0.037454719552
G[C>A]T,2.22489138279,2.82879047241,2.32024387063,1.9547260006,2.74933006588,0.967243602012,0.55079149559
T[C>A]A,2.72408729044,3.46348241213,2.8408338886,2.39330526231,3.36619358033,0.588595980801,0.33517271129
T[C>A]C,1.53213867789,1.94800489046,1.59780176409,1.34609326701,1.89328565197,0.627052081004,0.357071323905
T[C>A]G,0.392306647754,0.498789880716,0.409119789801,0.344669411955,0.48477892901,0.117009888264,0.0666306308167
T[C>A]T,4.03503466832,5.13025836401,4.20796472553,3.54506617288,4.98614998299,1.12645391209,0.641452922163
A[C>G]A,0.5245231065,0.666893663979,0.547002668208,0.460831014997,0.64816069589,0.351757992345,0.20030663453
A[C>G]C,0.309548847172,0.393569248547,0.322815226336,0.271960772872,0.382513932576,0.147336993184,0.0839002322299
A[C>G]G,0.0508452121436,0.0646460554398,0.0530242926641,0.0446711506691,0.0628301550061,0.0200207331103,0.0114006952433
A[C>G]T,0.455450712709,0.579073049016,0.474970028968,0.400145983309,0.562806952134,0.374640746023,0.213337091485
C[C>G]A,0.313514401996,0.398611168253,0.326950733511,0.27544479604,0.387414225324,0.118959974377,0.06774109652
C[C>G]C,0.2901305031,0.368880211084,0.302564667518,0.254900370581,0.358518407402,0.180889450068,0.1030064924
C[C>G]G,0.108756391157,0.138275983042,0.113417379349,0.095550257945,0.134391826215,0.0356453518625,0.0202980475884
C[C>G]T,0.444060389449,0.564591066585,0.463091548997,0.39013877073,0.548731766962,0.169738387148,0.0966565815705
G[C>G]A,0.198632334141,0.252546824837,0.207145148462,0.174512693567,0.245452812903,0.12830268061,0.0730612486809
G[C>G]C,0.277009249359,0.352197474185,0.288881074331,0.243372411937,0.342304286708,0.0731758351849,0.0416695728136
G[C>G]G,0.0354352735993,0.0450534192905,0.0369539281821,0.0311324189479,0.0437878738048,0.00652748113246,0.00371703786709
G[C>G]T,0.418798099232,0.532471869023,0.436746589199,0.367944044325,0.517514794051,0.124029629518,0.0706279834753
T[C>G]A,1.94302269539,2.47041456986,2.02629509662,1.70708422524,2.40102090216,0.126730827757,0.0721661658062
T[C>G]C,0.709073449179,0.901536242527,0.739462311286,0.622971673207,0.876212190771,0.168019876323,0.0956779851282
T[C>G]G,0.0918613955328,0.116795202892,0.0957983124842,0.0807067975038,0.113514438766,0.0119126650549,0.00678360093403
T[C>G]T,2.46949697993,3.13978901734,2.57533256478,2.16962948951,3.05159269663,0.482937470721,0.275006059716
A[C>T]A,1.53938321871,1.95721580665,1.60535678523,1.35245811358,1.90223783455,1.34246486145,0.764459157214
A[C>T]C,1.06172044645,1.34990171048,1.1072227513,0.93279724938,1.31198312311,1.98108465165,1.12811764886
A[C>T]G,2.35001962789,2.98788209832,2.4507347548,2.06466010165,2.9039528259,1.65000309641,0.939585096569
A[C>T]T,1.21398013557,1.54348902952,1.26600785567,1.06656826197,1.5001325961,1.78364320236,1.01568571245
C[C>T]A,1.73954925866,2.21171262887,1.81410136975,1.52831827725,2.14958586963,1.94760621655,1.10905353998
C[C>T]C,1.35147244511,1.71830068021,1.40939269276,1.18736507677,1.67003380717,3.93434121789,2.24038874908
C[C>T]G,2.09368267537,2.66196797298,2.18341193289,1.83944977908,2.58719359171,1.16446931631,0.663100582901
C[C>T]T,1.56149621011,1.98533089571,1.62841747625,1.37188595602,1.92956317392,4.62443776717,2.6333603952
G[C>T]A,1.48450819432,1.88744613277,1.54812997407,1.30424648501,1.83442798298,1.88874748471,1.07553676213
G[C>T]C,1.6093996951,2.04623675519,1.67837396774,1.41397258926,1.98875819465,3.24443417903,1.84752501861
G[C>T]G,1.47381665647,1.87385260608,1.53698022746,1.29485320532,1.82121629692,1.59116073636,0.906077641539
G[C>T]T,1.63458420961,2.0782570665,1.70463781859,1.43609898415,2.01987905901,3.69400410806,2.10353011709
T[C>T]A,2.27222885701,2.88897668963,2.36961009374,1.99631535295,2.80782565902,1.26015365384,0.717587497324
T[C>T]C,2.22132189767,2.82425212704,2.31652140757,1.95158995296,2.74491920213,2.86680238292,1.63248469027
T[C>T]G,1.80196192987,2.29106588226,1.87918886972,1.58315226695,2.22671009905,0.495980912327,0.282433575075
T[C>T]T,1.83688708066,2.33547071684,1.91561081269,1.61383650658,2.26986760681,2.09061487887,1.19048902825
A[T>A]A,1.15826707595,1.47265385371,1.20790709349,1.01762035959,1.43128717243,0.42090734305,0.239683348126
A[T>A]C,0.709247596194,0.901757658018,0.739643921745,0.623124673799,0.876427386725,0.32732127487,0.186391281523
A[T>A]G,1.03091366736,1.31073309136,1.07509568167,0.905731293464,1.27391474609,0.307743733688,0.175242959461
A[T>A]T,1.49296264483,1.89819536271,1.55694675818,1.31167432367,1.84487526825,0.405086713581,0.230674378567
C[T>A]A,1.0280743961,1.30712316076,1.07213472736,0.90323679086,1.27040621804,0.68194212753,0.388328155954
C[T>A]C,1.13354861054,1.44122609055,1.18212926528,0.99590342212,1.4007422116,0.451063647492,0.256855688155
C[T>A]G,2.13207201041,2.71077727037,2.22344652514,1.873177552,2.63463184143,0.258142761332,0.146997961314
C[T>A]T,1.75704978826,2.23396330222,1.83235192205,1.54369374255,2.17121152407,0.354160205381,0.201674561398
G[T>A]A,0.704361903735,0.895545849035,0.734548842467,0.618832243996,0.870390066759,0.302920477909,0.172496383254
G[T>A]C,0.494913428709,0.629247073645,0.516124004225,0.43481679808,0.611571594048,0.124456885505,0.0708712820238
G[T>A]G,0.760679328955,0.967149432529,0.793279871625,0.668311124725,0.939982313638,0.150297874723,0.0855862897731
G[T>A]T,0.645659511796,0.820909950712,0.67333063373,0.567257999649,0.797850682434,0.304237176345,0.173246169863
T[T>A]A,1.52217014388,1.9353306115,1.58740600719,1.33733519784,1.88096739208,0.439779679725,0.250430095399
T[T>A]C,0.597164820486,0.759252414618,0.622757598507,0.524651949427,0.737925099601,0.390734466796,0.22250157137
T[T>A]G,1.22166353564,1.55325792388,1.27402054431,1.07331867774,1.50962708332,0.326630633933,0.185997999879
T[T>A]T,1.26933418065,1.61386774397,1.32373421697,1.11520074443,1.56853438038,0.617895074661,0.351856917515
A[T>C]A,2.48950403087,3.16522655353,2.59619706076,2.18720711284,3.07631569529,1.157426505,0.659090093127
A[T>C]C,1.38657360128,1.76292929305,1.44599818419,1.21820394969,1.71340880729,0.629272819386,0.358335911039
A[T>C]G,2.56532006428,3.26162122458,2.67526235275,2.25381691362,3.17000265086,1.09921475231,0.625941733953
A[T>C]T,2.12184036723,2.69776846691,2.21277638297,1.86418832264,2.62198845379,1.01284368169,0.576758207627
C[T>C]A,1.57968129791,2.00845193591,1.64738192496,1.38786285459,1.9520347467,0.680179206938,0.387324270617
C[T>C]C,1.96875336337,2.50312927629,2.05312850752,1.72969045497,2.43281665617,0.8766788978,0.499219927914
C[T>C]G,2.99019446812,3.80181868089,3.11834565961,2.62709942556,3.69502602131,0.769505610584,0.438190694916
C[T>C]T,3.72293642369,4.7334477387,3.88249084185,3.27086557225,4.60048572357,0.737554542396,0.419996336642
G[T>C]A,1.92052674475,2.44181257546,2.00283503381,1.68731992574,2.37322233458,0.831769934796,0.473646768425
G[T>C]C,1.32042994465,1.67883235819,1.37701979942,1.1600920228,1.63167414588,0.557923075856,0.317706195973
G[T>C]G,1.70877354687,2.17258350959,1.78200669888,1.50127961618,2.11155588292,0.753215072039,0.428914138244
G[T>C]T,1.79477744412,2.28193132181,1.87169647744,1.57684018305,2.21783212738,0.893275698024,0.508670883597
T[T>C]A,1.40177432191,1.78225592357,1.46185036428,1.23155886854,1.73219255493,0.818654976901,0.466178528513
T[T>C]C,1.5968993038,2.03034340054,1.66533784539,1.40299010262,1.97331128255,0.644193574402,0.36683245209
T[T>C]G,1.20950188596,1.537795255,1.26133768107,1.0626337998,1.49459875907,0.620025388153,0.353070012698
T[T>C]T,2.06628409843,2.62713263943,2.15483913122,1.81537817219,2.55333677877,0.775885645583,0.441823770401
A[T>G]A,1.55165170491,1.97281431053,1.6181510637,1.36323685503,1.91739817821,0.2765211702,0.157463444142
A[T>G]C,0.381687010552,0.485287770559,0.39804502529,0.335339302128,0.47165609161,0.100702025732,0.0573442090975
A[T>G]G,0.471882803337,0.599965278528,0.492106352051,0.414582748646,0.583112321266,0.155266956881,0.0884159060015
A[T>G]T,1.49126302824,1.89603442162,1.55517430088,1.3101810891,1.84277502775,0.469196075375,0.267181098477
C[T>G]A,0.997478727901,1.26822295405,1.04022781624,0.876356310942,1.23259871376,0.172544135733,0.0982542995149
C[T>G]C,0.872453235985,1.10926197147,0.909844088956,0.766512485901,1.07810292732,0.240076220544,0.136710070032
C[T>G]G,1.28678901905,1.63606032423,1.34193711987,1.13053606674,1.59010357355,0.274524382047,0.156326384221
C[T>G]T,7.2882426489,9.26647993931,7.60059590528,6.40324175582,9.006185559,0.793960620987,0.452116464728
G[T>G]A,0.353599898842,0.449577014242,0.368754180221,0.310662768268,0.436948446426,0.056381874576,0.0321063452447
G[T>G]C,0.26584988446,0.338009138813,0.277243450937,0.233568112776,0.328514500083,0.0325255812611,0.0185215115514
G[T>G]G,0.59445188358,0.755803109123,0.619928392876,0.522268440574,0.734572684709,0.279929873143,0.159404511095
G[T>G]T,2.26573265433,2.88071723193,2.36283548237,1.99060797487,2.79979820856,0.36327845348,0.20686689712
T[T>G]A,2.2516083406,2.8627591759,2.34810584091,1.97819875638,2.78234459231,0.434490268868,0.247418069772
T[T>G]C,0.641126172124,0.815146133129,0.668603008072,0.563275136938,0.792248769839,0.238606659508,0.135873236664
T[T>G]G,0.61937920585,0.787496418867,0.645924028958,0.544168873711,0.765375732943,0.186396304564,0.106142340099
T[T>G]T,3.68809388911,4.68914794473,3.84615505579,3.24025391687,4.55743030583,1.06510601664,0.606518703921
