,1,3,2,5,4,7,6
A[C>A]A,0.519204464733,2.36843745992,2.2080745069,1.31991045943,2.02304033035,0.893337093732,2.43011551877
A[C>A]C,0.357438115022,0.923708574688,0.86116580661,0.514775091102,0.789001074213,0.615003815553,0.947763485487
A[C>A]G,0.0855734242521,0.308678612686,0.287778498285,0.172024018528,0.263662981669,0.147236627022,0.316717118224
A[C>A]T,0.556397162578,1.21541080327,1.13311736347,0.677338312239,1.03816339446,0.957330412082,1.24706212627
C[C>A]A,0.567730931586,4.02425222777,3.75177681652,2.2426822311,3.43738211122,0.9768311617,4.12905046287
C[C>A]C,0.442358912209,1.724023327,1.6072925809,0.960783833277,1.47260325848,0.761117540124,1.76891976781
C[C>A]G,0.120878762565,0.962245995939,0.897093923297,0.53625167482,0.821918454864,0.207982576767,0.987304485416
C[C>A]T,1.47900802103,2.76177782145,2.57478244812,1.53911576508,2.35901855582,2.54476380088,2.83369911888
G[C>A]A,0.472575855198,5.17967665529,4.82896938175,2.88659063602,4.42430714306,0.813108456737,5.31456406819
G[C>A]C,0.428478904638,1.53621246624,1.4321980805,0.856118405662,1.31218148158,0.737235762392,1.57621799921
G[C>A]G,0.0922369258639,0.636395166543,0.593305910475,0.354657723021,0.543587538088,0.158701769501,0.652967957338
G[C>A]T,0.975068370098,3.37121116358,3.14295207438,1.87874788804,2.87957620222,1.6776911662,3.45900312097
T[C>A]A,0.462180309689,2.92632949236,2.72819259965,1.63081904001,2.49957310806,0.795222003435,3.00253598955
T[C>A]C,0.61111386386,2.41540071906,2.25185796204,1.34608269239,2.06315478087,1.05147532458,2.47830177945
T[C>A]G,0.113736522709,0.714733775134,0.666340342442,0.398315176767,0.61050176626,0.195693722897,0.733346633861
T[C>A]T,1.06224967055,4.94898644078,4.61389881719,2.7580289019,4.2272592515,1.82769428609,5.07786629601
A[C>G]A,0.345964638205,0.288329197687,0.26880690826,0.160683459128,0.246281189691,0.595262686323,0.295837770544
A[C>G]C,0.186689750619,0.259834366453,0.242241414557,0.144803527138,0.221941854678,0.321216188565,0.266600886412
A[C>G]G,0.0540766165996,0.141604697356,0.132016879306,0.0789151177972,0.120954012325,0.0930435903258,0.145292319683
A[C>G]T,0.31713499746,0.427772204876,0.398808461837,0.238393885009,0.365388758331,0.545658745629,0.438912106044
C[C>G]A,0.221136994491,0.220165389603,0.205258358016,0.122696336914,0.188057936953,0.38048571111,0.225898863291
C[C>G]C,0.217084505085,0.295519654207,0.275510510954,0.164690640626,0.252423037969,0.373513045514,0.303215478536
C[C>G]G,0.0630001319816,0.30419622295,0.283599603688,0.169526020082,0.25983427377,0.10839728591,0.31211799959
C[C>G]T,0.224081290826,0.387099894321,0.360890005643,0.215727545273,0.3306478264,0.385551632744,0.397180620736
G[C>G]A,0.173076649084,0.209969365071,0.195752689311,0.117014177409,0.179348832665,0.297793646219,0.215437317286
G[C>G]C,0.150441259656,0.47465218224,0.442514274067,0.264519705727,0.40543207233,0.258847461467,0.487012916152
G[C>G]G,0.0270042113526,0.0869795753298,0.0810903332502,0.0484729925015,0.0742950539275,0.0464631283567,0.0892446684374
G[C>G]T,0.150160785328,0.207102942936,0.193080347842,0.115416744241,0.176900430425,0.258364880638,0.212496248742
T[C>G]A,0.15214385798,0.190249584389,0.177368102113,0.106024507967,0.162504853332,0.261776932113,0.195204000649
T[C>G]C,0.228943444397,0.52503026044,0.489481336556,0.292594988891,0.44846334746,0.393917396978,0.538702923473
T[C>G]G,0.0412335701099,0.10093320877,0.0940991894263,0.0562492361375,0.0862137824911,0.0709459956302,0.103561677749
T[C>G]T,0.298068779531,0.362004152591,0.337493454759,0.201741897538,0.309211880338,0.512853635369,0.371431344065
A[C>T]A,1.24023940857,2.13616030352,1.99152444964,1.19046433582,1.82463692593,2.13394133534,2.1917894781
A[C>T]C,0.916746414858,4.8619496575,4.53275514944,2.70952402788,4.15291533245,1.57734309615,4.98856292983
A[C>T]G,1.12047739498,2.76305808846,2.57597603039,1.53982924722,2.36011211723,1.92788022371,2.83501272618
A[C>T]T,0.857264740171,2.90769178956,2.71081682464,1.62043240356,2.48365340358,1.47499962647,2.98341292992
C[C>T]A,1.21127589713,3.2998686889,3.07644007976,1.83898932142,2.81863783844,2.0841070583,3.38580276934
C[C>T]C,1.17834347361,7.55842068059,7.04665261367,4.21224485845,6.456150998,2.02744391782,7.75525455248
C[C>T]G,0.779853183963,3.76935070297,3.51413424912,2.10062773551,3.21965372545,1.34180621358,3.86751087753
C[C>T]T,1.50367855559,5.1241379323,4.77719109313,2.85563936852,4.37686781717,2.58721163242,5.25757902428
G[C>T]A,1.38579547999,3.16865464129,2.95411031662,1.76586482613,2.70655917277,2.3843833994,3.25117168924
G[C>T]C,1.47138871003,7.7091710651,7.1871959409,4.29625679149,6.58491695144,2.53165410402,7.90993072825
G[C>T]G,1.32851109603,1.48668748125,1.38602634971,0.828518544238,1.26987889023,2.28582056229,1.52540330107
G[C>T]T,1.48788552975,4.18547083361,3.90207957925,2.33252801665,3.57508967038,2.56003833795,4.2944674699
T[C>T]A,0.880642247995,3.20327907161,2.98639038447,1.78516073262,2.736134207,1.5152226914,3.28669779743
T[C>T]C,1.17770672453,7.47245794394,6.96651027066,4.16433854168,6.38272449379,2.02634833485,7.6670532029
T[C>T]G,0.405021262004,2.11225205214,1.96923498611,1.17714046656,1.80421529453,0.696874818448,2.16725861599
T[C>T]T,0.889348784259,4.51269096838,4.20714418406,2.51488507092,3.85459020215,1.53020305527,4.63020896234
A[T>A]A,0.405389191079,1.82020256754,1.69695968537,1.01438372254,1.55475635978,0.697507872886,1.86760367607
A[T>A]C,0.367890208056,2.22399234375,2.07340952881,1.2394123999,1.89966012695,0.632987563861,2.28190881104
A[T>A]G,0.381724414524,0.605006419633,0.564042443304,0.337165035941,0.51677631677,0.656790536754,0.620761795144
A[T>A]T,0.5067349193,0.628245026263,0.58570760261,0.350115717761,0.536625959933,0.87188214056,0.644605573822
C[T>A]A,0.331889126352,2.35605085627,2.19652657955,1.31300750844,2.0124601064,0.571044526223,2.41740634732
C[T>A]C,0.670219680219,0.799478584625,0.745347222124,0.44554275289,0.682887957701,1.15317209685,0.820298339433
C[T>A]G,0.75531032823,0.926592244231,0.863854227695,0.516382136108,0.791464208614,1.29957806475,0.950722250592
C[T>A]T,0.658415197637,0.74377754632,0.693417608288,0.414501028418,0.635309987481,1.13286144299,0.763146753255
G[T>A]A,0.381977545935,0.91582099735,0.853812283987,0.510379409981,0.782263768569,0.657226071682,0.939670502489
G[T>A]C,0.240562646681,1.19520688562,1.1142814194,0.666078837298,1.02090588147,0.413909259731,1.22633206493
G[T>A]G,0.422266123193,0.518482818156,0.483377210676,0.288946153868,0.442870740508,0.726546123729,0.531984974878
G[T>A]T,0.322194710054,0.573060829946,0.534259836251,0.319362025022,0.489489458912,0.554364427594,0.587984289059
T[T>A]A,0.415856676393,0.900858804805,0.839863156563,0.502041104761,0.769483562438,0.71551810497,0.924318669513
T[T>A]C,0.527512770732,0.708757206568,0.660768437373,0.39498448491,0.60539678061,0.90763226729,0.727214425489
T[T>A]G,0.321616365896,0.24853787928,0.231709793704,0.138508088974,0.212292771885,0.553369335439,0.255010219886
T[T>A]T,0.691575540306,0.441778846771,0.411866737354,0.246199669815,0.37735276495,1.18991673847,0.453283504239
A[T>C]A,1.61465078857,3.01657509152,2.8123278197,1.68111216038,2.57665789067,2.77814915093,3.09513173453
A[T>C]C,0.960465740907,1.85422791229,1.72868123073,1.03334576362,1.58381967508,1.65256605421,1.9025150975
A[T>C]G,1.54023873415,2.65556844945,2.47576433568,1.47992616714,2.26829805057,2.65011664552,2.72472387782
A[T>C]T,1.10173858446,2.13714459319,1.99244209469,1.19101287225,1.82547767335,1.8956384468,2.1927994003
C[T>C]A,1.10050306968,2.11766071007,1.97427743282,1.18015466655,1.80883518985,1.8935126346,2.17280812439
C[T>C]C,1.54000907968,1.80090924938,1.67897268562,1.0036317171,1.53827665051,2.64972150474,1.84780792775
C[T>C]G,1.59474654559,2.53818578131,2.36632945237,1.41450978438,2.1680336882,2.74390214461,2.60428436937
C[T>C]T,1.00462717663,2.97247803325,2.77121649975,1.65653723728,2.5389916534,1.72854970097,3.04988631537
G[T>C]A,1.36995128154,10.6890983917,9.96535735473,5.95694545785,9.13027154288,2.35712205795,10.9674603289
G[T>C]C,0.831965249624,5.2372245104,4.88262076751,2.91866157611,4.47346260263,1.43146962068,5.37361056535
G[T>C]G,1.1585502983,7.02222256752,6.54675958117,3.91342611836,5.99814844309,1.99338801325,7.20509294688
G[T>C]T,1.09296773119,7.86169720832,7.32939479318,4.38125834006,6.71519969878,1.88054741984,8.06642890646
T[T>C]A,1.3074849312,3.48179342148,3.2460469919,1.94037445884,2.97403188084,2.24964319045,3.57246512516
T[T>C]C,1.29350553785,3.09260850181,2.8832131345,1.72348494632,2.6416030953,2.2255904107,3.17314518155
T[T>C]G,1.01441154527,2.39012858608,2.22829696307,1.33199874329,2.04156816728,1.74538457054,2.45237151801
T[T>C]T,1.25144739769,2.58918701579,2.41387747826,1.44293234734,2.21159724265,2.15322566955,2.65661376099
A[T>G]A,0.219622120702,0.0829263988657,0.0773115906092,0.0462141910345,0.0708329656978,0.377879237089,0.0850859405028
A[T>G]C,0.316175315739,0.368722160204,0.343756597273,0.205485787197,0.314950178507,0.544007528551,0.378324299792
A[T>G]G,0.288786946698,0.322290162918,0.300468433137,0.179609622043,0.275289514159,0.496883422994,0.330683135911
A[T>G]T,1.41485795628,0.535897814292,0.49961306645,0.29865138609,0.457746049708,2.43438795419,0.549853486539
C[T>G]A,0.203272082844,0.038710027284,0.0360890358533,0.0215727756218,0.0330648149717,0.349747554305,0.0397181009112
C[T>G]C,0.667752259197,0.4288850251,0.399845934859,0.239014050446,0.366339292273,1.14892668127,0.440053905962
C[T>G]G,0.556950619843,0.529811948855,0.493939264818,0.295259783997,0.452547706314,0.958282684141,0.543609135023
C[T>G]T,2.13278460507,2.82464031444,2.63338862648,1.57414850857,2.41271360192,3.6696440999,2.89819865596
G[T>G]A,0.0690884526753,0.0601523017877,0.0560794896875,0.0335223765171,0.0513800911103,0.118872778868,0.0617187679801
G[T>G]C,0.0312168039559,0.153834167271,0.143418312195,0.0857304994687,0.131400017877,0.0537112656301,0.157840265377
G[T>G]G,0.272697621284,0.525388046597,0.489814897608,0.292794380135,0.448768956468,0.469200318975,0.539070026977
G[T>G]T,0.625898956919,0.817644639908,0.762283284081,0.455666544115,0.698404796588,1.07691438176,0.838937469072
T[T>G]A,0.300508461615,0.101683279848,0.0947984744412,0.0566672444984,0.0868544682031,0.51705132366,0.104331281927
T[T>G]C,0.597880993744,0.41579508808,0.387642295658,0.231719137628,0.355158304402,1.02870700394,0.426623085165
T[T>G]G,0.389328871533,0.215695592287,0.201091203225,0.120205356118,0.184239985078,0.66987467602,0.221312665002
T[T>G]T,3.7041281923,0.745137649534,0.69468562118,0.415259002605,0.63647174231,6.37327938969,0.764542275824
