,1,3,2,5,4,7,6
A[C>A]A,0.763398552545,0.632679622315,0.674509679988,0.538561992549,0.86274493952,0.784313581382,0.841829910683
A[C>A]C,0.748608590117,0.6204221877,0.661441836473,0.528127977959,0.846030255954,0.769118414504,0.825520431567
A[C>A]G,0.0846175679136,0.0701282583394,0.0747648374032,0.0596959554459,0.0956294431901,0.0869358574455,0.0933111536582
A[C>A]T,0.824284527421,0.683139916562,0.728306192037,0.581515796743,0.931554431675,0.846867665159,0.908971293937
C[C>A]A,1.09550355311,0.907917328262,0.967944920213,0.772855246371,1.23806908399,1.12551734908,1.20805528802
C[C>A]C,0.908414532302,0.752864098689,0.802640237445,0.640867786487,1.02663286185,0.93330260168,1.00174479247
C[C>A]G,0.162695627715,0.134836787353,0.143751616269,0.114778422292,0.18386834639,0.167153042173,0.179410931932
C[C>A]T,1.86912881333,1.54907250968,1.65149052684,1.31863197105,2.1123716041,1.92033782191,2.06116259552
G[C>A]A,0.646948563494,0.536169699882,0.571618936238,0.456408918082,0.731140499839,0.664673181672,0.713415881661
G[C>A]C,0.896503054354,0.742992257375,0.792115712408,0.632464483551,1.01317126006,0.92106478187,0.988609532541
G[C>A]G,0.100912822572,0.0836332296657,0.0891626993957,0.0711919227733,0.114045313181,0.103677557437,0.111280578316
G[C>A]T,1.91565933543,1.58763547662,1.69260311144,1.35145829828,2.16495746812,1.96814315283,2.11247365071
T[C>A]A,1.86519496578,1.54581226616,1.64801473004,1.31585672244,2.1079258175,1.91629619772,2.05682458556
T[C>A]C,1.1988407691,0.993559815484,1.05924972064,0.845757528883,1.35485429384,1.23168572167,1.32200934126
T[C>A]G,0.27519073599,0.228069034622,0.243147979059,0.194141409637,0.31100322903,0.282730208209,0.303463756811
T[C>A]T,6.32008275722,5.23787680564,5.58418271015,4.45868852051,7.14255928042,6.49323570948,6.96940632817
A[C>G]A,0.429759391689,0.356170454756,0.379718914574,0.303186420164,0.485686983758,0.441533621598,0.473912753848
A[C>G]C,0.24032353754,0.199172246865,0.212340659881,0.169543317579,0.271598518452,0.246907744047,0.265014311944
A[C>G]G,0.0920593741779,0.0762957827091,0.0813401319791,0.0649459968516,0.104039703694,0.094581548813,0.101517529059
A[C>G]T,0.437717783496,0.36276610824,0.386750644322,0.308800902055,0.494681056691,0.449710051537,0.48268878865
C[C>G]A,0.310494221508,0.257327402757,0.274340784757,0.219047293256,0.350901003759,0.319000912509,0.342394312759
C[C>G]C,0.200228533984,0.16594282611,0.17691425263,0.141257116441,0.226285671969,0.205714247244,0.220799958709
C[C>G]G,0.08617746038,0.0714210459313,0.0761430985549,0.0607964275283,0.0973923353609,0.0885384866918,0.0950313090491
C[C>G]T,0.407762075667,0.337939802436,0.36028292987,0.28766776571,0.460827003322,0.418933639383,0.449655439605
G[C>G]A,0.262982215319,0.217951014065,0.232360998466,0.185528549163,0.297205928271,0.270187207519,0.290000936071
G[C>G]C,0.242675267671,0.201121283481,0.214418558422,0.171202414864,0.274256295656,0.249323905142,0.267607658186
G[C>G]G,0.044292896894,0.0367084967409,0.0391355047899,0.0312477286307,0.0500570410103,0.0455064009184,0.0488435369858
G[C>G]T,0.331419605939,0.274669673415,0.292829651823,0.233809721998,0.374549554657,0.340499595143,0.365469565453
T[C>G]A,2.21458438675,1.83537473148,1.95672182117,1.56234377969,2.50278372475,2.27525793159,2.44211017991
T[C>G]C,0.820675569465,0.680148930858,0.725117455212,0.578969751061,0.927475814807,0.843159831642,0.90499155263
T[C>G]G,0.108805065767,0.0901740613549,0.0961359827668,0.0767597381782,0.12296462912,0.111786026473,0.119983668414
T[C>G]T,2.89939337267,2.40292190475,2.56179277449,2.04546244784,3.2767116883,2.97882880754,3.19727625343
A[C>T]A,2.20408663352,1.82667453874,1.94744640906,1.55493783049,2.49091982555,2.26447256868,2.43053389038
A[C>T]C,3.06144914416,2.5372284003,2.70497903834,2.15978946472,3.4598569095,3.14532446318,3.37598159048
A[C>T]G,7.55246983045,6.2592386951,6.67307265841,5.32811227765,8.53532549332,7.75938681211,8.32840851166
A[C>T]T,1.95230647313,1.61800741951,1.72498311667,1.37731210091,2.20637375388,2.00579432171,2.1528859053
C[C>T]A,1.79244636513,1.48552061767,1.58373685686,1.26453407951,2.02570993319,1.84155448472,1.9766018136
C[C>T]C,3.38655529753,2.80666569179,2.99223036562,2.38914517565,3.82727139789,3.47933763444,3.73448906097
C[C>T]G,4.42921534466,3.67078805962,3.91348479083,3.12472041438,5.00562008129,4.55056371027,4.88427171569
C[C>T]T,2.57767011338,2.13628824465,2.27753044265,1.81849329917,2.91312033362,2.64829121238,2.84249923462
G[C>T]A,3.69952293208,3.06604297796,3.26875656328,2.60993741099,4.18096769721,3.80087972474,4.07961090455
G[C>T]C,8.91971675968,7.39236799946,7.88111960273,6.2926768921,10.0805018174,9.16409256132,9.83612601581
G[C>T]G,12.3925266749,10.2705186826,10.9495612401,8.74267292818,14.005252749,12.7320479537,13.6657314703
G[C>T]T,5.51528014633,4.570882861,4.87308999231,3.89091681556,6.23302208318,5.66638371198,6.08191851753
T[C>T]A,3.80575020506,3.1540806494,3.36261490721,2.68487856932,4.30101906736,3.91001733396,4.19675193845
T[C>T]C,4.48357028439,3.71583564665,3.96151073073,3.16306670748,5.06704860907,4.60640782643,4.94421106704
T[C>T]G,6.56928897416,5.44441072516,5.80437176484,4.63449838588,7.42419644341,6.74926949401,7.24421592357
T[C>T]T,3.92023185152,3.2489592742,3.46376649894,2.76564301854,4.43039901027,4.02763546389,4.3229953979
A[T>A]A,0.5222529692,0.432826090912,0.461442691964,0.368438738545,0.590217396699,0.536561269726,0.575909096173
A[T>A]C,0.776953864434,0.643913819154,0.686486633644,0.548124986553,0.878064298847,0.798240271679,0.856777891602
A[T>A]G,0.299202207353,0.247968952669,0.264363594168,0.211081009297,0.338139480912,0.307399528102,0.329942160163
A[T>A]T,0.95399822659,0.790642365872,0.842916241302,0.673026146156,1.07814868074,0.980135164305,1.05201174302
C[T>A]A,0.340487133327,0.282184542004,0.300841371227,0.240206676251,0.384797102733,0.349815547939,0.375468688121
C[T>A]C,0.547862301897,0.454050263901,0.484070116059,0.386505596543,0.619159450774,0.562872227976,0.604149524694
C[T>A]G,0.601733001096,0.498696528305,0.531668199598,0.424510267896,0.680040720416,0.618218836742,0.66355488477
C[T>A]T,0.54611002057,0.452598030747,0.48252186749,0.385269398074,0.617179132836,0.561071938942,0.602217214465
G[T>A]A,0.241699423124,0.200312535603,0.21355633961,0.170513976588,0.27315345764,0.248321325128,0.266531555637
G[T>A]C,0.365324873958,0.302769244855,0.322787046168,0.257729191902,0.412867152075,0.375333774614,0.402858251419
G[T>A]G,0.429732312512,0.356148012424,0.379694988452,0.303167316361,0.485656380578,0.441505800526,0.473882892564
G[T>A]T,0.486522394318,0.403213765154,0.429872526486,0.343231552156,0.549836952483,0.499851774984,0.536507571816
T[T>A]A,0.533900031532,0.442478793256,0.471733589504,0.376655501697,0.603380172622,0.548527429656,0.588752774498
T[T>A]C,0.344901438677,0.28584297315,0.304741682119,0.243320877971,0.389785872477,0.354350793161,0.380336517993
T[T>A]G,0.258814972516,0.214497340236,0.228678982565,0.182588644994,0.292496373048,0.26590579368,0.285405551884
T[T>A]T,0.504435006347,0.418059149095,0.445699423416,0.355868531875,0.570080657857,0.518255143507,0.556260520697
A[T>C]A,1.79394477807,1.48676245306,1.58506079706,1.26559117905,2.02740334508,1.84309395007,1.97825417307
A[T>C]C,1.06611603375,0.883561918378,0.941979235296,0.752122955314,1.20485716143,1.0953246922,1.17564850297
A[T>C]G,1.39532107332,1.156396232,1.23285218122,0.984370346246,1.57690395272,1.43354904793,1.53867597811
A[T>C]T,1.28518538331,1.06511939302,1.13554050991,0.906671880007,1.45243553593,1.32039594176,1.41722497749
C[T>C]A,0.795650260979,0.659408777935,0.703006052509,0.561314910143,0.899193788093,0.817448898266,0.877395150806
C[T>C]C,0.969959007635,0.803870136465,0.857018575239,0.684286149222,1.09618654972,0.996533227022,1.06961233034
C[T>C]G,1.46716060265,1.21593447206,1.29632683385,1.03505165804,1.6580924619,1.50735678355,1.61789628101
C[T>C]T,1.1878015089,0.984410839564,1.04949585375,0.837969557645,1.34237841759,1.22034401599,1.30983591049
G[T>C]A,2.48847977646,2.06237022569,2.19872528194,1.75557134914,2.81232303504,2.55665730458,2.74414550691
G[T>C]C,3.24057436419,2.68568149361,2.8632472122,2.28615862679,3.66229294583,3.32935722349,3.57351008654
G[T>C]G,1.68035026695,1.39261905685,1.48469304408,1.18545258559,1.89902598662,1.72638726056,1.852988993
G[T>C]T,1.81944763988,1.50789838647,1.60759414756,1.28358292402,2.05622507246,1.86929552042,2.00637719192
T[T>C]A,1.20703759904,1.00035307866,1.06649212518,0.851540223982,1.36411783453,1.2401071223,1.33104831127
T[T>C]C,1.31571429226,1.09042074906,1.16251468288,0.928209397961,1.48693738508,1.35176125917,1.45089041817
T[T>C]G,0.923076174566,0.765015185771,0.815594702185,0.651211273838,1.04320252605,0.948365932773,1.01791276784
T[T>C]T,1.20428513318,0.998071925445,1.06406015192,0.849598415875,1.36100717106,1.23727924642,1.32801305782
A[T>G]A,0.313306351219,0.259658003408,0.276825474707,0.221031192983,0.354079095556,0.321890086869,0.345495359906
A[T>G]C,0.216273483372,0.179240352658,0.191090954487,0.152576498544,0.244418662715,0.222198784287,0.238493361801
A[T>G]G,0.282891374913,0.23445107099,0.249951968245,0.199574052165,0.319706005895,0.290641823541,0.311955557268
A[T>G]T,0.710875735669,0.589150438465,0.62810253357,0.501508224479,0.803386961544,0.730351783221,0.783910913991
C[T>G]A,0.201828514623,0.167268837461,0.178327934153,0.142385869905,0.228093869265,0.207358062969,0.22256432092
C[T>G]C,0.358388085255,0.297020262437,0.316657965739,0.252835430009,0.405027630597,0.368206936906,0.395208778946
C[T>G]G,0.433929698362,0.359626667821,0.383403637594,0.306128485831,0.490400001574,0.445818183249,0.478511516687
C[T>G]T,1.67310540793,1.38661475588,1.47829176454,1.18034148641,1.89083830348,1.71894391225,1.84499979915
G[T>G]A,0.106945675616,0.0886330599281,0.0944930969482,0.075447976633,0.120863263538,0.109875694126,0.117933245028
G[T>G]C,0.211330489519,0.175143761862,0.186723514712,0.149089317948,0.238832402538,0.217120365944,0.233042526113
G[T>G]G,0.455244501784,0.377291676136,0.402236580344,0.32116564167,0.514488649277,0.467716953888,0.502016197173
G[T>G]T,1.31215756376,1.08747304942,1.15937209401,0.925700199094,1.48291779467,1.34810708606,1.44696827237
T[T>G]A,0.50376676471,0.417505332396,0.445108990737,0.355397101131,0.569325453268,0.51756859388,0.555523624098
T[T>G]C,0.346761028283,0.287384139878,0.306384744168,0.244632780227,0.39188746347,0.356261330428,0.382387161326
T[T>G]G,0.348996067167,0.289236466625,0.308359538798,0.246209554234,0.394413363579,0.358557603254,0.384851827492
T[T>G]T,1.86274262782,1.54377984908,1.64584793828,1.31412664839,2.10515433966,1.91377667241,2.05412029506
