,1,3,2,5,4,7,6
A[C>A]A,0.27278965613,0.224661778792,0.0702230797958,0.812606433929,0.826946547469,0.0783257428492,0.461851794042
A[C>A]C,0.22089050071,0.173733144382,0.0568629011728,0.628396479679,0.639485829321,0.0634240051543,0.373982926944
A[C>A]G,0.0333543037986,0.0217512180601,0.0085862564234,0.0786746185152,0.0800629941361,0.00957697831841,0.0564711480155
A[C>A]T,0.197560927502,0.176054959627,0.0508572684658,0.63679453482,0.648032085434,0.0567254148273,0.334484342602
C[C>A]A,0.420553565721,0.443864518549,0.108261313948,1.60546740752,1.6337991853,0.120753004019,0.712026334042
C[C>A]C,0.280504401821,0.577017540948,0.0722090539341,2.08708472258,2.12391562945,0.0805408678495,0.474913393182
C[C>A]G,0.089106404248,0.167435595501,0.0229382822817,0.605618111388,0.616305489824,0.0255850071603,0.150863318083
C[C>A]T,0.483174899462,1.49475354736,0.124381657287,5.40655538407,5.50196518496,0.138733386974,0.818048592159
G[C>A]A,0.352480837652,0.205229997856,0.0907376413759,0.742321268842,0.755421055939,0.101207369227,0.596774487511
G[C>A]C,0.327240405902,0.20745448567,0.0842401044895,0.750367288593,0.763609064274,0.093960116546,0.554040687219
G[C>A]G,0.0347088581171,0.0627403788688,0.00893495357471,0.22693328527,0.230937990304,0.0099659097564,0.0587645023567
G[C>A]T,0.457583080251,0.378307213232,0.117793664223,1.36834523935,1.39249250828,0.131385240864,0.774719868545
T[C>A]A,1.17343606428,0.36120597617,0.302072650212,1.30648970104,1.32954540165,0.336927186775,1.98670858409
T[C>A]C,0.598241592317,0.270762671058,0.154002786141,0.979354342126,0.996637065811,0.171772338388,1.01286447808
T[C>A]G,0.0956326111036,0.0445961750579,0.0246182959277,0.161305314039,0.164151878405,0.0274588685347,0.161912638601
T[C>A]T,1.15329187274,0.652600238377,0.296887016745,2.36046894732,2.40212428169,0.331143210985,1.95260307167
A[C>G]A,0.214599134608,0.109310369945,0.0552433415823,0.395377933843,0.402355191499,0.0616175733033,0.363331208099
A[C>G]C,0.078343802241,0.0659428806815,0.020167711468,0.238516802465,0.242725922509,0.0224947550989,0.132641486962
A[C>G]G,0.023136730814,0.00370634641089,0.00595599011055,0.0134059338266,0.0136425091295,0.00664321973869,0.039172088804
A[C>G]T,0.177591631572,0.103778688765,0.0457166576325,0.37536972532,0.381993896944,0.0509916565901,0.300674940583
C[C>G]A,0.169821510607,0.069621409427,0.0437164284732,0.251822119204,0.256266038955,0.0487606317586,0.287519587266
C[C>G]C,0.0988534573668,0.0693814728566,0.0254474246687,0.250954263524,0.255382868174,0.0283836659766,0.167365754552
C[C>G]G,0.0410009373196,0.0200178107624,0.0105546967358,0.0724048474384,0.0736825800402,0.0117725463591,0.0694174285313
C[C>G]T,0.132282364666,0.0804220906359,0.0340528859536,0.290888412938,0.296021737872,0.0379820651021,0.223963211464
G[C>G]A,0.118219461139,0.0622157356022,0.0304327325704,0.225035639412,0.229006856578,0.0339442017131,0.200153741136
G[C>G]C,0.137471079393,0.0753285131983,0.0353885946951,0.272464834972,0.277273037943,0.039471894083,0.23274806511
G[C>G]G,0.0146753686631,0.00428811499941,0.00377781767564,0.0155102031893,0.0157839126574,0.00421371971514,0.0248464162513
G[C>G]T,0.116858376529,0.072443008501,0.0300823543539,0.262027903089,0.266651924908,0.0335533952409,0.197849330558
T[C>G]A,3.80937841237,0.414628525928,0.98063206655,1.49972020017,1.52618585076,1.09378192038,6.44954166847
T[C>G]C,0.74744362541,0.114173704588,0.192411230304,0.412968718724,0.420256401995,0.214612526108,1.26547386084
T[C>G]G,0.168052194435,0.023348980706,0.0432609609437,0.0844537600003,0.0859441204709,0.0482526102834,0.284524012361
T[C>G]T,5.1027249506,0.682659868706,1.31357275956,2.46919526979,2.51276930396,1.4651388472,8.63926699558
A[C>T]A,1.32773864483,0.817580971115,0.34179410659,2.95720776786,3.00939378729,0.38123188812,2.24795354719
A[C>T]C,2.80669245171,1.04549481058,0.72251488856,3.78157697443,3.84831068574,0.805881991086,4.75192484399
A[C>T]G,1.11623097757,0.95889557166,0.287346588285,3.46834568473,3.52955178505,0.320501963857,1.88985640757
A[C>T]T,1.61968478598,0.733501420094,0.416948558766,2.65309024289,2.69990948248,0.465058007855,2.74223859804
C[C>T]A,1.85642524077,0.704882528251,0.477891646138,2.54957510219,2.59456760399,0.533032989923,3.14305659575
C[C>T]C,3.8819680447,1.31212456376,0.999318506556,4.74598246468,4.82973509641,1.11462448808,6.57244094697
C[C>T]G,1.18455184472,0.908716230259,0.304934138245,3.28684593924,3.34484910287,0.340118846504,2.00552837076
C[C>T]T,2.62740409354,1.07357622921,0.676361449821,3.88314806309,3.95167420538,0.75440315557,4.44837722767
G[C>T]A,1.5281275712,1.15966733216,0.393379374765,4.19454141418,4.26856273325,0.438769302623,2.58722588788
G[C>T]C,3.64508847182,1.73422312029,0.938339606607,6.27272192445,6.38341701724,1.04660956122,6.17138741268
G[C>T]G,1.57463279401,0.745349652938,0.40535101628,2.69594555318,2.74352106294,0.452122287389,2.66596245323
G[C>T]T,2.15809245954,1.36262956093,0.555548553941,4.928660114,5.01563646895,0.619650310164,3.65380010476
T[C>T]A,12.2796703595,2.38899861145,3.16110326085,8.64105880736,8.79354808043,3.5258459448,20.7903329849
T[C>T]C,6.42076117169,1.41645747937,1.65286921251,5.12335684027,5.2137690198,1.84358489088,10.8707936669
T[C>T]G,2.0548784432,0.74485333262,0.52897860914,2.69415035203,2.74169418177,0.590014602502,3.47905162165
T[C>T]T,8.09957942811,1.80418560063,2.08504024882,6.52577770441,6.64093848743,2.32562181599,13.7131493288
A[T>A]A,0.496409416582,0.373820184456,0.127788562684,1.3521155608,1.37597642363,0.14253339684,0.840455546886
A[T>A]C,0.562582274382,0.249425159634,0.144823159742,0.902176109316,0.918096864186,0.161533524328,0.95249078138
A[T>A]G,0.227345632515,0.313174423655,0.0585246182713,1.13275855365,1.15274841048,0.0652774588411,0.384911912477
A[T>A]T,0.496293904578,0.373769584526,0.127758826921,1.35193253977,1.37579017283,0.142500230027,0.840259977058
C[T>A]A,0.389618905975,0.434130500439,0.100297936191,1.57025925691,1.59796971438,0.111870774983,0.659651811105
C[T>A]C,0.403806293572,0.387118956305,0.103950134979,1.40021750153,1.42492722215,0.115944381323,0.683672041592
C[T>A]G,0.871991721845,0.981812795945,0.224473116515,3.55123777257,3.61390667444,0.250373860728,1.47634242015
C[T>A]T,0.648037783169,0.452204334696,0.166821607549,1.63563269996,1.66449680643,0.186070254573,1.09717288042
G[T>A]A,0.46187399486,0.348429251122,0.118898256102,1.2602760147,1.28251617966,0.132617285653,0.781984684366
G[T>A]C,0.314320138312,0.173110681888,0.0809140950109,0.626145019594,0.637194637587,0.090250336743,0.532165778726
G[T>A]G,0.553597317315,0.364431352351,0.142510200497,1.31815595531,1.34141753099,0.15895368517,0.937278626345
G[T>A]T,0.381924628366,0.198084294436,0.0983172310646,0.716475107533,0.729118785902,0.109661526957,0.646624865848
T[T>A]A,0.518306639617,0.396741618454,0.133425471585,1.43502287526,1.46034680835,0.148820718306,0.877529063114
T[T>A]C,0.194941917066,0.185856262217,0.0501830677595,0.672246054826,0.6841092205,0.0559734217317,0.330050176418
T[T>A]G,0.264643200753,0.357223204463,0.068125972471,1.29208393104,1.31488541217,0.0759866616023,0.448059280482
T[T>A]T,0.366184298117,0.292138328709,0.0942652648619,1.05667055065,1.07531767801,0.105142026192,0.619975395822
A[T>C]A,0.980258685335,1.054664651,0.252343819987,3.81474448236,3.88206350264,0.281460414601,1.65964589299
A[T>C]C,0.595018805716,0.55826771118,0.153173157907,2.01926618937,2.0549002986,0.170846983819,1.007408077
A[T>C]G,0.860504109867,1.22494795111,0.221515909471,4.43066280189,4.50885096898,0.247075437486,1.4568930969
A[T>C]T,0.737482297097,0.707716742011,0.189846927966,2.55982651366,2.60499992272,0.211752342731,1.24860864162
C[T>C]A,0.614994831705,0.569905054115,0.158315501231,2.06135870637,2.09773562472,0.17658267445,1.04122887348
C[T>C]C,0.625385943935,0.538235943574,0.160990441013,1.94681085974,1.9811663455,0.17956626113,1.05882174666
C[T>C]G,0.812815035149,1.29929430413,0.209239513999,4.69957514259,4.78250882158,0.233382534845,1.37615218822
C[T>C]T,1.08846560065,0.574533414476,0.280199065515,2.07809958428,2.11477192988,0.31252972692,1.84284770012
G[T>C]A,2.1340582471,0.860064929521,0.549361528955,3.11087314933,3.16577091079,0.612749397681,3.61310851736
G[T>C]C,1.31474663974,0.476031331575,0.338449630031,1.72181545463,1.75220043324,0.377501510419,2.22595718213
G[T>C]G,1.48129354307,0.809702845451,0.381323090296,2.92871241972,2.98039558007,0.425321908407,2.50793263233
G[T>C]T,1.6689383283,0.611591168957,0.429627688473,2.2121382707,2.25117600489,0.479200114066,2.8256282588
T[T>C]A,0.913778680972,0.535434900076,0.235230155498,1.93667942581,1.97085612156,0.262372096517,1.54709063808
T[T>C]C,0.789422174209,0.539188609109,0.2032175894,1.95025667125,1.98467296544,0.226665772793,1.33654645336
T[T>C]G,0.57723039581,0.549541715655,0.148593963278,1.9877040779,2.02278120869,0.165739420579,0.977291066174
T[T>C]T,0.933278234746,0.54876758181,0.240249842608,1.98490401931,2.0199317373,0.267970978293,1.58010473407
A[T>G]A,0.367663759709,0.251574181559,0.0946461163608,0.909949167342,0.926007093825,0.105566822095,0.622480226835
A[T>G]C,0.117090893268,0.0584489124684,0.0301422101482,0.211410959992,0.215141741639,0.033620157473,0.198242997513
A[T>G]G,0.196942383897,0.106972090443,0.0506980394191,0.386920327133,0.393748332906,0.0565478131983,0.33343710541
A[T>G]T,0.360862521696,0.174018397299,0.0928953026149,0.62942824555,0.640535802824,0.103613991378,0.610965259506
C[T>G]A,0.203150089234,0.136793137293,0.052296062575,0.494783688082,0.50351516493,0.0583302236414,0.343947180782
C[T>G]C,0.214929511872,0.202097791456,0.0553283891947,0.73099201165,0.743891870679,0.0617124341018,0.363890559703
C[T>G]G,0.361723001773,0.362170183944,0.0931168123377,1.30997726107,1.33309450686,0.103861059915,0.612422111913
C[T>G]T,1.65656024309,0.492675108294,0.426441250695,1.78201634915,1.81346369649,0.475646010391,2.80467130265
G[T>G]A,0.136329582042,0.0673837589323,0.0350947438921,0.243728489755,0.248029580751,0.0391441374181,0.230815430983
G[T>G]C,0.0676101989097,0.0614876337683,0.0174046056599,0.222402079587,0.226326822168,0.0194128293899,0.114468752609
G[T>G]G,0.223439582899,0.123117253191,0.0575191005483,0.445317724308,0.453176272384,0.0641559198424,0.37829869976
G[T>G]T,0.578355924488,0.245320822541,0.148883703334,0.887330634721,0.902989410628,0.16606259218,0.979196664232
T[T>G]A,0.487274526228,0.346183320833,0.125437006752,1.25215243706,1.27424924477,0.139910507531,0.824989544406
T[T>G]C,0.158665360757,0.0990446366145,0.0408445483137,0.358246557967,0.364568556049,0.0455573808114,0.268631452371
T[T>G]G,0.247944426208,0.135919569785,0.0638272780337,0.491623975817,0.500299693038,0.0711919639607,0.419787097837
T[T>G]T,0.819378571038,0.452859437987,0.210929137099,1.6380022225,1.66690814408,0.235267114457,1.38726470938
