,1,3,2,5,4,7,6
A[C>A]A,3.13065768901,2.48564781338,0.928184942973,2.5800395025,2.45418391701,0.31463896372,2.72162703617
A[C>A]C,2.49677837725,1.98236675179,0.740250875667,2.05764650186,1.95727350176,0.250932500226,2.17056612696
A[C>A]G,0.330836460926,0.262674175007,0.0980871919329,0.272649143678,0.25934918545,0.0332498955705,0.287611596685
A[C>A]T,2.54980668981,2.02446963312,0.755972837683,2.10134822678,1.99884343523,0.256261978876,2.21666611727
C[C>A]A,3.49197312703,2.77252137724,1.03530861555,2.87780699916,2.73742616993,0.350952073068,3.03573543204
C[C>A]C,2.56168500229,2.03390065508,0.759494548417,2.11113738882,2.00815507717,0.257455779124,2.22699248943
C[C>A]G,0.496353766629,0.394089925263,0.147160161965,0.409055365463,0.389101445197,0.0498848006663,0.431503525763
C[C>A]T,3.98340990137,3.16270735887,1.18101097578,3.28281016997,3.12267308851,0.400342703655,3.46296438662
G[C>A]A,3.13700187096,2.49068490257,0.930065881341,2.58526787356,2.45915724558,0.315276569946,2.72714233003
G[C>A]C,2.04398934727,1.62286591391,0.606006891905,1.68449373343,1.60232330741,0.205426065052,1.7769354627
G[C>A]G,0.358792793699,0.284870660324,0.106375752906,0.2956885335,0.281264702598,0.0360595772562,0.311915343266
G[C>A]T,2.8967900187,2.29996393444,0.858847291975,2.38730433701,2.27085046692,0.291134675246,2.51831494088
T[C>A]A,3.30779215835,2.6262872413,0.980702197702,2.72601966819,2.59304309901,0.33244142295,2.87561830852
T[C>A]C,2.41897612255,1.92059410735,0.717183875529,1.99352806079,1.89628278953,0.243113178145,2.10292899096
T[C>A]G,0.379318418516,0.301167387565,0.11246123966,0.312604123802,0.297355142153,0.0381224541222,0.329759228157
T[C>A]T,6.09904551541,4.84245824842,1.80825972568,5.02634906798,4.78116130856,0.612969398534,5.30218529732
A[C>G]A,0.882668547478,0.700812213576,0.261695700006,0.72742533561,0.691941172898,0.0887104067817,0.767345018662
A[C>G]C,0.447561305989,0.355350182645,0.132694055545,0.368844493378,0.350852079067,0.0449810357778,0.389085959478
A[C>G]G,0.0921531372658,0.0731668125025,0.0273217844155,0.0759452990532,0.0722406503189,0.00926162183575,0.0801130288793
A[C>G]T,0.780243117235,0.619489510166,0.231328361391,0.643014428274,0.611647870797,0.0784163936919,0.678301805435
C[C>G]A,0.676666073807,0.53725246061,0.200619589722,0.557654452786,0.530451796552,0.0680066405836,0.588257441048
C[C>G]C,0.592280865306,0.470253149338,0.175600859563,0.48811086387,0.464300577828,0.0595257151061,0.514897435668
C[C>G]G,0.128812636493,0.102273349577,0.0381906811713,0.106157147662,0.100978750216,0.0129459936174,0.11198284479
C[C>G]T,0.59853560786,0.475219226341,0.177455280722,0.493265526076,0.469203793096,0.0601543324482,0.520334975677
G[C>G]A,0.425901375035,0.338152850531,0.12627226697,0.350994098019,0.333872434701,0.042804158295,0.370255969252
G[C>G]C,0.476022560449,0.377947560558,0.141132316917,0.392299999566,0.373163414222,0.0478414633618,0.413828658079
G[C>G]G,0.0638473310377,0.0506928557987,0.0189296107097,0.0526179009557,0.0500511740798,0.00641681718971,0.055505468691
G[C>G]T,0.510618959237,0.405416058088,0.151389540678,0.420811604598,0.400284209252,0.0513184883656,0.443904924362
T[C>G]A,1.48565757999,1.17956732482,0.440471342812,1.2243610207,1.16463609286,0.149312319597,1.29155156452
T[C>G]C,0.491965376738,0.390605676003,0.145859081546,0.40543880294,0.385661300358,0.0494437564561,0.427688493345
T[C>G]G,0.132027751389,0.104826053867,0.0391439061907,0.108806790089,0.103499141792,0.0132691207426,0.114777894424
T[C>G]T,2.50386068669,1.98798989195,0.742350655854,2.06348317898,1.96282546294,0.25164429012,2.17672310954
A[C>T]A,3.63136780497,2.88319654867,1.0766366859,2.9926850252,2.84670038983,0.36496158844,3.15691774
A[C>T]C,2.06543408038,1.63989238543,0.612364878102,1.70216677981,1.61913425397,0.207581314611,1.79557837139
A[C>T]G,8.06708156006,6.4050195301,2.39174779921,6.64824811985,6.32394333352,0.810761965836,7.01309100448
A[C>T]T,2.31093648957,1.83481389624,0.685152024547,1.90449037332,1.81158840389,0.232254923575,2.00900508892
C[C>T]A,2.71210544102,2.15332994814,0.804091562914,2.23510197149,2.12607260703,0.272573411157,2.35776000651
C[C>T]C,2.18499929121,1.73482355784,0.647813860207,1.80070293346,1.71286376597,0.219597918714,1.89952199688
C[C>T]G,5.3928272997,4.28174227815,1.59887844564,4.44434008618,4.22754300881,0.541992693437,4.68823679823
C[C>T]T,3.08615330186,2.45031267183,0.914990174924,2.54336252013,2.41929605573,0.310166160991,2.68293729257
G[C>T]A,3.1626611362,2.51105758553,0.937673402191,2.6064142027,2.47927204647,0.317855390573,2.74944912846
G[C>T]C,3.97342033896,3.15477594752,1.17804924622,3.27457756578,3.11484207476,0.399338727534,3.45427999317
G[C>T]G,7.26174339942,5.7656053121,2.15297919882,5.98455234927,5.69262296638,0.729823457228,6.31297290502
G[C>T]T,3.13504259868,2.48912929945,0.929484991567,2.5836531969,2.45762133364,0.315079658158,2.72543904307
T[C>T]A,11.9005674295,9.44869172794,3.52830893638,9.80750280621,9.32908803518,1.19603692759,10.3457194236
T[C>T]C,5.13563729029,4.07754116516,1.52262613129,4.23238450054,4.02592672003,0.516144451286,4.46464950362
T[C>T]G,5.8263242695,4.62592580192,1.72740267287,4.80159387035,4.56736977911,0.585560228091,5.06509597299
T[C>T]T,7.60587766085,6.03883753977,2.25500895473,6.26816048432,5.96239655826,0.764409815161,6.61214490114
A[T>A]A,1.72595038754,1.370352569,0.511713933993,1.42239127415,1.35300633395,0.173462350506,1.50044933188
A[T>A]C,1.35720923194,1.07758320928,0.402388666756,1.11850409064,1.06394291549,0.136402937883,1.17988541269
A[T>A]G,1.21129908736,0.961734953786,0.359128875148,0.99825653431,0.949561093612,0.121738601745,1.05303890509
A[T>A]T,2.41470265977,1.91720110675,0.715916868977,1.99000621207,1.89293273831,0.242683684399,2.09921387005
C[T>A]A,1.56866285846,1.24547101325,0.465080947986,1.29276738084,1.22970555739,0.157654558639,1.36371193223
C[T>A]C,1.71397083238,1.3608411634,0.508162206586,1.41251867593,1.34361532589,0.172258375114,1.49003494473
C[T>A]G,2.98992458441,2.37390997154,0.886460052664,2.46405845147,2.34386047823,0.300494933107,2.59928117137
C[T>A]T,2.70429087127,2.14712541538,0.801774680428,2.22866182356,2.11994661266,0.271788027264,2.35096643583
G[T>A]A,1.6050722615,1.27437898149,0.475875695619,1.32277312003,1.25824760198,0.161313795125,1.39536432783
G[T>A]C,0.857614273748,0.680919875639,0.254267548498,0.706777592436,0.672300636707,0.0861923893214,0.74556416763
G[T>A]G,1.76553897835,1.40178471648,0.523451254887,1.45501704748,1.38404060614,0.177441103352,1.53486554399
G[T>A]T,1.78071762021,1.41383610047,0.527951455239,1.46752607897,1.39593944097,0.178966594996,1.54806104672
T[T>A]A,1.99278433549,1.58221067843,0.590825506503,1.64229462825,1.56218269516,0.200279832713,1.73242055297
T[T>A]C,1.00542493052,0.798277080515,0.298090808547,0.828591400028,0.788172307344,0.101047731711,0.874062879298
T[T>A]G,1.05458428523,0.837308125962,0.312665692606,0.869104637074,0.826709288924,0.105988370375,0.916799403743
T[T>A]T,2.26861988215,1.80121578583,0.672605894708,1.86961638529,1.77841558601,0.228001998206,1.97221728448
A[T>C]A,2.76733350496,2.19717936575,0.820465712527,2.28061655686,2.16936696872,0.278123970348,2.40577234351
A[T>C]C,1.44044404507,1.14366914131,0.427066324921,1.18709961503,1.12919231674,0.144768245736,1.25224532561
A[T>C]G,2.41508559478,1.91750514561,0.716030402473,1.9903217967,1.89323292857,0.24272217033,2.09954677335
A[T>C]T,2.54069727167,2.01723702976,0.753272055418,2.0938409676,1.99170238382,0.255346459464,2.20874687436
C[T>C]A,1.25861624558,0.999303350764,0.373157580349,1.03725157927,0.986653941261,0.126494095033,1.09417392204
C[T>C]C,1.56153042799,1.2398080785,0.462966307795,1.28688939794,1.22411430536,0.156937731456,1.3575113771
C[T>C]G,1.90060771431,1.50902522041,0.563496759519,1.56632997561,1.48992363534,0.191015850684,1.65228710842
C[T>C]T,1.78614556512,1.41814572507,0.529560745438,1.4719993602,1.40019451336,0.179512117098,1.55277981289
G[T>C]A,2.66112852154,2.11285581107,0.788977802868,2.19309084187,2.0861108008,0.267450102667,2.31344338807
G[T>C]C,1.73696272238,1.37909603083,0.51497889759,1.43146676618,1.36163911905,0.174569117827,1.5100228692
G[T>C]G,1.99659172492,1.58523363084,0.591954330504,1.64543237632,1.56516738235,0.200662484916,1.73573049453
G[T>C]T,2.38961449911,1.89728186362,0.708478670592,1.96933054198,1.8732656375,0.240162261218,2.07740355953
T[T>C]A,1.71209439152,1.35935132593,0.507605874872,1.41097226236,1.34214434712,0.172069788092,1.488403667
T[T>C]C,1.44980394878,1.15110062265,0.429841371747,1.19481330452,1.13652972869,0.145708939575,1.26038232733
T[T>C]G,1.1279183286,0.895533145324,0.334407946672,0.929540733121,0.884197282725,0.11335862599,0.980552114817
T[T>C]T,2.08292435623,1.65377913711,0.617550437275,1.71658087649,1.63284522398,0.209339131279,1.81078348557
A[T>G]A,0.924697884427,0.734182239897,0.274156659202,0.762062578121,0.724888793822,0.0929344607464,0.803883085457
A[T>G]C,0.25406873121,0.201722912217,0.0753269102581,0.209383275972,0.199169457632,0.0255345458502,0.220873821604
A[T>G]G,0.773777866852,0.614356296294,0.229411528363,0.63768628223,0.606579634316,0.0777666197841,0.672681261133
A[T>G]T,0.708307525693,0.562374819395,0.210000723698,0.583730825194,0.555256150795,0.0711866859993,0.615764833894
C[T>G]A,0.47967848515,0.380850254541,0.142216234291,0.395312922435,0.376029365243,0.0482088929799,0.417006924276
C[T>G]C,0.496694351109,0.394360339071,0.147261139273,0.40933604815,0.389368436045,0.0499190302622,0.431799611768
C[T>G]G,1.10285189671,0.875631154172,0.326976190482,0.908882970154,0.864547215512,0.110839386604,0.958760694125
C[T>G]T,1.65829765358,1.31663833802,0.491656088248,1.36663726225,1.29997202994,0.166663080762,1.44163564859
G[T>G]A,0.34681227896,0.275358492843,0.102823740998,0.28581514447,0.271872942301,0.0348555054231,0.30150012191
G[T>G]C,0.10913164704,0.0866472373481,0.0323556139464,0.0899376387664,0.0855504368754,0.0109680047276,0.0948732408938
G[T>G]G,0.821391498903,0.652160084556,0.243528132841,0.676925657387,0.643904893612,0.0825519094375,0.714074016634
G[T>G]T,0.904165335639,0.717880015231,0.268069119611,0.745141281632,0.70879292643,0.0908708880039,0.786033181234
T[T>G]A,0.984187793472,0.781415434013,0.291794370929,0.811089437836,0.771524099405,0.0989133460775,0.855600443571
T[T>G]C,0.431308781607,0.342446168311,0.127875467914,0.355450453184,0.338111406687,0.0433476162419,0.374956880493
T[T>G]G,0.86064160344,0.683323484138,0.255165098507,0.709272477207,0.674673819782,0.0864966435618,0.74819596681
T[T>G]T,1.87591115937,1.4894169004,0.556174665341,1.54597703586,1.47056352192,0.188533784861,1.63081723905
