,1,3,2,5,4,7,6
A[C>A]A,0.377540728404,2.96884300063,2.74575075203,1.01249558981,3.22625713363,1.39003631821,0.531989208206
A[C>A]C,0.266451763598,2.09527977739,1.93783100799,0.714575184196,2.27695143439,0.981026947794,0.375454757798
A[C>A]G,0.0707525218198,0.556372103401,0.514563795053,0.189745399426,0.604612459187,0.260497921246,0.0996967352915
A[C>A]T,0.227115841537,1.78595639027,1.65175157482,0.609083393214,1.94080810041,0.836199234751,0.320026867621
C[C>A]A,0.454467808853,3.5737695878,3.30522042803,1.21880003283,3.88363400293,1.67326784169,0.64038645793
C[C>A]C,0.344553259169,2.70944153801,2.50584188487,0.924029195044,2.94436421472,1.26858245421,0.485506865193
C[C>A]G,0.0918081665043,0.721946036602,0.667695756395,0.246212810171,0.784542513764,0.338020976675,0.129366052802
C[C>A]T,0.443475063625,3.48732663669,3.22527319,1.18931948881,3.78969599825,1.63279455244,0.624896680563
G[C>A]A,0.439481214523,3.45592045966,3.19622701471,1.17860871168,3.75556674229,1.6180899262,0.619268984101
G[C>A]C,0.28954044007,2.27684073328,2.10574865505,0.776494816552,2.47425466969,1.06603525662,0.407988801917
G[C>A]G,0.0882891106885,0.694273461323,0.642102623189,0.236775342301,0.754470582247,0.325064452989,0.124407383243
G[C>A]T,0.363906982052,2.86163217705,2.64659623311,0.975932360958,3.1097505739,1.33983934301,0.512778020164
T[C>A]A,0.30265013424,2.37993060107,2.20109188539,0.811652632736,2.58628296533,1.11430276698,0.426461552793
T[C>A]C,0.348604280839,2.74129729932,2.53530386065,0.934893298613,2.97898203626,1.28349757945,0.491215123
T[C>A]G,0.0723509692699,0.568941712895,0.526188867417,0.19403214486,0.618271919215,0.26638311413,0.101949093062
T[C>A]T,0.457275973089,3.5958519702,3.32564344065,1.22633101874,3.90763104276,1.68360699183,0.644343416626
A[C>G]A,0.197767227393,1.55516956086,1.43830710831,0.530375746189,1.69001085226,0.728142973582,0.278672002235
A[C>G]C,0.107789271739,0.847615636854,0.783921976281,0.289071228754,0.92110832213,0.396860500492,0.151884882904
A[C>G]G,0.0456919839775,0.359305146732,0.332305338018,0.122537593394,0.390458772171,0.168229577372,0.064384159241
A[C>G]T,0.187164975498,1.47179730733,1.3611998218,0.50194243429,1.59940979062,0.689107409789,0.263732465475
C[C>G]A,0.148283130462,1.16604461681,1.07842276699,0.397668395329,1.26714675122,0.54595152579,0.208944411105
C[C>G]C,0.121539170478,0.955739840574,0.883921239837,0.32594595719,1.03860745681,0.447485127668,0.171259740218
C[C>G]G,0.0533427895635,0.41946829975,0.387947560462,0.14305566292,0.455838383543,0.196398452484,0.0751648398395
C[C>G]T,0.192470138732,1.51351518185,1.39978282714,0.516169917508,1.64474482189,0.70864005624,0.271207922759
G[C>G]A,0.103013263024,0.810058841054,0.749187367449,0.276262841747,0.880295156753,0.379276104771,0.145155052443
G[C>G]C,0.0963776649541,0.757878910775,0.700928472393,0.258467374195,0.823590955062,0.354845039149,0.135804891526
G[C>G]G,0.0243572846914,0.191536829619,0.177143888665,0.0653218089452,0.208144069181,0.0896790936367,0.0343216284288
G[C>G]T,0.15114196251,1.18852543246,1.0992142728,0.405335263094,1.29157677054,0.556477225604,0.212972765355
T[C>G]A,0.130618741616,1.02713828634,0.94995448448,0.350295716152,1.11619651926,0.480914457768,0.184053681368
T[C>G]C,0.185075049831,1.45536289185,1.34600036241,0.496337633638,1.58155042583,0.681412683468,0.260787570216
T[C>G]G,0.0260227305671,0.204633290369,0.189256222306,0.0697882319755,0.22237606121,0.0958109625426,0.0366683930719
T[C>G]T,0.252589794923,1.98627429644,1.83701669035,0.677399904567,2.15849461116,0.929989699491,0.355921983756
A[C>T]A,0.318253282144,2.50262808232,2.31456932469,0.853497438478,2.71961895651,1.17175072062,0.448447806658
A[C>T]C,0.511769484382,4.02436912718,3.72195988641,1.37247270811,4.37330286653,1.8842421925,0.721129727992
A[C>T]G,0.222281157236,1.74793819099,1.61659023444,0.596117648951,1.89949352547,0.818398806187,0.313214357923
A[C>T]T,0.379850937337,2.98700964361,2.76255227154,1.01869115013,3.24599891906,1.39854208747,0.535244502612
C[C>T]A,0.386953354365,3.04286046841,2.81420621356,1.03773854125,3.30669230093,1.42469189562,0.545252453877
C[C>T]C,0.699959310194,5.50422548471,5.09061316505,1.87716360461,5.98147046893,2.5771229148,0.986306300728
C[C>T]G,0.257371836053,2.02387852896,1.87179517129,0.690224469415,2.19935932627,0.947596305467,0.362660314438
C[C>T]T,0.526774154832,4.14236039936,3.83108476241,1.41271250614,4.50152459584,1.93948666097,0.742272672718
G[C>T]A,0.393166406598,3.09171765188,2.85939204798,1.05440081769,3.35978565638,1.44756722429,0.554007209297
G[C>T]C,0.70487544674,5.54288419482,5.12636688538,1.89034778898,6.02348109032,2.59522323572,0.993233584043
G[C>T]G,0.335596688541,2.63901032353,2.44070318939,0.900009301088,2.86782624753,1.23560598963,0.472886242944
G[C>T]T,0.464174707268,3.65010110715,3.37581605286,1.24483216949,3.96658386211,1.70900687676,0.654064360241
T[C>T]A,0.368866890095,2.90063509029,2.6826682916,0.989233932527,3.15213524263,1.35810082262,0.519766981497
T[C>T]C,0.870153926563,6.84257405888,6.32839219318,2.33359462124,7.43586082699,3.2037485478,1.22612598743
T[C>T]G,0.20357563303,1.60084475064,1.4805500584,0.545952834034,1.73964631862,0.749528467064,0.286856573815
T[C>T]T,0.519017793298,4.08136719275,3.77467486035,1.39191135475,4.43524296091,1.91092914805,0.731343254193
A[T>A]A,0.415700493705,3.26891751868,3.02327631785,1.11483314221,3.55234967348,1.53053363591,0.585759786584
A[T>A]C,0.122435684597,0.962789701602,0.890441342522,0.328350245055,1.04626857746,0.450785929652,0.172523010114
A[T>A]G,0.0921742709109,0.724824948527,0.670358333898,0.247194635625,0.78767104233,0.339368906536,0.129881927193
A[T>A]T,0.11086901954,0.871833653657,0.806320142111,0.297330552403,0.94742616698,0.408199571944,0.156224527534
C[T>A]A,0.824659429295,6.48482187582,5.99752312215,2.21158665129,7.04708966852,3.03624608059,1.16202010492
C[T>A]C,0.14443878107,1.13581405114,1.05046386233,0.387358549233,1.23429503823,0.531797330302,0.203527373326
C[T>A]G,0.175693253962,1.3815878607,1.27776911973,0.471177362899,1.50137871568,0.646870616861,0.247567766947
C[T>A]T,0.162386235198,1.27694630406,1.18099080144,0.435490358031,1.38766419169,0.597876593229,0.228816967779
G[T>A]A,0.301936665644,2.37432014347,2.19590302287,0.809739239682,2.58018605187,1.11167590533,0.42545621068
G[T>A]C,0.0799141371501,0.628415714862,0.581193724728,0.214315185993,0.682902626555,0.294229323144,0.112606284166
G[T>A]G,0.0955931355153,0.751709656552,0.695222803748,0.256363408882,0.816886794403,0.351956544397,0.134699418226
G[T>A]T,0.0881187681535,0.692933949571,0.640863768389,0.236318514593,0.753014927857,0.324437282747,0.124167355125
T[T>A]A,0.195047677279,1.5337840077,1.41852856203,0.523082407249,1.66677106039,0.718130084528,0.274839908894
T[T>A]C,0.100600818762,0.791088256632,0.731642318272,0.269793104863,0.85967972397,0.370393923625,0.141755699165
T[T>A]G,0.0685847741401,0.53932572392,0.498798357383,0.183931894285,0.586088069925,0.252516668425,0.0966421817429
T[T>A]T,0.133185851679,1.04732510639,0.968624375851,0.357180238595,1.13813364162,0.490366090275,0.187670972821
A[T>C]A,0.295457163562,2.32336769528,2.14877937136,0.792362393188,2.52481576135,1.08781955675,0.416326003201
A[T>C]C,0.18735767662,1.47331263887,1.36260128451,0.502459223662,1.6010565093,0.689816900282,0.264003998873
A[T>C]G,0.319369705496,2.51140722958,2.32268876724,0.856491482921,2.72915930151,1.17586118842,0.450020948653
A[T>C]T,0.245945208515,1.93402368514,1.78869242556,0.659580331926,2.10171360003,0.905525540441,0.346559157453
C[T>C]A,0.189574526722,1.49074514195,1.37872383071,0.508404412574,1.62000050108,0.697978939296,0.2671277422
C[T>C]C,0.218135332283,1.71533693114,1.58643878024,0.584999300214,1.86406556678,0.803134632497,0.307372513672
C[T>C]G,0.302208688,2.37645922836,2.19788136727,0.810468754181,2.58251060654,1.11267744218,0.425839514909
C[T>C]T,0.196984645817,1.54901562393,1.43261560594,0.528277004692,1.68332333698,0.725261650509,0.277569273652
G[T>C]A,0.402206911182,3.16280889248,2.92514117224,1.07864580726,3.43704087738,1.48085271844,0.566746102121
G[T>C]C,0.253178514545,1.99090377346,1.8412982876,0.678978743552,2.16352548793,0.932157258096,0.356751543222
G[T>C]G,0.284212584679,2.23494441589,2.06700061585,0.762206477094,2.42872572362,1.04641906177,0.40048136932
G[T>C]T,0.297554721403,2.3398621274,2.16403433748,0.797987661945,2.54274034654,1.09554238335,0.419281652886
T[T>C]A,0.211831597919,1.66576665636,1.54059343941,0.568093830782,1.81019729131,0.779925428701,0.298489978886
T[T>C]C,0.227966400869,1.79264487956,1.65793746087,0.611364438695,1.94807651652,0.839330839564,0.321225383043
T[T>C]G,0.159967602823,1.25792705856,1.1634007478,0.429004025752,1.36699587867,0.588971628575,0.225408894887
T[T>C]T,0.185369451048,1.45767795597,1.34814146217,0.497127164174,1.58406621805,0.682496615222,0.261202408295
A[T>G]A,0.0198422184128,0.156031990246,0.144307043002,0.0532132221071,0.169560775528,0.0730554405199,0.0279594895817
A[T>G]C,0.0188354092491,0.148114809096,0.136984794539,0.0505131429863,0.160957133584,0.0693485522355,0.026540803942
A[T>G]G,0.0760111116596,0.597723741687,0.552808084797,0.203847981269,0.649549499636,0.279859092928,0.107106566429
A[T>G]T,0.0580355710442,0.456370626847,0.422076880321,0.155640849619,0.495940334378,0.213676420663,0.0817773955623
C[T>G]A,0.015362438534,0.12080463029,0.111726825702,0.0411992669776,0.1312790202,0.0565617055116,0.0216470724797
C[T>G]C,0.065947798658,0.518589507629,0.479620353876,0.176860005492,0.563553915805,0.24280780415,0.0929264435635
C[T>G]G,0.119664729355,0.940999917198,0.870288940761,0.320919046906,1.02258950539,0.44058377626,0.168618482273
C[T>G]T,0.095619767589,0.751919081496,0.695416491557,0.256434831262,0.817114377579,0.352054598851,0.134736945239
G[T>G]A,0.029313709373,0.230512350978,0.213190613622,0.078614038773,0.250498971005,0.107927748146,0.0413056813892
G[T>G]C,0.0388764811342,0.305710510737,0.282738044612,0.104259653951,0.332217202419,0.143136135085,0.0547804961436
G[T>G]G,0.153158903318,1.20438592154,1.11388293322,0.410744331624,1.30881244653,0.563903234942,0.215814818311
G[T>G]T,0.10062706118,0.791294617462,0.731833172219,0.269863482256,0.859903977358,0.370490543436,0.141792677117
T[T>G]A,0.0401343417214,0.315601868991,0.29188612161,0.107633007344,0.342966192892,0.147767349065,0.056552936062
T[T>G]C,0.0557527229845,0.438419139833,0.405474348978,0.149518666186,0.47643236005,0.20527138917,0.0785606551146
T[T>G]G,0.0911886651816,0.717074503473,0.66319029223,0.24455142026,0.77924859337,0.335740085441,0.12849311912
T[T>G]T,0.108818895566,0.855712224222,0.791410149569,0.291832492654,0.929906925744,0.400651388219,0.153335716479
