,1,3,2,5,4,7,6
A[C>A]A,1.95415670345,1.06703716397,0.599084536825,1.41192915946,1.29344559363,0.357334687652,1.37243463751
A[C>A]C,1.19397092675,0.823104293063,0.366034882653,1.06818364395,0.978545855642,0.230964103256,1.03830438118
A[C>A]G,0.772587336734,0.166896777724,0.236851592283,0.403899215711,0.370005575231,0.139129309376,0.392601335551
A[C>A]T,1.31909489918,1.23446422585,0.404394056684,1.04789959989,0.959963969132,0.355244343379,1.01858772297
C[C>A]A,3.71868767864,1.20887951443,1.14003563871,2.07292614881,1.89897430416,0.68860672597,2.01494220059
C[C>A]C,2.30487035386,0.917695497887,0.706602590233,1.99114312843,1.82405419457,0.414302317791,1.93544681714
C[C>A]G,1.17295333883,0.22692836607,0.35959153453,0.698454102271,0.639842569213,0.213619108674,0.678916924585
C[C>A]T,2.95491749153,3.74959573921,0.905887114192,3.53588481013,3.23916720369,0.895029571161,3.43697894132
G[C>A]A,3.70573297166,1.2272809469,1.1360641227,1.6256704209,1.48925052544,0.633965598598,1.58019712242
G[C>A]C,4.3101102478,1.08190626023,1.32134766721,2.29984705757,2.10685289889,0.821576614851,2.23551567134
G[C>A]G,1.74429595877,0.197621148521,0.534747666193,0.826291361631,0.756952226389,0.318881820673,0.80317831655
G[C>A]T,2.99775777657,2.57796950126,0.919020632234,1.92052517774,1.75936222576,0.797003905763,1.86680419375
T[C>A]A,2.40060846194,0.807884205881,0.735952959136,1.38700978346,1.27061735408,0.545009076253,1.348212307
T[C>A]C,3.07330429039,1.12489930323,0.942180877347,1.80271911012,1.651441982,0.647288748263,1.75229340075
T[C>A]G,0.718248531361,0.18293692844,0.220192980417,0.420756920815,0.38544864774,0.135593963711,0.408987496457
T[C>A]T,3.13074029522,2.4385681643,0.959788995616,1.97993213002,1.81378397925,0.982852356444,1.9245494131
A[C>G]A,0.564393988749,0.474058669734,0.173025894361,0.839183719452,0.76876270803,0.129046848361,0.815710048978
A[C>G]C,0.438256085503,0.23989106008,0.134355880227,0.557106444951,0.510356253766,0.0821788644615,0.541523047889
A[C>G]G,0.0691633284589,0.0886535559896,0.0212033561699,0.127753823587,0.117033223007,0.00576440723045,0.12418029006
A[C>G]T,0.361552418823,0.452257082603,0.110840887522,0.747977090147,0.685209781883,0.0925650671888,0.727054654059
C[C>G]A,0.600725946893,0.328744867824,0.184164158901,0.712789036644,0.65297457203,0.121067752504,0.692850881773
C[C>G]C,0.662545223635,0.269909196173,0.203116053961,0.637179246353,0.583709659246,0.133793285908,0.61935605065
C[C>G]G,0.135565635795,0.110779033261,0.0415602679079,0.161583456947,0.148024006014,0.0262918386262,0.157063639969
C[C>G]T,0.488891008273,0.387394864516,0.149878995237,0.65807334898,0.602850410604,0.120040708959,0.639665702855
G[C>G]A,0.300966577372,0.249044592064,0.0922671259096,0.457504300351,0.419112331091,0.0595055306967,0.444706977265
G[C>G]C,0.468833304498,0.212784557864,0.143729918167,0.467584198321,0.428346363497,0.104634774326,0.454504920046
G[C>G]G,0.209156947502,0.0286159058628,0.0641211079932,0.134466025894,0.123182163581,0.0357103838508,0.130704738456
G[C>G]T,0.273718839917,0.343251467756,0.0839138049381,0.569568846214,0.521772859119,0.0586387934149,0.553636850516
T[C>G]A,1.24029537247,0.375711232119,0.380236537545,0.437547203505,0.400829955658,0.612018979172,0.425308120889
T[C>G]C,0.624334905715,0.375075505864,0.191401941898,0.664415468248,0.608660324059,0.174751052668,0.645830420185
T[C>G]G,0.119635480772,0.0529284917457,0.0366765707476,0.0887761845238,0.0813264347736,0.0344458441658,0.0862929346071
T[C>G]T,1.47661126427,0.799720676996,0.45268374525,0.742331804353,0.680038226365,0.851899631483,0.721567278357
A[C>T]A,2.14508064923,1.76145011301,0.657615965458,2.63554468583,2.41438009681,0.470980919159,2.56182315616
A[C>T]C,1.42572201718,1.44207116276,0.437082662201,2.16797741291,1.9860492384,0.480065081204,2.10733468808
A[C>T]G,4.15164079208,2.16829052477,1.27276579027,2.31833112121,2.12378585229,0.735059641378,2.25348269823
A[C>T]T,1.18955745397,1.30608781455,0.364681847203,1.83416264012,1.68024689409,0.374411585856,1.78285739144
C[C>T]A,2.36297903842,1.3931606037,0.724416931486,2.7631887425,2.53131276411,0.407438428124,2.68589674971
C[C>T]C,2.24422444583,1.44474907681,0.688010414051,3.5036056142,3.20959675147,0.462340953711,3.40560265995
C[C>T]G,3.2495101414,1.44708123128,0.996200189334,2.22408842644,2.03745163541,0.668399806923,2.16187616276
C[C>T]T,2.46582870403,1.80158591742,0.755947485909,3.8145336326,3.49443290818,0.454526119176,3.70783339113
G[C>T]A,3.16258839464,2.3523218569,0.969552646531,3.96501113217,3.63228292528,0.799273027706,3.85410172987
G[C>T]C,3.47339436964,2.50575771014,1.06483623011,5.63593098732,5.16298572965,1.07075843145,5.4782825681
G[C>T]G,3.49689544053,2.88807137559,1.07204093797,2.89470083126,2.65178887339,1.11444491429,2.81373017864
G[C>T]T,3.01198311727,2.36083280872,0.923381685586,4.64014344991,4.25076078279,0.788650199647,4.51034922754
T[C>T]A,4.67187653385,1.87528897341,1.43225411987,2.05562530035,1.88312527514,2.53356875672,1.99812529195
T[C>T]C,3.18201893842,1.75323609117,0.975509455573,2.17539929006,1.99284830069,1.0249086048,2.11454896027
T[C>T]G,2.62631127232,0.831204789003,0.805146521442,1.19089045317,1.09095558996,0.69893987781,1.1575788321
T[C>T]T,2.52883112201,1.77318090967,0.775262095799,1.6991318078,1.55654732043,1.58509763543,1.65160364535
A[T>A]A,3.69826907791,1.69332739481,1.13377592169,5.10226379094,4.67410179449,0.135498508518,4.95954312545
A[T>A]C,0.368191928833,0.310786140364,0.112876357744,0.559426832377,0.512481923366,0.205696785959,0.543778529374
A[T>A]G,1.02567966682,0.302873824059,0.314441941652,0.643456515268,0.589460164336,0.116839671787,0.625457731624
A[T>A]T,0.571535438612,0.487172928929,0.175215243954,0.831351057629,0.761587332513,0.157324097616,0.808096482591
C[T>A]A,8.00944492041,3.44361336612,2.45545026757,11.1404825682,10.2056168981,0.100264489983,10.8288606781
C[T>A]C,0.933600089114,0.621606743993,0.286213166006,0.797764348928,0.730819088878,0.231641836197,0.775449262245
C[T>A]G,2.44875897608,0.678865744016,0.750714430623,0.899449398612,0.8239711274,0.265089521313,0.874289974875
C[T>A]T,0.943842248835,0.676333133226,0.289353098183,0.855773771237,0.783960587637,0.248040194587,0.83183604337
G[T>A]A,2.97839603556,1.31968692515,0.91308491601,3.91557139671,3.5869919788,0.0937040741781,3.80604492407
G[T>A]C,0.383981477834,0.232230106257,0.117716949409,0.389030266736,0.356384370226,0.155706773167,0.378148301232
G[T>A]G,0.605403510822,0.365288398662,0.185598156602,0.451926185434,0.414002309733,0.121682634154,0.439284893534
G[T>A]T,0.307775840751,0.327744974705,0.0943546373106,0.390714749711,0.357927497987,0.102697421309,0.379785665803
T[T>A]A,1.70982599218,0.899881129837,0.524180231179,2.16232256488,1.98086892307,0.120502100516,2.10183801761
T[T>A]C,0.705332888575,0.357067035329,0.216233440293,0.566908901625,0.519336126664,0.162264112016,0.551051309971
T[T>A]G,1.11046021537,0.30051855453,0.340433058726,0.514897539689,0.471689354541,0.141720748388,0.500494811306
T[T>A]T,0.542119724919,0.554663675588,0.166197287932,0.792004637382,0.725542709769,0.159071529565,0.769850661511
A[T>C]A,1.26483433183,1.16053282571,0.387759430195,2.20171884148,2.01695921842,0.535042100597,2.14013230046
A[T>C]C,0.65475887051,0.62407387322,0.200728996799,1.23970618119,1.13567489326,0.255663510101,1.20502908521
A[T>C]G,1.57818438192,1.01552842096,0.4838229492,2.79078847131,2.55659643176,0.409672650199,2.71272445813
A[T>C]T,0.939279073742,0.980641281468,0.287954168593,1.61448850029,1.47900694782,0.411541757755,1.5693279828
C[T>C]A,0.774114147548,0.554103436885,0.237319665672,1.34817653446,1.23504283926,0.30400779439,1.31046530273
C[T>C]C,0.929143562416,0.965968122308,0.284846931543,1.66331332329,1.52373458288,0.448731590149,1.61678707649
C[T>C]G,1.61470460659,0.906659005942,0.495018930487,3.03928901363,2.78424378171,0.491775841781,2.95427393632
C[T>C]T,0.58179875073,0.812995048171,0.178361660808,1.28583065557,1.17792878237,0.495958979696,1.2498633645
G[T>C]A,0.939811726609,0.617675794644,0.288117463632,1.15991114806,1.06257594683,0.784826917582,1.12746608098
G[T>C]C,0.703864923507,0.646310948069,0.215783407207,1.08442110128,0.993420729146,0.537333319822,1.0540876439
G[T>C]G,0.874005685985,0.682626483013,0.267943348988,1.49139219265,1.36624040026,0.578705732276,1.44967492852
G[T>C]T,0.889942479911,0.706844523789,0.272829081432,1.02886286864,0.942524725817,0.612345586078,1.0000834877
T[T>C]A,0.56980685527,0.621092358398,0.174685313295,1.10290415032,1.01035275309,0.373551795301,1.07205368458
T[T>C]C,0.778033780342,0.7828865147,0.238521304923,1.3150330167,1.20468059571,0.421659855747,1.27824887637
T[T>C]G,0.73949356757,0.554225897734,0.226706057211,1.30152687294,1.19230783465,0.306273302019,1.26512052684
T[T>C]T,0.433548581602,0.687700699432,0.132912703849,1.09293649489,1.00122154427,0.357446143674,1.06236484468
A[T>G]A,0.130075719849,0.30278065506,0.039877227983,0.227955771181,0.208826615557,0.100428479439,0.221579385973
A[T>G]C,0.194927084736,0.235956161504,0.0597586683134,0.269258509236,0.24666338958,0.132649022099,0.261726802684
A[T>G]G,0.172871043391,0.308475874609,0.0529969622075,0.343902493342,0.315043542851,0.0945920497219,0.334282843178
A[T>G]T,0.503321380741,0.905948622465,0.154302905045,0.895230488394,0.820106251605,0.480012512925,0.870189076131
C[T>G]A,0.0757308000116,0.191201080066,0.0232167416094,0.153974830175,0.141053865405,0.0691159035507,0.149667841919
C[T>G]C,0.44064733736,0.476671815251,0.135088964738,0.672464483969,0.616033897901,0.244357885061,0.653654288613
C[T>G]G,0.475191393772,0.497791080673,0.145679113419,0.842287264356,0.771605815598,0.187269772578,0.818726781437
C[T>G]T,0.807295450006,1.68654565931,0.247492035768,1.51336180636,1.38636641002,1.20957450472,1.47103000758
G[T>G]A,0.0336212293365,0.11781504999,0.0103072381907,0.0817042793498,0.0748479761876,0.0223601214702,0.0794188449624
G[T>G]C,0.0991548661306,0.145808725913,0.0303978421714,0.137948441738,0.126372348725,0.0544789823307,0.134089744067
G[T>G]G,0.455774386612,0.445285858944,0.13972645429,0.66781067062,0.611770614345,0.0967083094546,0.649130651862
G[T>G]T,0.385686230358,0.644497900653,0.11823957427,0.745157816611,0.682627090742,0.349141208313,0.724314241321
T[T>G]A,0.176924157814,0.446272941715,0.0542395228335,0.34852407716,0.319277301455,0.141630828441,0.338775151925
T[T>G]C,0.241749895778,0.407033860831,0.074113106735,0.47723232443,0.437184856646,0.192894831408,0.463883168502
T[T>G]G,0.279612929176,0.385451689757,0.0857207520102,0.503001974427,0.460792018531,0.118136842416,0.488931989128
T[T>G]T,1.02434671393,1.98407795683,0.314033299162,2.33136337929,2.13572449432,1.17674737142,2.26615041763
