,1,3,2,5,4,7,6
A[C>A]A,3.08544791963,0.701238163553,0.981733428974,0.605313518717,0.346520057816,0.718769117642,1.68297159253
A[C>A]C,2.4609960264,0.559317278727,0.783044190217,0.370094998156,0.211865977205,0.573300210695,1.34236146894
A[C>A]G,0.716032806597,0.162734728772,0.227828620281,0.100110535675,0.0573096544805,0.166803096991,0.390563349053
A[C>A]T,1.3602509981,0.309147954113,0.432807135758,0.462563079553,0.264800603512,0.316876652966,0.741955089871
C[C>A]A,2.66705291702,0.606148390231,0.848607746324,1.6092808563,0.921254982953,0.621302099987,1.45475613655
C[C>A]C,1.97492836195,0.44884735499,0.628386296986,1.66224824739,0.951576895245,0.460068538864,1.07723365198
C[C>A]G,0.810720167028,0.184254583415,0.257956416782,0.644165165831,0.368761218121,0.188860948001,0.442211000197
C[C>A]T,4.39018160262,0.99776854605,1.39687596447,4.02808710853,2.30593392445,1.0227127597,2.39464451052
G[C>A]A,3.35316858161,0.762083768548,1.06691727597,1.09813447847,0.628642201441,0.781135862761,1.82900104451
G[C>A]C,3.15106800387,0.716151819062,1.00261254669,0.787599594638,0.450872231713,0.734055614539,1.71876436575
G[C>A]G,0.738557374493,0.167853948748,0.234995528248,0.34556420355,0.19782298609,0.172050297467,0.402849476996
G[C>A]T,2.77720742413,0.631183505483,0.883656907676,1.31780330687,0.754394646685,0.64696309312,1.51484041316
T[C>A]A,1.50370989764,0.341752249464,0.47845314925,2.54239041444,1.45542639667,0.350296055701,0.820205398714
T[C>A]C,1.61846814498,0.367833669313,0.514967137038,1.43108238928,0.81924281705,0.377029511046,0.882800806351
T[C>A]G,0.563076501888,0.127971932247,0.179160705146,0.300498931285,0.172024750518,0.131171230553,0.307132637393
T[C>A]T,2.32121191082,0.52754816155,0.73856742617,2.22089482518,1.27138182021,0.540736865589,1.26611558772
A[C>G]A,0.56450668682,0.128296974277,0.179615763988,0.280333355353,0.160480688934,0.131504398634,0.307912738265
A[C>G]C,0.343273822944,0.0780167779419,0.109223489119,0.194619301985,0.111412498963,0.0799671973905,0.187240267061
A[C>G]G,0.0631260532882,0.0143468302928,0.0200855624099,0.0252639794069,0.0144627128489,0.0147055010501,0.0344323927027
A[C>G]T,0.448858605286,0.102013319383,0.142818647136,0.298254940993,0.17074014738,0.104563652368,0.24483196652
C[C>G]A,0.296734153922,0.0674395804369,0.0944154126117,0.283767781642,0.162446773548,0.0691255699478,0.161854993049
C[C>G]C,0.205949528586,0.0468067110422,0.0655293954591,0.161022396963,0.0921794881168,0.0479768788183,0.112336106501
C[C>G]G,0.10262971234,0.0233249346227,0.0326549084718,0.0522509828431,0.0299117945261,0.0239080579883,0.0559798430946
C[C>G]T,0.265502807469,0.060341547152,0.0844781660128,0.363480488749,0.208079410226,0.0618500858308,0.144819713165
G[C>G]A,0.206828979967,0.0470065863562,0.0658092208987,0.160015499961,0.0916030760646,0.0481817510151,0.112815807255
G[C>G]C,0.274553993689,0.0623986349293,0.087358088901,0.2186304327,0.125158001328,0.0639586008025,0.14975672383
G[C>G]G,0.0244530792888,0.00555751802017,0.00778052522824,0.0280939844113,0.0160827881775,0.00569645597068,0.0133380432484
G[C>G]T,0.384622923231,0.0874143007344,0.122380021028,0.209381754608,0.119863468217,0.0895996582528,0.209794321763
T[C>G]A,0.370432502138,0.0841892050313,0.117864887044,10.2660787022,5.87695809763,0.086293935157,0.202054092075
T[C>G]C,0.293452149306,0.0666936702967,0.0933711384154,2.42215540584,1.38659621059,0.0683610120541,0.160064808712
T[C>G]G,0.0237852643247,0.00540574189198,0.00756803864878,0.363444015952,0.208058530871,0.00554088543928,0.0129737805408
T[C>G]T,0.71773454171,0.163121486752,0.228370081453,12.2741926714,7.02653058726,0.167199523921,0.391491568206
A[C>T]A,2.20645864582,0.501467874051,0.702055023671,1.72785630431,0.989135130729,0.514004570902,1.20352289772
A[C>T]C,3.30640865459,0.751456512407,1.05203911737,1.60523141091,0.918936822185,0.770242925217,1.80349562978
A[C>T]G,4.75030682514,1.07961518753,1.51146126254,2.6391157373,1.51079813947,1.10660556722,2.59107645008
A[C>T]T,2.14853737532,0.488303948937,0.683625528512,1.12279919397,0.642761857418,0.50051154766,1.17192947745
C[C>T]A,3.13409171509,0.712293571612,0.997211000257,1.8553922599,1.06214484444,0.730100910902,1.70950457187
C[C>T]C,5.20469572148,1.18288539125,1.65603954774,2.48477674095,1.42244465605,1.21245752603,2.83892493899
C[C>T]G,3.61597216914,0.821811856622,1.15053659927,2.80562379523,1.60611796973,0.842357153037,1.97234845589
C[C>T]T,4.30036279508,0.977355180701,1.36829725298,2.18223634731,1.2492512423,1.00178906022,2.34565243368
G[C>T]A,3.39830229548,0.772341430792,1.08127800311,3.08337643945,1.76512129505,0.791649966562,1.8536194339
G[C>T]C,5.77081271693,1.31154834476,1.83616768266,4.50044823688,2.57634355589,1.34433705338,3.14771602742
G[C>T]G,3.59312130654,0.816618478758,1.14326587026,2.35785630215,1.3497873034,0.837033940727,1.95988434902
G[C>T]T,4.33277513304,0.984721621145,1.3786102696,3.35043043607,1.91800003224,1.00933966167,2.36333189075
T[C>T]A,2.82695433871,0.642489622434,0.899485471408,8.37391502266,4.79376294775,0.658551862995,1.54197509384
T[C>T]C,3.49132111231,0.79348207098,1.11087489937,3.90024734226,2.23275029014,0.813319122755,1.90435697035
T[C>T]G,2.89301040991,0.657502365889,0.920503312245,2.62167597568,1.50081450781,0.673939925036,1.57800567813
T[C>T]T,2.52242548145,0.573278518511,0.802589925915,3.778280479,2.16292868001,0.587610481473,1.37586844443
A[T>A]A,1.0953909777,0.248952494932,0.348533492905,0.350779020876,0.200808280067,0.255176307306,0.597485987837
A[T>A]C,1.13529356948,0.258021265791,0.361229772108,0.726186254611,0.415715319669,0.264471797436,0.6192510379
A[T>A]G,0.543349400642,0.123488500146,0.172883900204,0.19282370313,0.110384583676,0.126575712649,0.29637240035
A[T>A]T,0.878294242273,0.199612327789,0.279457258905,0.596699049999,0.341588586594,0.204602635984,0.479069586695
C[T>A]A,1.84484410743,0.41928275169,0.586995852366,0.0941978208785,0.0539248394884,0.429764820482,1.00627860406
C[T>A]C,0.826190020071,0.187770459107,0.26287864275,0.423623037609,0.24250884037,0.192464720585,0.450649101857
C[T>A]G,1.06144030054,0.241236431941,0.337731004718,0.236768098696,0.135541157949,0.24726734274,0.57896743666
C[T>A]T,0.999044116934,0.227055481121,0.31787767357,0.342703135626,0.196185128366,0.232731868149,0.544933154691
G[T>A]A,0.8513266952,0.193483339818,0.270876675745,0.0662029020733,0.0378987627811,0.198320423314,0.464360015564
G[T>A]C,0.528056401398,0.1200128185,0.1680179459,0.456951011853,0.26158789809,0.123013138962,0.288030764399
G[T>A]G,0.386678750967,0.0878815343108,0.123034148035,0.156943231397,0.089844313626,0.0900785726685,0.210915682346
G[T>A]T,0.412498814651,0.0937497306026,0.131249622844,0.254494068169,0.145688633227,0.0960934738677,0.224999353446
T[T>A]A,0.562496131199,0.127840029818,0.178976041745,0.268257659786,0.153567790747,0.131036030563,0.306816071563
T[T>A]C,0.642964605414,0.146128319412,0.204579647177,0.351533287576,0.201240070424,0.149781527398,0.35070796659
T[T>A]G,0.357148261515,0.0811700594351,0.113638083209,0.151985511448,0.0870061985827,0.083199310921,0.194808142644
T[T>A]T,0.500692489326,0.113793747574,0.159311246604,0.311617845023,0.178389925774,0.116638591263,0.273104994178
A[T>C]A,4.23694943139,0.962943052588,1.34812027362,1.90394964033,1.08994218541,0.987016628903,2.31106332621
A[T>C]C,2.44964687577,0.55673792631,0.779433096835,1.43716994779,0.822727723736,0.570656374468,1.33617102315
A[T>C]G,4.72554891504,1.07398838978,1.5035837457,2.9727073687,1.70176726179,1.10083809953,2.57757213548
A[T>C]T,3.01617089971,0.685493386297,0.959690740815,1.18167310154,0.676465036389,0.702630720954,1.64518412711
C[T>C]A,2.77791492775,0.631344301762,0.883882022467,1.39553176526,0.798891372867,0.647127909306,1.51522632423
C[T>C]C,2.49131864986,0.56620878406,0.792692297684,1.47586928874,0.844881694279,0.580364003661,1.35890108174
C[T>C]G,4.78894720919,1.088397093,1.5237559302,3.55642583126,2.03592493239,1.11560702032,2.61215302319
C[T>C]T,2.94977214133,0.670402759394,0.938563863151,1.59778486062,0.914673941951,0.687162828378,1.60896662254
G[T>C]A,6.53274789606,1.48471543092,2.07860160329,3.32508498869,1.90349068193,1.52183331669,3.56331703421
G[T>C]C,3.07130128312,0.698023018892,0.977232226448,1.92717122359,1.10323570046,0.715473594364,1.67525524534
G[T>C]G,3.60309990801,0.81888634273,1.14644087982,2.91037042475,1.66608161997,0.839358501298,1.96532722255
G[T>C]T,4.2355406807,0.962622881976,1.34767203477,2.37962498694,1.36224908673,0.986688454026,2.31029491674
T[T>C]A,2.47697132978,0.562948029495,0.788127241292,1.52443721063,0.872685069853,0.577021730232,1.35107527079
T[T>C]C,2.93147534537,0.666244396676,0.932742155347,1.53302673301,0.877602260199,0.682900506593,1.59898655202
T[T>C]G,1.85029558307,0.420521723425,0.588730412796,1.6285373914,0.932278651596,0.431034766511,1.00925213622
T[T>C]T,1.9274806556,0.438063785365,0.61328929951,1.23410150508,0.706478397838,0.449015379999,1.05135308488
A[T>G]A,0.101234944697,0.0230079419766,0.0322111187672,0.139587392107,0.0799087244672,0.023583140526,0.0552190607438
A[T>G]C,0.213546859079,0.0485333770634,0.0679467278888,0.130462881079,0.0746852725019,0.04974671149,0.116480104952
A[T>G]G,0.362541328093,0.0823957563849,0.115354058939,0.1335164402,0.0764333244626,0.0844556502945,0.197749815324
A[T>G]T,0.999143715043,0.227078117055,0.317909363877,0.30012226616,0.171809123381,0.232755069982,0.544987480932
C[T>G]A,0.13320946877,0.030274879266,0.0423848309723,0.0846740395631,0.0484728197499,0.0310317512476,0.0726597102383
C[T>G]C,0.827379688879,0.188040838382,0.263257173734,0.483817296439,0.276967872599,0.192741859341,0.451298012116
C[T>G]G,0.984001280576,0.223636654676,0.313091316547,0.698350841271,0.399780554061,0.229227571043,0.536727971224
C[T>G]T,4.34256941071,0.986947593343,1.38172663068,1.41745574112,0.811442054701,1.01162128318,2.36867422402
G[T>G]A,0.0307308537991,0.00698428495433,0.00977799893607,0.0320875037889,0.0183689333285,0.00715889207819,0.0167622838904
G[T>G]C,0.319627975251,0.072642721648,0.101699810307,0.172147458076,0.0985481825216,0.0744587896892,0.174342531955
G[T>G]G,0.41959523787,0.0953625540613,0.133507575686,0.245195201059,0.140365368722,0.0977466179128,0.228870129747
G[T>G]T,1.74772961598,0.397211276358,0.556095786902,0.65211410892,0.373311700034,0.407141558267,0.95330706326
T[T>G]A,0.122374846896,0.0278124652036,0.038937451285,0.201854499305,0.115554387283,0.0285077768336,0.0667499164885
T[T>G]C,0.488219456689,0.110958967429,0.155342554401,0.177809174095,0.101789309808,0.113732941615,0.26630152183
T[T>G]G,0.3423247088,0.0778010701819,0.108921498255,0.113422170952,0.064930083371,0.0797460969364,0.186722568437
T[T>G]T,2.30079985346,0.522909057604,0.732072680646,0.536071705876,0.306881628726,0.535981784044,1.25498173825
