,1,3,2,5,4,7,6
A[C>A]A,2.48397474413,2.49800849974,1.6138818959,0.757822803293,0.64555275836,0.335833157242,2.41380596604
A[C>A]C,1.9054497041,1.91621495666,1.23800404503,0.581323638538,0.495201618014,0.266277041374,1.85162344127
A[C>A]G,0.656656821416,0.660366746961,0.426641437643,0.200335979415,0.170656575057,0.0776185597536,0.638107193692
A[C>A]T,1.71595294528,1.72564759469,1.11488468196,0.523511068053,0.445953872786,0.277655465084,1.66747969824
C[C>A]A,3.37463630414,3.39370204597,2.1925603106,1.02955005889,0.87702412424,0.452980364189,3.27930759499
C[C>A]C,3.23124593621,3.24950156297,2.0993970772,0.985803844945,0.839758830879,0.420604307928,3.13996780242
C[C>A]G,0.674487435976,0.678298099456,0.43822630021,0.205775827925,0.175290520084,0.128866806388,0.655434118575
C[C>A]T,4.06058374505,4.08352489615,2.63823237673,1.23882215951,1.05529295069,0.75523955266,3.94587798954
G[C>A]A,2.76698617208,2.78261886231,1.79775937734,0.844165272837,0.719103750935,0.399520390141,2.68882272089
G[C>A]C,2.11013155841,2.12205320563,1.3709894306,0.643768950023,0.548395772242,0.412292411659,2.0505233223
G[C>A]G,0.821453737403,0.82609471897,0.533712880233,0.250613004631,0.213485152093,0.146352790484,0.798248829566
G[C>A]T,2.54693394795,2.56132340529,1.6547875933,0.777030695986,0.661915037321,0.429885526522,2.47498666129
T[C>A]A,2.42616988126,2.43987705573,1.57632506409,0.740187421401,0.630530025638,0.407683887126,2.35763400891
T[C>A]C,2.84806994887,2.86416073954,1.85044092723,0.868902696264,0.740176370891,0.430896607991,2.76761599551
T[C>A]G,0.54836599029,0.551464103229,0.356282988042,0.167298098733,0.142513195217,0.0964775726099,0.532875425593
T[C>A]T,3.75614558611,3.77736674762,2.4404335729,1.14594272119,0.976173429159,0.591562259832,3.6500397786
A[C>G]A,1.03799492439,1.04385930249,0.674403481946,0.316676417609,0.269761392778,0.106767751897,1.00867303387
A[C>G]C,0.486348726604,0.489096459522,0.315989285646,0.148377577608,0.126395714259,0.0856313007287,0.47261006201
A[C>G]G,0.15494827866,0.155823692664,0.100672610429,0.0472723562013,0.0402690441715,0.0152713212476,0.150571208641
A[C>G]T,0.751165831454,0.755409706208,0.488045596707,0.229169236715,0.195218238683,0.103106936151,0.729946457684
C[C>G]A,0.877110194353,0.88206561918,0.569873855088,0.26759294065,0.227949542035,0.0899076527053,0.852333070219
C[C>G]C,0.735622250785,0.739778308699,0.477946660115,0.224427127358,0.191178664046,0.0824051385918,0.714841961215
C[C>G]G,0.287812959498,0.289439021416,0.186997120578,0.0878073435757,0.0747988482311,0.0219487537834,0.279682649908
C[C>G]T,0.665396780456,0.669156084301,0.432319942104,0.203002407597,0.172927976842,0.0922233862583,0.646600261234
G[C>G]A,0.587513346418,0.590832630861,0.38171771095,0.179241359924,0.15268708438,0.0556783631376,0.570916924203
G[C>G]C,0.565250418127,0.568443923315,0.367253096524,0.172449280107,0.146901238609,0.0786575676128,0.549282892192
G[C>G]G,0.217401181913,0.218629437178,0.14124935548,0.0663257843125,0.0564997421921,0.0187294324072,0.211259905588
G[C>G]T,0.528853603088,0.531841476552,0.343605448334,0.161345167044,0.137442179334,0.0668096951643,0.513914235769
T[C>G]A,1.41798689492,1.42599812032,0.92129092043,0.432606171332,0.368516368172,0.265986841869,1.37793076795
T[C>G]C,0.928014581674,0.93325760191,0.602947327077,0.283123092714,0.241178930831,0.0894210303124,0.901799480497
T[C>G]G,0.223327261804,0.224588997747,0.145099633376,0.0681337408894,0.0580398533502,0.0202071815104,0.217018582092
T[C>G]T,1.99845196585,2.00974265492,1.29842924335,0.60969720992,0.519371697339,0.473207481159,1.94199852049
A[C>T]A,2.94309133638,2.95971897105,1.91217798692,0.897892272117,0.764871194766,0.729754533241,2.85995316304
A[C>T]C,2.06140631084,2.07305267418,1.33933178388,0.628903620258,0.535732713553,0.721190131177,2.00317449415
A[C>T]G,3.47419286046,3.49382106871,2.25724394889,1.05992324556,0.902897579554,2.11882217624,3.3760518192
A[C>T]T,1.66359892614,1.67299779013,1.08086935879,0.507538655432,0.432347743516,0.573013257301,1.61660460619
C[C>T]A,2.70487614641,2.72015793255,1.75740540586,0.825216451447,0.702962162344,0.641734311944,2.62846721572
C[C>T]C,2.24988754699,2.26259877607,1.46179134409,0.686406370268,0.584716537635,0.832387354235,2.18633140159
C[C>T]G,2.97012013835,2.98690047811,1.92973907294,0.906138347293,0.771895629175,1.41431136618,2.88621843953
C[C>T]T,3.05774389382,3.07501928305,1.98666976152,0.932871018455,0.79466790461,0.703415657145,2.97136694767
G[C>T]A,3.38742898156,3.40656699841,2.20087193717,1.03345290963,0.88034877487,0.84420547713,3.29173889734
G[C>T]C,5.04660356789,5.07511545245,3.2788667249,1.53964176647,1.31154668996,1.20573875319,4.90404414507
G[C>T]G,5.84255462139,5.87556340456,3.79601006475,1.78247429127,1.5184040259,1.76678441014,5.67751070553
G[C>T]T,3.88243821985,3.90437289906,2.52248810894,1.18447267724,1.00899524358,0.84622385866,3.77276482381
T[C>T]A,2.00548337185,2.01681378638,1.30299767098,0.611842384632,0.521199068391,2.62085006207,1.9488312992
T[C>T]C,1.84588595793,1.85631469216,1.19930443594,0.563151648182,0.479721774377,1.34977925499,1.7937422868
T[C>T]G,1.80926945814,1.81949131949,1.17551405472,0.551980512653,0.47020562189,1.26646039876,1.75816015141
T[C>T]T,1.81015506777,1.82038193256,1.17608945081,0.552250698643,0.470435780325,1.84382364187,1.75902074382
A[T>A]A,1.78600219059,1.79609259845,1.16039690349,0.544882024248,0.464158761396,0.114446876074,1.73555015131
A[T>A]C,1.21380984261,1.22066752534,0.78863351356,0.370314867237,0.315453405424,0.143503109673,1.17952142898
A[T>A]G,1.4775168145,1.48586436712,0.959968551791,0.45076784171,0.383987420716,0.109359103525,1.43577905137
A[T>A]T,1.64698462407,1.65628962195,1.07007475575,0.50246988531,0.428029902301,0.2313537746,1.60045963469
C[T>A]A,2.11651866713,2.12847639971,1.375139247,0.645717559462,0.550055698801,0.0911956025118,2.05673000421
C[T>A]C,1.97577977756,1.98694237517,1.28369872553,0.60278027112,0.513479490213,0.274027183811,1.91996678949
C[T>A]G,5.33843241829,5.36859305342,3.46847304013,1.6286742971,1.38738921605,0.214672211454,5.18762924263
C[T>A]T,3.01136278184,3.02837613089,1.95653514074,0.918720848696,0.782614056297,0.369735007246,2.92629603659
G[T>A]A,2.23936718047,2.25201897245,1.45495607771,0.683196766924,0.581982431084,0.0661653423774,2.17610822057
G[T>A]C,0.833850334959,0.838561353801,0.541767166782,0.254395017445,0.216706866713,0.108110665741,0.810295240751
G[T>A]G,2.55326530242,2.56769053011,1.65890118519,0.778962295653,0.663560474075,0.109078550761,2.48113916393
G[T>A]T,1.50360031769,1.51209523474,0.976915460645,0.458725520651,0.390766184258,0.130663259459,1.46112573244
T[T>A]A,1.76613136009,1.77610950336,1.14748647689,0.538819736975,0.458994590757,0.117684788144,1.7162406437
T[T>A]C,1.05874456211,1.0647261698,0.687884884986,0.323006815559,0.275153953994,0.152625915221,1.02883652363
T[T>A]G,1.40359965322,1.41152959477,0.911943277519,0.428216843357,0.364777311007,0.0836863874805,1.36394994551
T[T>A]T,1.62077535856,1.62993228149,1.05304613692,0.494473838205,0.421218454767,0.225003423026,1.57499074391
A[T>C]A,3.60088260721,3.62122657674,2.33955649621,1.09857435474,0.935822598483,0.476306425062,3.49916275955
A[T>C]C,1.88741411735,1.89807747395,1.22628600845,0.575821256142,0.49051440338,0.31752508149,1.83409733438
A[T>C]G,3.57972187651,3.59994629389,2.32580799886,1.0921185386,0.930323199546,0.517809709379,3.47859978961
A[T>C]T,2.35337195352,2.36666784026,1.52902697545,0.717977884125,0.61161079018,0.356370698382,2.2868925198
C[T>C]A,1.89498968663,1.90569584305,1.23120798849,0.578132446768,0.492483195395,0.3495743775,1.84145890452
C[T>C]C,2.23067375752,2.24327643411,1.44930780856,0.680544536191,0.579723123422,0.643539173829,2.16766037454
C[T>C]G,3.32541485046,3.34420250498,2.16058027007,1.01453334421,0.864232108029,0.789879599342,3.23147657785
C[T>C]T,2.57807144071,2.59263681609,1.6750181677,0.786530270048,0.670007267078,0.827876964371,2.50524456386
G[T>C]A,3.3190104235,3.33776189482,2.15641920171,1.01257945124,0.862567680683,0.454090215949,3.2252530669
G[T>C]C,2.12691769139,2.13893417552,1.3818956752,0.648890143135,0.552758270078,0.388713096324,2.06683527073
G[T>C]G,2.56667361864,2.58117459954,1.66761280307,0.783052968398,0.667045121228,0.36777743987,2.49416871416
G[T>C]T,2.38434804684,2.39781893976,1.5491526858,0.72742821768,0.61966107432,0.366129651052,2.31699358224
T[T>C]A,2.44996703369,2.46380865535,1.59178649081,0.7474475696,0.636714596326,0.273652040545,2.38075892539
T[T>C]C,1.88934745694,1.90002173636,1.22754213304,0.576411088557,0.491016853216,0.419612411382,1.83597605985
T[T>C]G,1.64728462532,1.65659131812,1.07026967182,0.502561411115,0.428107868728,0.333031736466,1.60075116133
T[T>C]T,2.24068797467,2.25334722877,1.45581422083,0.683599721086,0.582325688333,0.307823216325,2.1773917042
A[T>G]A,0.366014907496,0.36808278833,0.237806295831,0.111665564999,0.0951225183324,0.0587959944073,0.35567550333
A[T>G]C,0.161326986257,0.162238438157,0.104816968472,0.0492184025868,0.0419267873888,0.142858983268,0.156769726758
A[T>G]G,0.622086661461,0.625601275368,0.404180599255,0.189789150954,0.161672239702,0.101413273877,0.604513591929
A[T>G]T,0.472726786344,0.475397559148,0.307138872484,0.144221731427,0.122855548993,0.627475876062,0.459372922323
C[T>G]A,0.10551285259,0.106108970401,0.0685535482927,0.032190361807,0.0274214193171,0.0523891016295,0.102532263533
C[T>G]C,0.617258366203,0.620745701605,0.401043571262,0.188316111723,0.160417428505,0.345339297713,0.599821689192
C[T>G]G,1.18908691384,1.195804919,0.772570593736,0.362772278798,0.309028237495,0.273003075538,1.15549688802
C[T>G]T,2.71792266312,2.73327815839,1.76588195627,0.829196744681,0.706352782506,2.17002039199,2.64114518676
G[T>G]A,0.269790685539,0.2713149267,0.175287733542,0.0823090227069,0.070115093417,0.00962923519164,0.262169479733
G[T>G]C,0.155633605333,0.156512891239,0.101117879171,0.0474814389151,0.0404471516684,0.0828909158296,0.151237175804
G[T>G]G,0.769565006657,0.773912831554,0.499999863082,0.234782544404,0.199999945233,0.115266085976,0.747825882175
G[T>G]T,1.12186757758,1.12820581249,0.728897013685,0.342264684687,0.291558805474,0.605865539887,1.09017640308
T[T>G]A,0.272706615968,0.274247331313,0.177182264612,0.0831986286004,0.0708729058448,0.0685338789356,0.265003039246
T[T>G]C,0.337938497837,0.339847754887,0.219564560742,0.103099880696,0.0878258242967,0.22777875422,0.328392212588
T[T>G]G,0.75085405336,0.755096166656,0.487843029019,0.229074117974,0.195137211608,0.141624119964,0.729643486881
T[T>G]T,1.30400940898,1.31137669378,0.847237751597,0.397833379011,0.338895100639,1.47189125734,1.267172985
