,1,3,2,5,4,7,6
A[C>A]A,0.586942306221,1.98536869224,0.177447673974,0.500493439413,0.966212763556,1.46240521585,1.17621509504
A[C>A]C,0.43135419189,1.56867864553,0.13040940685,0.367821403937,0.763423607493,1.1076490674,1.03187408146
A[C>A]G,0.0902553299784,0.809871275938,0.0272864951097,0.0769619092839,0.39413735429,0.516979052083,0.343790219756
A[C>A]T,0.722349711484,1.4130540096,0.218384796495,0.61595711832,0.687686284671,1.58929275006,1.04028716969
C[C>A]A,0.653139043905,2.81343762201,0.197460641181,0.556940269997,1.36920630938,2.35885734143,1.43121400316
C[C>A]C,0.511239216176,2.94084182552,0.154560693263,0.435940416894,1.43120968842,1.43538023147,1.51215624961
C[C>A]G,0.0763430714528,0.579435978576,0.0230804634625,0.0650987430993,0.28199217624,0.609317422189,0.216088949779
C[C>A]T,1.79848844842,2.57967646725,0.543729065803,1.53359480098,1.2554425474,2.50804939899,1.92249542065
G[C>A]A,0.642829055871,2.17222612633,0.194343668054,0.548148807332,1.05715004815,2.10767948279,1.00361993416
G[C>A]C,0.569984271192,2.55363386629,0.172320826174,0.486033099466,1.2427684816,2.97494169301,1.11093253676
G[C>A]G,0.108377096587,1.09112170772,0.0327651687355,0.0924145784848,0.531012564422,1.12976266178,0.427136154277
G[C>A]T,1.20812359042,1.77520552864,0.365246666871,1.03018290656,0.863933357273,2.62317887075,1.43849585221
T[C>A]A,1.65204775616,1.89768263055,0.499456298375,1.40872289285,0.923538880199,2.03366796684,2.14358371157
T[C>A]C,0.976727897337,2.95259931509,0.295289829427,0.832868749667,1.43693166668,2.2604198709,1.7441977755
T[C>A]G,0.177727403698,0.569307168035,0.0537315406529,0.151550499278,0.277062821777,0.486692212453,0.319248862419
T[C>A]T,4.12702358183,2.2289332021,1.24770480381,3.51916739536,1.08474749169,5.38541672175,2.32543638486
A[C>G]A,0.306521862349,0.617350294613,0.092669400245,0.26137523146,0.300443810045,0.523438485203,0.491340624233
A[C>G]C,0.150726975137,0.364445971054,0.0455686203902,0.128526878024,0.177363705913,0.337641290319,0.239482408756
A[C>G]G,0.0486646670361,0.0987971884429,0.0147125737551,0.041497002899,0.0480812983756,0.0257872996308,0.0916402391159
A[C>G]T,0.276228067464,0.428226447097,0.0835108110936,0.235543313341,0.208403537587,0.361769875487,0.442749597128
C[C>G]A,0.233748224454,0.66069431437,0.0706680678583,0.199320191395,0.32153789966,0.49820047552,0.4701388021
C[C>G]C,0.181010237543,0.561856454585,0.0547240253038,0.15434981496,0.273436807898,0.527001708579,0.344437258737
C[C>G]G,0.0745152594023,0.241895042394,0.0225278691216,0.0635401436764,0.117722253965,0.0596034129849,0.15963851703
C[C>G]T,0.267822899777,0.517300718882,0.0809697138859,0.228376116089,0.251753016522,0.458337527238,0.554189579441
G[C>G]A,0.175486682145,0.373659782605,0.0530541132065,0.14963980648,0.181847760868,0.252065833907,0.291935919307
G[C>G]C,0.182899123082,0.456546528527,0.0552950837224,0.15596049255,0.222185977216,0.305971607618,0.276852978218
G[C>G]G,0.0252460880451,0.222215077799,0.00763253824618,0.0215276719764,0.108144671196,0.13718335808,0.12206762027
G[C>G]T,0.217969400166,0.402370985993,0.0658977256317,0.185865379987,0.195820546517,0.248641907741,0.336034855695
T[C>G]A,3.03276180914,0.491110653697,0.916881477183,2.58607596129,0.239007184799,1.32348438413,6.34178434984
T[C>G]C,0.623505513943,0.666150038092,0.188501667006,0.531671368479,0.324193018538,0.451520938729,1.78205606413
T[C>G]G,0.145946115062,0.114323936416,0.0441232440886,0.124450175634,0.0556376490557,0.0815678540186,0.272104767744
T[C>G]T,4.39559954287,0.613582672558,1.32890218738,3.74818565671,0.298610233978,1.87798845685,7.63985588003
A[C>T]A,1.60238720242,1.95929691273,0.484442642593,1.36637668424,0.953524497528,1.38624074275,0.921225351933
A[C>T]C,1.82772259811,2.16011495423,0.552567297102,1.55852314567,1.05125594439,1.41299434867,0.698374095717
A[C>T]G,1.9208539957,0.720623034845,0.580723301024,1.63793751571,0.350703210291,1.73242140566,1.04258154312
A[C>T]T,1.15529223666,1.60141958442,0.349274397129,0.98513291498,0.779357531087,1.30459928912,0.700338741786
C[C>T]A,3.2821250356,3.11392460697,0.992270359599,2.79871127066,1.51544330872,1.70861460488,0.861564836458
C[C>T]C,3.69552396809,3.38769756822,1.11725143221,3.15122198829,1.6486794832,1.96423514874,0.671568293199
C[C>T]G,1.76998613755,1.1121469914,0.535112088096,1.50929050489,0.541244869148,1.36952929885,0.662889101163
C[C>T]T,3.47331637419,3.48677447405,1.0500723922,2.96174264466,1.69689691071,2.49917174933,1.00688954368
G[C>T]A,1.68155028759,2.108703535,0.508375668341,1.43388009019,1.02623572037,2.06765989029,1.36007726035
G[C>T]C,2.60225899606,2.87014442832,0.786729463926,2.21898053928,1.39680362178,3.2767488244,2.62874868492
G[C>T]G,2.01498427305,1.05025090801,0.609181291854,1.71820364369,0.511122108566,3.07824214882,3.40278620036
G[C>T]T,2.12156343885,2.16453914013,0.641402900118,1.8090851029,1.0534090482,2.8122506413,1.85716683752
T[C>T]A,15.1398440051,3.57352108948,4.57716214109,12.9099445005,1.73911359688,6.57662468446,3.03427271492
T[C>T]C,8.8872801378,4.39874766947,2.68685213468,7.5783008927,2.14072386581,2.78259436654,1.08634734237
T[C>T]G,5.34769831452,0.943870503539,1.61674600207,4.56005282634,0.459350311722,3.50735579511,0.740327812392
T[C>T]T,9.28830544153,3.27829796267,2.80809234279,7.92026045402,1.59543834183,4.43245791158,1.30715527242
A[T>A]A,0.509808192512,4.50029024336,0.154128058201,0.434720164158,2.19014125177,0.361767975369,0.389554575308
A[T>A]C,0.291226851804,0.596107734741,0.0880453272897,0.248332974407,0.290105764241,0.464520130705,0.476269064535
A[T>A]G,0.3323115672,0.709815842424,0.100466287758,0.283366452651,0.34544370998,0.467325926402,0.436828487793
A[T>A]T,0.682713935394,0.589342034929,0.206401887445,0.582159169716,0.286813123665,0.562791981783,0.557827043865
C[T>A]A,0.379591306693,9.51086493744,0.114760162489,0.323682509583,4.62862093622,0.343587306728,0.347556111921
C[T>A]C,0.583162518936,1.05562478761,0.176304947585,0.497270364984,0.513737396637,0.740006556614,0.569205651512
C[T>A]G,0.822763293299,1.50918539297,0.248742390997,0.701581102813,0.734470224578,0.707017974944,0.903932683154
C[T>A]T,1.01848390268,0.923945336091,0.30791373802,0.868474645699,0.449653396898,1.34288711079,0.59666656412
G[T>A]A,0.367126482247,3.36976980257,0.110991727191,0.313053589513,1.63995463725,0.266044429549,0.260879610868
G[T>A]C,0.227676120798,0.454155708362,0.0688323155901,0.194142428587,0.221022444736,0.409760170891,0.29976455889
G[T>A]G,0.478490009835,0.61512500633,0.144659770415,0.408014737068,0.299360836414,0.340271980728,0.426862371556
G[T>A]T,0.378221997701,0.353452887318,0.114346185352,0.322514881761,0.172013738495,0.471987026568,0.381011459047
T[T>A]A,0.677963293351,1.99250822222,0.204965646827,0.57810823464,0.969687334813,0.344471167846,0.352583641733
T[T>A]C,0.284220060815,1.01919530575,0.0859269951301,0.242358191393,0.496008382131,0.541232038793,0.361926894796
T[T>A]G,0.417113366973,0.570004458712,0.126104041178,0.35567806486,0.277402169907,0.443528547259,0.314236083267
T[T>A]T,0.621857808359,0.830133800132,0.188003523457,0.530266348213,0.403998449397,0.633691225019,0.485484268539
A[T>C]A,1.29172985777,3.60865265366,0.390522980255,1.10147507252,1.75621095812,1.25259736726,1.28990428019
A[T>C]C,0.658663121931,2.10529794509,0.199130711282,0.561650724127,1.02457833328,0.730628649454,0.520331609636
A[T>C]G,0.938193414707,3.5045044721,0.283639869563,0.80000988851,1.70552550975,0.95434575643,0.899207394694
A[T>C]T,1.09332972048,2.00526249526,0.330541543401,0.932296660874,0.975894414359,1.1860074371,0.973164751937
C[T>C]A,0.607392007421,2.22390150852,0.183630141778,0.517931169119,1.08229873415,0.655910586232,0.482276323397
C[T>C]C,1.11613015339,2.6530857941,0.337434697538,0.951738890491,1.2911684198,1.55228754757,0.521447612983
C[T>C]G,1.00167836877,3.01919952293,0.302832995209,0.85414434546,1.46934376783,1.26574139874,0.789489037376
C[T>C]T,2.34303036188,2.37737990005,0.708358016382,1.99793286672,1.15699155136,2.98905127181,0.605107530092
G[T>C]A,0.5809869304,3.81000244729,0.175647211516,0.495415211969,1.85420119102,1.19243498421,0.992933241669
G[T>C]C,0.674541812949,1.86415986572,0.203931245775,0.575190693212,0.907224467984,1.31622653154,1.12251510567
G[T>C]G,0.620163335986,2.70274203057,0.187491241112,0.52882144929,1.31533445488,0.89991398581,0.703749721324
G[T>C]T,0.952846028757,2.74190959365,0.288069729624,0.812504365606,1.33439600224,1.25410396318,0.671732466437
T[T>C]A,0.694293286242,3.22629870511,0.209902621422,0.59203303478,1.57013203649,0.599011532799,0.567490306849
T[T>C]C,0.81931627358,2.30426738793,0.247700268757,0.698641783673,1.12141012879,0.954054011211,0.586299635046
T[T>C]G,0.590327310647,2.14357300886,0.178471047405,0.503379877296,1.04320553098,0.543158268847,0.391529119085
T[T>C]T,1.05493741051,2.40883613157,0.318934565968,0.899559032218,1.1723002507,0.763636564414,0.519444010388
A[T>G]A,0.667310413562,0.133727763775,0.201745008751,0.569024383658,0.0650808450371,0.100426064102,0.103421430716
A[T>G]C,0.275947043852,0.13262500281,0.0834258504669,0.235303680804,0.064544168034,0.286059982454,0.0742401726308
A[T>G]G,0.326529438349,0.204790467177,0.0987182022915,0.278435955181,0.0996646940263,0.287225489374,0.203167991273
A[T>G]T,1.04208757751,0.265158728423,0.315049732736,0.888601810281,0.129043914499,1.05416667562,0.200391701456
C[T>G]A,0.405724645603,0.0771481190141,0.122660939368,0.345966752065,0.0375454179202,0.0627349367143,0.0439138111858
C[T>G]C,0.565309681803,0.411232446327,0.170907578219,0.482047015491,0.200133123879,0.6650458468,0.17316365846
C[T>G]G,0.6530466081,0.479364231299,0.197432695472,0.556861448768,0.233290592566,0.558602460716,0.273974362162
C[T>G]T,5.04500921378,0.614689179954,1.5252353437,4.30194584121,0.299148734244,6.7709820886,0.398401214855
G[T>G]A,0.186483866287,0.000233978295946,0.0563788432961,0.159017250322,0.00011386943736,0.0301849305458,0.0300116007747
G[T>G]C,0.216155717277,0.0579184984717,0.0653494028977,0.184318828686,0.0281870025896,0.320589727312,0.0866218317292
G[T>G]G,0.329473769025,0.293727987951,0.099608348775,0.28094662475,0.142947620803,0.371774223846,0.228623512955
G[T>G]T,1.38244795877,0.30782346626,0.417949382883,1.17883159275,0.149807420247,1.85189002299,0.435921964427
T[T>G]A,0.992499135406,0.185988199007,0.300057878146,0.846317092207,0.0905142568502,0.126717932326,0.117754913275
T[T>G]C,0.460243442163,0.228340281162,0.139143366235,0.392455648356,0.111125603499,0.433492152605,0.148722214012
T[T>G]G,0.428057728327,0.269736505238,0.129412801587,0.365010466015,0.131271765883,0.308521938565,0.215364841312
T[T>G]T,2.43108677291,0.347226649321,0.734979722043,2.07301972884,0.168983636003,2.24994889454,0.443698066129
