,1,3,2,5,4,7,6
A[C>A]A,0.821764272977,0.327469973442,0.389256760884,1.13069821019,0.463400905814,1.04419670777,0.98858859907
A[C>A]C,0.583583149428,0.232555691125,0.276434123413,0.802975310867,0.329088242159,0.741545505664,0.702054916605
A[C>A]G,0.201743446415,0.0803940049624,0.095562685144,0.277586847323,0.113765101362,0.256350695069,0.242698882905
A[C>A]T,0.832985121709,0.331941439478,0.394571899757,1.1461374231,0.469728452092,1.05845477871,1.00208736446
C[C>A]A,1.44263318785,0.574883901923,0.683352562663,1.98497649155,0.813514955552,1.83312036651,1.73549857184
C[C>A]C,1.21626514617,0.484677088322,0.576125595553,1.67350768232,0.685863804229,1.5454797722,1.46317611569
C[C>A]G,0.512207983285,0.204112955745,0.242624834188,0.704767375498,0.288839088319,0.650850745678,0.61619005508
C[C>A]T,2.64527762693,1.05413318968,1.25302624434,3.63974290022,1.49169790993,3.3612926237,3.18228887451
G[C>A]A,1.39042958391,0.55408096201,0.658624539748,1.9131474726,0.784076833033,1.76678646377,1.6726972438
G[C>A]C,1.24976261756,0.49802570474,0.591992818842,1.71959818807,0.704753355765,1.58804422832,1.50347382563
G[C>A]G,0.418223914425,0.166660657628,0.198106064727,0.575450949923,0.235840553247,0.531427379983,0.503126513594
G[C>A]T,1.51394340999,0.603300757366,0.717131088945,2.08309506789,0.853727486839,1.92373260368,1.82128530526
T[C>A]A,1.75811111446,0.700600669671,0.832789475269,2.41905514245,0.991416041987,2.23399081461,2.11502088957
T[C>A]C,1.14546723616,0.456464387344,0.542589743446,1.57609401668,0.645940170769,1.45551851813,1.37800569764
T[C>A]G,0.285994699614,0.113967812628,0.135471173501,0.39351150398,0.161275206549,0.363406798757,0.344053773972
T[C>A]T,7.23054019484,2.88134308516,3.42499272387,9.94878838839,4.07737229032,9.18767889419,8.69839421936
A[C>G]A,0.20653826607,0.0823047225694,0.097833915507,0.284184230758,0.116468947032,0.262443360646,0.248467087002
A[C>G]C,0.139648262861,0.0556493077566,0.0661491771446,0.192147609801,0.0787490204102,0.177447792658,0.167997910208
A[C>G]G,0.073741774816,0.0293858200395,0.0349303143865,0.101464246551,0.041583707603,0.0937019544655,0.0887119095531
A[C>G]T,0.178133106692,0.0709853733435,0.0843788400121,0.245100440035,0.100451000014,0.226349586699,0.214295466697
C[C>G]A,0.168617500157,0.0671934399121,0.0798714474427,0.23200753781,0.0950850564794,0.214258327267,0.202848120489
C[C>G]C,0.187174833849,0.0745884676239,0.088661763402,0.257541312739,0.105549718336,0.23783869865,0.22517273245
C[C>G]G,0.0757304062872,0.0301782822047,0.035872297715,0.104200483839,0.0427051163274,0.0962288621243,0.091104248165
C[C>G]T,0.192753449385,0.0768115249429,0.0913042654981,0.265217152161,0.108695554164,0.244927315384,0.231883848884
G[C>G]A,0.15681680917,0.0624909089172,0.0742816464487,0.215770496827,0.0884305314866,0.199263464283,0.188651800505
G[C>G]C,0.251956586417,0.100403752482,0.119347856724,0.346677107626,0.142080781814,0.320155361687,0.30310566787
G[C>G]G,0.0586494169215,0.0233715721567,0.0277813027523,0.0806980698995,0.033072979467,0.0745244470656,0.0705556895296
G[C>G]T,0.133895473067,0.0533568426507,0.0634241714528,0.184232117077,0.0755049660152,0.170137856754,0.161077260832
T[C>G]A,0.966176414937,0.38501766911,0.457662512338,1.32940063108,0.544836324212,1.22769785056,1.16231749165
T[C>G]C,0.325009575924,0.129515094165,0.153951904385,0.447193627023,0.183276076649,0.412982092715,0.390988963517
T[C>G]G,0.0691067428939,0.0275387772434,0.0327347729497,0.0950867214254,0.0389699677973,0.0878123274366,0.0831359313009
T[C>G]T,1.13425383191,0.451995887904,0.537278130904,1.56066504691,0.639616822505,1.44126990671,1.36451588801
A[C>T]A,2.86021156088,1.13978355434,1.35483705515,3.93547906497,1.61290125613,3.63440416382,3.44085601309
A[C>T]C,5.55440442361,2.21340928159,2.63103367434,7.64252638737,3.13218294564,7.05785223752,6.68199028404
A[C>T]G,3.58095548684,1.42699729927,1.69624207271,4.92717935407,2.01933580085,4.55023667124,4.30791637514
A[C>T]T,2.75201583408,1.09666796396,1.30358644772,3.7866082529,1.55188862824,3.49692237563,3.31069574024
C[C>T]A,4.36669212832,1.740110397,2.06843311342,6.0083057104,2.46242037311,5.54865390742,5.25316346264
C[C>T]C,10.9077580597,4.34670058018,5.16683276512,15.0084189844,6.15099138705,13.8602339255,13.122114959
C[C>T]G,3.69630523439,1.47296374002,1.75088142681,5.08589366837,2.08438265097,4.69680890685,4.44668298874
C[C>T]T,9.13219687311,3.63914612237,4.32577746621,12.5653535923,5.14973507882,11.6040697109,10.9861015015
G[C>T]A,5.31685873727,2.11874821861,2.51851203345,7.31567781144,2.99822861125,6.75600847067,6.39622103732
G[C>T]C,11.5940372034,4.62018023895,5.4919123595,15.9526978062,6.53799090417,14.7322728374,13.9477139289
G[C>T]G,5.2151633756,2.0782229993,2.47034054634,7.17575111078,2.94088160278,6.62678654493,6.2738807526
G[C>T]T,7.77491703432,3.09827520916,3.68285543731,10.697818175,4.38435171108,9.87940585564,9.35328365031
T[C>T]A,2.66716996007,1.06285720213,1.26339629687,3.66986543378,1.50404321056,3.38911070114,3.20862551587
T[C>T]C,4.16431998734,1.65946585962,1.97257262558,5.72985381717,2.34830074474,5.29150434482,5.00970825545
T[C>T]G,5.4981926135,2.19100908658,2.60440702745,7.56518231783,3.10048455649,6.98642520062,6.61436705384
T[C>T]T,2.96383135594,1.18107565312,1.40392011597,4.07805367021,1.6713334714,3.76607142221,3.56551140565
A[T>A]A,0.242681153728,0.0967075274253,0.114954230713,0.333914670166,0.136850274658,0.308369285564,0.291947252605
A[T>A]C,0.244948031703,0.0976108697765,0.116028015017,0.337033757907,0.138128589306,0.31124975457,0.294674323853
A[T>A]G,0.270230912765,0.107686002831,0.128004116573,0.371821481474,0.152385853063,0.343376122235,0.325089819868
A[T>A]T,0.487719376768,0.194354338111,0.231024967943,0.671072525929,0.275029723741,0.619733644164,0.586730077315
C[T>A]A,0.217713812666,0.0867581358745,0.103127595473,0.299561110661,0.122770946992,0.276643867223,0.261911353583
C[T>A]C,0.336282570039,0.13400733994,0.159291743703,0.46270458885,0.189633028217,0.427306423583,0.404550460197
C[T>A]G,0.341335515097,0.13602091955,0.161685243993,0.469657137314,0.192482433325,0.433727083093,0.410629191094
C[T>A]T,0.331958631106,0.132284266531,0.157243562103,0.456755108965,0.187194716789,0.421812095164,0.399348729149
G[T>A]A,0.136157408606,0.0542582154594,0.0644956146027,0.187344404322,0.0767804935747,0.173012045522,0.163798386293
G[T>A]C,0.232268592842,0.0925581610575,0.110021965031,0.319587612708,0.130978529798,0.295138287146,0.27942086357
G[T>A]G,0.159450657655,0.0635404876369,0.0755292588891,0.219394513916,0.0899157843918,0.202610234163,0.191820340036
G[T>A]T,0.306541959342,0.122155818385,0.145204086004,0.421783297441,0.172862007148,0.389515722773,0.368772281916
T[T>A]A,0.247276913476,0.0985389204077,0.117131169541,0.340238159144,0.139441868501,0.314209010357,0.297475986136
T[T>A]C,0.281893400097,0.112333460189,0.133528452677,0.387868362539,0.158962443663,0.358195373055,0.339119879815
T[T>A]G,0.205572682303,0.0819199410683,0.0973765337227,0.282855645575,0.115924444908,0.261216415859,0.24730548247
T[T>A]T,0.325292119857,0.12962768686,0.154085740985,0.447582390481,0.183435405935,0.413341114706,0.391328865994
A[T>C]A,0.492115231119,0.196106069543,0.23310721474,0.677120957103,0.277508588977,0.625319353827,0.59201832315
A[T>C]C,0.440487589731,0.175532648539,0.208652016188,0.606084427975,0.248395257367,0.559717313267,0.529909882383
A[T>C]G,0.849430644966,0.338494918671,0.402361884457,1.1687654739,0.479002243402,1.0793517218,1.02187145259
A[T>C]T,0.413775540069,0.16488799717,0.195998940033,0.569330254381,0.233332071468,0.525774934374,0.497775085798
C[T>C]A,0.222628577306,0.088716651107,0.105455641882,0.306323531181,0.125542430812,0.282888944096,0.267823852398
C[T>C]C,0.285273839894,0.11368055274,0.135129713634,0.392519644365,0.160868706707,0.362490819113,0.343186574308
C[T>C]G,0.785579661854,0.313050541942,0.372116681931,1.0809103618,0.442996049918,0.998217765815,0.945058239825
C[T>C]T,0.238213730691,0.0949272761402,0.112838082959,0.327767764786,0.134331051142,0.302692635239,0.286572909102
G[T>C]A,0.520704362933,0.207498731093,0.246649435073,0.716457882832,0.293630279849,0.66164689726,0.626411263678
G[T>C]C,0.572417512377,0.228106226737,0.271145137442,0.787612065902,0.322791830288,0.727357590915,0.68862257128
G[T>C]G,0.57652349436,0.229742445121,0.273090076276,0.793261650135,0.325107233662,0.732574966518,0.693562098478
G[T>C]T,0.634060018515,0.252670533694,0.300344219296,0.872428446528,0.35755264202,0.805685286684,0.762778969642
T[T>C]A,0.264547108714,0.105421028284,0.125311788338,0.364000908982,0.149180700403,0.336153844907,0.318252160859
T[T>C]C,0.499589607749,0.199084580532,0.236647708934,0.68740524976,0.281723463016,0.634816869997,0.601010054435
T[T>C]G,0.503050818855,0.200463860145,0.238287229984,0.692167668049,0.28367527379,0.639214950274,0.605173917419
T[T>C]T,0.35991255706,0.143423800934,0.170484895449,0.495218029639,0.202958208868,0.457332497317,0.432977512253
A[T>G]A,0.100511311012,0.0400533795762,0.0476106210057,0.138297518159,0.0566793107211,0.127717380158,0.120915862872
A[T>G]C,0.173522379785,0.0691480160045,0.082194811477,0.238756357148,0.0978509660441,0.220490843486,0.208748727561
A[T>G]G,0.195934884224,0.0780793147659,0.0928112609482,0.269594615135,0.110489596367,0.24896989048,0.235711138916
A[T>G]T,0.488326723374,0.19459636345,0.23131265844,0.671908198327,0.275372212429,0.62050538534,0.587460719849
C[T>G]A,0.118310101829,0.0471461308039,0.056041627182,0.162787583719,0.0667162228358,0.15033388879,0.14232794205
C[T>G]C,0.260087563998,0.10364391648,0.12319937242,0.357864843696,0.146665919548,0.330487205381,0.312887295035
C[T>G]G,0.364645648396,0.145309920038,0.172726886082,0.50173047862,0.205627245336,0.463346726158,0.438671456717
C[T>G]T,0.759873934791,0.302806906345,0.359940284901,1.04554082757,0.428500339168,0.965554097592,0.914134056892
G[T>G]A,0.052557566088,0.0209439925012,0.0248956891996,0.0723160495797,0.0296377252376,0.066783674202,0.0632271471735
G[T>G]C,0.115398529277,0.0459858800879,0.0546624612365,0.15878143502,0.0650743586149,0.146634221412,0.138825298379
G[T>G]G,0.2115772981,0.0843127578896,0.100220825416,0.291117635732,0.119310506448,0.268846341195,0.254529080421
G[T>G]T,0.284243064116,0.113269792467,0.134641451423,0.391101358896,0.160287442171,0.361181036358,0.341946543297
T[T>G]A,0.233204498498,0.0929311159428,0.110465288762,0.320875362595,0.131506296145,0.296327520648,0.28054676511
T[T>G]C,0.312653880893,0.124591396145,0.148099206739,0.430192933861,0.176308579451,0.39728199903,0.376124969496
T[T>G]G,0.241462531114,0.0962219108949,0.114376988422,0.33223791875,0.136163081455,0.306820810212,0.290481240437
T[T>G]T,1.44989102495,0.577776122723,0.686790485501,1.99496283884,0.817607720835,1.84234273095,1.74422980445
