,1,3,2,5,4,7,6
A[C>A]A,1.28992577152,1.03936465044,0.807363612392,0.894052220645,1.31776589609,1.49381185706,0.544257033193
A[C>A]C,0.933756191228,0.752379089334,0.584437328322,0.698905745904,0.953909202549,1.08825463351,0.396495874225
A[C>A]G,0.480362412122,0.387054605451,0.300658488163,0.165020454463,0.490729946197,0.771366786334,0.281040612075
A[C>A]T,1.08717689038,0.875998645482,0.680463233544,0.499597863144,1.11064113981,1.54268395433,0.562063146152
C[C>A]A,2.52781833179,2.03680326015,1.58215967529,0.938432305617,2.58237556197,3.07577517134,1.12063126398
C[C>A]C,2.52421614999,2.03390078273,1.5799050723,0.989075203083,2.57869563524,1.74953855133,0.637428774514
C[C>A]G,1.04951190754,0.845649882332,0.656888747883,0.340368597257,1.07216324367,0.928758257718,0.338384791572
C[C>A]T,5.38511416456,4.33908479447,3.37053908142,1.8173611083,5.50133965013,2.77783611062,1.01207982325
G[C>A]A,1.68607593376,1.35856478116,1.05531371393,0.861903379112,1.72246606182,2.67095417317,0.973138342164
G[C>A]C,2.77873189016,2.23897821365,1.73920629096,0.863955587645,2.83870452088,4.46615094977,1.62720228402
G[C>A]G,1.14117967414,0.919511679879,0.714263537049,0.20828606431,1.16580945127,1.76660287085,0.64364600721
G[C>A]T,2.17206013753,1.75014917556,1.35949087745,0.783371500727,2.2189391333,3.62002897699,1.31892528619
T[C>A]A,1.56670092153,1.26237772095,0.980596979665,1.24887395516,1.60051461049,1.75313549698,0.638739289596
T[C>A]C,1.93433493001,1.55860080691,1.21069884108,0.867174710363,1.97608316591,2.92993783714,1.06749673136
T[C>A]G,0.43922827156,0.353910549747,0.274912659178,0.223971919966,0.448708018429,0.656104518798,0.23904583243
T[C>A]T,3.60002691577,2.90074111199,2.25325425664,1.90160540004,3.67772533842,2.71515098018,0.989241054794
A[C>G]A,0.738771899359,0.595269444088,0.462396800318,0.288325858274,0.754716616612,0.635817421897,0.231654409528
A[C>G]C,0.523130092373,0.421514894574,0.327426748464,0.176036367151,0.534420669906,0.411450279596,0.149908241403
A[C>G]G,0.106371590078,0.085709482653,0.0665779017036,0.0202830228774,0.108667379792,0.0412116584386,0.0150151003613
A[C>G]T,0.594134985899,0.478727470652,0.371868660239,0.308710221422,0.606958043148,0.351829271962,0.128185858777
C[C>G]A,0.571494316457,0.460484629088,0.357697881524,0.206312355372,0.583828726165,0.650686412909,0.237071793851
C[C>G]C,0.62674955723,0.50500683748,0.392282096971,0.13529227966,0.640276526091,0.702805827048,0.256061037762
C[C>G]G,0.125456774439,0.101087472929,0.0785233048646,0.0611679762026,0.128164474607,0.100720221633,0.0366965148586
C[C>G]T,0.649858966792,0.523627368926,0.406746259791,0.252207708811,0.663884699889,0.561177554116,0.204460039096
G[C>G]A,0.419116412738,0.337705310983,0.26232466121,0.102144678125,0.428162090711,0.348539790834,0.126987365653
G[C>G]C,0.523341241165,0.421685028852,0.32755890634,0.20353658347,0.534636375866,0.435940811398,0.158831148339
G[C>G]G,0.152121399116,0.122572638136,0.0952126742666,0.00575451699602,0.15540459478,0.223661894529,0.0814892173865
G[C>G]T,0.428166347185,0.344997344494,0.26798900867,0.217578802913,0.437407347484,0.264213933175,0.096263991157
T[C>G]A,0.448220750174,0.36115628791,0.280541045073,2.85534923653,0.457894579315,0.63881578073,0.23274683484
T[C>G]C,0.530310439414,0.427300497945,0.331920922511,0.801420459582,0.541755988466,0.490944680172,0.178871317582
T[C>G]G,0.0814367289605,0.0656180837667,0.0509711900688,0.104889952912,0.0831943562042,0.0880629226478,0.0320849408097
T[C>G]T,0.694341684457,0.559469558699,0.434587960775,3.52536942784,0.709327476208,0.829231211882,0.302122999678
A[C>T]A,2.76067823928,2.22443138705,1.72790652387,1.61863378591,2.82026122286,1.67084236811,0.608756521714
A[C>T]C,2.20196730217,1.77424703484,1.37820975028,1.21840457036,2.24949177631,1.89845947876,0.691686786835
A[C>T]G,2.66927160336,2.15077999695,1.6706951762,4.86156462932,2.72688178185,2.58207612742,0.940756418516
A[C>T]T,1.81214205619,1.46014323952,1.13421840927,0.97314390504,1.85125303582,1.31345500052,0.478545620345
C[C>T]A,2.09941205446,1.69161259064,1.31402049452,1.44073249999,2.14472310599,1.61657129386,0.588983339625
C[C>T]C,2.48078921658,1.99890929682,1.55272418592,1.66153363473,2.53433142989,1.66646125478,0.607160302129
C[C>T]G,2.7633465383,2.22658138338,1.7295766103,3.77103790236,2.82298711107,1.72985434113,0.63025700801
C[C>T]T,2.3350673459,1.88149311324,1.46151697189,1.57266735588,2.38546448286,1.69669247231,0.618174776732
G[C>T]A,4.23836192183,3.41508298737,2.65278767769,2.40622943839,4.32983735899,3.18491109945,1.16039396647
G[C>T]C,4.93250749856,3.97439453122,3.08725289478,3.14965680614,5.03896449494,5.52018016835,2.01122843343
G[C>T]G,2.3931603211,1.92830184147,1.49787732328,4.72624775968,2.44481126329,6.84154532457,2.49265604849
G[C>T]T,4.18201219248,3.3696788889,2.61751842263,2.19042467556,4.27227144843,3.8693487767,1.4097627326
T[C>T]A,2.0948696044,1.687952487,1.31117737829,2.19025847709,2.14008261744,3.54519261959,1.29165932652
T[C>T]C,2.1922341128,1.76640446499,1.37211775405,1.59605507701,2.23954851811,2.98695801715,1.08827152563
T[C>T]G,2.63302445873,2.12157366459,1.64800811445,2.86323639999,2.68985232474,1.57824601556,0.575019866133
T[C>T]T,1.70329514341,1.37243925225,1.06609120487,1.46496536221,1.7400569091,2.6212356732,0.955023849926
A[T>A]A,0.546067966154,0.439997210139,0.341783547161,1.11493013985,0.557853605712,0.479904348615,0.174848871201
A[T>A]C,0.553679979882,0.446130631272,0.346547901077,0.411874655623,0.565629907505,0.504036651091,0.183641260475
A[T>A]G,0.585287564817,0.471598613377,0.366331065748,0.463667876098,0.597919670532,0.588847875415,0.214541473989
A[T>A]T,0.999549412354,0.805392332256,0.625617258092,0.574600328608,1.02112242125,0.550384041718,0.200527519076
C[T>A]A,0.370926777543,0.298876252409,0.23216280321,1.94334427807,0.378932391447,0.561805776509,0.204688926325
C[T>A]C,0.784733771101,0.632303470239,0.491164302775,0.542292863959,0.801670471196,0.814097703861,0.296609240941
C[T>A]G,0.72339871519,0.582882417994,0.452774735406,1.0095301378,0.7390116371,1.39472085197,0.508154108858
C[T>A]T,0.764021424078,0.615614384869,0.478200459675,0.623255718703,0.780511095101,1.250221453,0.455507041014
G[T>A]A,0.301250695743,0.242734373548,0.188552593738,0.776052091755,0.30775250932,0.476300726489,0.173535923605
G[T>A]C,0.520780695297,0.419621855203,0.325956262524,0.238328531314,0.532020566418,0.474430942319,0.172854684411
G[T>A]G,0.352788826354,0.284261500372,0.22081027261,0.326337616309,0.360402973686,0.565758198367,0.206128955994
G[T>A]T,0.389102288455,0.313521268395,0.243538842414,0.222104760616,0.397500179572,0.420678000594,0.153270279286
T[T>A]A,0.605588334361,0.487956067975,0.379037302802,0.710103221576,0.618658586182,0.400084050975,0.145767057332
T[T>A]C,0.602262427285,0.485276200402,0.376955619955,0.34179749405,0.615260896938,0.604148688357,0.220116188781
T[T>A]G,0.635854191005,0.51234294527,0.397980680701,0.422060896788,0.649577662753,0.701409732928,0.255552383315
T[T>A]T,0.727366348191,0.586079359693,0.455258074047,0.402195277073,0.743064902468,0.377218637992,0.137436247951
A[T>C]A,2.74291616377,2.21011949887,1.71678925358,1.68038130166,2.80211579321,1.6889376546,0.615349378033
A[T>C]C,1.72396445678,1.38909366302,1.07902811324,0.716219886499,1.76117232275,0.81304911158,0.296227195692
A[T>C]G,3.8429167054,3.09645087054,2.40527880122,1.4862597904,3.92585735372,1.18013704596,0.429972412093
A[T>C]T,2.00917604883,1.61890444223,1.25754184352,1.10151197584,2.05253956068,1.29867560302,0.473160878619
C[T>C]A,1.69162885896,1.3630390806,1.05878928583,0.685183491055,1.72813883434,0.693549302149,0.252688505434
C[T>C]C,1.9872524698,1.60123940012,1.24381989117,0.829562826465,2.03014281087,1.5096621377,0.550031941642
C[T>C]G,4.45838667768,3.59236912159,2.79050101409,1.3847957874,4.55461085058,1.43419923216,0.52253770474
C[T>C]T,1.93679739875,1.56058495439,1.2122400985,1.26861330354,1.97859878145,2.66960875932,0.97264815262
G[T>C]A,1.63182605496,1.3148526486,1.02135875382,1.38466717252,1.66704532233,1.32402133066,0.482395368536
G[T>C]C,1.31750859825,1.0615896619,0.824627683794,0.806401698632,1.34594403562,2.15340256993,0.784573029354
G[T>C]G,2.17627746919,1.75354731331,1.3621305023,1.02802696835,2.22324748651,1.0428402333,0.379949542366
G[T>C]T,1.35032497032,1.08803163076,0.845167427467,1.0827842375,1.37946867472,1.17116822111,0.426704700715
T[T>C]A,1.31406624611,1.05881596809,0.82247311807,0.992674775968,1.34242738811,0.786095187797,0.286406773848
T[T>C]C,1.74112835556,1.40292356707,1.08977098513,0.751406897696,1.77870666539,1.04177151565,0.379560164618
T[T>C]G,1.80394950272,1.45354204536,1.12909069595,0.831818183265,1.84288366465,0.600570272354,0.218812424811
T[T>C]T,1.46759493997,1.18252254156,0.918566617101,0.80147188501,1.4992696509,0.728426141301,0.265395570862
A[T>G]A,0.560985087551,0.452016761192,0.351120162712,0.252310588688,0.573092679369,0.107280248822,0.039086602284
A[T>G]C,0.335413666852,0.270261371852,0.209935172778,0.188815483582,0.342652810741,0.270900689448,0.0987002511943
A[T>G]G,0.40147788272,0.32349297025,0.251284717962,0.191404366763,0.410142872995,0.278240611004,0.10137448618
A[T>G]T,1.18315500678,0.953333530646,0.740535867556,0.469557004695,1.20869072636,0.891409685843,0.324777172361
C[T>G]A,0.39578227628,0.318903704629,0.247719841988,0.129819787732,0.404324339797,0.0218526271846,0.00796180990447
C[T>G]C,0.950107801485,0.765554487527,0.594671789418,0.356690324912,0.970613725258,0.675786847331,0.246216913369
C[T>G]G,1.26132803016,1.01632186603,0.789464306646,0.392675744949,1.28855093728,0.512561801653,0.186747323083
C[T>G]T,2.8947667643,2.33247393958,1.81183243521,1.90307336276,2.95724374483,5.80728980168,2.11583426883
G[T>G]A,0.156197478337,0.125856960962,0.0977638893189,0.0418179778106,0.159568646934,0.0488164069945,0.0177858227034
G[T>G]C,0.269292199319,0.216983642617,0.168549793819,0.1266638291,0.275104261175,0.332338986173,0.1210847469
G[T>G]G,0.529783879322,0.42687621931,0.331591348928,0.177480701872,0.541218063768,0.428603682661,0.156157930892
G[T>G]T,1.10237783488,0.888246888533,0.689977493771,0.566634737907,1.12617016225,1.93127746982,0.703643729316
T[T>G]A,0.873934465395,0.704177410966,0.546994953161,0.382452761204,0.892796360332,0.112312862915,0.0409201903643
T[T>G]C,0.585550269765,0.471810289307,0.366495492586,0.264912839908,0.598188045371,0.324248729644,0.118137134056
T[T>G]G,0.518176558216,0.417523557699,0.324326334998,0.218921667887,0.52936022494,0.316925322305,0.115468915879
T[T>G]T,3.02191317484,2.43492284591,1.89141328209,1.11138500671,3.08713432249,1.53676139711,0.559905315227
