,1,3,2,5,4,7,6
A[C>A]A,2.73137809935,2.73137809935,2.59565744845,2.40904155347,0.390196871336,0.899149312209,1.8491938685
A[C>A]C,1.82101677391,1.82101677391,1.73053146837,1.60611417326,0.260145253415,0.599465149174,1.23286228792
A[C>A]G,0.66414319275,0.66414319275,0.631142288762,0.585766045779,0.0948775989642,0.218630988918,0.44963731683
A[C>A]T,2.00011671132,2.00011671132,1.90073203001,1.76407809321,0.285730958759,0.658423513663,1.35411628282
C[C>A]A,3.6329422924,3.6329422924,3.45242342073,3.20420997218,0.518991756057,1.19593752483,2.45956962653
C[C>A]C,2.78197884821,2.78197884821,2.64374387439,2.45367078538,0.397425549744,0.915806701585,1.88345151835
C[C>A]G,0.663676941148,0.663676941148,0.630699204942,0.585354817659,0.0948109915926,0.218477502366,0.449321655809
C[C>A]T,3.84704200109,3.84704200109,3.65588463458,3.39304325562,0.549577428727,1.26641755315,2.60451911875
G[C>A]A,3.8768680018,3.8768680018,3.68422859798,3.41934941773,0.553838285971,1.27623605028,2.62471187699
G[C>A]C,2.17919956243,2.17919956243,2.07091635435,1.92202694326,0.311314223204,0.717376253469,1.47535870996
G[C>A]G,0.926270786944,0.926270786944,0.880244909332,0.816959327615,0.132324398135,0.30492143918,0.627102582465
G[C>A]T,3.39501840286,3.39501840286,3.22632183625,2.99436405718,0.485002628979,1.11761475374,2.29849071995
T[C>A]A,2.86288323792,2.86288323792,2.7206281702,2.52502745208,0.408983319703,0.942439823663,1.93822529772
T[C>A]C,3.01495908338,3.01495908338,2.8651474519,2.65915645863,0.430708440482,0.992502058502,2.04118347881
T[C>A]G,0.722203049783,0.722203049783,0.686317183956,0.636974118442,0.103171864255,0.237743861109,0.488944921903
T[C>A]T,5.18010151706,5.18010151706,4.92270516839,4.56878518896,0.740014502437,1.70525080996,3.50702525068
A[C>G]A,0.684804790098,0.684804790098,0.650777222888,0.603989317974,0.0978292557283,0.225432632765,0.463625603234
A[C>G]C,0.399717418199,0.399717418199,0.379855683133,0.352545797417,0.0571024883141,0.131583994811,0.270616140271
A[C>G]G,0.162215435245,0.162215435245,0.154155040947,0.143071998788,0.0231736336065,0.0534001122236,0.109822872309
A[C>G]T,0.579842588157,0.579842588157,0.551030534087,0.511413959741,0.082834655451,0.190879858213,0.392564236703
C[C>G]A,0.587533119487,0.587533119487,0.558338927214,0.51819691284,0.0839333027839,0.193411523806,0.397770869715
C[C>G]C,0.5516060188,0.5516060188,0.524197024077,0.486509656333,0.0788008598285,0.18158459004,0.3734475531
C[C>G]G,0.310137116738,0.310137116738,0.294726576776,0.273537084328,0.0443053023911,0.102094827249,0.209968606984
C[C>G]T,0.659538547811,0.659538547811,0.626766446056,0.581704806143,0.0942197925444,0.217115174124,0.446519886406
G[C>G]A,0.40977211883,0.40977211883,0.38941077131,0.361413918471,0.0585388741185,0.134893927317,0.277423359953
G[C>G]C,0.437097505799,0.437097505799,0.415378375076,0.385514570332,0.0624425008284,0.143889241039,0.2959231561
G[C>G]G,0.197270087576,0.197270087576,0.187467847199,0.173989766682,0.0281814410823,0.0649398424939,0.133555525129
G[C>G]T,0.458322602876,0.458322602876,0.435548808944,0.404234842288,0.0654746575537,0.150876384798,0.31029294232
T[C>G]A,0.687195328109,0.687195328109,0.653048976402,0.606097742805,0.0981707611585,0.226219580061,0.465244042012
T[C>G]C,0.669353218297,0.669353218297,0.636093431052,0.590361223591,0.0956218883281,0.220346090495,0.453164601207
T[C>G]G,0.145973890347,0.145973890347,0.138720529336,0.128747157946,0.0208534129068,0.0480535166982,0.0988270437755
T[C>G]T,1.30309941646,1.30309941646,1.2383491349,1.14931749775,0.186157059495,0.428970615358,0.882222586302
A[C>T]A,1.79993177367,1.79993177367,1.71049417001,1.58751746498,0.257133110525,0.592524124253,1.21858734988
A[C>T]C,1.21274731863,1.21274731863,1.1524865823,1.06962806984,0.173249616947,0.399227378181,0.821052532486
A[C>T]G,1.98701203683,1.98701203683,1.88827851947,1.7525199331,0.283858862404,0.654109552496,1.345244174
A[C>T]T,1.26966917967,1.26966917967,1.20658002789,1.11983244418,0.181381311382,0.417965630575,0.859589693069
C[C>T]A,2.23701533625,2.23701533625,2.12585929469,1.97301973756,0.319573619464,0.736408775286,1.51450106615
C[C>T]C,1.31343256765,1.31343256765,1.24816883758,1.15843120873,0.187633223949,0.432372211709,0.889218322195
C[C>T]G,1.90597441344,1.90597441344,1.81126761029,1.68104575595,0.272282059063,0.627432570885,1.29038019295
C[C>T]T,2.01342557137,2.01342557137,1.91337958024,1.77581634245,0.287632224481,0.662804691195,1.36312662906
G[C>T]A,1.89086345468,1.89086345468,1.79690750663,1.66771807805,0.270123350669,0.62245815589,1.2801497923
G[C>T]C,2.64876177878,2.64876177878,2.51714628666,2.33617498501,0.378394539825,0.87195263525,1.79326108004
G[C>T]G,3.22177346109,3.22177346109,3.0616853388,2.84156417065,0.460253351584,1.06058381017,2.1812006662
G[C>T]T,2.06705059503,2.06705059503,1.96434000646,1.82311294717,0.295292942148,0.680457649297,1.39943176931
T[C>T]A,5.37814908198,5.37814908198,5.11091186052,4.743460681,0.768307011712,1.7704465922,3.64110714246
T[C>T]C,2.48291360609,2.48291360609,2.35953901697,2.18989895692,0.354701943727,0.817356652936,1.68097877679
T[C>T]G,2.07535732224,2.07535732224,1.97223397703,1.83043937738,0.296479617462,0.683192161978,1.40505557841
T[C>T]T,3.90784461965,3.90784461965,3.71366600501,3.44667040988,0.558263517093,1.286433322,2.64568362448
A[T>A]A,0.937065606221,0.937065606221,0.890503340073,0.82648022412,0.133866515174,0.308475013228,0.634410876261
A[T>A]C,0.915143784059,0.915143784059,0.869670801001,0.807145449295,0.130734826294,0.301258512765,0.619569394177
A[T>A]G,1.09798429272,1.09798429272,1.04342606699,0.968408506622,0.15685489896,0.361448245429,0.743355825506
A[T>A]T,0.925713068112,0.925713068112,0.879714903237,0.816467426533,0.132244724016,0.304737842298,0.626724996423
C[T>A]A,1.01064608265,1.01064608265,0.960427643765,0.891377290292,0.144378011808,0.332697157644,0.684226229872
C[T>A]C,1.6184099344,1.6184099344,1.53799204946,1.42741745767,0.2312014192,0.532768487722,1.0956936823
C[T>A]G,2.93920929865,2.93920929865,2.79316163163,2.59234608949,0.419887042664,0.967565793965,1.98989946306
C[T>A]T,2.29226840898,2.29226840898,2.17836687313,2.02175226134,0.327466915568,0.754597675006,1.55190842595
G[T>A]A,0.797557596298,0.797557596298,0.757927405178,0.703435892387,0.113936799471,0.262550016173,0.539961354016
G[T>A]C,0.686065494377,0.686065494377,0.651975283476,0.605101243488,0.0980093563396,0.225847647217,0.464479123522
G[T>A]G,1.14790236322,1.14790236322,1.09086373647,1.0124356247,0.163986051888,0.377880902177,0.777151289384
G[T>A]T,0.78561250317,0.78561250317,0.74657585705,0.692900468634,0.112230357596,0.258617780547,0.531874303388
T[T>A]A,0.893153283816,0.893153283816,0.848772996421,0.787750101254,0.127593326259,0.294019403989,0.604681415751
T[T>A]C,0.884250735377,0.884250735377,0.840312810637,0.779898164121,0.126321533625,0.291088751397,0.598654224572
T[T>A]G,0.915595111496,0.915595111496,0.870099702229,0.807543514487,0.130799301642,0.301407086393,0.619874951261
T[T>A]T,1.11869109369,1.11869109369,1.0631039586,0.986671647855,0.159813013385,0.368264769974,0.757374715607
A[T>C]A,2.19365916758,2.19365916758,2.08465746981,1.93478013538,0.313379881082,0.722136247711,1.48514813209
A[T>C]C,1.26898855321,1.26898855321,1.20593322137,1.1192321401,0.18128407903,0.417741573417,0.859128896274
A[T>C]G,1.82479670801,1.82479670801,1.73412357966,1.60944802818,0.260685244002,0.600709475308,1.23542137375
A[T>C]T,1.59627174599,1.59627174599,1.51695389526,1.4078918505,0.228038820856,0.525480761102,1.08070571623
C[T>C]A,1.34446851317,1.34446851317,1.27766262432,1.18580452714,0.192066930453,0.442589013653,0.910230235625
C[T>C]C,2.51854605645,2.51854605645,2.39340091079,2.2213263355,0.359792293778,0.829086590011,1.70510260964
C[T>C]G,2.4902986301,2.4902986301,2.36655708326,2.19641245636,0.355756947157,0.819787747797,1.68597857566
C[T>C]T,4.12351417241,4.12351417241,3.91861905825,3.63688827628,0.589073453201,1.35743013129,2.79169593039
G[T>C]A,2.59248350796,2.59248350796,2.46366445167,2.28653824926,0.370354786852,0.853426247963,1.75515964204
G[T>C]C,2.00385599425,2.00385599425,1.90428551006,1.76737609431,0.286265142036,0.659654457735,1.35664784704
G[T>C]G,2.069637221,2.069637221,1.96679810443,1.82539431915,0.295662460143,0.681309147287,1.40118296329
G[T>C]T,2.18302113779,2.18302113779,2.07454803778,1.92539752526,0.311860162542,0.718634287596,1.4779459877
T[T>C]A,1.53730874953,1.53730874953,1.46092073713,1.35588722008,0.219615535647,0.506070582143,1.04078666894
T[T>C]C,1.75634607839,1.75634607839,1.66907422356,1.54907542317,0.250906582627,0.578176038227,1.18907902201
T[T>C]G,1.24579695395,1.24579695395,1.18389399972,1.09877743765,0.177970993421,0.410107071797,0.843427751432
T[T>C]T,1.5452955104,1.5452955104,1.46851064032,1.36293144396,0.220756501486,0.508699764293,1.04619385487
A[T>G]A,0.270224119249,0.270224119249,0.25679683382,0.238334316356,0.0386034456069,0.0889557659638,0.182946763963
A[T>G]C,0.459960113521,0.459960113521,0.437104952601,0.405679106336,0.0657085876459,0.151415441097,0.311401567539
A[T>G]G,0.482617103576,0.482617103576,0.458636129486,0.425662290111,0.0689453005109,0.158873953351,0.326740771987
A[T>G]T,1.8542594689,1.8542594689,1.76212235243,1.63543381729,0.264894209842,0.610408396593,1.25536821186
C[T>G]A,0.194566916097,0.194566916097,0.184898994801,0.171605603018,0.0277952737282,0.064049978591,0.131725427668
C[T>G]C,1.10743423246,1.10743423246,1.05240644452,0.976743236087,0.158204890352,0.364559095159,0.749753610799
C[T>G]G,1.05907525361,1.05907525361,1.00645039629,0.934091217473,0.151296464802,0.348639679761,0.717013681018
C[T>G]T,8.98287486205,8.98287486205,8.53652083164,7.92278403982,1.28326783744,2.95709545148,6.08157366437
G[T>G]A,0.0907691167746,0.0907691167746,0.0862588501025,0.0800572334285,0.0129670166821,0.0298805167022,0.0614523834064
G[T>G]C,0.348518415592,0.348518415592,0.331200730345,0.307388913131,0.0497883450845,0.11472966476,0.235953461488
G[T>G]G,0.621690509893,0.621690509893,0.590799055985,0.548323306862,0.0888129299847,0.204655882139,0.420896059493
G[T>G]T,2.50272151772,2.50272151772,2.37836268454,2.20736928892,0.357531645389,0.823877269809,1.69438910206
T[T>G]A,0.340339251473,0.340339251473,0.323427984319,0.300174991983,0.0486198930676,0.112037144895,0.230416014972
T[T>G]C,0.761868130301,0.761868130301,0.724011328795,0.671958226725,0.108838304329,0.250801309975,0.515798920514
T[T>G]G,0.564104783824,0.564104783824,0.536074732454,0.49753341182,0.0805863976892,0.185699090327,0.381909449918
T[T>G]T,4.14421902529,4.14421902529,3.93829509856,3.65514969932,0.592031289326,1.36424601453,2.80571350159
