,1,3,2,5,4,7,6
A[C>A]A,0.95233323018,2.90583729209,0.327751205967,3.1744441006,1.01081281391,1.24535883947,0.903495628632
A[C>A]C,0.701967817401,2.14190180181,0.171879665396,2.33989272467,0.73195627871,0.917957915062,0.66596946779
A[C>A]G,0.227817815797,0.695136412304,0.0759101392868,0.759392719323,0.164987384852,0.297915605273,0.216134850884
A[C>A]T,0.469978574112,1.43403718768,0.212387970959,1.56659524704,0.584831032628,0.614587366147,0.445877108773
C[C>A]A,0.990488467284,3.02225968222,0.495088939126,3.30162822428,1.29118106943,1.29525414952,0.93969418691
C[C>A]C,0.79856763467,2.4366550904,0.265590009942,2.66189211557,1.04199037137,1.04428075303,0.757615448276
C[C>A]G,0.289497896184,0.883339734512,0.131422463955,0.964992987282,0.247631396319,0.378574171934,0.274651850226
C[C>A]T,1.42728915325,4.35506177529,0.394258880422,4.75763051083,1.23770775078,1.86645504655,1.3540948377
G[C>A]A,1.0592022797,3.23192490472,0.556306033891,3.53067426566,1.10135448574,1.38511067345,1.00488421407
G[C>A]C,0.898503187297,2.74158664842,0.460324587513,2.99501062432,1.16197364784,1.17496570647,0.852426100769
G[C>A]G,0.282278000536,0.861309796508,0.173117888758,0.940926668455,0.196641355613,0.369132769932,0.267802205637
G[C>A]T,0.875252226325,2.67064140853,0.412860939274,2.91750742108,0.793353420701,1.14456060366,0.83036749677
T[C>A]A,0.744228314736,2.27085049881,0.424063474914,2.48076104912,1.1134982456,0.973221642347,0.706062760134
T[C>A]C,0.713351341682,2.17663614513,0.351597652592,2.37783780561,1.17242455159,0.932844062199,0.676769221596
T[C>A]G,0.214574390176,0.65472698541,0.0898900348444,0.715247967255,0.256099360743,0.280597279461,0.203570575296
T[C>A]T,1.67279153215,5.10415877757,0.626090589886,5.57597177382,1.23780453144,2.18749661896,1.58700735101
A[C>G]A,0.199452914601,0.608587098399,0.11844546239,0.664843048671,0.467264919846,0.260823042171,0.189224560006
A[C>G]C,0.105109799535,0.320719644734,0.0782664685805,0.350365998449,0.318131356255,0.137451276315,0.0997195534048
A[C>G]G,0.0250089294356,0.0763092975086,0.0120559852544,0.0833630981187,0.0344720787859,0.0327039846466,0.0237264202338
A[C>G]T,0.169109365609,0.516000371986,0.0917546045877,0.563697885362,0.490503884562,0.221143016565,0.160437090449
C[C>G]A,0.121596210004,0.371024333091,0.0871807141631,0.405320700015,0.467381471873,0.159010428467,0.115360506927
C[C>G]C,0.110767399318,0.337982577407,0.0968910018891,0.369224664394,0.314005140999,0.144849676031,0.105087019866
C[C>G]G,0.0715982478418,0.218466448543,0.0216051937954,0.238660826139,0.0689851497241,0.0936284779469,0.0679265428242
C[C>G]T,0.155517112582,0.47452657429,0.100954370813,0.518390375275,0.283834796868,0.203368531839,0.14754187604
G[C>G]A,0.0880088388562,0.268539790356,0.0494621728338,0.293362796187,0.253676285466,0.115088481581,0.0834955650687
G[C>G]C,0.0998087737144,0.304544719795,0.072001122013,0.332695912381,0.244169903491,0.130519165626,0.0946903750623
G[C>G]G,0.0205867273685,0.0628159117141,0.0208873981588,0.0686224245617,0.0174033564675,0.0269211050203,0.0195309977599
G[C>G]T,0.127481949933,0.388983385693,0.0703254679308,0.42493983311,0.390176826652,0.166707165297,0.120944414039
T[C>G]A,0.67470717459,2.0587218917,0.0689521357058,2.2490239153,0.657978445483,0.882309382156,0.640106806662
T[C>G]C,0.259659650876,0.792294832159,0.0837446390125,0.865532169585,0.488275854225,0.339554928068,0.246343771344
T[C>G]G,0.0367054604238,0.111998712575,0.0124358179892,0.122351534746,0.0311286141141,0.0479994482465,0.03482312912
T[C>G]T,0.942495314679,2.8758190371,0.0967063836615,3.14165104893,1.02853429499,1.23249387304,0.894162221619
A[C>T]A,0.57109998517,1.74258713424,0.290655643343,1.90366661723,2.40471238585,0.74682305753,0.541812806444
A[C>T]C,0.429202320913,1.30961733817,0.259381315201,1.43067440304,2.99456112846,0.561264573502,0.407191945482
A[C>T]G,0.663953320688,2.0259088503,0.342077069158,2.21317773563,1.72564435761,0.86824665013,0.629904432447
A[C>T]T,0.36662934873,1.11868955125,0.245955805877,1.2220978291,2.39088201154,0.479438379108,0.347827843667
C[C>T]A,0.561154700703,1.71224126625,0.337688274275,1.87051566901,3.39225508658,0.733817685534,0.532377536564
C[C>T]C,0.437755844519,1.33571655123,0.325270072739,1.4591861484,4.55948313612,0.572449950525,0.415306826852
C[C>T]G,0.628307441072,1.91714321763,0.346657760905,2.09435813691,1.65195480713,0.821632807556,0.596086546658
C[C>T]T,0.462399693768,1.41091188611,0.321426998929,1.54133231256,4.49159256008,0.60467652262,0.43868688896
G[C>T]A,0.76189213859,2.32474780749,0.336079366156,2.53964046197,2.76326031571,0.996320488925,0.722820746867
G[C>T]C,0.670700981868,2.04649786775,0.392046752971,2.23566993956,4.58264139647,0.87707051475,0.636306059721
G[C>T]G,0.343995970624,1.04962873088,0.333886883885,1.14665323541,1.76177552519,0.449840884663,0.326355151618
G[C>T]T,0.642316047922,1.95988742827,0.345513474866,2.14105349307,3.55383295576,0.839951754975,0.609376763413
T[C>T]A,0.936519381386,2.8575847791,0.331686729,3.12173127129,5.62731640686,1.22467919104,0.888492746443
T[C>T]C,0.474844537114,1.44888461324,0.489521381637,1.58281512371,4.89905089901,0.620950548534,0.450493535211
T[C>T]G,0.951295464993,2.9026707778,0.264488938052,3.17098488331,1.20244691041,1.24400176191,0.902511082173
T[C>T]T,0.73853654202,2.25348329488,0.344808834559,2.4617884734,4.77142001924,0.965778554949,0.700662873198
A[T>A]A,0.153761833809,0.469170723674,0.130946202707,0.51253944603,8.24905502026,0.201073167289,0.145876611562
A[T>A]C,0.152575999829,0.465552409733,0.0837475951474,0.508586666095,0.915930374182,0.199522461314,0.144751589581
A[T>A]G,0.199738229511,0.609457674661,0.119020162841,0.66579409837,0.524875933334,0.261196146283,0.189495243382
A[T>A]T,0.239566672287,0.730985487236,0.194011239692,0.798555574292,0.708846351242,0.31327949453,0.227281201914
C[T>A]A,0.15408465496,0.470155742058,0.0727779416043,0.513615516533,18.1200167018,0.201495318025,0.146182877783
C[T>A]C,0.26061138936,0.795198854712,0.135832593586,0.868704631198,0.832222732123,0.340799509162,0.247246702726
C[T>A]G,0.403478040722,1.23112530374,0.145904039568,1.34492680241,0.606787412708,0.527625130175,0.382786859147
C[T>A]T,0.240338020604,0.733339088509,0.251100903567,0.801126735346,0.748632639584,0.31428818079,0.228012993906
G[T>A]A,0.115815378018,0.35338538421,0.0642420295825,0.386051260061,6.16565736511,0.151450878947,0.109876127864
G[T>A]C,0.104358684503,0.318427780921,0.0765166773806,0.347862281678,0.402326244,0.136469048966,0.099006957093
G[T>A]G,0.141786074948,0.432629305609,0.0758836283962,0.472620249825,0.320013774093,0.185412559547,0.134514994181
G[T>A]T,0.0921277534546,0.281107760541,0.081347961487,0.307092511515,0.342472886733,0.120474754517,0.0874032532774
T[T>A]A,0.167190325424,0.510144839115,0.188656531388,0.557301084747,3.30868059736,0.218633502478,0.158616462582
T[T>A]C,0.16259120262,0.496111618252,0.0932650420847,0.541970675401,0.922686112572,0.212619264965,0.15425319223
T[T>A]G,0.163920877266,0.500168830632,0.152949134993,0.546402924219,0.325198272742,0.214358070271,0.155514678432
T[T>A]T,0.165597809405,0.505285623571,0.168303774754,0.551992698018,0.831164104609,0.21655098153,0.157105614051
A[T>C]A,0.976433251488,2.97937325454,0.353402871783,3.25477750496,4.52799352796,1.27687425195,0.926359751412
A[T>C]C,0.425107699975,1.2971234948,0.19516485705,1.41702566658,2.6029845715,0.555910069198,0.403307305104
A[T>C]G,0.954402538901,2.91215133665,0.336803720775,3.18134179634,4.49208419389,1.24806485856,0.905458818957
A[T>C]T,0.668240421776,2.03899000491,0.316220138937,2.22746807259,2.84842019078,0.873852859246,0.633971682198
C[T>C]A,0.314212266208,0.958750248173,0.225261322731,1.04737422069,2.99929606241,0.410892963503,0.298098816659
C[T>C]C,0.434729834148,1.32648334009,0.358609261828,1.44909944716,2.99340588959,0.56849286004,0.4124359965
C[T>C]G,0.897263090059,2.73780276198,0.41586955668,2.99087696686,3.79170613137,1.17334404085,0.851249598261
C[T>C]T,0.460298067963,1.40449923302,0.708255317893,1.53432689321,2.65395863081,0.601928242721,0.436693038837
G[T>C]A,0.320597244611,0.978232618171,0.201319745325,1.06865748204,5.98241467605,0.419242550645,0.304156360272
G[T>C]C,0.243015098068,0.741507606926,0.199305567237,0.810050326894,2.73636118829,0.317788974397,0.230552785347
G[T>C]G,0.470697946427,1.43623219551,0.223927992417,1.56899315476,3.61809542996,0.615528083789,0.4465595902
G[T>C]T,0.336684113058,1.02731819113,0.245662388122,1.12228037686,4.08302880166,0.440279224768,0.319418261106
T[T>C]A,0.427963163709,1.30583632004,0.211641789635,1.42654387903,3.60893008003,0.559644137159,0.406016334801
T[T>C]C,0.391094400404,1.19333932431,0.244863348982,1.30364800135,3.02528410495,0.511431138989,0.371038277306
T[T>C]G,0.413835189135,1.2627278848,0.188674923738,1.37945063045,2.38515111046,0.541169093484,0.392612871743
T[T>C]T,0.32145544021,0.980851215,0.322297689162,1.07151813403,2.78924435736,0.420364806429,0.30497054584
A[T>G]A,0.0832559867298,0.25403749797,0.223167970925,0.277519955766,0.17818572073,0.108873213416,0.0789864489487
A[T>G]C,0.0746855286416,0.227886613035,0.0816362171467,0.248951762139,0.138037479631,0.0976656913006,0.0708555015318
A[T>G]G,0.125629022342,0.383329580991,0.080015800415,0.418763407805,0.203022204511,0.164284106139,0.119186508375
A[T>G]T,0.207550564541,0.633295312316,0.301652562893,0.691835215136,0.274798065075,0.271412276707,0.196906945846
C[T>G]A,0.0441172021659,0.134614027122,0.144257313454,0.147057340553,0.0908971861562,0.0576917259092,0.041854781542
C[T>G]C,0.199529890194,0.608821972643,0.171878235384,0.665099633979,0.411545009419,0.260923702561,0.189297588133
C[T>G]G,0.273953220316,0.835908544041,0.201594007902,0.913177401053,0.490309026676,0.358246518875,0.259904337223
C[T>G]T,0.488923619974,1.49184386607,1.53047558909,1.62974539991,0.723977157325,0.639361656889,0.463850613821
G[T>G]A,0.0150384224768,0.0458864685829,0.053908832265,0.0501280749225,0.0197665177568,0.0196656293927,0.0142672213241
G[T>G]C,0.0690579156598,0.210715178552,0.0511671499144,0.230193052199,0.085549363848,0.0903065050936,0.0655164840875
G[T>G]G,0.111483864454,0.340168714617,0.107492722245,0.371612881514,0.463444339056,0.145786591979,0.1057667432
G[T>G]T,0.207510828427,0.633174066227,0.423665214955,0.691702761424,0.534842960542,0.271360314097,0.196869247482
T[T>G]A,0.129621795516,0.395512658114,0.330826626833,0.432072651721,0.254591859434,0.169505424906,0.122974523952
T[T>G]C,0.135974900244,0.414897772539,0.127675562931,0.45324966748,0.295856823895,0.177813331088,0.129001828437
T[T>G]G,0.10675024689,0.325725112307,0.109011934199,0.355834156302,0.301283452508,0.139596476703,0.101275875255
T[T>G]T,0.587004827638,1.79111729459,0.722433591315,1.95668275879,0.397967384672,0.767621697681,0.556902015965
