,1,3,2,5,4,7,6
A[C>A]A,1.25938147098,1.50433218991,1.38935138559,1.83969286919,1.80136593442,0.607039989611,0.706703271488
A[C>A]C,0.868182022273,1.2243566529,1.13077525267,1.49730240354,1.46610860347,0.418476226563,0.487181278685
A[C>A]G,0.136107592341,0.347170955145,0.320635595516,0.424565754063,0.415720634186,0.0656058178909,0.0763769223207
A[C>A]T,0.71901683509,1.28471076467,1.18651631132,1.57111125361,1.53837976916,0.346576460079,0.403477072928
C[C>A]A,1.19775809661,1.68089630079,1.55242015041,2.05561840606,2.0127930226,0.577336636496,0.672123248459
C[C>A]C,0.928291254144,1.24881903405,1.15336789769,1.52721818177,1.49540113632,0.447449741206,0.520911639016
C[C>A]G,0.142967091172,0.338940886881,0.313034577056,0.414500957205,0.405865520596,0.0689121950254,0.0802261374923
C[C>A]T,1.77700317809,1.69982847794,1.56990528217,2.07877113226,2.03546340033,0.856541100229,0.997167251013
G[C>A]A,1.13995168704,1.60147932043,1.47907325772,1.95849700333,1.91769498242,0.549473115338,0.639685119349
G[C>A]C,0.916749665686,1.87366852924,1.73045819579,2.29136533512,2.2436285573,0.441886529504,0.514435064198
G[C>A]G,0.093715291306,0.454392641153,0.419661993422,0.555690363703,0.544113481126,0.045172118831,0.052588436848
G[C>A]T,0.950191684637,1.83400236669,1.69382384185,2.24285639748,2.19613022253,0.458006063818,0.533201089221
T[C>A]A,1.46548143416,2.25693376795,2.08442927613,2.76007186908,2.70257037181,0.706383137328,0.822356488233
T[C>A]C,0.742373661417,1.62810366843,1.50366262371,1.99105671553,1.94957636729,0.357834786439,0.416583781227
T[C>A]G,0.126184322748,0.371787475172,0.343370598089,0.454670033331,0.44519774097,0.0608226591661,0.0708084688799
T[C>A]T,2.1213773543,8.45188956743,7.80588526928,10.3360687704,10.1207340043,1.02253440819,1.19041319162
A[C>G]A,0.525434874713,0.547064351446,0.505250515666,0.669021372469,0.655083427209,0.253267169826,0.294848346961
A[C>G]C,0.27308106395,0.331665042575,0.306314848238,0.40560310939,0.397153044612,0.131629002048,0.153239733727
A[C>G]G,0.0292049826456,0.187328884086,0.173010752818,0.229090100283,0.224317389861,0.0140772218508,0.0163884075277
A[C>G]T,0.507347589408,0.494338210859,0.456554398564,0.604540996719,0.591946392621,0.24454883806,0.284698647293
C[C>G]A,0.296315509452,0.408486390742,0.377264501004,0.499550235812,0.489142939232,0.142828339088,0.166277767894
C[C>G]C,0.278521776547,0.365785665735,0.337827525679,0.447330240899,0.43801086088,0.134251503803,0.156292795473
C[C>G]G,0.0427749567384,0.164312274345,0.151753374395,0.200942399198,0.196756099215,0.0206181446149,0.0240032131338
C[C>G]T,0.375352977703,0.496291979104,0.458358834204,0.606930318395,0.594285936762,0.180925536015,0.210629728495
G[C>G]A,0.222171752519,0.423988747928,0.391581964647,0.518508532498,0.507706271404,0.10708998143,0.12467191868
G[C>G]C,0.264947939138,0.469801551193,0.433893152375,0.574534381076,0.562564914804,0.127708718865,0.148675821962
G[C>G]G,0.0178732073385,0.106447184531,0.0983110939935,0.130177448598,0.127465418419,0.00861514310561,0.0100295695856
G[C>G]T,0.336862140716,0.373783852021,0.345214385625,0.457111462345,0.447588306879,0.162372398762,0.189030553783
T[C>G]A,1.03817719727,0.382916367849,0.353648874765,0.468279889344,0.458524058316,0.500416346887,0.582574254585
T[C>G]C,0.472231268897,0.435684458312,0.402383735383,0.532811566852,0.521711325876,0.227622266303,0.264993086144
T[C>G]G,0.0445818422418,0.0896386263653,0.0827872663883,0.109621759631,0.107337972972,0.0214890894259,0.0250171488839
T[C>G]T,1.64954408113,0.622082254463,0.574534566224,0.760763011827,0.744913782414,0.79510398155,0.925643441208
A[C>T]A,1.55115060472,3.32416467648,3.07008839547,4.06522049608,3.98052840241,0.747676910191,0.870429835744
A[C>T]C,1.91454342143,3.0086193217,2.77866115698,3.67933063545,3.60267791388,0.922837476518,1.07434810699
A[C>T]G,2.90315449428,6.26824853975,5.78914674053,7.66562878746,7.50592818772,1.39936223825,1.62910827737
A[C>T]T,1.68675982315,1.87794481903,1.73440763541,2.29659493792,2.24874921005,0.813042504683,0.946527095004
C[C>T]A,2.32516641256,3.56918207221,3.29637834694,4.36485960423,4.27392502914,1.12076366648,1.30476964158
C[C>T]C,3.36677450833,4.29473657438,3.96647645405,5.25216192536,5.14274188525,1.62283375582,1.88926914856
C[C>T]G,1.91184570935,3.85211058255,3.55768174821,4.71086134936,4.61271840458,0.921537140478,1.07283428294
C[C>T]T,3.87745491621,3.68452412984,3.40290445113,4.50591485942,4.41204163319,1.86898906033,2.17583801054
G[C>T]A,1.86199031112,3.45676635211,3.19255491118,4.22738305481,4.1393125745,0.897506121186,1.04485787242
G[C>T]C,3.46287472324,5.78886150842,5.34640075618,7.07937203577,6.93188511836,1.66915544214,1.94319588786
G[C>T]G,2.42753186555,6.5711558595,6.06890190845,8.03606321671,7.86864523303,1.17010528771,1.36221212599
G[C>T]T,3.45744516251,3.77336091455,3.48495116312,4.61455602289,4.51841943908,1.66653831574,1.940149084
T[C>T]A,1.93373615621,3.59428899995,3.31956627384,4.39556361778,4.30398937574,0.932088650833,1.08511813082
T[C>T]C,2.42267399579,4.6505259032,4.29507169404,5.68726734659,5.5687826102,1.16776372459,1.35948612713
T[C>T]G,1.55976416645,7.4263276011,6.85871020484,9.0818783402,8.89267254145,0.75182877088,0.875263345204
T[C>T]T,1.88914188049,3.32639281868,3.07214623381,4.06794535788,3.98319649625,0.910593568294,1.06009400488
A[T>A]A,0.946511386284,1.13570892854,1.04890315057,1.38889244765,1.35995718832,0.456232107058,0.531135885828
A[T>A]C,1.00682914823,0.62168311924,0.574165938152,0.760274897415,0.744435837052,0.485306136198,0.564983263037
A[T>A]G,0.527260147739,0.667502781962,0.616483461048,0.816309134628,0.799302694324,0.254146977687,0.29587260089
A[T>A]T,1.22291303557,1.26629261222,1.16950591574,1.5485871436,1.51632491144,0.589461679017,0.686238969602
C[T>A]A,0.738523103665,1.39969722554,1.29271399811,1.71173163888,1.67607056307,0.355978762198,0.414423036589
C[T>A]C,0.773830761543,0.958536533532,0.885272594663,1.1722230219,1.14780170894,0.372997561319,0.434235966909
C[T>A]G,1.04592769966,0.878904572325,0.811727152784,1.07483871265,1.05244623947,0.504152200555,0.586923457363
C[T>A]T,1.111781325,0.80763440524,0.745904387005,0.987680291758,0.967103619013,0.535894595502,0.623877290286
G[T>A]A,0.627149868698,0.607408932687,0.560982772227,0.742818567362,0.727343180542,0.302295260452,0.3519258256
G[T>A]C,0.471885349665,0.414130392423,0.382477114021,0.506452454428,0.495901361628,0.227455528256,0.264798973193
G[T>A]G,0.621310894282,0.455494270337,0.420679421649,0.557037579011,0.545432629448,0.299480790769,0.348649278806
G[T>A]T,0.620344528193,0.617696648271,0.570484165601,0.755399722727,0.739662228503,0.29901498841,0.348107001432
T[T>A]A,1.17431724929,1.04232869662,0.962660261207,1.27469496656,1.24813882143,0.566037810808,0.658969391687
T[T>A]C,0.537992331598,0.745172374527,0.688216524244,0.911293604517,0.892308321089,0.259320044727,0.301894977444
T[T>A]G,0.741306446739,0.609891715825,0.563275788501,0.745854837188,0.730316194746,0.357320373608,0.415984912558
T[T>A]T,0.995694632539,1.01873720886,0.940871944493,1.24584422995,1.21988914183,0.479939139425,0.55873511754
A[T>C]A,4.173079077,1.82343377548,1.68406304105,2.22993175091,2.18347483943,2.01148415942,2.34172782738
A[T>C]C,2.0084379297,1.20456129377,1.11249291463,1.47309406627,1.44240460655,0.968095980503,1.12703711163
A[T>C]G,3.65948826131,1.57679347172,1.45627422548,1.92830793994,1.88813485786,1.76392599646,2.05352578692
A[T>C]T,3.3415595699,1.51103059227,1.39553780815,1.84788454596,1.80938695125,1.61067979268,1.87511975865
C[T>C]A,2.63978990912,0.962932355053,0.889332429826,1.17759880363,1.15306549522,1.27241671879,1.4813209562
C[T>C]C,2.10177443982,1.42064147857,1.31205741652,1.73734499291,1.70115030555,1.01308552135,1.17941299501
C[T>C]G,3.31113251507,1.45728052706,1.34589602817,1.78215198213,1.74502381584,1.59601351446,1.85804558399
C[T>C]T,3.15062440727,1.20285654004,1.11091846055,1.4710092719,1.4403632454,1.51864629703,1.76797628609
G[T>C]A,5.25299463552,1.37071232631,1.26594450519,1.67628513791,1.64136253087,2.53201899698,2.94772360842
G[T>C]C,2.4952009387,1.75867808004,1.62425682552,2.15074007241,2.10593298757,1.20272275463,1.40018469942
G[T>C]G,2.76048339043,1.2394617415,1.14472581221,1.51577486858,1.48419622549,1.33059271337,1.54904823348
G[T>C]T,3.54809418015,1.52681372861,1.41011459012,1.86718621588,1.82828650305,1.71023244655,1.99101687807
T[T>C]A,2.27644867109,1.20281807062,1.11088293147,1.4709622265,1.44031718011,1.09728101412,1.27743162838
T[T>C]C,2.50933239801,1.60494720209,1.48227607836,1.96273797962,1.92184760505,1.20953432134,1.40811458306
T[T>C]G,1.50410676914,1.16545995394,1.07638021224,1.42527586724,1.39558262001,0.725001104549,0.844031136639
T[T>C]T,2.60004502068,1.50062102451,1.38592387614,1.83515437393,1.79692199114,1.25325911069,1.45901806916
A[T>G]A,1.33673661821,0.769903039694,0.711056947488,0.941537475294,0.921922111226,0.644326283598,0.750111195831
A[T>G]C,0.268812328441,0.495837029861,0.457938658152,0.606373947346,0.593741156776,0.129571410112,0.15084432819
A[T>G]G,0.423090425016,0.553547833681,0.511238445119,0.676950216986,0.662847087465,0.20393567249,0.23741764857
A[T>G]T,1.13166035277,1.96006892349,1.81025473825,2.39702696375,2.34708890201,0.545476572917,0.635032428173
C[T>G]A,0.818959961194,0.602722370306,0.556654418436,0.737087229929,0.721731245972,0.394750484892,0.459560265994
C[T>G]C,0.670401405905,0.852285349253,0.787142520011,1.04228526788,1.02057099146,0.32314312371,0.376196472378
C[T>G]G,1.02683858822,0.878758936235,0.811592648115,1.07466060992,1.05227184721,0.49495097418,0.576211581881
C[T>G]T,4.63124621549,2.94302189204,2.71807754361,3.59910957498,3.5241281255,2.2323273125,2.59882881157
G[T>G]A,0.329069118189,0.215111165942,0.198669548163,0.263065884464,0.257585345204,0.158616049774,0.184657490782
G[T>G]C,0.231708818735,0.187475303834,0.173145981248,0.229269161376,0.224492720514,0.11168698457,0.130023653679
G[T>G]G,0.471426726675,0.525795705729,0.485607498921,0.643011308917,0.629615239981,0.227234465376,0.264541616408
G[T>G]T,1.71872590307,1.21834218258,1.1252204871,1.48994712774,1.45890656258,0.828450615151,0.96446489525
T[T>G]A,1.94422247324,1.21285751157,1.12015502661,1.48323975937,1.45233893105,0.937143206526,1.09100253894
T[T>G]C,0.573878558077,0.883148599339,0.815646795568,1.08002886034,1.05752825908,0.276617722238,0.322032572158
T[T>G]G,0.586168619354,0.750406019793,0.693050145669,0.917693985989,0.898575361281,0.282541708609,0.328929153307
T[T>G]T,2.82971991216,5.00671644317,4.62403747937,6.12286342095,5.99530376635,1.36396571305,1.58790038236
