,1,3,2,5,4,7,6
A[C>A]A,0.399300102169,0.884164511945,0.643274354552,1.64813823382,2.18913017317,0.78003488929,2.79624102049
A[C>A]C,0.285950541793,0.633176199684,0.50989386283,1.07144892539,1.4231459009,0.507097964689,2.25783325703
A[C>A]G,0.0554867483726,0.122863514254,0.142437666011,0.134666636455,0.178870188879,0.0637353546579,0.661384887607
A[C>A]T,0.242696983607,0.537400463702,0.714036762628,0.989380066234,1.31413840859,0.468256214553,2.27874619485
C[C>A]A,0.34303989905,0.759588347897,1.07185152587,1.52872030011,2.03051398641,0.723516477915,3.22587719302
C[C>A]C,0.234136164818,0.518444364953,1.2818574792,0.939167287442,1.24744357263,0.44449138795,2.41839200566
C[C>A]G,0.0455494117416,0.100859411714,0.4593774716,0.14700151762,0.195253924167,0.0695732373469,0.580725428284
C[C>A]T,0.316312287024,0.70040577841,3.07612047877,1.1966581752,1.58945437012,0.566357304295,2.37113188779
G[C>A]A,0.386089513523,0.85491249423,0.831506419022,1.56853390273,2.08339617614,0.742359557016,2.63877113853
G[C>A]C,0.325976448273,0.721804992603,1.04495149073,1.12655059095,1.49633437272,0.533176615566,3.19272292202
G[C>A]G,0.057533050461,0.127394611735,0.23501253014,0.0963391411258,0.12796191264,0.0455956240443,1.04893461383
G[C>A]T,0.297751991743,0.659307981717,1.16445031414,1.22782238526,1.6308480537,0.581106777755,2.26742858337
T[C>A]A,0.472191523763,1.04556694547,2.30826989318,3.0180292717,4.00868010134,1.42838026599,2.52714645722
T[C>A]C,0.370321669921,0.819997983396,0.966945698049,1.31061757749,1.74082029377,0.620292288584,2.65037325264
T[C>A]G,0.0693633870605,0.153590357063,0.219077688946,0.164141212552,0.218019625832,0.0776851540321,0.504718848822
T[C>A]T,0.642459315584,1.42258848451,9.75048152608,3.29414050418,4.37542326509,1.55905886457,4.12230045789
A[C>G]A,0.246597506232,0.546037335228,0.352785459093,1.03441353906,1.37395386104,0.489569766579,0.804377320625
A[C>G]C,0.142904866639,0.316432204701,0.201039901617,0.499353260804,0.66326310977,0.236335131068,0.464915142601
A[C>G]G,0.0383371526788,0.084889409503,0.10847123979,0.142972898854,0.189902934356,0.0676665628164,0.118532976472
A[C>G]T,0.225715647649,0.49979893408,0.316655930966,0.955288412917,1.26885636525,0.452121233594,0.726205806568
C[C>G]A,0.203437261541,0.450468221983,0.212550749174,0.684037550958,0.908568960815,0.323742963049,0.723102349944
C[C>G]C,0.151051787728,0.334471815683,0.176368247164,0.512950980868,0.681324203595,0.242770693235,0.746359797652
C[C>G]G,0.0490892356352,0.108697593192,0.0893816242312,0.139171443435,0.18485367296,0.0658674007099,0.210710608282
C[C>G]T,0.185740874765,0.411283365552,0.306872556195,1.01487955148,1.34800795387,0.480324673219,0.824061774085
G[C>G]A,0.12112001252,0.268194313437,0.251189949466,0.413359168479,0.549041948973,0.19563563699,0.498886007834
G[C>G]C,0.125450214235,0.277782617235,0.377361188964,0.458146547156,0.608530528283,0.216832716974,0.57511557449
G[C>G]G,0.0187286210742,0.0414705180929,0.05230282738,0.0460158925666,0.0611203458518,0.0217785140392,0.171935671975
G[C>G]T,0.175563444418,0.388747626926,0.288715450091,0.819909343104,1.08903989084,0.388048696736,0.477349804504
T[C>G]A,0.423290244049,0.937285540395,2.91178279078,6.76185204645,8.9813912678,3.20026585404,0.560287318178
T[C>G]C,0.254036381618,0.562509130725,0.810011797085,2.11252153587,2.80594463543,0.999819352855,0.594566411455
T[C>G]G,0.0403330539538,0.0893089051834,0.14513845904,0.279780097654,0.371616312915,0.13241500805,0.078134452042
T[C>G]T,0.59010016145,1.3066503575,3.51617519138,8.40223923259,11.1602261563,3.97663230856,0.945770721113
A[C>T]A,0.653698123997,1.44747441742,2.72919906009,1.39322602139,1.85054448642,0.659389414702,2.4074493341
A[C>T]C,0.554421806477,1.22764828577,2.55479700844,1.66342843535,2.20943929581,0.787271473219,1.48852787083
A[C>T]G,1.21330398907,2.68660169008,3.88283325308,1.12358510218,1.49239547923,0.531773101793,1.64622987185
A[C>T]T,0.409321850414,0.906355525917,1.71261056386,1.48087846293,1.96696834007,0.700873776347,1.73498769335
C[C>T]A,1.13177833318,2.5060805949,2.79061972273,1.61770260317,2.148704221,0.765630239668,2.24182822054
C[C>T]C,1.22752655754,2.71809452027,3.41900311578,2.41868655396,3.21260656786,1.1447218805,1.61016740959
C[C>T]G,0.89006755032,1.97086386142,3.83744696745,0.853888302631,1.1341722493,0.404130341703,1.07008438355
C[C>T]T,1.14583704715,2.53721060441,2.50542203546,2.22794425196,2.95925419726,1.05444689788,2.26623554503
G[C>T]A,0.595394991243,1.31837462347,3.45269906016,1.33164152391,1.76874523024,0.630242553302,1.80912496215
G[C>T]C,0.872408917277,1.93176260254,4.64630133327,2.00671260665,2.66540453098,0.949741844371,1.79905607847
G[C>T]G,0.81274541827,1.79965056903,5.13753531523,0.898099205633,1.19289512809,0.425054585872,1.3329170265
G[C>T]T,0.66745544429,1.47793705521,3.27415066878,1.7634652475,2.34231261882,0.83461714004,1.57261702905
T[C>T]A,1.26219085194,2.79485117216,4.50939633143,3.46780342522,4.60609004571,1.64125047606,2.61653449124
T[C>T]C,2.23114721979,4.94039741524,6.18569817014,2.57604499446,3.42161701555,1.21919686761,2.29951596656
T[C>T]G,1.17310368982,2.59758674174,8.36523693013,0.633031861906,0.840820946348,0.29960286594,1.5623346429
T[C>T]T,0.962575701703,2.1314176252,3.86187874585,2.36673954274,3.14360824762,1.12013627214,2.13139673471
A[T>A]A,1.41242004943,3.12750153801,0.5739516046,1.56831872211,2.08311036372,0.74225771581,1.72299241505
A[T>A]C,0.169005522163,0.374226513361,0.405504731472,0.498949080304,0.662726259335,0.236143839533,1.03724692256
A[T>A]G,0.206631638217,0.457541484623,0.391810897997,0.650597895955,0.864152930505,0.307916561444,1.14129804313
A[T>A]T,0.346140001664,0.766452860827,1.01375875188,1.4310541789,1.90078952006,0.677292817492,1.56303945238
C[T>A]A,2.85886361326,6.33034085793,0.323759143561,1.86701470921,2.47985159849,0.883625282221,2.35444600246
C[T>A]C,0.226086815612,0.500620805997,0.47846416186,0.700404940193,0.930308851859,0.331489361007,1.4012205824
C[T>A]G,0.463813854429,1.02701639195,0.43915139194,0.678533888438,0.901258752582,0.321138176207,1.58707566231
C[T>A]T,0.399334546562,0.884240781674,0.398949742933,0.907625494113,1.20554836623,0.429563210954,1.56770706258
G[T>A]A,1.11688520131,2.47310294576,0.199829232262,0.754407338497,1.00203722823,0.357047747991,1.09026967039
G[T>A]C,0.0933646506061,0.206736012056,0.311990473977,0.340343525363,0.452059339031,0.161078615057,0.709285837476
G[T>A]G,0.277424019422,0.614296043007,0.249243610064,0.402613930616,0.534769648299,0.190550104566,0.734900156047
G[T>A]T,0.185524897951,0.410805131177,0.383581722748,0.468047789993,0.621681797396,0.221518801371,1.00326014167
T[T>A]A,0.741120206983,1.64105188689,0.783594356151,1.74980968489,2.32417469596,0.828154202009,1.39540439385
T[T>A]C,0.131850121423,0.291953840294,0.359072668288,0.451252018007,0.599372909414,0.213569657377,1.09632593821
T[T>A]G,0.19710813074,0.436453718068,0.512720406105,1.06082804829,1.40903878169,0.502071290028,0.902439973286
T[T>A]T,0.31665869305,0.701172820324,0.639131040094,1.2982824998,1.72443629744,0.614454312882,1.53780674152
A[T>C]A,0.645160246952,1.42856911825,1.34347532833,1.98318395789,2.63415273797,0.938606148011,3.61060188706
A[T>C]C,0.278392091069,0.616439630223,0.9946383335,0.942274329195,1.25157048305,0.44596189626,1.41547406458
A[T>C]G,0.535045979512,1.18474466892,1.86380107416,1.48931922928,1.97817973965,0.704868642864,2.40062634511
A[T>C]T,0.519686488998,1.1507343685,1.13793811965,2.03618883629,2.70455616424,0.963692426337,3.00851641161
C[T>C]A,0.318823111949,0.705965462173,0.857207752101,1.21801615699,1.61782298715,0.576465662087,1.30119677523
C[T>C]C,0.345928300334,0.765984093597,0.74415911176,1.22210407352,1.62325273888,0.578400401209,1.51844120665
C[T>C]G,0.413103822476,0.914729892625,1.81505540779,1.28198030414,1.70278299939,0.606738769899,1.57171892086
C[T>C]T,0.516053936053,1.1426908584,1.10515952044,2.04904548152,2.72163292966,0.969777250798,1.78759603651
G[T>C]A,0.364927915625,0.808054670312,1.17667551329,0.81437082238,1.0816833824,0.385427412119,2.30517333805
G[T>C]C,0.216236411376,0.478809196618,1.02692874858,0.828597301066,1.10057962126,0.392160554703,1.43110663644
G[T>C]G,0.272024380484,0.602339699644,1.21541779476,0.819351808515,1.08829934871,0.387784825404,1.63112004198
G[T>C]T,0.404136222473,0.894873064047,1.28891776754,1.06974240644,1.42087922687,0.506290299229,1.99358593187
T[T>C]A,0.365620356292,0.809587931788,0.857598420398,1.27003850261,1.68692136988,0.6010869249,1.57677103684
T[T>C]C,0.310822943373,0.688250803183,1.1545275125,1.22716689458,1.62997740196,0.580796545524,1.57996387397
T[T>C]G,0.252974218716,0.560157198585,1.07526828178,0.814660829128,1.0820685822,0.385564667221,1.08019104266
T[T>C]T,0.444227398315,0.983646381982,1.34193704742,2.24168850105,2.97750991743,1.06095180966,1.56503768903
A[T>G]A,0.223368544009,0.49460177602,0.981237686205,2.15315997124,2.85992240454,1.01905281081,0.610127890611
A[T>G]C,0.0667646819722,0.14783608151,0.344329168878,0.390584377775,0.51879146361,0.184856728413,0.267417769778
A[T>G]G,0.138710366933,0.307144383923,0.375251556255,0.579515874497,0.769738642461,0.274274688693,0.614366082509
A[T>G]T,0.177276536588,0.392540902445,1.16217693823,1.52817192755,2.02978561369,0.723256942809,0.674411430043
C[T>G]A,0.120314250698,0.266410126546,0.715028539616,1.40210062882,1.86233213294,0.663589610588,0.322901755477
C[T>G]C,0.118577192688,0.26256378381,0.533188128076,0.6154878408,0.817518200757,0.291299588776,0.52795671977
C[T>G]G,0.22049894555,0.488247665147,0.865910169369,1.10868834393,1.47260894537,0.52472272766,0.748484839715
C[T>G]T,0.600545249917,1.32977876767,2.303017738,3.60298916516,4.78564973082,1.70523151328,1.35896725696
G[T>G]A,0.0800740967857,0.177306928597,0.26087440451,0.554141483197,0.736035252491,0.262265434795,0.132904117225
G[T>G]C,0.0258957680739,0.0573406293065,0.191650174626,0.154206237225,0.204823551733,0.0729831046407,0.180339991054
G[T>G]G,0.210974198694,0.467157154251,0.35586122231,0.802497143292,1.06591223613,0.379807808276,0.449936484323
G[T>G]T,0.213735039071,0.473270443657,0.851152614846,1.41149418145,1.87480906544,0.668035414123,0.648056954651
T[T>G]A,0.307584793804,0.681080614851,1.63472716525,3.27209983717,4.34614787533,1.54862740385,0.728122424442
T[T>G]C,0.119866250368,0.265418125815,0.635620970991,0.727090737632,0.965754109527,0.344119280406,0.474842645137
T[T>G]G,0.198310203151,0.439115449834,0.540278374753,0.864166271291,1.14782390233,0.408994723817,0.626974744888
T[T>G]T,0.493475097266,1.09269485823,3.38529867211,4.13666742745,5.4945048273,1.9578120649,1.36030151249
