,1,3,2,5,4,7,6
A[C>A]A,0.838641753427,1.02234423275,1.38176212707,2.12613183525,0.918512396611,0.463249730464,0.809434028834
A[C>A]C,0.600941835049,0.732576713203,0.990123213938,1.73326805874,0.658174390768,0.33194882317,0.665364037274
A[C>A]G,0.268987263731,0.327908283406,0.44318853929,0.759373864608,0.294605098372,0.148583440918,0.0933379090867
A[C>A]T,0.83173489515,1.01392444361,1.37038225582,1.3374523121,0.910947742307,0.459434513512,0.582881559788
C[C>A]A,1.32373862611,1.6137004204,2.18101697445,2.3795116216,1.44980897145,0.731208002993,0.823960108728
C[C>A]C,1.12671450251,1.37351863163,1.85639627556,2.32377949724,1.2340206456,0.622375629957,0.654716156078
C[C>A]G,0.344714323705,0.420223175564,0.567957885724,0.637172871342,0.377544259296,0.190413626428,0.104386770717
C[C>A]T,1.75810411224,2.14321263207,2.89668582303,3.20318888068,1.92554259912,0.971143223906,0.673567560773
G[C>A]A,1.28158988282,1.56231909525,2.11157190218,2.57344936383,1.40364606214,0.707925840037,0.646871011969
G[C>A]C,1.14929265503,1.40104247471,1.89359646972,2.80052796739,1.25874909837,0.634847371353,0.4634534008
G[C>A]G,0.410984342513,0.501009484206,0.677145630997,0.977577507888,0.450125708467,0.227019922531,0.0879073458522
G[C>A]T,1.35997715149,1.65787690849,2.24072425913,2.35279159721,1.48949878497,0.751225474158,0.518248559895
T[C>A]A,2.14281493559,2.61219344529,3.5305427034,1.91704244358,2.3468925485,1.1836501549,0.627551005193
T[C>A]C,1.35263744639,1.64892945846,2.2286312212,2.2700155983,1.48146006033,0.747171160864,0.541822490934
T[C>A]G,0.351299177424,0.428250425812,0.578807216136,0.534972239327,0.38475624194,0.194050974196,0.109541887471
T[C>A]T,11.0342661318,13.4512958559,18.1802670553,2.59282583398,12.0851486206,6.09511843473,0.857508019996
A[C>G]A,0.241715856969,0.294663139924,0.398255650054,0.50065770662,0.264736414776,0.133519235278,0.199055701905
A[C>G]C,0.145275175151,0.177097356375,0.239358145725,0.300118493372,0.159110906118,0.0802472396072,0.0918129445945
A[C>G]G,0.091076322383,0.111026373953,0.150059083545,0.160295276101,0.0997502578481,0.0503088256973,0.0120476834682
A[C>G]T,0.198591612079,0.242092631867,0.327203322758,0.329729394503,0.217505098943,0.109698223815,0.21044831875
C[C>G]A,0.186346715707,0.2271655201,0.307028398261,0.425834830648,0.204094021965,0.102934376295,0.120040358506
C[C>G]C,0.19351960529,0.235909614068,0.318846587764,0.37149018333,0.211950043889,0.106896543875,0.143021111705
C[C>G]G,0.117327758723,0.143028124919,0.193311450086,0.218665720542,0.128501830982,0.0648096191039,0.0446052135847
C[C>G]T,0.181207446744,0.220900506507,0.298560840825,0.357992853085,0.198465298814,0.100095542011,0.175003884122
G[C>G]A,0.199892499824,0.243678475976,0.329346690186,0.363171872219,0.21892988076,0.110416809427,0.0781869642388
G[C>G]C,0.236726061344,0.288580341447,0.390034367737,0.466149820487,0.259271400519,0.130762967218,0.0657444967536
G[C>G]G,0.0884987305954,0.107884166821,0.145812194219,0.188131484551,0.0969271811283,0.0488850130908,0.0117470413499
G[C>G]T,0.148050030543,0.180480037233,0.243930050323,0.350239144961,0.162150033452,0.0817800168712,0.101864341035
T[C>G]A,0.565698808372,0.689613785444,0.932056131889,1.07669564654,0.61957488536,0.312481246529,0.0890236975075
T[C>G]C,0.28757948179,0.350573082563,0.473821431902,0.38922729772,0.314968003865,0.158853428036,0.120358957084
T[C>G]G,0.0746218721441,0.0909676155661,0.122948417914,0.143897156766,0.0817287171102,0.0412197008034,0.0141474260769
T[C>G]T,0.797220856649,0.971850187153,1.31351626857,1.84299830824,0.87314665252,0.440369616054,0.245941985091
A[C>T]A,1.61510763842,1.96889312112,2.66108210901,2.71135666417,1.76892741351,0.892154695507,0.582609462238
A[C>T]C,1.63826647519,1.99712484595,2.6992390496,1.9410210557,1.79429185378,0.904947195819,0.527251657936
A[C>T]G,2.46429946677,3.00409839758,4.06022674048,2.74104974273,2.69899465408,1.3612320864,0.999380187767
A[C>T]T,1.0857480239,1.32357854342,1.78889912509,1.3349312362,1.1891525976,0.599746527486,0.570150021571
C[C>T]A,2.33885287963,2.85117303421,3.85353855405,2.82083723139,2.56160077292,1.29193778113,1.4508041951
C[C>T]C,2.99464807269,3.6506186029,4.93403920548,2.09783838288,3.27985265104,1.65418655444,1.83129809763
C[C>T]G,2.14104703787,2.61003829379,3.52762988144,2.33532697,2.34495627957,1.18267360187,0.838271028186
C[C>T]T,2.92075131159,3.56053493223,4.81228549434,1.84850023812,3.19891810318,1.61336739117,2.10150390445
G[C>T]A,2.07205427334,2.52593282845,3.41395608846,2.84412058367,2.26939277556,1.14456331289,0.500429297429
G[C>T]C,3.68155660659,4.48799281565,6.06580278991,2.85723140194,4.03218104531,2.03362174459,0.87113651242
G[C>T]G,3.61880892316,4.41150040156,5.96241851149,2.9162539425,3.96345739203,1.99896111946,0.670383982047
G[C>T]T,2.92591401694,3.56682851589,4.82079166601,1.98146470794,3.20457249474,1.61621917126,1.06552589682
T[C>T]A,3.35681291352,4.09211478981,5.53074889561,11.8431187363,3.67650938147,1.85423951413,1.5991668354
T[C>T]C,4.28401085364,5.22241323111,7.05841788267,4.29128768455,4.69201188732,2.36640599535,3.22553931375
T[C>T]G,8.36490825959,10.1972214974,13.7821821801,2.35108172199,9.16156618907,4.62061599101,1.32278710018
T[C>T]T,3.31748610247,4.04417353444,5.46595329264,6.91624295176,3.63343715985,1.83251613279,1.32758173274
A[T>A]A,1.05815278747,1.28993863615,1.74343268792,1.93853789826,1.15892924342,0.584503444506,1.08160142465
A[T>A]C,0.246654818693,0.300683969455,0.406393177466,0.601782373305,0.270145753807,0.136247423659,0.443089421891
A[T>A]G,0.291440094058,0.355279352756,0.480182250209,0.615538759183,0.319196293492,0.160985956718,1.43635223382
A[T>A]T,0.433510349468,0.528469759351,0.714259909123,0.892880721736,0.474797049417,0.239462859706,0.65323278413
C[T>A]A,2.12648193961,2.59228274543,3.50363214812,3.89706646287,2.32900402909,1.17462811902,1.70346756641
C[T>A]C,0.38092166985,0.464361654674,0.627613798895,1.42854330046,0.417199924121,0.210413874774,1.26245296989
C[T>A]G,0.534246180636,0.651271534489,0.880234183333,1.49286306668,0.585126769268,0.295107414066,3.98437510978
C[T>A]T,0.301023322118,0.366961764106,0.495971759299,1.07972737262,0.329692209939,0.16627954936,1.46001250363
G[T>A]A,0.787909705092,0.960499450017,1.29817503791,1.47998498249,0.862948724625,0.435226313289,1.06580443304
G[T>A]C,0.168388849718,0.205274026323,0.277440676202,0.486861583834,0.184425883025,0.0930147931777,0.281093980303
G[T>A]G,0.233980158843,0.285232955542,0.385510166475,0.565541729583,0.256263983495,0.12924618298,1.02494556439
G[T>A]T,0.258555476464,0.315191437975,0.426000927888,0.449739970695,0.283179807556,0.142821120333,0.457976573141
T[T>A]A,0.5816313078,0.709036260937,0.958306821422,1.02377029858,0.637024765685,0.321282055737,0.977992158197
T[T>A]C,0.286094503881,0.348762823778,0.471374754013,0.825189024616,0.313341599488,0.158033154525,0.701350652041
T[T>A]G,0.261256758724,0.318484429683,0.430451611993,0.588846886668,0.286138354793,0.1443132572,1.39555510813
T[T>A]T,0.381345022193,0.464877741341,0.628311322281,1.04006809733,0.417663595736,0.210647726545,0.889561199253
A[T>C]A,0.598608025644,0.729731688404,0.986277985108,1.55717995525,0.6556183138,0.330659671308,1.02802004848
A[T>C]C,0.487500933218,0.594286851923,0.803215823302,1.17357567834,0.533929593525,0.269286229778,0.306134378683
A[T>C]G,0.715522417749,0.872255899733,1.17890836448,1.90405219577,0.783667409916,0.395240954566,0.602835851376
A[T>C]T,0.5342637603,0.651292964937,0.880263147922,1.1556215662,0.585146023185,0.295117124737,0.711249036604
C[T>C]A,0.328216816743,0.400111928981,0.540776279014,1.69972468631,0.359475561194,0.18130071782,0.324267326168
C[T>C]C,0.427771095728,0.521473335745,0.704803805343,2.52965038894,0.468511200083,0.236292605259,0.385182601395
C[T>C]G,0.630584672897,0.768712744103,1.0389633182,3.03580126238,0.69064035603,0.348322962172,0.351096396018
C[T>C]T,0.373098353056,0.454824658964,0.614723953131,1.2790358644,0.408631529538,0.206092423593,0.445983824244
G[T>C]A,0.571711689089,0.696943773366,0.94196306869,1.75973517299,0.626160421384,0.315802647307,0.396024743661
G[T>C]C,0.81036129389,0.987869005885,1.33516670327,1.26262465067,0.887538559975,0.447628143292,0.209737471193
G[T>C]G,0.591897798346,0.721551601793,0.975222086798,1.44316491451,0.648269017236,0.326953069562,0.304997942756
G[T>C]T,0.840908834178,1.02510791214,1.3854974125,1.27099102179,0.920995389814,0.464502022689,0.465405345629
T[T>C]A,0.364226285697,0.444009186374,0.600106165958,1.16853787587,0.398914503383,0.201191662576,0.444716166818
T[T>C]C,0.702011307364,0.855785212787,1.15664720166,2.12236774378,0.768869527113,0.387777674544,0.284786055619
T[T>C]G,0.562034471152,0.685146783881,0.926018700089,1.33347374716,0.615561563643,0.310457136446,0.270454164391
T[T>C]T,0.596761929176,0.7274812089,0.983236321404,1.42978513161,0.653596398621,0.329639922783,0.333920420892
A[T>G]A,0.198602181506,0.242105516503,0.327220737148,0.638533387168,0.217516674983,0.109704062165,0.112631603803
A[T>G]C,0.248135687849,0.302489219473,0.408833085694,0.82969766115,0.27176765812,0.137065427574,0.0326328102952
A[T>G]G,0.208037427321,0.253607530448,0.342766427871,0.553921636126,0.227850515637,0.114915912234,0.149833620407
A[T>G]T,0.881878838169,1.07505229796,1.45300037146,4.0258238031,0.965867298947,0.487133072513,0.0892313732378
C[T>G]A,0.210283623962,0.256345751115,0.346467304241,0.66397307243,0.230310635767,0.116156668474,0.0522639360182
C[T>G]C,0.314904461727,0.383883534295,0.518842589321,1.75127323025,0.344895362843,0.173947226478,0.107832714866
C[T>G]G,0.406877418088,0.496002947764,0.670378984087,1.3170368963,0.445627648382,0.224751335706,0.214541974547
C[T>G]T,1.27910169667,1.55928587785,2.10747231928,6.47664488847,1.40092090588,0.706551413399,0.207383475472
G[T>G]A,0.0620032703695,0.0755849391171,0.102157769275,0.11780934151,0.067908343738,0.0342494255374,0.0119601256221
G[T>G]C,0.112096137518,0.136650529545,0.184691731339,0.130041182853,0.122771960138,0.0619197712002,0.0199205671393
G[T>G]G,0.256420779285,0.312589140461,0.422483760155,0.47916531303,0.280841805883,0.141641954272,0.17178223203
G[T>G]T,0.461946591354,0.563134892317,0.761112002897,1.9948782452,0.505941504816,0.255170498081,0.127056092725
T[T>G]A,0.46471565514,0.566510512932,0.765674365135,0.949559782308,0.508974288962,0.256700076172,0.106409068466
T[T>G]C,0.497036391712,0.605911029897,0.818926626345,1.46705065383,0.544373190923,0.274553435422,0.0902936407401
T[T>G]G,0.302535557162,0.368805250635,0.498463346562,0.892549003898,0.331348467368,0.167114879194,0.158154319089
T[T>G]T,2.87829092869,3.50877370354,4.74232695869,10.3437375829,3.15241387428,1.58991308442,0.196975784106
