,1,3,2,5,4,7,6
A[C>A]A,0.910103892174,0.135836401817,0.48221922645,0.903312072083,0.285256443816,0.80026716957,1.6516152223
A[C>A]C,0.621300337103,0.0927313935975,0.329196447271,0.616663767423,0.194735926555,0.653278085219,1.34825477162
A[C>A]G,0.139043109115,0.020752702853,0.0736720951282,0.138005473972,0.0435806759913,0.326829960421,0.674521407678
A[C>A]T,0.63445377139,0.0946945927448,0.336165804244,0.629719041753,0.198858644764,0.576630964264,1.19006816029
C[C>A]A,0.936272227116,0.13974212345,0.496084538248,0.929285120943,0.293458459245,1.23764768281,2.55429415389
C[C>A]C,0.937754468966,0.139963353577,0.496869905198,0.930756301287,0.293923042512,1.31968301361,2.72360111319
C[C>A]G,0.357849985617,0.0534104456145,0.189607081932,0.355179463337,0.112161935791,0.35723476694,0.737271753045
C[C>A]T,2.42268858117,0.361595310623,1.28366335271,2.40460881564,0.759350152307,1.67538525436,3.45770999304
G[C>A]A,0.758411679703,0.11319577309,0.40184499447,0.752751891049,0.237711123489,0.925021660298,1.90908725636
G[C>A]C,0.70745722344,0.105590630364,0.374846737793,0.702177691922,0.221740323765,1.1823684255,2.44020717603
G[C>A]G,0.205662385995,0.0306958785067,0.108970368699,0.204127592069,0.064461344864,0.497920779939,1.02762373732
G[C>A]T,0.944035592384,0.140900834684,0.500197963129,0.93699055065,0.295891752837,0.862193982689,1.77942162385
T[C>A]A,0.959441555416,0.143200232152,0.508360824139,0.952281543809,0.300720487519,1.65532774344,3.41631470455
T[C>A]C,0.896959621597,0.133874570388,0.475254724876,0.890265893078,0.281136597814,1.47264236446,3.03928317772
T[C>A]G,0.248100068549,0.0370298609775,0.13145600647,0.2462485755,0.0777627080527,0.267159241166,0.551371199854
T[C>A]T,1.38877127007,0.20727929404,0.735841493841,1.37840730536,0.435286517484,1.74534096124,3.60208666468
A[C>G]A,0.663465403038,0.0990246870205,0.351537638923,0.658514168687,0.207951842743,0.449491809835,0.927674586256
A[C>G]C,0.418787913084,0.0625056586692,0.221895088276,0.41566263015,0.131261883205,0.221277352403,0.45667879113
A[C>G]G,0.136982090202,0.0204450880899,0.0725800627192,0.135959835798,0.0429346849888,0.0983337590194,0.202944140955
A[C>G]T,0.690640783383,0.103080713938,0.365936534479,0.685486747686,0.216469499269,0.35008214848,0.722509966012
C[C>G]A,0.435394711335,0.0649842852738,0.230694212722,0.432145497071,0.136466999075,0.425475095781,0.878108176399
C[C>G]C,0.44683069296,0.0666911482029,0.23675357612,0.443496135549,0.140051411226,0.327695523738,0.676307783034
C[C>G]G,0.17701556956,0.0264202342627,0.0937918316325,0.175694557847,0.0554824919516,0.141288760882,0.291595953309
C[C>G]T,0.570559306144,0.0851581053946,0.302311274151,0.566301400874,0.178832021329,0.426305079114,0.879821120725
G[C>G]A,0.3487696806,0.0520551762089,0.184795875542,0.346166921789,0.109315870039,0.287639788494,0.593639563488
G[C>G]C,0.395838664569,0.0590803976968,0.209735411824,0.392884644684,0.124068835163,0.317180850529,0.654607287262
G[C>G]G,0.0650899969405,0.00971492491649,0.0344879834536,0.0646042506947,0.0204013423246,0.113943860829,0.235160734051
G[C>G]T,0.37760971562,0.0563596590478,0.20007678962,0.374791732668,0.118355284,0.269508581417,0.556219838244
T[C>G]A,0.370929962778,0.0553626810117,0.196537517592,0.368161828728,0.116261630125,5.24585277518,10.8265472169
T[C>G]C,0.508613069084,0.0759123983708,0.269489014216,0.504817449166,0.159416036579,1.37245934264,2.83252247311
T[C>G]G,0.0936464766641,0.0139770860693,0.0496186555459,0.0929476223606,0.0293518807455,0.258887269485,0.534299258299
T[C>G]T,0.809275085578,0.120787326206,0.42879500803,0.803235719268,0.253653385032,6.56361663787,13.5461875292
A[C>T]A,2.20771705239,0.329510007819,1.16976052776,2.191241552,0.691971016421,1.42144287428,2.93361614479
A[C>T]C,2.14049900197,0.319477462981,1.13414499358,2.12452512882,0.670902672259,1.12123015793,2.31402819829
A[C>T]G,2.83096013882,0.422531364003,1.49998634221,2.80983357062,0.887315864406,1.31993781331,2.7241269764
A[C>T]T,1.6270117566,0.242837575612,0.862073393424,1.61486987782,0.509958908786,0.692028454729,1.42822893848
C[C>T]A,4.03464224784,0.602185410126,2.13775820595,4.00453297734,1.26458936126,2.0647879965,4.2613709715
C[C>T]C,4.6926164013,0.700390507657,2.48638630218,4.65759687592,1.47082006608,1.90724853024,3.93623632837
C[C>T]G,3.09121610626,0.461375538248,1.63788316078,3.06814732935,0.96888863032,1.48100022901,3.05653238753
C[C>T]T,4.09442439636,0.611108118859,2.16943382195,4.06386899042,1.2833270496,1.72735106187,3.5649585745
G[C>T]A,2.79632345906,0.417361710308,1.48163407159,2.77545537355,0.876459591647,1.60771217952,3.31804428538
G[C>T]C,3.80242061869,0.567525465477,2.01471540244,3.77404434542,1.1918034775,1.75890234001,3.63007504215
G[C>T]G,3.27746309161,0.489173595763,1.73656626496,3.25300441183,1.0272645511,1.46484892572,3.02319884669
G[C>T]T,3.07705715317,0.459262261667,1.63038102892,3.05409404008,0.9644507495,1.3378566615,2.76110842904
T[C>T]A,5.88653682803,0.878587586274,3.11898593127,5.84260744872,1.84503393118,8.19854954202,16.9204107569
T[C>T]C,9.93852871264,1.48336249442,5.2659368552,9.86436058792,3.11506123829,4.84988132322,10.0093295394
T[C>T]G,4.14670255373,0.618910828914,2.19713344265,4.11575701228,1.29971274072,2.43274517491,5.02077195674
T[C>T]T,4.17039614465,0.622447185769,2.20968750948,4.13927378537,1.30713909012,4.28695047191,8.84753608032
A[T>A]A,1.09514204397,0.163454036413,0.580261829266,1.08696934215,0.343253476467,0.465574439523,0.960866396462
A[T>A]C,0.776019636678,0.11582382637,0.411174583613,0.77022844536,0.243230035377,0.324329101487,0.669360060516
A[T>A]G,1.29875118468,0.193843460401,0.688144284423,1.28905901166,0.407071266842,0.409087972172,0.844287942567
A[T>A]T,1.03156683718,0.15396519958,0.546576458507,1.0238685772,0.323326919117,0.463136863548,0.955835654557
C[T>A]A,1.20704147802,0.180155444481,0.639551827906,1.1980337058,0.378326433409,0.539949481975,1.1143638245
C[T>A]C,1.07845773652,0.160963841272,0.571421636516,1.07040954446,0.338024066671,0.617307935197,1.27401850456
C[T>A]G,2.78963071085,0.416362792664,1.47808791396,2.76881257122,0.874361864595,1.39442234488,2.87785037134
C[T>A]T,1.28333556506,0.19154262165,0.679976306858,1.27375843397,0.402239505465,0.713802128708,1.47316609542
G[T>A]A,0.957685839792,0.142938185044,0.507430556905,0.95053893054,0.300170188592,0.518724503713,1.07055908213
G[T>A]C,0.456611846835,0.0681510219157,0.241936127801,0.453204295739,0.143117146023,0.269869080568,0.556963847131
G[T>A]G,0.969330744329,0.144676230497,0.513600618264,0.962096932805,0.303820084044,0.638241250488,1.3172213042
G[T>A]T,0.531544615307,0.07933501721,0.281639311096,0.527577864447,0.166603536141,0.379135206121,0.782470531781
T[T>A]A,0.977075416679,0.145832151743,0.517704138688,0.969783809092,0.306247518661,0.424374271691,0.875836262852
T[T>A]C,0.76545595475,0.114247157425,0.40557740886,0.759743596879,0.239919030593,0.352596361685,0.727698874116
T[T>A]G,1.08779389518,0.162357297788,0.576368407147,1.07967603029,0.340950325355,0.415967472379,0.858486060015
T[T>A]T,0.962346708649,0.143633837112,0.509900121747,0.955165016794,0.301631057935,0.431253755287,0.890034346018
A[T>C]A,3.10843508591,0.463945535211,1.64700665,3.08523780915,0.974285623942,0.925801784313,1.91069729954
A[T>C]C,1.32022499662,0.197048506958,0.699522199701,1.31037257127,0.413801864612,0.503618353616,1.03938255959
A[T>C]G,2.8478549844,0.425052982746,1.50893808875,2.82660233526,0.892611263767,1.06278857181,2.19341471203
A[T>C]T,2.18875469252,0.326679804854,1.15971330723,2.17242070228,0.686027590193,0.649899466061,1.34128187676
C[T>C]A,1.46430994781,0.218553723554,0.775865718615,1.45338226163,0.458962819463,0.5233636227,1.08013343408
C[T>C]C,1.16994186765,0.174618189202,0.619894571668,1.16121095819,0.366698197325,0.595074006115,1.22813145943
C[T>C]G,2.34510346634,0.350015442737,1.24255482172,2.3276026942,0.735032429748,1.07577551856,2.22021755957
C[T>C]T,1.55636278635,0.232292953186,0.824639983811,1.54474813869,0.487815201691,0.483865699734,0.998616444132
G[T>C]A,2.39167217974,0.356965996975,1.26722928926,2.37382387989,0.749628593648,0.716913843388,1.47958814487
G[T>C]C,1.17429270001,0.175267567165,0.622199863436,1.16552932165,0.368061891047,0.400356075787,0.826266794708
G[T>C]G,1.67649103507,0.250222542548,0.888290026045,1.66397990794,0.525467339351,0.654278868004,1.35032021694
G[T>C]T,1.90552917748,0.284407339923,1.00964605673,1.89130881049,0.597255413839,0.608669370759,1.25618997795
T[T>C]A,1.54514558118,0.23061874346,0.818696539282,1.53361464401,0.484299361265,0.510767843779,1.05413789035
T[T>C]C,1.44639252266,0.215879480995,0.766372157531,1.43559854861,0.453346910089,0.573900433067,1.18443280867
T[T>C]G,1.27375514276,0.190112707875,0.674900112955,1.26424950737,0.399236686537,0.51441233611,1.06165950218
T[T>C]T,1.37621930267,0.20540586607,0.729190824547,1.36594900936,0.431352318746,0.485316909933,1.00161149497
A[T>G]A,0.236155978874,0.035247161026,0.125127421642,0.234393620823,0.0740190381546,0.140967747808,0.290933436965
A[T>G]C,0.168464314975,0.0251439276083,0.0892609430094,0.167207118595,0.0528022479774,0.122728346242,0.253290416713
A[T>G]G,0.40143295861,0.0599153669568,0.212699552697,0.398437190263,0.125822270609,0.240186785247,0.495704641892
A[T>G]T,0.339013980183,0.0505991015199,0.179626810396,0.336484025107,0.106258113192,0.465598048043,0.96091512043
C[T>G]A,0.12926019392,0.0192925662567,0.0684886102114,0.128295565607,0.0405143891391,0.0816038917139,0.168416542473
C[T>G]C,0.413967595576,0.061786208295,0.219341039447,0.410878285161,0.129751037419,0.344667681917,0.711335428638
C[T>G]G,0.698863418845,0.104307972962,0.370293304015,0.693648020197,0.21904674322,0.468398690361,0.966695169468
C[T>G]T,0.974418123941,0.145435540887,0.516296170148,0.967146346897,0.305414635862,0.785053643191,1.62021709339
G[T>G]A,0.106256067766,0.015859114592,0.0562998568016,0.105463112037,0.0333041406432,0.0927666335369,0.191454541555
G[T>G]C,0.113029640449,0.0168700955894,0.0598888393423,0.112186135669,0.0354272007377,0.0878637317585,0.181335786821
G[T>G]G,0.438176907488,0.065399538431,0.23216836143,0.434906930566,0.137339030705,0.274453763373,0.566425852067
G[T>G]T,0.409234634252,0.061079796157,0.216833276357,0.406180644444,0.12826757193,0.298735342625,0.616538898609
T[T>G]A,0.346920106975,0.0517791204441,0.183815877576,0.344331150953,0.108736152933,0.186025073421,0.383924087699
T[T>G]C,0.392201649321,0.0585375596002,0.207808336581,0.389274771341,0.12292887516,0.239560119526,0.494411310511
T[T>G]G,0.459894563445,0.0686409796187,0.243675477646,0.456462514464,0.144146057199,0.322225972432,0.665019560125
T[T>G]T,0.922163627258,0.137636362277,0.488609086085,0.915281809144,0.289036360782,1.11014522729,2.29115078824
