,1,3,2,5,4,7,6
A[C>A]A,1.27483732908,1.25700743637,0.463577210575,0.30413301788,1.40661520769,2.66075166745,0.21068773442
A[C>A]C,1.05482277656,1.04007001046,0.38357191875,0.243572768962,1.12652405645,1.38293417088,0.116773615348
A[C>A]G,0.308429841553,0.304116137475,0.112156306019,0.048577806592,0.224672355488,0.264690971795,0.0142351666624
A[C>A]T,1.03851568305,1.02399098818,0.377642066563,0.256992728197,1.18859136791,1.5626596492,0.121029880931
C[C>A]A,1.62543556127,1.60270219678,0.591067476826,0.364989347057,1.68807573014,3.88611431284,0.333159701952
C[C>A]C,1.32098751648,1.3025121666,0.480359096903,0.251924830206,1.1651523397,1.93367296773,0.331755455891
C[C>A]G,0.337703080243,0.332979960239,0.122801120088,0.0546818658529,0.25290362957,0.870156169792,0.110523819323
C[C>A]T,1.40402134001,1.38438467791,0.51055321455,0.342797061828,1.58543641095,3.29202847959,0.759006905739
G[C>A]A,1.26533395391,1.24763697553,0.460121437786,0.26244554248,1.21381063397,4.98761987092,0.295369952323
G[C>A]C,1.56871709736,1.5467769981,0.570442580859,0.331324093966,1.53237393459,1.59183789675,0.162013894766
G[C>A]G,0.510810469348,0.503666266979,0.185749261581,0.0807723842964,0.373572277371,0.410974333344,0.0398525608106
G[C>A]T,1.09922528335,1.08385150316,0.399718284855,0.38641004786,1.78714647135,3.33308060512,0.266411133057
T[C>A]A,2.19257312015,2.16190776182,0.797299316416,0.348701126617,1.6127427106,2.84650396896,0.339677110135
T[C>A]C,1.66151822024,1.63828020318,0.604188443725,0.308274250347,1.42576840786,2.03139259998,0.161377676362
T[C>A]G,0.253888519289,0.250337630907,0.0923230979233,0.057336617845,0.265181857533,0.61533748422,0.0376212664961
T[C>A]T,2.01608472951,1.98788774029,0.733121719822,0.978844469719,4.52715567245,4.90808047625,0.533969915243
A[C>G]A,0.479430939478,0.472725611653,0.174338523447,0.183127366761,0.846964071268,0.449070598298,0.0662274842903
A[C>G]C,0.243939527408,0.240527785766,0.0887052826938,0.0957696089939,0.442934441597,0.265027565957,0.0430070306133
A[C>G]G,0.0237619350123,0.0234296002569,0.00864070364083,0.0296092990264,0.136943007997,0.305773978592,0.00450149698511
A[C>G]T,0.400014872897,0.39442025929,0.145459953781,0.170639695812,0.789208593129,0.514874242575,0.0690647375896
C[C>G]A,0.423746566001,0.417820040602,0.154089660364,0.13640463251,0.63087142536,0.316922998599,0.0288633766719
C[C>G]C,0.361721594366,0.356662551089,0.131535125224,0.11825251863,0.546917898664,0.371493985252,0.0353825987728
C[C>G]G,0.100639957362,0.0992324055112,0.0365963481318,0.0326482680204,0.150998239594,0.371406833787,0.0136234008314
C[C>G]T,0.472356141595,0.465749761992,0.171765869671,0.181753309401,0.840609055978,0.448729415397,0.0634338110312
G[C>G]A,0.195371278793,0.192638813355,0.0710441013793,0.0953281874095,0.440892866769,0.541292159664,0.0229924315796
G[C>G]C,0.286184750231,0.282182166311,0.104067181902,0.0876099009955,0.405195792104,0.536036702633,0.0554736869758
G[C>G]G,0.079361690312,0.0782517366013,0.0288587964771,0.0185308792669,0.0857053166092,0.100309049746,0.00152013228224
G[C>G]T,0.282827352666,0.278871725356,0.10284631006,0.13423882191,0.620854551333,0.277318483417,0.0605882989422
T[C>G]A,5.58206082576,5.50399004498,2.02984030028,0.134812662912,0.623508565969,0.358179792328,0.188465127333
T[C>G]C,1.51713956122,1.4959208261,0.551687113171,0.159314965966,0.736831717595,0.46871433287,0.0830842032091
T[C>G]G,0.229810090267,0.226595963131,0.0835673055517,0.0161926620512,0.0748910619867,0.165573100927,0.00812129365969
T[C>G]T,6.64366061921,6.55074228887,2.4158765888,0.261259555791,1.20832544553,0.706002724202,0.256040228077
A[C>T]A,1.45439307769,1.43405191577,0.528870210071,0.336115842748,1.55453577271,5.04012685865,0.405536925035
A[C>T]C,3.96376431436,3.90832705122,1.44136884159,0.257750243571,1.19209487652,5.80892406929,0.346419250915
A[C>T]G,1.31776063167,1.29933041304,0.479185684242,0.506789231432,2.34390019537,4.06214756018,0.790049769257
A[C>T]T,2.47025615401,2.43570711689,0.898274965094,0.234478598221,1.08446351677,3.65725598156,0.296328001245
C[C>T]A,4.08852042482,4.03133832098,1.48673469994,0.416703791263,1.92725503459,4.84883310741,0.32647080754
C[C>T]C,7.85273194323,7.74290352444,2.85553888845,0.367426964198,1.69934970942,7.02409476609,0.433140887098
C[C>T]G,1.98298908009,1.95525496708,0.721086938214,0.32891755066,1.5212436718,3.86066003798,0.764365879872
C[C>T]T,5.66169472616,5.58251018453,2.05879808224,0.438270453162,2.02700084588,4.61370258207,0.370646004108
G[C>T]A,1.56511676757,1.54322702257,0.569133370024,0.461691102911,2.13532135097,4.52494618526,0.633803024826
G[C>T]C,4.19948165669,4.14074764751,1.5270842388,0.892489443301,4.12776367527,6.5286335498,0.807008123707
G[C>T]G,1.3875095812,1.3681038528,0.50454893862,1.1659950824,5.39272725612,4.42692707724,0.914566581741
G[C>T]T,2.78025680037,2.74137208988,1.01100247286,0.630041231808,2.91394069711,3.66490867465,0.626527717124
T[C>T]A,7.72484161032,7.61680186752,2.80903331284,0.523081152412,2.41925032991,5.6586344215,0.372514012854
T[C>T]C,14.8790110494,14.6709129928,5.41054947251,0.852000598793,3.94050276942,8.52149797193,0.598029572828
T[C>T]G,4.24165871775,4.1823348196,1.54242135191,0.773931423248,3.57943283252,2.43996345801,0.470550319824
T[C>T]T,6.54632485185,6.45476786091,2.38048176431,0.499070433752,2.3082007561,5.20829413203,0.360181502674
A[T>A]A,0.599428927485,0.591045306121,0.217974155449,0.242901560654,1.12341971803,1.16491165637,0.173176150004
A[T>A]C,0.535825552868,0.528331489192,0.194845655589,0.164324810905,0.760002250436,0.927702387336,0.0967100917314
A[T>A]G,0.533454991537,0.525994082565,0.193983633286,0.128359665998,0.593663455239,0.950961208202,0.138109288416
A[T>A]T,0.935237148772,0.922156908929,0.340086235917,0.259537839738,1.20036250879,1.50178720941,0.247746323845
C[T>A]A,0.415863166784,0.410046898717,0.15122296974,0.343334926603,1.58792403554,0.969142587983,0.132894342302
C[T>A]C,0.692204730228,0.68252354519,0.251710810992,0.330059727105,1.52652623786,1.26494715134,0.142740354232
C[T>A]G,0.789004105415,0.777969082961,0.286910583787,0.261209188484,1.20809249674,1.93024260792,0.259810833506
C[T>A]T,0.862264489088,0.850204845884,0.313550723305,0.310347336954,1.43535643341,1.40589850487,0.146912878942
G[T>A]A,0.313235934384,0.308855012225,0.11390397614,0.149069815828,0.689447898202,0.942805733247,0.0810593042312
G[T>A]C,0.361904179509,0.356842582593,0.131601519822,0.11117550387,0.514186705399,0.64527057602,0.0723090802521
G[T>A]G,0.397323835789,0.391766859065,0.144481394832,0.130923451368,0.605520962579,1.08274687852,0.0850941960439
G[T>A]T,0.491653421866,0.484777150232,0.178783062497,0.141389876413,0.65392817841,1.19383788311,0.0710947253915
T[T>A]A,0.710378938276,0.70044356851,0.258319613919,0.197371618922,0.912843737515,1.23041120722,0.243360776253
T[T>A]C,0.515322388028,0.508115081902,0.187389959283,0.19594390488,0.906240560071,0.849121822752,0.0751047955324
T[T>A]G,0.548968350025,0.541290471004,0.199624854555,0.148304574009,0.685908654793,0.613282416139,0.191143477307
T[T>A]T,0.991026944662,0.977166427954,0.360373434423,0.326585437913,1.51045765035,1.06092821054,0.172732493506
A[T>C]A,1.30464583258,1.28639903772,0.474416666393,0.456800995542,2.11270460438,2.03518907933,0.4860320066
A[T>C]C,0.652646498896,0.643518575834,0.237325999598,0.252506185348,1.16784110724,1.30624914551,0.232857574241
A[T>C]G,1.05719493225,1.04240898914,0.384434520817,0.319127877662,1.47596643418,2.19292002856,0.534089497496
A[T>C]T,1.17540970254,1.158970406,0.427421710013,0.394083210409,1.82263484814,1.7185400218,0.369495456966
C[T>C]A,0.737771894389,0.727453406356,0.268280688869,0.322834465998,1.49310940524,0.852749295548,0.26771519006
C[T>C]C,0.878693558197,0.866404137802,0.319524930253,0.583295081757,2.69773975312,1.02128943489,0.231954815303
C[T>C]G,0.978261517854,0.964579538583,0.355731461038,0.535251728053,2.47553924224,1.53638932841,0.565875333663
C[T>C]T,1.27246079528,1.2546641408,0.462713016464,0.393220177905,1.81864332281,1.17062664986,0.353144880757
G[T>C]A,1.28946630412,1.27143181036,0.468896837862,0.267970346548,1.23936285278,1.93582011628,0.270238762588
G[T>C]C,0.819392306113,0.807932273859,0.297960838586,0.437439199821,2.02315629917,1.29529998844,0.188104228209
G[T>C]G,0.99142142513,0.977555391212,0.360516881866,0.266415565148,1.23217198881,1.82747404952,0.295863518078
G[T>C]T,1.3962730507,1.37674475629,0.507735654801,0.238006279233,1.10077904145,1.89980148379,0.226229608924
T[T>C]A,0.939403973413,0.926265456303,0.341601444878,0.293579039081,1.35780305575,0.992895678595,0.254710573112
T[T>C]C,0.836870386855,0.82516590592,0.304316504311,0.460037142247,2.12767178289,1.46522564752,0.242083571171
T[T>C]G,0.653260203699,0.644123697354,0.237549164982,0.271112861067,1.25389698243,1.01573777486,0.258696717277
T[T>C]T,1.11303059199,1.09746373056,0.404738397087,0.39727050583,1.83737608947,0.995213073244,0.347901101438
A[T>G]A,0.579758123661,0.571649618435,0.210821135877,0.179504293548,0.830207357658,0.467352118175,0.293234649521
A[T>G]C,0.17989176331,0.177375794592,0.0654151866582,0.180370660211,0.834214303476,0.260885148123,0.0621181732898
A[T>G]G,0.295822395132,0.291685018977,0.107571780048,0.152739028643,0.706418007474,0.700432564812,0.0663817658178
A[T>G]T,0.618118120925,0.609473112241,0.224770225791,0.846349044655,3.91436433153,0.714346562057,0.195135996985
C[T>G]A,0.365299668636,0.360190582362,0.13283624314,0.152963684959,0.707457042935,0.270655482407,0.184365581004
C[T>G]C,0.351449984562,0.346534600163,0.127799994386,0.367998535427,1.70199322635,0.637979709769,0.120603617111
C[T>G]G,0.506995846595,0.499904995594,0.184362126035,0.286509191753,1.32510501186,1.04449758731,0.204785823694
C[T>G]T,1.70673746434,1.68286701029,0.620631805214,1.46742554532,6.78684314712,1.66162784398,0.523535430911
G[T>G]A,0.125770717244,0.124011686234,0.0457348062707,0.0453331359571,0.209665753801,0.27985708835,0.0627378208962
G[T>G]C,0.0610051036875,0.0601518854542,0.0221836740682,0.0560868255665,0.259401568245,0.193931860997,0.0289896395759
G[T>G]G,0.328633030995,0.324036764827,0.119502920362,0.176000484557,0.814002241076,0.753259813236,0.0758070617844
G[T>G]T,0.602781254693,0.594350747634,0.219193183525,0.514211369002,2.37822758164,0.795383645793,0.207774491869
T[T>G]A,0.785702352654,0.774713508561,0.28570994642,0.272459550738,1.26012542216,0.536537443822,0.440708412362
T[T>G]C,0.320582324379,0.316098655507,0.116575390683,0.334409543402,1.54664413823,0.498993820217,0.0983816792037
T[T>G]G,0.360520471503,0.355478227146,0.131098353274,0.220730639965,1.02087920984,0.751938596962,0.0964443323914
T[T>G]T,1.65038768783,1.62730534254,0.600140977392,2.25509512596,10.4298149576,0.772789854184,0.534010067252
