,1,3,2,5,4,7,6
A[C>A]A,0.237765535806,1.82561122685,1.96756590786,2.4289261897,1.3026643252,0.167834495863,0.937075935234
A[C>A]C,0.183326263614,1.43921063251,1.61618938507,1.99515793053,1.07002883425,0.129406774316,0.722521156595
A[C>A]G,0.0281547000383,0.651828597701,0.177118869354,0.218650190444,0.117264906607,0.0198739059094,0.110962641328
A[C>A]T,0.165076159336,1.39311431894,1.54933862442,1.91263181911,1.0257690203,0.116524347767,0.650594275032
C[C>A]A,0.258543255895,2.9211880312,2.23474759883,2.75875738062,1.47955703095,0.182501121808,1.01896459676
C[C>A]C,0.183555933016,2.45645136538,1.99003545358,2.45666445648,1.31754071409,0.129568893893,0.723426324238
C[C>A]G,0.0364029674295,1.02554665383,0.330999284517,0.408612909852,0.219144353887,0.0256962123032,0.143470518693
C[C>A]T,0.205727949901,3.77233549447,2.71234975914,3.34834901301,1.79576259916,0.145219729342,0.810810155492
G[C>A]A,0.17183055988,2.46422721514,1.64136422994,2.02623584248,1.08669631775,0.121292159915,0.677214559527
G[C>A]C,0.168507657528,3.67408786652,1.03970459958,1.28349740224,0.688356148689,0.118946581785,0.664118414965
G[C>A]G,0.0360130339029,1.35839045215,0.113788243167,0.140469624323,0.0753356644414,0.025420965108,0.141933721853
G[C>A]T,0.200022069611,2.61087038037,1.58541451105,1.95716687916,1.04965374525,0.141192049137,0.788322274351
T[C>A]A,0.299034926577,2.02488568337,2.50104209843,3.0874933491,1.65586235482,0.211083477584,1.17854941651
T[C>A]C,0.24528845903,2.57549496266,1.67993669721,2.07385288828,1.11223395126,0.173144794609,0.966725103236
T[C>A]G,0.0511842575033,0.598954801058,0.207590039066,0.256266324088,0.137438922416,0.03613006412,0.201726191337
T[C>A]T,0.309371486266,2.51197331639,3.07985494711,3.80202783126,2.03907637877,0.218379872658,1.21928762234
A[C>G]A,0.119962001008,0.74551487122,0.922717447964,1.13907878059,0.610902586238,0.0846790595352,0.472791415738
A[C>G]C,0.0574989113176,0.479481933366,0.345404109826,0.426395418337,0.228681341678,0.0405874668125,0.22661335637
A[C>G]G,0.0244870700548,0.0422351877882,0.082353681504,0.101664199926,0.0545238167199,0.0172849906269,0.0965078643335
A[C>G]T,0.136635493523,0.554191374539,0.804865154913,0.993592156754,0.532876240494,0.0964485836635,0.538504592121
C[C>G]A,0.0957672529428,0.688433457059,0.681374867953,0.841145526645,0.451117153955,0.067600413842,0.377435643951
C[C>G]C,0.0849255811838,0.611126210498,0.521376625845,0.643630455353,0.345187283318,0.059947469071,0.334706702313
C[C>G]G,0.0425136694904,0.102282362867,0.114485213304,0.141330021941,0.0757971067391,0.0300096490521,0.167553873874
C[C>G]T,0.155977025994,0.592311318974,0.54987002946,0.678805070851,0.364051881573,0.110101430114,0.614732984801
G[C>G]A,0.0793867174389,0.347268987934,0.462244002616,0.570632251505,0.306037408629,0.056037682898,0.312877062847
G[C>G]C,0.0684297350624,0.512028168288,0.33713806946,0.416191134024,0.223208652884,0.048303342397,0.269693661716
G[C>G]G,0.0100478655468,0.149977885959,0.0475759679358,0.0587317121415,0.0314985718748,0.00709261097419,0.0396004112726
G[C>G]T,0.0855652540797,0.436583746919,0.430519601812,0.531469025685,0.285033667407,0.0603990028798,0.337227766079
T[C>G]A,0.734698669214,2.66420687348,7.01188237971,8.65604790323,4.64234971346,0.518610825328,2.89557710808
T[C>G]C,0.264852219377,0.977479686379,1.84871690149,2.28220914046,1.2239780865,0.186954507796,1.04382933519
T[C>G]G,0.0344166667762,0.143909833921,0.324446185544,0.400523222154,0.214805750429,0.0242941177244,0.135642157295
T[C>G]T,0.990393897898,3.31788758442,8.80217498408,10.8661332562,5.82764688601,0.699101574987,3.90331712701
A[C>T]A,0.417443816164,3.05343177225,2.91118452524,3.59380710357,1.92740492706,0.294666223174,1.64521974606
A[C>T]C,0.390305218871,2.58910650954,1.83149866205,2.26095352073,1.21257842453,0.275509566262,1.53826174496
A[C>T]G,0.244851706483,7.46029527242,3.62071106164,4.46970537955,2.39716042702,0.172836498694,0.965003784376
A[C>T]T,0.282828996523,1.94627499367,1.95937794314,2.41881828843,1.29724332787,0.199643997546,1.1146789863
C[C>T]A,0.510010195537,2.6443322823,2.53856181356,3.13381079053,1.6807029938,0.36000719685,2.01004018241
C[C>T]C,0.533065515013,3.09468570015,2.87239611603,3.54592348117,1.90172432509,0.376281540009,2.10090526505
C[C>T]G,0.17332142679,5.92681251467,2.67919964212,3.3074257651,1.77381493547,0.122344536558,0.683090329115
C[C>T]T,0.484898147396,3.07573647295,4.39607828718,5.42688285107,2.91050700393,0.34228104522,1.91106916915
G[C>T]A,0.413910682093,4.90935539632,2.80161274472,3.45854262969,1.85486085168,0.292172246183,1.63129504119
G[C>T]C,0.638894103063,7.02821122204,3.36237015779,4.1507879879,2.22612093206,0.45098407275,2.51799440619
G[C>T]G,0.50396671181,9.28571865924,3.33041969101,4.11134568752,2.20496751957,0.355741208337,1.98622174655
G[C>T]T,0.416298177483,4.92504224032,3.80285016905,4.69455296731,2.51774907744,0.293857537047,1.64070458185
T[C>T]A,0.799445814828,3.35032359181,4.53705084358,5.60091104138,3.00384055851,0.564314692819,3.15075703491
T[C>T]C,0.780608690741,2.79290053069,2.31717546614,2.86051316165,1.53412996379,0.551017899346,3.07651660468
T[C>T]G,0.192661537504,3.81440050016,1.7267551139,2.13164941647,1.14323097196,0.135996379414,0.759313118398
T[C>T]T,0.576047385254,2.46731223101,2.57936767241,3.18418491973,1.70771928656,0.406621683709,2.27030440071
A[T>A]A,0.357057770569,1.59411015684,1.41921910923,1.75200152105,0.939620927489,0.252040779225,1.40722768401
A[T>A]C,0.203801431185,0.617537118176,0.991925141035,1.22451448445,0.656722851995,0.143859833778,0.80321740526
A[T>A]G,0.440775387017,0.502265521126,0.995006405558,1.22831825238,0.658762861611,0.311135567306,1.73717358413
A[T>A]T,0.275439622627,0.91490068899,1.60597172607,1.98254440667,1.06326403933,0.194427968913,1.08555615976
C[T>A]A,0.514312148783,2.93689374058,1.69410604475,2.09134470352,1.12161503653,0.363043869729,2.02699493932
C[T>A]C,0.621269220303,0.967425788675,1.52455268598,1.88203400545,1.00935901968,0.438542979037,2.44853163296
C[T>A]G,1.24175056954,1.22952222986,3.42857849174,4.23252103463,2.26995541522,0.876529813792,4.89395812701
C[T>A]T,0.54111665986,1.66846086429,2.4282341472,2.99761318861,1.60765846987,0.381964701078,2.13263624768
G[T>A]A,0.303578992806,1.29383391189,1.8022107462,2.22479809359,1.19318780438,0.214291053745,1.19645838341
G[T>A]C,0.144124852523,0.511981478411,0.577965272689,0.713488164216,0.382652870194,0.101735190016,0.56802147759
G[T>A]G,0.338372038079,0.651098633889,1.90934685548,2.35705577332,1.26411929742,0.238850850408,1.33358391478
G[T>A]T,0.157486979751,0.599646761121,1.55622700203,1.9211354025,1.03032960134,0.111167279824,0.620683979019
T[T>A]A,0.305751089762,0.913326659055,1.54799469257,1.91097275842,1.02487924474,0.215824298656,1.20501900083
T[T>A]C,0.342599451954,0.582039005891,0.785632355509,0.96984959749,0.520142800889,0.241834907262,1.35024489888
T[T>A]G,0.437349411362,0.519568467916,0.963917844304,1.18993995952,0.638180090022,0.30871723155,1.72367120949
T[T>A]T,0.40918292274,0.634178109891,1.72581078517,2.13048365894,1.14260576122,0.288835004287,1.61266210727
A[T>C]A,0.72410310268,2.1915972263,1.85714207947,2.29260987741,1.22955613537,0.511131601892,2.85381811056
A[T>C]C,0.278812752533,1.14688562157,0.934039369424,1.15305549743,0.618398479067,0.196809001788,1.09885025998
A[T>C]G,0.410980001507,2.26584248613,1.90894416423,2.35655865791,1.26385268804,0.290103530475,1.61974471182
A[T>C]T,0.491532377929,1.58240359488,1.73960868041,2.14751692271,1.15174091944,0.346964031479,1.93721584243
C[T>C]A,0.37354536804,1.05193246653,0.813995817541,1.00486380234,0.538921368854,0.263679083322,1.47220821521
C[T>C]C,0.656559524746,2.05390400309,1.07608336386,1.32840635952,0.712441399519,0.463453782174,2.58761695047
C[T>C]G,0.592078159973,2.80352554994,1.33327452486,1.64590441344,0.882719685423,0.417937524687,2.33348451283
C[T>C]T,0.308965371928,3.66868410443,0.932455195396,1.1510998619,0.617349646607,0.218093203714,1.21768705407
G[T>C]A,0.244501062003,1.59535362858,1.13942986454,1.40660652243,0.754381151696,0.172588984943,0.963621832599
G[T>C]C,0.290991267693,1.64795793224,0.550006855868,0.678973980693,0.364142470092,0.205405600724,1.14684793738
G[T>C]G,0.274108868952,1.36792929865,1.11381476626,1.37498512525,0.737422190076,0.193488613378,1.08031142469
G[T>C]T,0.189136901454,1.35277738985,1.19790337509,1.47879106304,0.793094648337,0.133508401026,0.745421905729
T[T>C]A,0.351629092712,1.11592791685,0.97198946705,1.19990423863,0.643524060943,0.248208771326,1.38583230657
T[T>C]C,0.514864926318,1.19063211764,0.709708787203,0.876123261444,0.469876162562,0.363434065637,2.02917353314
T[T>C]G,0.331295811298,1.12958108956,0.641208150326,0.791560406264,0.424524016768,0.233855866798,1.30569525629
T[T>C]T,0.356833781682,1.00048392133,1.13202782513,1.3974688324,0.749480491119,0.251882669423,1.40634490428
A[T>G]A,0.133665506883,0.171020531553,0.416838099612,0.514579447107,0.275975569398,0.0943521225058,0.526799350657
A[T>G]C,0.214002547267,0.368005637752,0.0752604402246,0.0929077158635,0.0498276018039,0.151060621601,0.843421803936
A[T>G]G,0.163628475871,0.387220662541,0.601135022172,0.742090820475,0.397992842266,0.115502453556,0.64488869902
A[T>G]T,0.99765367775,1.179823781,0.274704278101,0.339117695035,0.181873177225,0.704226125471,3.93192920055
C[T>G]A,0.122769624406,0.0369061392869,0.119067664106,0.146986978448,0.0788310052012,0.0866609113457,0.483856755014
C[T>G]C,0.450282977165,0.972623752092,0.346844344049,0.428173362654,0.22963487606,0.317846807411,1.77464467471
C[T>G]G,0.311384819227,0.903256277446,0.8860122993,1.09376690741,0.586601246433,0.219801048866,1.22722252284
C[T>G]T,1.43503728971,7.91158243906,0.746363724389,0.921373149419,0.494144258906,1.01296749862,5.65573520062
G[T>G]A,0.0177047129889,0.0713488285485,0.278968379158,0.34438165427,0.184696306201,0.0124974444627,0.0697773982503
G[T>G]C,0.04380730102,0.424702281324,0.0811314424182,0.100155366847,0.0537146101527,0.03092280072,0.17265230402
G[T>G]G,0.121662723174,0.53318966764,0.754581055806,0.931517303374,0.499584699016,0.0858795692992,0.47949426192
G[T>G]T,0.4364206811,2.27884924828,0.460464336135,0.568435283918,0.304859146682,0.308061657247,1.72001091963
T[T>G]A,0.188682489369,0.190983894349,0.321576511301,0.396980658778,0.212905828171,0.133187639555,0.743630987513
T[T>G]C,0.391380291356,0.478616103868,0.239277797387,0.295384315394,0.158418403787,0.276268440957,1.54249879534
T[T>G]G,0.232481912955,0.468163364627,0.690525690129,0.852442058848,0.457175629327,0.164104879733,0.916252245176
T[T>G]T,2.59160667768,2.28846953474,0.718121942281,0.886509156333,0.475446251441,1.82936941954,10.2139792591
