,1,3,2,5,4,7,6
A[C>A]A,3.53399223621,1.36068150271,0.742013217311,1.98432719145,2.74026135963,2.70246465122,2.1397811471
A[C>A]C,2.46473177418,0.948987634979,0.50194507614,1.38394030101,1.91115565378,1.88479488614,1.29849811927
A[C>A]G,1.78110782921,0.68577413745,0.211893614343,1.00008728378,1.3810729157,1.3620236341,0.358309128434
A[C>A]T,2.72152483888,1.04785983101,0.793373987774,1.52812892023,2.11027327079,2.08116605326,1.41873456401
C[C>A]A,6.53630321304,2.51665150449,1.18985586492,3.67011677738,5.06825650209,4.99834951586,2.23795612577
C[C>A]C,3.6549530505,1.40725465046,0.687644657716,2.05224636525,2.8340545044,2.79496409744,1.49897584131
C[C>A]G,1.99290010523,0.767319826612,0.291302137689,1.11900808048,1.54529687304,1.52398243341,0.472942835957
C[C>A]T,3.05233043908,1.17522883216,2.0203880572,1.71387538023,2.36678028699,2.33413504165,2.61372395019
G[C>A]A,5.89486260895,2.26967972109,1.21319472101,3.30994959326,4.57088277164,4.50783611273,2.49789011033
G[C>A]C,9.49025153621,3.65400059148,1.28749998593,5.32875086258,7.35875119118,7.25725117475,1.5298521046
G[C>A]G,3.85542320561,1.48444102034,0.438392862974,2.16480982133,2.98949927707,2.94826480429,0.467321044035
G[C>A]T,5.09989265331,1.96359503229,1.84090445693,2.86357608876,3.95446221781,3.89991791135,2.07584078906
T[C>A]A,3.94340855895,1.51831773393,0.875418886207,2.21421336198,3.05772321416,3.01554772155,3.09180556794
T[C>A]C,6.20194032569,2.38791285267,1.10085747775,3.48237291015,4.80899116163,4.74266024906,2.06975962877
T[C>A]G,1.25140785696,0.481825485031,0.220982952604,0.702662165671,0.970342990688,0.956958949437,0.526058261006
T[C>A]T,6.61009153373,2.5450619809,1.7789422662,3.71154872215,5.12547204487,5.05477587873,7.89712590343
A[C>G]A,1.35984329019,0.52357602617,0.23625729762,0.763548371497,1.05442394159,1.03988016309,1.00404629952
A[C>G]C,0.872963374857,0.336114240587,0.155998060656,0.490166600856,0.676896734515,0.667560227832,0.636149094329
A[C>G]G,0.0337386112945,0.0129902674503,0.0354982690861,0.0189441400317,0.0261609552819,0.0258001145193,0.202873031642
A[C>G]T,0.661590603013,0.254730071748,0.182730460396,0.371481354633,0.51299806116,0.505922225834,0.994649307615
C[C>G]A,1.46304331707,0.563310795879,0.190718553056,0.821494910657,1.13444535281,1.1187978307,0.652145735884
C[C>G]C,1.55948337346,0.600442796199,0.207410739187,0.875645744458,1.20922507568,1.19254610912,0.662556596306
C[C>G]G,0.187963109375,0.0723708228609,0.0512001743693,0.105540783339,0.145746796039,0.143736495404,0.265532712674
C[C>G]T,1.04629733175,0.402852448588,0.20889449613,0.587493154192,0.811300070074,0.80010972428,0.880900530965
G[C>G]A,0.619161495823,0.238393731012,0.109595386303,0.347657524393,0.480098486066,0.473476437982,0.472802797054
G[C>G]C,0.961950741593,0.370376756121,0.148874577249,0.540132769344,0.745897633856,0.73560939063,0.607321007261
G[C>G]G,0.469187073775,0.180649568512,0.0546125018368,0.263447287414,0.363808158809,0.358790115239,0.130084976268
G[C>G]T,0.474494811771,0.182693189559,0.122346518993,0.266427568107,0.367923784528,0.362848973707,0.613467120514
T[C>G]A,1.25757505748,0.48420002213,0.211074787993,0.706125032273,0.975125044567,0.961675043953,0.528130885983
T[C>G]C,0.949542766459,0.365599353931,0.197436916692,0.533165724482,0.736276476666,0.726120939057,0.788934430167
T[C>G]G,0.204275776433,0.0786516358457,0.0332579318653,0.114700302275,0.158395655523,0.15621088786,0.131028010551
T[C>G]T,1.32808931959,0.511349898452,0.30131726736,0.74571860191,1.02980187883,1.01559771498,1.02504377907
A[C>T]A,2.47080831783,0.951327266757,1.07700775827,1.38735226402,1.91586741222,1.88944165481,2.69997863769
A[C>T]C,2.05128863417,0.789800971446,1.3326428137,1.15179308336,1.59057140083,1.56863248496,2.8604305919
A[C>T]G,5.03214350322,1.93750979803,2.80873602315,2.82553512213,3.90192945437,3.84810973776,4.91968562794
A[C>T]T,1.53705714101,0.591808097074,0.88943619596,0.8630534749,1.19183575105,1.17539663724,2.28989590932
C[C>T]A,2.48419853377,0.95648285792,1.02807244875,1.39487083447,1.92625019998,1.8996812317,3.36493931856
C[C>T]C,2.24496751944,0.864372520855,1.94450431177,1.26054325958,1.74075021561,1.71673986781,4.94611572247
C[C>T]G,3.24922300255,1.2510377336,1.71916146167,1.82443002817,2.51945099128,2.48469994312,3.67213813273
C[C>T]T,2.4586806372,0.946657785446,1.85127169939,1.38054260377,1.90646359569,1.88016754609,4.73527858302
G[C>T]A,3.43610638071,1.32299283108,1.88680179976,1.92936454532,2.66436056259,2.62761076172,3.32804469115
G[C>T]C,3.43694785216,1.32331682008,3.23075159891,1.92983702929,2.66501304045,2.62825423989,5.77106403818
G[C>T]G,4.04708251577,1.55823497933,3.61712890129,2.27242601153,3.13811211116,3.09482780618,4.20158264934
G[C>T]T,3.03420557098,1.16825027332,2.39970243464,1.70369831526,2.35272624488,2.3202748484,4.45071487148
T[C>T]A,3.99046840807,1.53643703412,1.22062167042,2.24063734143,3.0942134715,3.05153466499,3.11241868718
T[C>T]C,4.03525650611,1.55368164941,1.25476237006,2.26578573873,3.12894221062,3.08578438703,3.39125199292
T[C>T]G,4.54581822329,1.75026156191,1.18514884593,2.55246477778,3.52483231217,3.47621393545,5.26316257163
T[C>T]T,2.79126978139,1.07471349872,1.04381395281,1.56729051896,2.1643535738,2.13450042106,3.19845664996
A[T>A]A,3.13165616737,1.20577135856,0.185379731002,1.75841656457,2.42828954154,2.3947958927,1.31348261556
A[T>A]C,0.498211788573,0.191824859771,0.158285243803,0.279744587166,0.386313953706,0.380985485379,1.17846426294
A[T>A]G,0.969885083824,0.373431690028,0.184721718795,0.544587881292,0.752049931307,0.741676828807,1.3287977067
A[T>A]T,0.914374764427,0.352058732827,0.295779927001,0.513418985373,0.709007170278,0.699227761032,1.50252242036
C[T>A]A,6.17425914265,2.37725485706,0.134912688835,3.46682999988,4.7875271427,4.72149228556,0.924273512767
C[T>A]C,1.04629282983,0.402850715227,0.195878075457,0.587490626372,0.811296579276,0.800106281631,0.98902066888
C[T>A]G,2.72628209152,1.04969150048,0.259708345005,1.53080010486,2.11396204957,2.08480395234,2.0365414884
C[T>A]T,1.67318991501,0.644222854976,0.217329489218,0.939491663506,1.2973932496,1.2794981703,1.24162855293
G[T>A]A,2.96676307896,1.14228311061,0.117822544951,1.66582953631,2.30043126443,2.26870117803,0.78561700711
G[T>A]C,0.67503950097,0.259908257058,0.13873501836,0.379032874876,0.52342635102,0.516206677212,0.673179940453
G[T>A]G,1.266578393,0.487666547039,0.128098909947,0.711180381098,0.982106240564,0.968559947591,0.881948070147
G[T>A]T,0.761063765102,0.293029898863,0.144987324247,0.427335269175,0.590129657432,0.581989938019,0.641718107935
T[T>A]A,1.75242303173,0.674729723445,0.231338665055,0.983980846691,1.35883069305,1.34008820073,1.46689048679
T[T>A]C,0.972147182216,0.374302658393,0.173801646246,0.54585804349,0.75380396482,0.743406668753,0.811061491604
T[T>A]G,1.33517249801,0.514077111534,0.212065835614,0.749695787654,1.03529418295,1.02101426319,1.17887192463
T[T>A]T,0.839058023477,0.323059773745,0.200754229591,0.471128836712,0.650606488793,0.641632606189,1.27109494382
A[T>C]A,2.49428160558,0.960365110171,0.552455881332,1.40053245233,1.93406862465,1.90739181603,4.02455631953
A[T>C]C,0.859974206967,0.331113063645,0.283902483681,0.482873217816,0.666824919841,0.65762733474,1.80778061746
A[T>C]G,1.81577032254,0.699120124185,0.432151428868,1.0195501811,1.40795025009,1.38853024664,3.27572543484
A[T>C]T,2.07163889152,0.797636364651,0.471978462264,1.16321969845,1.60635101214,1.58419444646,3.13522923238
C[T>C]A,0.848423607871,0.326665774154,0.210212146608,0.476387587307,0.657868572948,0.648794523666,2.03439584826
C[T>C]C,1.25639188425,0.483744468802,0.312503928341,0.705460683669,0.974207610781,0.960770264426,1.61635309103
C[T>C]G,1.16342748461,0.447950689261,0.327188492206,0.653261421839,0.902122915873,0.889679841171,2.56451509547
C[T>C]T,1.07721128258,0.414755146233,0.329754273083,0.604851254923,0.835270780608,0.823749804324,2.52604828289
G[T>C]A,1.21889975655,0.469308997175,0.452336895829,0.684408954213,0.945136174866,0.932099813833,4.30159341684
G[T>C]C,1.07536057833,0.414042575614,0.666943077334,0.603812089436,0.833835742555,0.822334559899,2.44804021116
G[T>C]G,0.90997467012,0.35036457887,0.368442704739,0.510948344185,0.705595332446,0.695862983033,2.91963402066
G[T>C]T,1.4003909041,0.539187941685,0.455523219234,0.78631574829,1.08586460478,1.07088716196,3.47461535298
T[T>C]A,1.1499639723,0.442766877034,0.308579469562,0.645701695675,0.891683294027,0.879384214109,2.44629511259
T[T>C]C,0.968607227037,0.372939680998,0.336808690223,0.543870368123,0.751059079788,0.740699644205,2.26543737595
T[T>C]G,0.748032087973,0.288012354728,0.250449170159,0.420018017311,0.580024881049,0.572024537862,1.81425997887
T[T>C]T,1.04480302819,0.402277101761,0.338522262997,0.586654106735,0.810141385491,0.798967021554,2.70429259883
A[T>G]A,0.289529169026,0.111476471497,0.167471776083,0.162569854266,0.22450122732,0.221404658667,1.12404731043
A[T>G]C,0.263960404647,0.101631813554,0.0873857615996,0.148213061433,0.204675180074,0.201852074142,0.406875851123
A[T>G]G,0.437815316545,0.168570603162,0.107073913548,0.245832129611,0.339482464701,0.334799947946,0.583805638657
A[T>G]T,0.370629964428,0.142702446197,0.218473176287,0.208107734037,0.287386870813,0.283422913975,1.05277489856
C[T>G]A,0.035075606169,0.0135050462255,0.0958940558146,0.0196948590788,0.0271976625375,0.0268225223645,0.737301799461
C[T>G]C,0.477666126989,0.183914230712,0.129061269951,0.268208253122,0.37038282574,0.365274097109,0.535048837311
C[T>G]G,0.608681959215,0.234358829217,0.15056690534,0.341773292607,0.471972642172,0.465462674694,1.00950249354
C[T>G]T,0.946300047765,0.36435082053,0.406824333508,0.531344946606,0.733762069122,0.723641212997,2.49919762312
G[T>G]A,0.164271593564,0.0632489558106,0.0525127362941,0.0922380605571,0.127376369341,0.125619453902,0.305547206914
G[T>G]C,0.157958092162,0.0608180889608,0.0556097226799,0.0886930464012,0.122480873602,0.120791482242,0.119466474115
G[T>G]G,0.676107746735,0.26031956024,0.190956619339,0.379632692017,0.524254669928,0.517023571033,0.663969754894
G[T>G]T,0.325235679256,0.125224432655,0.287145522959,0.182618964288,0.252188093541,0.248709637078,0.909827305933
T[T>G]A,0.24166648851,0.0930480597473,0.235867668029,0.135695087132,0.187388453658,0.184803785331,1.74144046528
T[T>G]C,0.236473937079,0.0910487886079,0.101783773342,0.132779483387,0.183362143724,0.180833010707,0.749674272705
T[T>G]G,0.571380282227,0.219996686205,0.125616913124,0.320828500716,0.443048881941,0.43693786288,0.729097961722
T[T>G]T,1.01185447102,0.389591026276,0.379005424529,0.568153579986,0.784593039028,0.773771066076,3.25313680298
