,1,3,2,5,4,7,6
A[C>A]A,0.3733550698,1.06520839415,0.785500276721,0.770953975301,1.46267421287,0.37820383694,0.135765479927
A[C>A]C,0.230082424458,0.814047878994,0.484069516392,0.475105266088,1.11779708757,0.233070507892,0.0836663361665
A[C>A]G,0.0413771916675,0.152456536503,0.0870533123393,0.0854412139627,0.209343303855,0.041914557793,0.0150462515154
A[C>A]T,0.30630128218,0.859280281277,0.644426074197,0.632492258008,1.1799072519,0.31027922091,0.111382284429
C[C>A]A,0.524012741197,1.54840806051,1.1024683646,1.08205228377,2.1261722622,0.530818101472,0.190550087708
C[C>A]C,0.239485560318,1.124198236,0.503852737291,0.494522131045,1.54367518974,0.2425957624,0.0870856582973
C[C>A]G,0.0848470550419,0.255042547606,0.17850938853,0.175203659113,0.350207677309,0.0859489648477,0.0308534745607
C[C>A]T,0.451656940395,2.14207640167,0.950239277195,0.932642253543,2.9413586411,0.457522614946,0.164238887416
G[C>A]A,0.717245815116,1.02700227829,1.50901067596,1.48106603381,1.41021208363,0.726560695832,0.260816660042
G[C>A]C,0.397610232668,0.936271762458,0.83653061938,0.821039311614,1.2856268977,0.402774001924,0.144585539152
G[C>A]G,0.084994765693,0.18861140757,0.178820156393,0.175508672015,0.258988798455,0.0860985938189,0.0309071875247
G[C>A]T,0.504358191253,1.60828064212,1.06111723355,1.04146691441,2.20838535932,0.510908297633,0.183402978637
T[C>A]A,0.876337163778,1.39761752514,1.84372234457,1.80957933819,1.91911660168,0.887718165905,0.318668059555
T[C>A]C,0.513346237859,1.24111518161,1.08002714978,1.06002664701,1.70421786132,0.520013072117,0.186671359221
T[C>A]G,0.151815159996,0.24391035553,0.319403323627,0.313488447264,0.334921682221,0.15378678545,0.0552055127257
T[C>A]T,4.07966799728,6.38875373127,8.58319760467,8.42424950088,8.77261706383,4.13265069854,1.48351563537
A[C>G]A,0.0828796389184,0.612526154028,0.174370149413,0.171141072572,0.841080689113,0.0839559978654,0.0301380505158
A[C>G]C,0.0836767490541,0.215969413693,0.176047186322,0.172787053242,0.296555015818,0.0847634600808,0.030427908747
A[C>G]G,0.00979117938013,0.0768748622994,0.0205996241504,0.0202181496291,0.105559512411,0.00991833755389,0.0035604288655
A[C>G]T,0.0848983902626,0.506066496556,0.1786173925,0.17530966301,0.694897278853,0.0860009667595,0.0308721419137
C[C>G]A,0.137357864467,0.493868208294,0.288986675893,0.283635070783,0.678147390493,0.139141732837,0.0499483143518
C[C>G]C,0.0666179243624,0.40536804067,0.140157191516,0.137561687969,0.556624772264,0.0674830922112,0.0242246997681
C[C>G]G,0.0342426966476,0.171280441726,0.0720430760637,0.0707089450255,0.23519105431,0.0346874069936,0.01245188969
C[C>G]T,0.0615433144823,0.397205269217,0.12948073956,0.127082948087,0.545416190566,0.0623425783067,0.0223793870845
G[C>G]A,0.0541315852389,0.424489536618,0.113887231282,0.11177820848,0.582881154759,0.0548345928394,0.0196842128142
G[C>G]C,0.0571862304315,0.31132461928,0.120313887401,0.11808585245,0.427490521996,0.0579289087488,0.0207949928842
G[C>G]G,0.0026048628825,0.0497295868648,0.00548036086967,0.00537887270542,0.0682854028591,0.00263869227058,0.000947222866363
G[C>G]T,0.130551661093,0.299453617001,0.27466713113,0.269580702776,0.411190041255,0.132247137211,0.0474733313065
T[C>G]A,0.0937042048859,0.61824563907,0.197143911578,0.193493098401,0.848934310365,0.0949211426117,0.0340742563221
T[C>G]C,0.133471106549,0.471960766166,0.280809341052,0.275609168069,0.648065529661,0.135204497543,0.0485349478361
T[C>G]G,0.012264249014,0.107812499777,0.0258027057179,0.0253248778342,0.14804104447,0.0124235249753,0.0044597269142
T[C>G]T,0.121186441527,1.32985458698,0.254963682174,0.250242132504,1.82606898511,0.122760291417,0.044067796919
A[C>T]A,0.622792099104,2.38880154701,1.31028987084,1.2860252436,3.28014540784,0.630880308183,0.22646985422
A[C>T]C,0.593535062612,2.36284027677,1.24873610576,1.22561136306,3.24449709646,0.601243310178,0.215830931859
A[C>T]G,1.2673363656,2.22267443397,2.66634404191,2.61696730039,3.05203056605,1.28379527944,0.460849587491
A[C>T]T,0.381031079846,1.46699423337,0.801649804351,0.786804437604,2.01438014134,0.385979535428,0.138556756308
C[C>T]A,1.96831341453,2.53714576763,4.14112692408,4.06443938845,3.48384194958,1.99387592641,0.715750332557
C[C>T]C,1.87865191754,2.68687416982,3.95248844989,3.87929421933,3.68943915856,1.90304999439,0.683146151832
C[C>T]G,1.27724263728,1.59572091662,2.68718580831,2.63742310816,2.19113916909,1.293830204,0.464451868103
C[C>T]T,1.67943920456,2.81219107158,3.53336559921,3.46793290293,3.86151609829,1.70125010332,0.610705165296
G[C>T]A,0.520113880794,2.71980283772,1.09426556738,1.07400139021,3.73465464283,0.526868606518,0.189132320289
G[C>T]C,1.07222925516,5.00157919877,2.25585895241,2.21408378663,6.86784009383,1.08615431042,0.38990154733
G[C>T]G,1.13331893652,5.03437948606,2.38438529501,2.34023001177,6.91287929429,1.14803736426,0.412115976915
G[C>T]T,0.725569453286,3.62306199483,1.52652274587,1.49825380614,4.97495079887,0.734992433199,0.263843437559
T[C>T]A,2.55142045715,2.73856196775,5.3679235592,5.26851756737,3.76041344825,2.58455578777,0.927789257146
T[C>T]C,4.96381088638,4.20693439869,10.4433423843,10.249947155,5.77668603999,5.02827596283,1.8050221405
T[C>T]G,4.47802704576,4.74398827982,9.42130365471,9.24683506851,6.51413316035,4.53618324116,1.62837347118
T[C>T]T,2.26005297392,3.10770344654,4.75491664643,4.66686263446,4.2672942848,2.28940431125,0.821837445063
A[T>A]A,3.19746665748,1.18669701296,6.727137643,6.60256101998,1.62949440585,3.23899219848,1.16271514817
A[T>A]C,0.185053680163,0.86797997858,0.389333716707,0.382123833064,1.19185310492,0.187456974711,0.0672922473321
A[T>A]G,0.476364473445,0.611498553037,1.00222135972,0.983661704906,0.839669654916,0.482551025048,0.173223444889
A[T>A]T,0.311302376499,1.2118686095,0.654947857049,0.64281919303,1.66405838917,0.315345264505,0.113200864181
C[T>A]A,7.06726515715,1.29697193042,14.8687916293,14.5934436362,1.78091668058,7.15904782153,2.5699146026
C[T>A]C,0.592883840642,1.24613209934,1.24736600239,1.22426663197,1.71110676327,0.60058363078,0.21559412387
C[T>A]G,1.37729120118,2.97491658139,2.89767759209,2.84401689594,4.08496008191,1.39517809989,0.500833164064
C[T>A]T,0.891653597328,1.83504311104,1.87594652944,1.8412067789,2.51976068979,0.903233514176,0.324237671756
G[T>A]A,2.49469404354,1.53185716556,5.24857707861,5.15138120679,2.10344566017,2.52709266748,0.907161470377
G[T>A]C,0.117107168468,0.511711574914,0.246381315478,0.241818698525,0.702648729733,0.118628040786,0.0425844248975
G[T>A]G,0.378700766954,1.75413610034,0.796747068136,0.7819924928,2.40866449599,0.383618958732,0.137709369801
G[T>A]T,0.160015283274,1.10703168912,0.336655531044,0.330421169358,1.52010321491,0.162093403836,0.0581873757359
T[T>A]A,1.36616492637,1.22380541336,2.87426906586,2.82104186094,1.68044922432,1.38390732801,0.496787245952
T[T>A]C,0.314400755455,0.568969674774,0.661466524464,0.649217144382,0.781271792226,0.31848388215,0.114327547438
T[T>A]G,0.436665725684,0.66565822187,0.918699318971,0.90168636862,0.914038155403,0.442336709134,0.158787536612
T[T>A]T,0.432469968913,0.996331408984,0.909871882648,0.89302240334,1.3680968601,0.438086462016,0.157261806877
A[T>C]A,0.607606830641,3.37543591204,1.27834164369,1.25466865028,4.63492692399,0.615497828442,0.220947938415
A[T>C]C,0.418016065167,1.35543067944,0.879462370871,0.86317603067,1.86118839565,0.423444845234,0.152005841879
A[T>C]G,0.568897174581,2.46347949004,1.19690054912,1.17473572414,3.38268825498,0.576285449576,0.206871699848
A[T>C]T,0.365619153345,2.38850736028,0.769224712232,0.754979810153,3.27974144993,0.370367454038,0.132952419398
C[T>C]A,0.464968361312,1.02538002725,0.978245123798,0.960129473358,1.40798451502,0.471006911458,0.169079404113
C[T>C]C,0.931531573131,1.31852201797,1.95984564737,1.92355220945,1.81050784556,0.943629385769,0.338738753866
C[T>C]G,0.827565809456,1.84843938823,1.74111248223,1.70886965849,2.53815557787,0.838313417371,0.30093302162
C[T>C]T,1.49119128188,1.37811954384,3.13731152812,3.07921316648,1.89234325423,1.51055740243,0.54225137523
G[T>C]A,0.57597043494,1.84209460763,1.21178195403,1.18934154747,2.52944334182,0.583450570459,0.209443794524
G[T>C]C,0.464393557965,1.81826504808,0.977035797277,0.958942541772,2.49672215558,0.470424643134,0.168870384715
G[T>C]G,0.434028369272,1.66184040249,0.913150595092,0.896240398887,2.28193010492,0.439665101341,0.157828497917
G[T>C]T,0.714729267141,1.59445378409,1.50371612048,1.47586952566,2.18939922592,0.724011465416,0.259901551688
T[T>C]A,0.488742032775,1.57381307238,1.02826245857,1.00922056118,2.1610567561,0.495089331902,0.177724375555
T[T>C]C,0.627508065696,1.41023253887,1.32021177458,1.29576340839,1.93643871009,0.635657521095,0.228184751162
T[T>C]G,0.456727671984,1.07972477489,0.96090756963,0.943112985007,1.48260715358,0.462659200192,0.166082789813
T[T>C]T,0.534626500457,1.52692621451,1.12479861135,1.10396900744,2.09667480201,0.541569701762,0.19440963653
A[T>G]A,0.0634147826201,0.410120840814,0.133418114084,0.130947408267,0.563151005296,0.0642383512255,0.0230599209528
A[T>G]C,0.190628796502,0.218576045478,0.401063182252,0.393636086284,0.300134271402,0.193104495158,0.0693195623645
A[T>G]G,0.113146240813,0.604454384277,0.238047935217,0.23363964012,0.829997064977,0.114615672512,0.0411440875684
A[T>G]T,0.7328665076,0.596663693857,1.54187499002,1.51332174946,0.81929940052,0.742384254452,0.266496911855
C[T>G]A,0.0640535905185,0.0884576584025,0.134762099532,0.132266505097,0.121464247359,0.0648854553304,0.023292214734
C[T>G]C,0.382823929131,0.540108771686,0.805421772977,0.790506554959,0.74164189545,0.38779566847,0.139208701502
C[T>G]G,0.32035085478,0.919728990467,0.673984915251,0.661503713117,1.2629114496,0.324511255491,0.11649121992
C[T>G]T,3.3895194567,1.36251512001,7.13119677902,6.99913757941,1.87091628419,3.4335391899,1.23255252971
G[T>G]A,0.00430830088181,0.25658236174,0.00906421743966,0.00889636156115,0.352322048956,0.00436425284132,0.00156665486611
G[T>G]C,0.122798109298,0.220075720567,0.258354463718,0.253570121798,0.302193526749,0.124392889939,0.0446538579266
G[T>G]G,0.237128728834,0.591262254597,0.498894208715,0.489655427072,0.81188249885,0.240208322715,0.0862286286668
G[T>G]T,0.875376548037,0.804262423128,1.84170130886,1.80759572906,1.10436034221,0.886745074635,0.318318744741
T[T>G]A,0.129877111161,0.446123700361,0.273247948156,0.268187800968,0.61258776766,0.13156382689,0.0472280404221
T[T>G]C,0.328102089659,0.438856810759,0.690292708114,0.677509509816,0.602609352087,0.332363155759,0.119309850785
T[T>G]G,0.197242557068,0.685752040907,0.414977847338,0.407293072387,0.941629668111,0.199804148718,0.0717245662066
T[T>G]T,1.9612540261,1.83162020981,4.12627470426,4.04986220973,2.5150605866,1.9867248576,0.713183282217
