,1,3,2,5,4,7,6
A[C>A]A,1.55118953649,0.512217243134,1.13945404224,1.22563123871,1.50331331623,1.46501234002,0.865847193472
A[C>A]C,1.28318301651,0.325474563969,0.942585055336,1.0138730007,1.24357860242,1.21189507115,0.792983338274
A[C>A]G,0.182584406512,0.0430512998654,0.13412064429,0.144264222429,0.176949085323,0.172440828372,0.197570076052
A[C>A]T,1.19214253784,0.347781048764,0.875709641997,0.941939782988,1.15534801507,1.12591239685,0.796853205387
C[C>A]A,2.02503264411,0.678790162108,1.48752397932,1.60002579288,1.96253163658,1.91253083055,1.50581870587
C[C>A]C,2.05487771851,0.495756114884,1.50944721298,1.62360708623,1.9914555667,1.94071784526,1.67472627448
C[C>A]G,0.508824625955,0.168356774516,0.373766237584,0.40203427236,0.493120162191,0.48055659118,0.550921155668
C[C>A]T,4.39974034416,0.936762091845,3.23190803058,3.4763380497,4.26394588909,4.15531032504,4.85466579155
G[C>A]A,1.17923843159,0.725569607925,0.866230699751,0.93174394595,1.1428421837,1.11372518539,1.12295946372
G[C>A]C,1.46901528021,0.311370978064,1.07909147126,1.16070343128,1.42367530242,1.3874033202,1.2391087321
G[C>A]G,0.244655567791,0.0752939230742,0.179716126957,0.193308102946,0.237104470019,0.231063591802,0.293033572944
G[C>A]T,2.34945118086,0.559693987389,1.72583142298,1.85635648858,2.27693725552,2.21892611526,2.32139426333
T[C>A]A,1.70356200717,0.669063149544,1.25138196823,1.34602430196,1.65098293288,1.60891967344,2.58296273777
T[C>A]C,1.3366346782,0.420655184368,0.981848930286,1.05610641241,1.29538052147,1.26237719608,1.58108020007
T[C>A]G,0.24675548405,0.11064372447,0.181258658037,0.19496729604,0.239139574049,0.233046846048,0.30206759829
T[C>A]T,2.59629232435,1.32858599374,1.90715300369,2.05139146615,2.5161598452,2.45205386188,2.60485205135
A[C>G]A,1.17703847536,0.144376967705,0.864614682518,0.930005708927,1.14071012736,1.11164744895,0.435155837665
A[C>G]C,0.62195229844,0.0929714006099,0.456866194533,0.491419100002,0.602756239846,0.587399392971,0.177848442473
A[C>G]G,0.266709604397,0.0299295095911,0.195916314341,0.210733514585,0.258477826484,0.251892404153,0.0843120684778
A[C>G]T,1.1403455805,0.159727886353,0.837661259749,0.901013791999,1.10514972925,1.07699304825,0.34878306296
C[C>G]A,0.787678237919,0.0987343144361,0.578603150076,0.622363052183,0.763367181193,0.743918335812,0.394882613893
C[C>G]C,0.632563255139,0.0970945111798,0.464660662726,0.499803065789,0.613039697882,0.597420852076,0.165951208911
C[C>G]G,0.220293972052,0.0403541258308,0.161820880705,0.174059434708,0.213494775384,0.208055418049,0.0920288939611
C[C>G]T,1.17507467526,0.123442176631,0.863172138001,0.928454064404,1.13880693837,1.10979274886,0.342924299149
G[C>G]A,0.690163092632,0.069667396395,0.506971654464,0.545314048499,0.668861762612,0.651820698596,0.326266554294
G[C>G]C,0.629085636328,0.0902598752282,0.462106115574,0.497055317593,0.609669412985,0.59413643431,0.248513130785
G[C>G]G,0.100483708177,0.0108166890003,0.0738121066237,0.0793945348557,0.0973823591589,0.0949012799447,0.043969775768
G[C>G]T,0.943290356133,0.110077697394,0.69291081716,0.745315836945,0.914176456253,0.890885336348,0.2693233728
T[C>G]A,2.47399922285,0.305044671551,1.81732041679,1.95476481806,2.39764122215,2.33655482158,12.1866777392
T[C>G]C,1.36568925157,0.112276894791,1.00319148726,1.07906311235,1.32353834874,1.28981762648,2.88515168693
T[C>G]G,0.169507132529,0.0250762766723,0.124514498586,0.133931561504,0.164275430908,0.160090069611,0.465924198616
T[C>G]T,3.58260768039,0.55170468572,2.63166860473,2.83070236475,3.47203336927,3.38357392037,14.5339487079
A[C>T]A,2.82893357542,0.72454415788,2.07804379923,2.23520677564,2.74162081074,2.67177059901,3.11156352644
A[C>T]C,2.2849301847,0.533590125196,1.67843637025,1.80537693606,2.21440764814,2.15798961889,2.84174189698
A[C>T]G,2.99771899295,1.20037588125,2.20202814915,2.3685680932,2.90519680181,2.8311790489,3.19062486377
A[C>T]T,1.84504906079,0.529746993632,1.35531381626,1.45781654186,1.78810310212,1.74254633519,1.70209833969
C[C>T]A,2.09439378926,0.603188174923,1.53847445014,1.65482966065,2.02975200565,1.97803857875,2.62716264412
C[C>T]C,1.98431791704,0.689292608112,1.4576162477,1.56785613198,1.92307353689,1.87407803276,3.31602679128
C[C>T]G,2.39964369231,1.13174455549,1.76270123077,1.89601476923,2.32558061539,2.26633015385,2.5892833411
C[C>T]T,2.009956732,0.749191140427,1.4764496982,1.58811396109,1.9479210304,1.89829246912,2.88973747062
G[C>T]A,4.40758883359,0.961400357947,3.237673279,3.48253932531,4.2715521412,4.16272278728,4.48706191773
G[C>T]C,7.19417967553,1.25916453996,5.28461346536,5.684290114,6.97213709295,6.79450302689,6.55919179141
G[C>T]G,7.08744193125,1.53941442334,5.20620734456,5.59995411852,6.8686937235,6.69369515729,5.18157665707
G[C>T]T,5.05074107251,0.949421477629,3.71011226931,3.99070899556,4.89485400237,4.77014434626,4.79580190775
T[C>T]A,2.82295746502,3.05412382919,2.07365394035,2.23048491063,2.7358291482,2.66612649474,7.44354793929
T[C>T]C,2.58426701058,1.0743854397,1.89831959419,2.04188998367,2.5045056831,2.44069662111,3.39334057677
T[C>T]G,1.5106727335,1.10281270599,1.1096916993,1.19361796227,1.46404703185,1.42674647053,1.85102343045
T[C>T]T,1.94520037467,1.88639903438,1.4288817567,1.53694844418,1.88516332607,1.83713368719,3.23703183908
A[T>A]A,0.933175952638,0.662863147622,0.685481101012,0.737324209492,0.904374225705,0.881332844158,0.880550244428
A[T>A]C,1.1275335895,0.171948361302,0.828249982414,0.890890737386,1.09273317008,1.06489283453,0.695130873417
A[T>A]G,0.626121038526,0.170342174209,0.459928417189,0.494712919329,0.606796315115,0.591336536386,0.338405386631
A[T>A]T,1.47572456776,0.294161532949,1.08401989854,1.16600459675,1.4301775132,1.39373986955,1.0069481014
C[T>A]A,0.617309739889,1.27192802639,0.453455920042,0.487750905591,0.598256970139,0.583014754339,1.31680860877
C[T>A]C,1.0424870969,0.201314100219,0.765777558833,0.823693508661,1.01031156922,0.984571147071,1.25714455262
C[T>A]G,0.871000464707,0.228407054004,0.639808983334,0.68819789804,0.844117734315,0.822611550001,1.46471046237
C[T>A]T,0.956345631421,0.261724857665,0.702500803328,0.755631116185,0.926828790945,0.903215318565,1.03166850889
G[T>A]A,0.340636956123,0.491033410717,0.250220973942,0.269145249283,0.330123469823,0.321712680783,0.87871225231
G[T>A]C,0.686259751368,0.109524335205,0.504104385264,0.542229927007,0.665078894844,0.648134209625,0.474445342229
G[T>A]G,0.585233219037,0.126318370289,0.42989353744,0.462406494054,0.567170465363,0.552720262423,0.792263090946
G[T>A]T,0.735533614397,0.18029314957,0.540299383415,0.581162361993,0.712831959632,0.69467063582,0.629288126217
T[T>A]A,1.02133717549,0.375461291215,0.750241505454,0.806982459648,0.989814423162,0.964596221298,0.639415218018
T[T>A]C,0.692532335992,0.134415656415,0.508712024587,0.547186043253,0.671157881177,0.654058317326,0.666380122131
T[T>A]G,0.711811182374,0.117314054295,0.522873646312,0.562418711999,0.689841701436,0.672266116686,0.377510297702
T[T>A]T,1.04369760335,0.258214443928,0.766666758016,0.824649958202,1.01148471436,0.985714403163,0.890807122283
A[T>C]A,3.19571343793,0.471165847109,2.34746851304,2.52500814849,3.09708030713,3.01817380249,1.72587408925
A[T>C]C,1.96474731733,0.24077214123,1.44324031334,1.55239294208,1.90410696803,1.85559468859,1.52048701368
A[T>C]G,3.55373579832,0.528217977709,2.61046024691,2.80789001349,3.44405259467,3.35630603175,2.82741635126
A[T>C]T,2.57848748066,0.403405253054,1.89407413703,2.03732344151,2.49890453372,2.43523817618,1.09112546016
C[T>C]A,1.88017146367,0.247844211228,1.38111360603,1.48556757623,1.82214148022,1.77571749347,1.60422492097
C[T>C]C,1.90349718699,0.243276687227,1.39824793365,1.50399777738,1.84474727381,1.79774734327,2.45266339546
C[T>C]G,3.75061643786,0.478486996498,2.75508244509,2.96345002497,3.63485667126,3.54224885797,4.03906645868
C[T>C]T,2.06776783713,0.270792042731,1.51891588036,1.63379187131,2.00394784215,1.95289184617,0.93245916559
G[T>C]A,3.37236480863,0.388588671557,2.47723093968,2.66458454016,3.26827947504,3.18501120816,1.73688948628
G[T>C]C,3.20686202286,0.229390918804,2.35565790568,2.53381690695,3.10788479994,3.02870302159,1.81478647429
G[T>C]G,2.80608845415,0.31330244568,2.06126250645,2.21715630946,2.71948078582,2.65019465115,2.10701393538
G[T>C]T,2.39097944343,0.315046804602,1.75633675166,1.88916894296,2.3171837816,2.25814725213,1.23997847124
T[T>C]A,1.8556882509,0.234812511617,1.36312902381,1.46622281552,1.79841392216,1.75259445918,1.27147729553
T[T>C]C,2.21812009249,0.256671572884,1.62935982103,1.75258871505,2.14965959581,2.09489119846,2.05045543043
T[T>C]G,1.68164131918,0.229574991859,1.23527973446,1.32870425219,1.62973880933,1.58821680145,1.62307268363
T[T>C]T,2.05904658758,0.267370962385,1.51250953039,1.62690100747,1.99549576698,1.9446551105,1.34325172425
A[T>G]A,1.05802617384,0.102500807981,0.777192065968,0.835971297847,1.02537104502,0.999246941958,0.384518267952
A[T>G]C,0.274914212349,0.0521340599327,0.201943155985,0.217216167782,0.266429205795,0.259641200552,0.613619571846
A[T>G]G,0.65065364601,0.0999612955651,0.47794928318,0.514096707959,0.630571743356,0.614506221232,0.488391581056
A[T>G]T,1.0427687236,0.123514165193,0.765984432768,0.823916028523,1.01058450374,0.984837127844,3.04406011439
C[T>G]A,0.700660819659,0.0636289554971,0.514682947774,0.553608548866,0.679035485718,0.661735218566,0.386897093191
C[T>G]C,0.796104458281,0.0974685753903,0.584792781083,0.629020806543,0.771533333025,0.751876432821,1.53275690492
C[T>G]G,1.28998976623,0.179912408133,0.947585075194,1.01925117332,1.25017526727,1.21832366811,1.35571230613
C[T>G]T,2.17194467635,0.291265646522,1.5954408425,1.71610443563,2.10490934683,2.05128108322,4.3433670611
G[T>G]A,0.378310565523,0.0357369776097,0.277894798131,0.298912051771,0.366634313501,0.357293311883,0.127811369549
G[T>G]C,0.393423533042,0.0297316170949,0.288996298963,0.31085316191,0.381280831405,0.371566670095,0.175288446813
G[T>G]G,0.995095300166,0.146019495779,0.730965066171,0.786248138403,0.96438248226,0.939812227935,0.517374535346
G[T>G]T,1.68932101905,0.146451541177,1.24092099548,1.3347721632,1.63718148143,1.59546985133,1.70713463021
T[T>G]A,1.65721321426,0.140698120197,1.21733563269,1.30940303349,1.60606465826,1.56514581346,0.499241159033
T[T>G]C,0.587038160109,0.0996629697457,0.431219389216,0.463832620333,0.568919698377,0.554424928992,1.10483154799
T[T>G]G,0.810422328506,0.114406686507,0.595310228964,0.640333691659,0.785409293676,0.765398865811,0.716395058299
T[T>G]T,2.20419053918,0.343506303677,1.61912761828,1.74158264824,2.13615996698,2.08173550922,7.77684879824
