,1,3,2,5,4,7,6
A[C>A]A,0.943745580344,2.07785494311,0.943745580344,0.105178458922,0.680359583142,3.27308123782,0.8826286484
A[C>A]C,0.727836387459,0.973759262667,0.727836387459,0.0794471019105,0.318841528484,1.53388627217,0.413632253168
A[C>A]G,0.245370103687,0.408016262496,0.245370103687,0.0129732870988,0.133598245242,0.642715882516,0.173316642476
A[C>A]T,0.647374262559,1.17696147703,0.647374262559,0.0560045646164,0.385376766817,1.85397471604,0.499948238032
C[C>A]A,1.09863933452,3.56671189565,1.09863933452,0.124742861992,1.16786141716,5.6183603312,1.5150634601
C[C>A]C,1.28655162264,1.52816559212,1.28655162264,0.0850329380129,0.500372804499,2.40719889732,0.649132286918
C[C>A]G,0.202674411066,0.840258307008,0.202674411066,0.0141342302148,0.275128826188,1.32359273139,0.356923882623
C[C>A]T,1.09888314908,2.0133033269,1.09888314908,0.196175837731,0.659223213234,3.17139816096,0.855208492844
G[C>A]A,0.718717905795,4.24937490203,0.718717905795,0.119438830352,1.39138824226,6.69370559789,1.80504420617
G[C>A]C,0.75036627939,2.39157274451,0.75036627939,0.113993340866,0.783081341123,3.76725618162,1.0158893074
G[C>A]G,0.298850729193,0.956783632258,0.298850729193,0.0162210829536,0.313283136226,1.5071458986,0.406421365915
G[C>A]T,0.739744242736,3.19669003393,0.739744242736,0.0902666441301,1.04670381642,5.03549403576,1.35788603211
T[C>A]A,1.72677093736,2.61075773189,1.72677093736,0.11911191263,0.854849876814,4.112521029,1.10899443479
T[C>A]C,1.35751227678,2.47461789293,1.35751227678,0.104429742138,0.810273115385,3.8980706632,1.05116512266
T[C>A]G,0.278029123336,0.687167895303,0.278029123336,0.0170709885662,0.225001877223,1.0824414634,0.291894327208
T[C>A]T,1.40154411945,4.08181915776,1.40154411945,0.177159956826,1.33652485696,6.4297682308,1.73387008471
A[C>G]A,0.441708233225,0.335348407509,0.441708233225,0.0434109665325,0.109804345822,0.528247933952,0.142448881066
A[C>G]C,0.199041526082,0.289815002277,0.199041526082,0.0279863814153,0.0948951777369,0.45652274695,0.123107257605
A[C>G]G,0.0669601137836,0.0915325579793,0.0669601137836,0.0020981193108,0.0299708375684,0.144184029383,0.0388810865753
A[C>G]T,0.460405215236,0.31642255977,0.460405215236,0.0461888863464,0.103607386827,0.498435536629,0.134409582911
C[C>G]A,0.323396912854,0.276188717369,0.323396912854,0.0555234528308,0.0904334738288,0.435058333555,0.117319101183
C[C>G]C,0.280486745099,0.372830155366,0.280486745099,0.0364903298553,0.122077130518,0.587289979248,0.158370331483
C[C>G]G,0.135213266618,0.176687983861,0.135213266618,0.011386360441,0.0578535876359,0.278322664843,0.075053302879
C[C>G]T,0.413866687624,0.371445374111,0.413866687624,0.0370817711536,0.121623706567,0.585108642405,0.157782105817
G[C>G]A,0.249077527589,0.167617181679,0.249077527589,0.0299868189225,0.0548835019655,0.264034144591,0.0712002187661
G[C>G]C,0.216129835223,0.24519863368,0.216129835223,0.0322976958566,0.0802862782845,0.386242095531,0.104155171829
G[C>G]G,0.0768701435782,0.105304916574,0.0768701435782,0.00233877591603,0.0344803709137,0.165878541153,0.0447312919962
G[C>G]T,0.217895322953,0.146031377403,0.217895322953,0.0430596755554,0.0478155837514,0.230031727237,0.0620310275694
T[C>G]A,5.74329084224,0.278720265074,5.74329084224,0.072270743621,0.0912623876789,0.439046081266,0.118394448881
T[C>G]C,1.54540563771,0.439384425799,1.54540563771,0.0562207949324,0.143869236766,0.692127679577,0.186641172021
T[C>G]G,0.238295802956,0.073628235677,0.238295802956,0.00507645783374,0.0241083603544,0.115980760624,0.03127571073
T[C>G]T,7.20614677727,0.365947209787,7.20614677727,0.129358350489,0.119823422674,0.576447817186,0.155446602387
A[C>T]A,1.40745462506,1.83100957547,1.40745462506,0.251813637032,0.599534108782,2.88424517198,0.77777397896
A[C>T]C,1.34557192011,2.60806652309,1.34557192011,0.48528144172,0.85396868455,4.10828177973,1.10785126644
A[C>T]G,2.12999300246,6.46455891793,2.12999300246,0.252764248404,2.11671398198,10.1831105079,2.74600732797
A[C>T]T,1.19104851268,1.80066313838,1.19104851268,0.262919891126,0.589597664778,2.83644281974,0.764883457009
C[C>T]A,2.28224363522,1.83185284116,2.28224363522,0.622945415621,0.599810222328,2.88557350201,0.778132180317
C[C>T]C,2.99930864677,3.46234081931,2.99930864677,1.05550771461,1.13368681694,5.45395279502,1.4707288436
C[C>T]G,1.482890378,4.0847826367,1.482890378,0.258284192108,1.33749519963,6.43443636577,1.73512890762
C[C>T]T,3.74090819469,2.64737480068,3.74090819469,0.922758290739,0.866839536504,4.17020101345,1.1245485879
G[C>T]A,1.77714910238,2.63739626126,1.77714910238,0.368046080641,0.863572227138,4.15448260623,1.12030991629
G[C>T]C,2.78168758939,5.21963116506,2.78168758939,0.899261589547,1.70908277086,8.22207387063,2.21718845949
G[C>T]G,2.05477560701,7.06275042694,2.05477560701,0.268249214426,2.3125819982,11.1253944778,3.00010637605
G[C>T]T,2.96753194559,3.43617168168,2.96753194559,0.623693757197,1.12511816126,5.41273061362,1.45961274974
T[C>T]A,4.51392067268,2.02785979755,4.51392067268,0.595497101798,0.663989491234,3.19432782269,0.861391772411
T[C>T]C,3.15470589039,3.80098244488,3.15470589039,1.08123055344,1.2445694731,5.987388276,1.61457661375
T[C>T]G,1.34951304887,3.14491131442,1.34951304887,0.402616500066,1.02974972242,4.95393109705,1.33589153179
T[C>T]T,2.64317040309,2.38608578429,2.64317040309,0.485090736405,0.78128472583,3.75861300534,1.01355856324
A[T>A]A,0.291440014484,0.279507650101,0.291440014484,0.819618381246,0.0915202040155,0.440286386885,0.118728913317
A[T>A]C,0.35158411267,0.296396749722,0.35158411267,0.135470308372,0.0970502631834,0.466890455315,0.12590304413
A[T>A]G,0.370725992,0.349935363849,0.370725992,0.101934095721,0.114580605862,0.55122561739,0.148645110307
A[T>A]T,0.402965453001,0.512156018527,0.402965453001,0.12014083926,0.167697103411,0.806759038033,0.21755299902
C[T>A]A,0.295028654949,0.142372377415,0.295028654949,1.74508401966,0.0466175041092,0.224267992742,0.0604767620876
C[T>A]C,0.510898892443,0.333490795091,0.510898892443,0.148943812912,0.109196101047,0.525321783417,0.141659806764
C[T>A]G,0.650716852639,0.368186100867,0.650716852639,0.352193791049,0.120556510903,0.579974565968,0.156397635767
C[T>A]T,0.450968181332,0.337120760492,0.450968181332,0.190497635288,0.110384673789,0.531039782013,0.14320173897
G[T>A]A,0.1965745917,0.118649833927,0.1965745917,0.660562916731,0.0388499456223,0.186899738399,0.0503999294559
G[T>A]C,0.165015627628,0.218092871475,0.165015627628,0.0637833370149,0.0714109402175,0.343544523209,0.0926412197417
G[T>A]G,0.304070902435,0.150839575796,0.304070902435,0.141887277328,0.0493899495968,0.237605703466,0.0640734481256
G[T>A]T,0.291633883394,0.271282354225,0.291633883394,0.0780586163243,0.0888269655428,0.427329726125,0.115234982326
T[T>A]A,0.355105145772,0.341792033631,0.355105145772,0.364528336484,0.111914205702,0.538398070676,0.145185996587
T[T>A]C,0.343139024132,0.343057974013,0.343139024132,0.0853441662108,0.112328717155,0.540392206853,0.145723741174
T[T>A]G,0.335280621828,0.288400696517,0.335280621828,0.0986743753294,0.0944320864703,0.454294902479,0.122506490556
T[T>A]T,0.437296821428,0.291349091347,0.437296821428,0.11121182035,0.095397490087,0.458939276635,0.123758906059
A[T>C]A,1.44660262277,1.01059337414,1.44660262277,0.572041457991,0.33090225525,1.59190814688,0.429278601405
A[T>C]C,0.508031510851,0.55590310674,0.508031510851,0.243806018035,0.182021371233,0.875670380528,0.236135832952
A[T>C]G,1.03909754144,0.860242030888,1.03909754144,0.474702925453,0.281672169406,1.35507151768,0.365412544094
A[T>C]T,1.12988387312,0.796735361483,1.12988387312,0.399427944656,0.26087795022,1.25503446322,0.338436259745
C[T>C]A,0.489940416992,0.384705023776,0.489940416992,0.329429179377,0.125965361767,0.605995524178,0.163414523374
C[T>C]C,0.656418704749,0.692429142398,0.656418704749,0.247194789344,0.226724586449,1.09072909156,0.294129193231
C[T>C]G,0.737559500953,0.828676632832,0.737559500953,0.414090175688,0.271336596591,1.30534903225,0.352004233415
C[T>C]T,0.951139957147,0.801693379858,0.951139957147,0.247183598616,0.262501372166,1.26284443907,0.340542320648
G[T>C]A,0.520558969316,0.926699005006,0.520558969316,0.717547372846,0.303432417568,1.45975595479,0.393642055224
G[T>C]C,0.513866244718,1.36617015013,0.513866244718,0.300782990744,0.447330049159,2.15202023649,0.580320063773
G[T>C]G,0.551219912219,0.790158711878,0.551219912219,0.350984651448,0.258724533978,1.24467478508,0.335642638674
G[T>C]T,0.629708313837,0.897896102527,0.629708313837,0.457275774245,0.294001378704,1.41438501106,0.381407193994
T[T>C]A,0.572299454523,0.593862770989,0.572299454523,0.283988338199,0.194450641828,0.935465249876,0.252260292101
T[T>C]C,0.471410597992,0.68249113544,0.471410597992,0.320616831469,0.223470548772,1.07507453193,0.289907738948
T[T>C]G,0.518349512828,0.552658967946,0.518349512828,0.183359759652,0.180959131097,0.870560144198,0.234757791694
T[T>C]T,0.475289961886,0.482854898936,0.475289961886,0.24968981721,0.15810293151,0.760603292129,0.205106505743
A[T>G]A,0.187068290976,0.0683756817701,0.187068290976,0.0504316924625,0.0223884975707,0.107706826151,0.0290445373891
A[T>G]C,0.105625793121,0.141867346599,0.105625793121,0.0220578851766,0.0464521400368,0.223472457474,0.0602622357234
A[T>G]G,0.185585699823,0.155913728194,0.185585699823,0.04271684379,0.0510513977272,0.245598616093,0.0662288402948
A[T>G]T,0.338754544422,0.287596382504,0.338754544422,0.0695519620636,0.0941687270146,0.453027929962,0.122164835046
C[T>G]A,0.0626179684181,0.0154049561392,0.0626179684181,0.0194415610546,0.00504410068275,0.0242662140954,0.00654369818303
C[T>G]C,0.274236771388,0.273314032131,0.274236771388,0.0662635385513,0.089492205211,0.430530068313,0.116097995949
C[T>G]G,0.305789054194,0.288717409366,0.305789054194,0.0922126445129,0.0945357889076,0.454793795285,0.122641023448
C[T>G]T,1.29290856223,1.1388592693,1.29290856223,0.178749917364,0.372900822691,1.79395530916,0.483763229437
G[T>G]A,0.0346156532221,0.035458519194,0.0346156532221,0.015543386114,0.0116103115945,0.0558550125357,0.0150620258523
G[T>G]C,0.0984090789216,0.0929132565492,0.0984090789216,0.0217243253771,0.0304229247108,0.146358935095,0.0394675780032
G[T>G]G,0.226357282034,0.428675268324,0.226357282034,0.0586724972771,0.140362698478,0.675258387271,0.182092149376
G[T>G]T,0.459162580153,0.654232014483,0.459162580153,0.100104459518,0.214217562264,1.03056016441,0.277903864559
T[T>G]A,0.293805589445,0.0635012069403,0.293805589445,0.0577916317017,0.0207924305911,0.10002844987,0.02697396401
T[T>G]C,0.210335565393,0.171778573177,0.210335565393,0.0504805866327,0.0562460814826,0.270589256862,0.072967889491
T[T>G]G,0.213016958199,0.14403419482,0.213016958199,0.0632704738199,0.0471616390119,0.226885722814,0.0611826668262
T[T>G]T,0.589214511062,0.440601928208,0.589214511062,0.182813515478,0.144267887997,0.694045515231,0.187158341186
