,1,3,2,5,4,7,6
A[C>A]A,0.561732210395,0.633881301638,1.01524078392,0.994626757855,0.881249614473,0.793640003677,0.329824417113
A[C>A]C,0.459578287456,0.518606691349,0.830613969071,0.813748710816,0.720989790412,0.649312442827,0.269844132084
A[C>A]G,0.0778758148093,0.0878782130417,0.14074803227,0.137890204204,0.122172149838,0.110026380556,0.0457252490623
A[C>A]T,0.452436043488,0.510547094945,0.817705509791,0.801102352232,0.709784985656,0.639221566029,0.265650520947
C[C>A]A,0.762552454575,0.860494971676,1.3781911335,1.35020755718,1.19629788745,1.07736768811,0.447737221035
C[C>A]C,0.773932057828,0.873336175347,1.39875793938,1.37035676294,1.21415029256,1.09344529271,0.454418822945
C[C>A]G,0.161057333186,0.181743596164,0.291085271904,0.285174911054,0.252667926374,0.227548892758,0.0945657736136
C[C>A]T,0.725346262561,0.818510002706,1.3109469149,1.28432870343,1.13792854035,1.0248011416,0.425891383522
G[C>A]A,0.470011931587,0.530380436561,0.849471105712,0.832222961433,0.737358167902,0.664053554719,0.275970308455
G[C>A]C,0.648253707728,0.731515651839,1.17161449929,1.1478253724,1.01698517451,0.91588138523,0.380626030225
G[C>A]G,0.143085103565,0.161463006775,0.258603352315,0.253352522826,0.224472960639,0.202156935312,0.0840132718179
G[C>A]T,0.826763957137,0.932953823191,1.49424311519,1.46390315346,1.29703336395,1.1680885266,0.485439387677
T[C>A]A,0.505935347976,0.570917869735,0.914396913315,0.895830478527,0.793715087192,0.714807739343,0.29706295661
T[C>A]C,0.625925436841,0.706319529646,1.13125973447,1.10828999367,0.981956419264,0.884335020858,0.367515852824
T[C>A]G,0.14164026012,0.159832587108,0.255992029758,0.250794222047,0.222206279638,0.200115596867,0.0831649233731
T[C>A]T,1.26467309184,1.42710816786,2.28569356965,2.23928354794,1.98402842848,1.78678583618,0.742560347502
A[C>G]A,0.32679372114,0.368767226607,0.590627184079,0.578634753945,0.51267638821,0.461708560143,0.191878882137
A[C>G]C,0.144908511004,0.163520613334,0.261898868511,0.256581124988,0.227333535611,0.204733125638,0.0850838963691
A[C>G]G,0.0182273603714,0.0205684892265,0.0329430274603,0.0322741335017,0.0285952167295,0.0257524174055,0.0107023033374
A[C>G]T,0.345421907121,0.389788023632,0.624294639476,0.611618606187,0.541900423099,0.488027281621,0.202816532622
C[C>G]A,0.152182974859,0.171729411997,0.275046294011,0.269461597686,0.238745767898,0.215010808517,0.0893551412017
C[C>G]C,0.187957964288,0.212099354197,0.339703843713,0.332806303739,0.294869833883,0.265555288994,0.110360639582
C[C>G]G,0.0502700829323,0.0567267908318,0.0908551040152,0.0890103303296,0.0788640750589,0.0710237868952,0.0295163789694
C[C>G]T,0.137706012911,0.155393023743,0.248881509573,0.243828077906,0.216034203741,0.194557119158,0.0808549066632
G[C>G]A,0.148129687231,0.167155518619,0.267720627381,0.262284675556,0.232386940518,0.209284145262,0.0869752291999
G[C>G]C,0.0762327358968,0.0860240964707,0.137778430933,0.13498089934,0.119594475581,0.107704966313,0.0447605054807
G[C>G]G,0.0234355443213,0.0264456142342,0.0423559837734,0.0414959637983,0.0367658539353,0.0331107690412,0.0137603196015
G[C>G]T,0.124164575479,0.140112319119,0.2244075355,0.219851037317,0.194790297312,0.175425180035,0.0729039709237
T[C>G]A,0.143685931683,0.162141005477,0.259689252675,0.254416374448,0.2254155442,0.203005811736,0.0843660516305
T[C>G]C,0.206488624439,0.233010099138,0.373195036831,0.365617472631,0.323940869533,0.291736221685,0.121241027194
T[C>G]G,0.0222721765764,0.0251328231092,0.0402533833537,0.0394360557729,0.0349407540786,0.0314671118603,0.0130772412926
T[C>G]T,0.527309094544,0.595036868155,0.953026528671,0.933675736211,0.827246377679,0.745005509723,0.309612679365
A[C>T]A,1.76089611804,1.98706626164,3.18253702067,3.11791697964,2.76250675398,2.48787157961,1.03392065646
A[C>T]C,4.02936992602,4.54690367799,7.28243922409,7.13457243782,6.3213051133,5.69287127163,2.36586858042
A[C>T]G,1.88578794484,2.1279992405,3.40825894617,3.33905571884,2.95843796851,2.66432425234,1.10725163734
A[C>T]T,2.80114943298,3.1609300941,5.06262787429,4.95983339968,4.39446378935,3.95758727228,1.64471159368
C[C>T]A,2.82653879366,3.18958047358,5.10851506744,5.00478887318,4.43429480473,3.99345847911,1.6596191082
C[C>T]C,7.00191259952,7.90124082331,12.6548328634,12.3978819423,10.9846518763,9.89261046171,4.11121473733
C[C>T]G,1.5135250047,1.70792271173,2.73545344887,2.67991124686,2.37442913582,2.13837477729,0.88867523212
C[C>T]T,6.30372621298,7.11337912106,11.3929730638,11.1616436615,9.8893319488,8.90618198897,3.70127043698
G[C>T]A,2.64827537951,2.98842084109,4.78633256663,4.68914814903,4.15463385225,3.74160007747,1.55495068155
G[C>T]C,6.27869437163,7.08513218083,11.3477320295,11.1173212268,9.85006181237,8.8708159012,3.68657284206
G[C>T]G,3.16661303125,3.57333397104,5.72314465281,5.60693867001,4.96780576462,4.47393033773,1.85929572477
G[C>T]T,5.27711364475,5.95490805784,9.53753566988,9.34388012328,8.278774617,7.45573854396,3.09848874554
T[C>T]A,2.40250262876,2.71108094805,4.34213777859,4.2539725445,3.76906375705,3.39436151219,1.41064374533
T[C>T]C,6.64118781658,7.49418441687,12.0028807327,11.7591674183,10.4187441893,9.38296260324,3.89941302992
T[C>T]G,1.40744653329,1.58821948252,2.54373364274,2.49208422868,2.20801245131,1.98850244153,0.826390625053
T[C>T]T,4.15852305681,4.6926452843,7.51586277241,7.3632564217,6.5239214928,5.87534450229,2.44170161134
A[T>A]A,1.57223668048,1.77417533669,2.84156537666,2.78386861774,2.4665364437,2.2213252183,0.92314814267
A[T>A]C,0.366890508706,0.414014060283,0.663095690047,0.649631818168,0.575580522832,0.518359067346,0.215421950066
A[T>A]G,0.256194742794,0.289100489575,0.463030865417,0.45362922348,0.401920192824,0.36196321459,0.150426270999
A[T>A]T,0.373864910175,0.421884256436,0.675700800958,0.661980987741,0.586522015045,0.528212808871,0.219517011479
C[T>A]A,3.58471182712,4.04513352968,6.47879110039,6.34724204251,5.62372222419,5.06463872822,2.10478492601
C[T>A]C,0.698885607091,0.788650730938,1.26312352841,1.23747635017,1.09641686984,0.987416362312,0.41035485187
C[T>A]G,0.47040178628,0.530820364334,0.850175705478,0.832913254605,0.737969774806,0.664604358597,0.276199213962
C[T>A]T,0.533776791825,0.602335278848,0.964715853114,0.945127713965,0.837392948643,0.754143357257,0.313410226393
G[T>A]A,1.27553192188,1.43936171002,2.30531916157,2.25851065067,2.00106384075,1.80212766945,0.748936174317
G[T>A]C,0.142972805133,0.161336284692,0.258400390929,0.253153682484,0.224296786035,0.201998275142,0.0839473351241
G[T>A]G,0.235341123082,0.265568423294,0.425341295845,0.416704924355,0.369204881165,0.332500302335,0.138181943828
G[T>A]T,0.30791030819,0.347458421169,0.556498446913,0.545198986062,0.483051951381,0.435029242764,0.180791373616
T[T>A]A,0.726421657249,0.819723521483,1.31289051815,1.28623284265,1.13961562743,1.02632050657,0.426522807926
T[T>A]C,0.39995842244,0.451329228992,0.722860635052,0.708183261752,0.627457708599,0.565078872071,0.234837972809
T[T>A]G,0.281551062334,0.317713584101,0.508858342016,0.49852619294,0.441699373019,0.397787739444,0.165314385224
T[T>A]T,0.678012116033,0.765096241028,1.22539804457,1.200516866,1.06367038387,0.957925374945,0.39809885712
A[T>C]A,0.784763323024,0.885558612219,1.41833371225,1.3895350582,1.23114246089,1.10874818115,0.460778464895
A[T>C]C,0.487116630087,0.549682068814,0.880385102084,0.862509262448,0.764192144448,0.688219825995,0.28601343418
A[T>C]G,0.74501031719,0.840699715728,1.34648653657,1.31914670842,1.16877765357,1.05258338392,0.43743725046
A[T>C]T,0.739265616975,0.834217164109,1.33610391325,1.30897489978,1.15976532571,1.04446701848,0.434064215471
C[T>C]A,0.707092216884,0.797911400704,1.27795565804,1.2520073198,1.10929145952,0.999011022019,0.415173411748
C[T>C]C,1.26411359561,1.42647680972,2.28468237004,2.23829288029,1.98315068668,1.78599535526,0.742231835952
C[T>C]G,1.0823202145,1.22133382003,1.9561200207,1.91640184769,1.69795189614,1.52914966085,0.635490768146
C[T>C]T,0.705350403732,0.795945868432,1.27480761041,1.24892319193,1.10655889026,0.996550111695,0.414150695769
G[T>C]A,0.512292658474,0.578091715526,0.925886731371,0.907087000785,0.803688482561,0.723789627569,0.300795689379
G[T>C]C,0.857377273124,0.967499124718,1.54957176886,1.51810838269,1.34505975875,1.21134036753,0.503414178715
G[T>C]G,0.604946531945,0.682646086507,1.09334373205,1.07114385932,0.94904455929,0.854695100179,0.355197963711
G[T>C]T,0.621380212963,0.701190515546,1.12304497205,1.10024202846,0.974825838685,0.877913328407,0.36484709752
T[T>C]A,0.48702964046,0.549583906207,0.880227882299,0.862355234943,0.764055674483,0.688096923219,0.285962357701
T[T>C]C,0.819603664156,0.924873859552,1.48130203522,1.45122483653,1.28580024377,1.15797214936,0.481235178954
T[T>C]G,0.572372966809,0.645888760711,1.03447224276,1.01346773022,0.897942911233,0.808673732923,0.336072200695
T[T>C]T,0.591024983168,0.666936448896,1.06818276774,1.04649377754,0.927204331393,0.835026123008,0.347023843328
A[T>G]A,0.178983923114,0.201972683881,0.323484705078,0.316916487716,0.280791292225,0.252876368437,0.105091477792
A[T>G]C,0.336119496843,0.379290808364,0.607482026404,0.595147365969,0.527306733579,0.474884426732,0.197354566953
A[T>G]G,0.210365717328,0.23738516726,0.380202259758,0.372482416921,0.330023281313,0.297213949253,0.123517485404
A[T>G]T,1.71350960057,1.93359340248,3.09689349828,3.03401241202,2.68816643759,2.42092182099,1.00609738015
C[T>G]A,0.174960128766,0.197432071911,0.316212342816,0.309791787632,0.27447873412,0.247191374587,0.102728882945
C[T>G]C,0.733107595648,0.827268204263,1.32497427837,1.29807124734,1.15010457666,1.03576669477,0.430448496527
C[T>G]G,0.494568204972,0.558090726712,0.893852627336,0.87570333541,0.775882229819,0.698747739135,0.29038867081
C[T>G]T,3.03927524206,3.42964086948,5.49300204298,5.38146900658,4.76803730635,4.29402190162,1.78452858249
G[T>G]A,0.0192218791831,0.0216907443993,0.034740460542,0.0340350704802,0.0301554251405,0.027157517378,0.0112862409883
G[T>G]C,0.065135813904,0.0735018817448,0.117722526047,0.115332220949,0.102185542914,0.0920267462496,0.0382448815583
G[T>G]G,0.395382258138,0.446165300467,0.714589952781,0.700080512115,0.620278588454,0.558613465626,0.23215105065
G[T>G]T,1.0518261787,1.18692311908,1.90100694682,1.862407821,1.65011262897,1.48606634422,0.617586013181
T[T>G]A,0.297367386411,0.335561362648,0.537443808468,0.526531243829,0.466512138315,0.4201337386,0.174601034223
T[T>G]C,0.645686147431,0.728618313156,1.16697404627,1.14327914178,1.01295716707,0.912253822976,0.379118471886
T[T>G]G,0.359013550688,0.405125382886,0.648859353077,0.635684543878,0.56322309328,0.507230154182,0.210796947193
T[T>G]T,4.46050565514,5.03341463837,8.06164783544,7.89795955452,6.99767400945,6.30199881552,2.61901249476
