,1,3,2,5,4,7,6
A[C>A]A,1.97960524654,0.515177828151,0.85472685125,0.422928431978,0.531864543245,2.30107136892,3.41620595539
A[C>A]C,1.40611598577,0.443725080328,0.736180246908,0.256937907341,0.323118883474,1.75247120997,2.60174571942
A[C>A]G,0.330165948987,0.136691303248,0.22678329857,0.0327015389695,0.0411246626435,0.695482473545,1.03252397995
A[C>A]T,1.13919424776,0.479287945269,0.795182272833,0.285731809948,0.359329397359,1.57815625131,2.34295505002
C[C>A]A,2.03163489914,0.641580323166,1.06444008162,0.615494359696,0.774030785679,2.81865902647,4.18462455469
C[C>A]C,1.38123417029,0.595023645944,0.98719832168,0.607885310351,0.764461829684,2.14954117736,3.19124190177
C[C>A]G,0.361647454343,0.181674117638,0.30141387699,0.150135996627,0.188807389697,0.617063773604,0.916102371582
C[C>A]T,2.09443138428,0.841165062756,1.39556930866,0.775778527608,0.975600269568,2.84311125213,4.22092670509
G[C>A]A,1.90057560579,0.481331402132,0.798572553537,0.405460241196,0.509896969989,2.82845888212,4.19917357114
G[C>A]C,1.84282431178,0.603806265132,1.00176948533,0.22049968422,0.277295057428,2.71832560571,4.03566801463
G[C>A]G,0.384490136675,0.190917735815,0.316749879875,0.0460080971352,0.0578586676095,0.965334063148,1.43314980144
G[C>A]T,1.56030418935,0.579920328319,0.962140544711,0.45227679471,0.568772332741,2.83931787369,4.21529499709
T[C>A]A,1.85039551345,1.0155605286,1.68490724064,0.53225657607,0.669352966876,2.37892447824,3.53178787924
T[C>A]C,1.48517758558,0.83188051952,1.38016540739,0.398085988184,0.50062328817,2.52014301704,3.74144309453
T[C>A]G,0.258912254679,0.151068368905,0.250636157502,0.112019761539,0.14087333648,0.588659791374,0.873933382578
T[C>A]T,2.578873287,4.80525030772,7.97234710144,1.53369650496,1.92873954412,7.00851182911,10.4049444848
A[C>G]A,1.04065632346,0.376983642782,0.625450134616,0.168662444682,0.212105801645,0.702512910857,1.04296147535
A[C>G]C,0.565182555477,0.199990676744,0.331802713689,0.0753312905159,0.0947348047397,0.374495570848,0.555981885951
A[C>G]G,0.158629423914,0.0640479052249,0.106261297305,0.00870323009652,0.010944971182,0.138494228219,0.205610661894
A[C>G]T,0.948633695317,0.336938917654,0.559012295198,0.215664174874,0.271214038099,0.514943567141,0.764493141987
C[C>G]A,0.699565371581,0.26209361732,0.434837137827,0.0315497224866,0.0396761661575,0.545474967034,0.809820527981
C[C>G]C,0.598261319159,0.232627921653,0.385950870015,0.0947058333767,0.119099760156,0.496775085908,0.737519935233
C[C>G]G,0.154288466237,0.106487235347,0.176672004098,0.0196170288471,0.0246698999138,0.214722806939,0.318780782609
C[C>G]T,0.939138218511,0.303267056612,0.503147616652,0.0674670155076,0.0848448831383,0.58984157431,0.875687875706
G[C>G]A,0.458207011367,0.171192287026,0.284023567111,0.0667761750842,0.0839760989695,0.349089327303,0.51826338592
G[C>G]C,0.514150199419,0.184752947201,0.306521935129,0.0526713052591,0.0662381566137,0.388449431442,0.576698002063
G[C>G]G,0.0745868423319,0.049821079656,0.0826577003383,0.0032640735348,0.00410481974831,0.171580551105,0.254731125871
G[C>G]T,0.768954264253,0.214645487192,0.356116376478,0.031115255291,0.0391297907448,0.443213899531,0.65800217392
T[C>G]A,0.880152978398,0.514960406055,0.854366128228,0.229083949304,0.288090421095,0.401042976311,0.595394572523
T[C>G]C,0.841970459539,0.379714740507,0.629981274023,0.0855684596464,0.107608820464,0.584414388071,0.86763059152
T[C>G]G,0.0903270534995,0.0707561817053,0.117390937829,0.0105770441585,0.0133014343205,0.107176928722,0.159116517256
T[C>G]T,1.55987037509,0.773396268243,1.28313471777,0.608720643961,0.765512324982,0.658288737479,0.97730558718
A[C>T]A,1.57057538921,1.56094149685,2.58974384705,1.02343060557,1.28704151912,1.60183853059,2.37811412618
A[C>T]C,1.35892472105,5.14316174887,8.53297290154,1.60636038517,2.02011987831,2.99252727973,4.44275203837
A[C>T]G,2.47255753918,1.60870165252,2.66898228713,1.59657669655,2.00781614869,2.71268579933,4.02729507132
A[C>T]T,1.3573811838,3.17531123938,5.26813001079,1.17498439679,1.47763189294,1.62571128585,2.41355598592
C[C>T]A,2.5980471283,1.844148357,3.05960977411,1.98781363034,2.4998262321,2.84075168956,4.21742366219
C[C>T]C,2.40707289568,6.96109150405,11.5490836317,3.99438754303,5.02324494048,5.74713606806,8.53228662411
C[C>T]G,1.90608613551,1.49727389522,2.48411350797,1.38696314287,1.74421122513,2.08638995528,3.09748662591
C[C>T]T,2.5420552289,4.05545491792,6.72836838655,4.58540589704,5.76649529477,5.18865042551,7.70315024711
G[C>T]A,1.63846972915,1.77442584536,2.9439337889,1.97513864725,2.48388648064,3.0383290413,4.51075003823
G[C>T]C,1.93630556419,5.10094481981,8.46293117831,4.06081000987,5.10677622453,7.01746715377,10.4182396975
G[C>T]G,1.89826156289,1.83982761344,3.05244126776,1.81871693394,2.28717432602,4.82742751791,7.16687316121
G[C>T]T,1.90768504362,3.04069037474,5.0447817581,3.81254439918,4.79456341109,4.89716878567,7.27041212026
T[C>T]A,3.87844975407,1.80414054065,2.99323316971,2.89637552936,3.64241165055,1.83225477091,2.72019362143
T[C>T]C,5.41502969318,7.59034585335,12.5930738021,2.06874470024,2.60160318363,3.41611700899,5.0716198672
T[C>T]G,2.62776099323,3.78437390405,6.27862034082,1.47519161773,1.85516521624,4.45376498303,6.61212801326
T[C>T]T,2.88074504694,5.00122954456,8.29749447166,2.24151414716,2.81887385173,2.31623636575,3.43872014299
A[T>A]A,1.79081716188,0.283184130525,0.469828216554,0.136827734692,0.172071242112,0.382827547298,0.568351666374
A[T>A]C,0.898607822937,0.188589415936,0.31288698553,0.377521110207,0.474761396169,0.445797121809,0.661837265455
A[T>A]G,0.642913832185,0.293006253229,0.486124011039,0.167096238549,0.210136178781,0.466969192316,0.693269647053
A[T>A]T,1.28337332127,0.292082435543,0.484591313515,0.206795960031,0.260061586099,0.57076337889,0.847364093276
C[T>A]A,2.54336315295,0.317176755809,0.526225072138,0.139354555564,0.175248910785,0.408329598508,0.606212403938
C[T>A]C,0.851675182281,0.34415616278,0.570986360976,0.26483270882,0.333047194425,0.615241122379,0.913396435532
C[T>A]G,0.838430534844,0.736680202111,1.22221942623,0.13238245028,0.166480960201,1.09859231631,1.63098705422
C[T>A]T,0.987323025027,0.452966876766,0.751513227361,0.140168102855,0.176272008136,0.68931797388,1.02337206891
G[T>A]A,1.0656960517,0.298211235555,0.494759549899,0.0836316842825,0.105173178719,0.344295927037,0.511147030139
G[T>A]C,0.507116790871,0.147019087751,0.243918031951,0.139732883167,0.175724686407,0.325563852971,0.483337104795
G[T>A]G,0.492738263399,0.354983779158,0.588950360876,0.0830913628718,0.104493683611,0.502437873402,0.745926996665
G[T>A]T,0.553127239328,0.219512649221,0.364191440753,0.19037691459,0.23941339259,0.383149527075,0.568829682504
T[T>A]A,1.46420660741,0.276513793927,0.458761521742,0.153257002481,0.192732290999,0.38295157174,0.568535794968
T[T>A]C,0.756831156178,0.195662865868,0.324622482008,0.265635761081,0.334057093481,0.434087093267,0.644452376926
T[T>A]G,0.827813085411,0.244671552364,0.405932348241,0.152583836342,0.191885733582,0.430939518066,0.639779438359
T[T>A]T,1.19050719278,0.348069799741,0.57747944048,0.301145607386,0.378713415349,0.527730280028,0.783476492657
A[T>C]A,3.81732586034,0.583407681669,0.967926380951,1.13664746902,1.42942030194,1.18100553277,1.75333898327
A[T>C]C,2.03142729843,0.372994799738,0.618832281384,0.591370427462,0.743693113324,0.692234802469,1.02770243751
A[T>C]G,3.51975298416,0.524946199113,0.87093346671,1.10606782994,1.39096408916,1.07392910728,1.59437167466
A[T>C]T,3.06802650299,0.481763404408,0.799289284586,0.871746120024,1.0962867873,0.927979327914,1.37769238683
C[T>C]A,2.44497046617,0.241923993446,0.401373898218,0.692115663204,0.870387879484,0.57111890005,0.847891905459
C[T>C]C,2.1518921823,0.314557042973,0.521878730387,0.655917218913,0.824865593481,0.777099705521,1.1536941782
C[T>C]G,3.06133546765,0.377618843173,0.62650398981,0.881373312086,1.10839371065,1.01970865061,1.51387515053
C[T>C]T,2.54899322497,0.357419654448,0.592991699425,0.567598011114,0.713797498825,0.676568597892,1.00444414918
G[T>C]A,4.43532345252,0.461090228706,0.764990606717,1.63456137776,2.05558476294,1.22172537418,1.81379228628
G[T>C]C,2.24064360056,0.444542285551,0.737536064664,0.871885307484,1.09646182608,1.42305023406,2.11268227057
G[T>C]G,2.5657833877,0.410955742211,0.681812935941,1.09051406045,1.37140404571,0.898846745817,1.33444170725
G[T>C]T,3.19966089167,0.548088994626,0.909329468357,1.2611799684,1.58602935421,1.0835020516,1.60858381507
T[T>C]A,2.55573286852,0.339866646282,0.563869663149,0.810433798974,1.01918189871,0.812017950581,1.20553434202
T[T>C]C,2.50101602527,0.410857749569,0.681650357239,0.702241420039,0.883121785807,0.893008339768,1.32577391981
T[T>C]G,1.66892684883,0.328605403323,0.545186237331,0.632766077593,0.795751279397,0.59723798641,0.886668702901
T[T>C]T,2.7354363742,0.444362514896,0.737237808805,0.637339848573,0.801503142902,0.80284328872,1.19191349787
A[T>G]A,1.29856374731,0.0654691143098,0.108619212378,0.0517127783735,0.0650327364395,0.147946697579,0.219643943329
A[T>G]C,0.262156029419,0.0930843936464,0.154435471277,0.0680912346558,0.0856298860065,0.174601742535,0.259216433148
A[T>G]G,0.55223029212,0.164991017744,0.273735097621,0.075432670071,0.0948622972105,0.291167566241,0.432271848343
A[T>G]T,0.994207759782,0.284912790064,0.472696219879,0.253574805964,0.318889528712,0.637609289936,0.946604561213
C[T>G]A,0.850489693139,0.0587797469262,0.0975209437639,0.0295030601895,0.0371023332686,0.144427656574,0.214419520914
C[T>G]C,0.62472013094,0.130495022359,0.216503105278,0.160028399686,0.201247835969,0.324218919249,0.481340395501
C[T>G]G,1.05345272591,0.295250722505,0.48984778961,0.160693926295,0.202084786098,0.459316305979,0.681908054261
C[T>G]T,2.41608111019,0.494158319031,0.819853574756,0.408010175037,0.513103704971,0.995886237829,1.47850803001
G[T>G]A,0.381784645582,0.0608105897634,0.100890296653,0.00328724689091,0.00413396199917,0.0835762810835,0.124078632685
G[T>G]C,0.232066886432,0.0708892144071,0.117611651175,0.0363725408731,0.0457412256435,0.132634426954,0.196911110785
G[T>G]G,0.786082729587,0.266243558404,0.441722267353,0.146298877194,0.18398192132,0.464186928934,0.689139056032
G[T>G]T,1.21930858226,0.158563652161,0.263071513812,0.222859911662,0.280263222242,0.66887640613,0.993024202947
T[T>G]A,1.97354727334,0.155416645308,0.257850343351,0.117897979906,0.148265641397,0.281015230042,0.417199533832
T[T>G]C,0.599710863771,0.212935464212,0.353279292897,0.16610593482,0.208890796819,0.352965467391,0.524017963127
T[T>G]G,0.732160572343,0.21947481699,0.364128673642,0.0781636493151,0.0982967105024,0.345171103621,0.512446330761
T[T>G]T,2.50908471317,1.11523631036,1.850278424,0.621441525593,0.781509797337,1.9573235631,2.90587267445
