,1,3,2,5,4,7,6
A[C>A]A,1.8028979726,2.40386396346,1.17785607769,1.98940465942,1.98940465942,3.08772181514,4.02025524924
A[C>A]C,1.40298264801,1.87064353068,0.770110257685,1.54811878401,1.54811878401,2.40280936268,3.12849004269
A[C>A]G,0.35615993528,0.474879913706,0.226346839085,0.393004066516,0.393004066516,0.609975061571,0.79419571775
A[C>A]T,0.988383156911,1.31784420921,0.784261498853,1.09062969038,1.09062969038,1.69274816528,2.20398083265
C[C>A]A,1.57381918726,2.09842558302,1.57389409445,1.7366280687,1.7366280687,2.69539148163,3.50943588884
C[C>A]C,1.03773499996,1.38364666662,1.06275479847,1.14508689651,1.14508689651,1.77727028729,2.31402977003
C[C>A]G,0.338626456188,0.451501941583,0.416434791067,0.373656779241,0.373656779241,0.579946459448,0.755098074717
C[C>A]T,1.46152926954,1.94870569272,1.6779659131,1.6127219526,1.6127219526,2.50307886392,3.2590422792
G[C>A]A,1.6836620357,2.24488271427,1.61916599437,1.85783397043,1.85783397043,2.88351314161,3.75437281525
G[C>A]C,1.65091555262,2.20122073683,1.231015274,1.82169992014,1.82169992014,2.82743008438,3.68135192194
G[C>A]G,0.346324584158,0.461766112211,0.367998301094,0.382151265278,0.382151265278,0.59313060965,0.772264015249
G[C>A]T,1.45796072749,1.94394763665,1.35460587089,1.60878425102,1.60878425102,2.49696722294,3.25108484061
T[C>A]A,1.27645419571,1.70193892762,1.64255009289,1.40850118148,1.40850118148,2.18611120875,2.84634613757
T[C>A]C,1.22211606066,1.62948808088,1.23907767232,1.34854186004,1.34854186004,2.09304934527,2.72517834216
T[C>A]G,0.314232194133,0.418976258843,0.293631908153,0.346738972836,0.346738972836,0.538167780756,0.700701674272
T[C>A]T,4.27595527686,5.70127370247,2.13490693191,4.71829547791,4.71829547791,7.32318777301,9.53488877828
A[C>G]A,0.728200184888,0.97093357985,0.536766602686,0.803531238497,0.803531238497,1.24714744308,1.62380271113
A[C>G]C,0.358643422421,0.478191229894,0.317142651128,0.395744466119,0.395744466119,0.614228390123,0.799733608616
A[C>G]G,0.102857838388,0.137143784517,0.163096375287,0.113498304428,0.113498304428,0.176158826665,0.229361156865
A[C>G]T,0.642762796077,0.857017061435,0.510561614243,0.709255499119,0.709255499119,1.10082363926,1.43328715447
C[C>G]A,0.487365088579,0.649820118105,0.379203216089,0.537782166707,0.537782166707,0.834682737911,1.08676812855
C[C>G]C,0.369691099138,0.492921465517,0.373794974369,0.407935005945,0.407935005945,0.63314912381,0.824368657847
C[C>G]G,0.131874836329,0.175833115105,0.171995564934,0.145517060777,0.145517060777,0.225854604747,0.294065726987
C[C>G]T,0.547497969977,0.729997293302,0.506061103623,0.604135691009,0.604135691009,0.937668937086,1.22085754225
G[C>G]A,0.30482571947,0.406434292627,0.361313668763,0.336359414588,0.336359414588,0.522057841391,0.67972631698
G[C>G]C,0.276723370112,0.368964493483,0.42513159696,0.305349925641,0.305349925641,0.473928530422,0.617061308066
G[C>G]G,0.0330303929128,0.0440405238838,0.0935636830134,0.0364473301107,0.0364473301107,0.0565692936093,0.0736539795987
G[C>G]T,0.516322630047,0.688430173396,0.343210181598,0.569735315914,0.569735315914,0.884276688241,1.15134011758
T[C>G]A,0.445682127408,0.594242836544,1.6551707496,0.491787175071,0.491787175071,0.763294677974,0.993819916289
T[C>G]C,0.51998719153,0.693316255373,0.614489670754,0.573778969964,0.573778969964,0.890552776299,1.15951166847
T[C>G]G,0.0565122665051,0.0753496886735,0.146042356704,0.0623583630402,0.0623583630402,0.0967853759686,0.126015858644
T[C>G]T,0.904114121444,1.20548549526,2.40635571858,0.99764316849,0.99764316849,1.54842533443,2.01607056966
A[C>T]A,1.00729879316,1.34306505754,2.26338983276,1.11150211659,1.11150211659,1.72514391012,2.24616052727
A[C>T]C,0.738130361163,0.984173814884,2.10641147277,0.814488674386,0.814488674386,1.2641542967,1.64594586282
A[C>T]G,1.1238996635,1.49853288467,1.69437153624,1.24016514593,1.24016514593,1.92483965359,2.50616706574
A[C>T]T,0.767786581324,1.02371544177,1.44984275402,0.847212779392,0.847212779392,1.31494483468,1.71207582502
C[C>T]A,1.42560192458,1.9008025661,2.50047512121,1.57307798574,1.57307798574,2.4415481237,3.17892842951
C[C>T]C,1.20211602848,1.60282137131,2.79062309654,1.32647285901,1.32647285901,2.05879641659,2.68058056926
C[C>T]G,0.956833295754,1.27577772767,1.74398855851,1.05581605049,1.05581605049,1.63871449503,2.13362826869
C[C>T]T,1.55163587051,2.06884782735,2.14012821021,1.71214992608,1.71214992608,2.65739936444,3.45996964229
G[C>T]A,1.16574053575,1.55432071433,2.26587672468,1.28633438427,1.28633438427,1.99649815892,2.59946740155
G[C>T]C,1.25972694674,1.67963592899,3.03296620204,1.39004352744,1.39004352744,2.15746339154,2.80904629503
G[C>T]G,0.896560574347,1.19541409913,1.25481322841,0.989308219969,0.989308219969,1.53548879974,1.99922702785
G[C>T]T,1.27797376761,1.70396502348,1.95089382191,1.41017795047,1.41017795047,2.18871369395,2.84973460824
T[C>T]A,1.3843009679,1.84573462387,8.21569906399,1.5275045163,1.5275045163,2.37081430134,3.08683204336
T[C>T]C,1.79328714062,2.39104952083,4.69551661162,1.97879960345,1.97879960345,3.07126188451,3.99882419863
T[C>T]G,2.83453361503,3.77937815338,1.77796504932,3.12776123038,3.12776123038,4.85454607632,6.32068415306
T[C>T]T,1.56874108423,2.09165477898,5.07763287233,1.73102464467,1.73102464467,2.68669450059,3.49811230278
A[T>A]A,2.2080147306,2.94401964081,1.30803852826,2.43643004756,2.43643004756,3.78154246966,4.92361905445
A[T>A]C,0.44646494437,0.595286592494,0.986357157676,0.492650973098,0.492650973098,0.764635364496,0.995565508136
A[T>A]G,0.360308141573,0.480410855431,1.41605163581,0.397581397598,0.397581397598,0.617079460855,0.803445740979
A[T>A]T,0.501243716203,0.668324954938,1.07114825093,0.553096514431,0.553096514431,0.858451881774,1.11771587291
C[T>A]A,4.58051944389,6.10735925852,1.45584976164,5.05436628291,5.05436628291,7.84479766827,10.2140318634
C[T>A]C,0.537514841707,0.71668645561,1.32881793314,0.593119825332,0.593119825332,0.920571395567,1.19859631369
C[T>A]G,0.637599494582,0.850132659443,3.38095131655,0.703558062987,0.703558062987,1.09198074359,1.42177358562
C[T>A]T,0.660771336681,0.881028448908,1.4012738603,0.7291269922,0.7291269922,1.13166585248,1.47344413007
G[T>A]A,1.68744370144,2.24992493525,1.00356871782,1.86200684296,1.86200684296,2.88998978752,3.76280549516
G[T>A]C,0.230800861164,0.307734481552,0.643504385205,0.254676812319,0.254676812319,0.395279635787,0.514659391562
G[T>A]G,0.352866963204,0.470489284273,1.08146947376,0.389370442157,0.389370442157,0.604335373764,0.786852768525
G[T>A]T,0.311524595985,0.41536612798,0.637963341161,0.343751278329,0.343751278329,0.533530629906,0.694664041622
T[T>A]A,1.04625934695,1.39501246259,1.23295734657,1.15449307249,1.15449307249,1.79186945626,2.33303808399
T[T>A]C,0.429075080797,0.57210010773,0.846746056864,0.473462158121,0.473462158121,0.734852724584,0.956788111203
T[T>A]G,0.300314062831,0.400418750441,1.34536626664,0.331381034848,0.331381034848,0.51433098117,0.669665841255
T[T>A]T,0.571554720844,0.762072961126,0.988734852895,0.630681071277,0.630681071277,0.978869579377,1.27450133154
A[T>C]A,1.67350504739,2.23134006318,1.87655517233,1.84662625918,1.84662625918,2.86611783978,3.73172389877
A[T>C]C,0.875678480014,1.16757130668,1.05652342574,0.966265908981,0.966265908981,1.4997252129,1.95266235773
A[T>C]G,1.50150174809,2.00200233079,1.78315079234,1.65682951513,1.65682951513,2.57153747662,3.34817631183
A[T>C]T,1.29872356209,1.73163141612,1.41843633715,1.43307427541,1.43307427541,2.22425069829,2.89600426489
C[T>C]A,0.758761628742,1.01168217166,1.10994260327,0.837254211025,0.837254211025,1.2994883067,1.69195121811
C[T>C]C,1.00621834161,1.34162445548,1.04745206715,1.11030989419,1.11030989419,1.72329348161,2.24375124451
C[T>C]G,1.10494220893,1.47325627858,1.61914889201,1.21924657537,1.21924657537,1.89237228886,2.46389412107
C[T>C]T,0.967100271413,1.28946702855,1.25635161579,1.06714512708,1.06714512708,1.65629816598,2.1565224443
G[T>C]A,1.4503068891,1.9337425188,2.84507161937,1.60033863625,1.60033863625,2.48385892501,3.23401766075
G[T>C]C,0.872537878458,1.16338383794,1.66083800185,0.962800417609,0.962800417609,1.4943464815,1.94565917725
G[T>C]G,1.07093171183,1.4279089491,2.21147463696,1.18171775098,1.18171775098,1.834124426,2.38805462177
G[T>C]T,1.31505301185,1.7534040158,2.32277237673,1.45109297859,1.45109297859,2.25221722719,2.9324170609
T[T>C]A,1.1926732698,1.5902310264,1.36784212658,1.31605326323,1.31605326323,2.04262433563,2.65952430277
T[T>C]C,0.98452470073,1.31269960097,1.41140933378,1.08637208356,1.08637208356,1.6861400047,2.19537691887
T[T>C]G,0.763386046074,1.01784806143,1.12445717925,0.842357016358,0.842357016358,1.30740828581,1.70226313722
T[T>C]T,0.996784546982,1.32904606264,1.36549517084,1.09990018977,1.09990018977,1.70713675288,2.22271496683
A[T>G]A,0.158332858533,0.211110478044,0.610138699535,0.174712119761,0.174712119761,0.271167769212,0.35306407535
A[T>G]C,0.129559598061,0.172746130748,0.276445713373,0.142962315102,0.142962315102,0.221889426565,0.288903011769
A[T>G]G,0.325648698137,0.434198264182,0.429823000454,0.359336494496,0.359336494496,0.557720184165,0.72615916596
A[T>G]T,0.378339898985,0.504453198647,0.897835082472,0.417478509225,0.417478509225,0.647961436193,0.843654487393
C[T>G]A,0.108101941932,0.144135922576,0.428280514214,0.119284901442,0.119284901442,0.185140107447,0.241054904998
C[T>G]C,0.270436967256,0.360582623008,0.512513403021,0.298413205248,0.298413205248,0.463162162311,0.603043352271
C[T>G]G,0.436627104178,0.582169472237,0.752053478664,0.481795425299,0.481795425299,0.747786649683,0.973628255293
C[T>G]T,0.660170355545,0.880227140726,1.62443700445,0.728463840601,0.728463840601,1.13063658593,1.47210401121
G[T>G]A,0.0999789298942,0.133305239859,0.201353020327,0.110321577814,0.110321577814,0.171228282233,0.222941521833
G[T>G]C,0.140294609173,0.187059478897,0.103010531341,0.154807844604,0.154807844604,0.240274675479,0.312840852638
G[T>G]G,0.50504564843,0.673394197906,0.478146372765,0.557291749991,0.557291749991,0.864963236966,1.12619374477
G[T>G]T,0.39523361936,0.526978159147,0.649629373748,0.436119855846,0.436119855846,0.676894359594,0.881325542021
T[T>G]A,0.296921770044,0.395895693392,0.890863497095,0.327637815221,0.327637815221,0.508521192374,0.662101418258
T[T>G]C,0.306712973437,0.40895063125,0.465331456727,0.338441901724,0.338441901724,0.525290034967,0.683934676401
T[T>G]G,0.354289245045,0.472385660059,0.540118419796,0.390939856601,0.390939856601,0.606771235766,0.790024293548
T[T>G]T,1.16938799692,1.55918399589,1.99722999466,1.29035916902,1.29035916902,2.00274496024,2.60760082072
