,1,3,2,5,4,7,6
A[C>A]A,0.398535598555,0.816355177684,1.11204287984,1.54968953596,4.59285040589,0.623515371932,1.23816010266
A[C>A]C,0.31461695355,0.644457308079,0.877882789745,1.20064605387,2.8024683098,0.492223298296,1.12603584413
A[C>A]G,0.174783156142,0.358023561775,0.4877013873,0.364358338704,1.10981957435,0.273451066868,0.649109153127
A[C>A]T,0.32407422047,0.663829451607,0.904271615182,0.879927401873,2.72959759802,0.507019344928,1.15752553907
C[C>A]A,0.820091316532,1.67986447096,2.28831931871,1.3001320997,6.31092313578,1.28304609199,2.05930566537
C[C>A]C,0.679338882005,1.39154900024,1.89557462237,0.947156197043,4.28417234627,1.06283663798,2.15893949256
C[C>A]G,0.287609899901,0.589136407861,0.80252439811,0.351335381259,1.22095739485,0.449970327264,0.489471786563
C[C>A]T,0.992388754477,2.03279631965,2.76908475039,1.31765966089,4.87307156214,1.55260821265,2.62855728196
G[C>A]A,0.600118368881,1.22927472335,1.67452383575,1.75533564418,7.21646147159,0.938894867442,1.55108185816
G[C>A]C,1.04894668496,2.14864885468,2.92689962094,1.54880169638,3.59721511687,1.64109400712,2.29345658852
G[C>A]G,0.387333145619,0.793408217639,1.08078442245,0.399388881868,1.61144221392,0.60598895363,1.01320519096
G[C>A]T,0.712597369251,1.45967525637,1.98837653033,1.51326824367,4.80947616819,1.1148700777,2.1532462478
T[C>A]A,0.615268328784,1.26030770573,1.71679711096,1.25468607956,4.88501953448,0.962597224065,1.61497522339
T[C>A]C,0.704347358494,1.44277604079,1.96535633902,1.01437388911,4.67774761349,1.1019628028,2.30044336792
T[C>A]G,0.145879817809,0.29881833648,0.407051749694,0.394633975926,1.15231740521,0.228231327863,0.46508049949
T[C>A]T,0.991772141597,2.03153325779,2.76736420155,5.25457965762,8.9168231992,1.55164351185,2.931216827
A[C>G]A,0.194266996989,0.397934009962,0.542067588374,0.345777212874,0.773987369935,0.303933850129,0.391615425784
A[C>G]C,0.106537135772,0.218229294243,0.297272975622,0.165309291812,0.493079417072,0.166679067256,0.2188297227
A[C>G]G,0.0105941900818,0.0217010022644,0.029561207809,0.028187401257,0.236642155439,0.0165747812571,0.112701341826
A[C>G]T,0.126399350608,0.258914798826,0.352694962181,0.257779285889,0.627514489867,0.197753822726,0.214100693425
C[C>G]A,0.166856340548,0.341786374993,0.465583014754,0.139752248469,0.681049208482,0.261049436018,0.411871853892
C[C>G]C,0.176813226032,0.362181930743,0.493365937154,0.118743805158,0.747795510853,0.276627143953,0.414849770629
C[C>G]G,0.0227701692698,0.0466421209237,0.0635361174787,0.0660468562647,0.480306562845,0.0356242970835,0.203137528696
C[C>G]T,0.145233880676,0.297495207192,0.405249376726,0.0823897849887,0.828943348309,0.2272207488,0.406634086853
G[C>G]A,0.093059074328,0.190621007091,0.259664836431,0.122008432692,0.440456866675,0.145592422739,0.292852098061
G[C>G]C,0.139705862778,0.286171686658,0.389824423558,0.0827017591551,0.567299525719,0.218572075637,0.353359485014
G[C>G]G,0.0509162443091,0.104296177859,0.142072746217,0.0198355434247,0.313518643414,0.0796592854513,0.227139619737
G[C>G]T,0.0880459941713,0.180352278383,0.245676725672,0.166128678852,0.497614118851,0.137749377978,0.229156521674
T[C>G]A,0.70865316695,1.45159600327,1.97737093359,0.052047021397,0.399494712125,1.10869930958,0.649646726042
T[C>G]C,0.235415427533,0.482221924141,0.656884983278,0.0952701690457,0.874225856235,0.368311233399,0.404152094437
T[C>G]G,0.0449154415081,0.092004210831,0.12532857066,0.0218419671943,0.1932877233,0.070270932682,0.131997564532
T[C>G]T,0.892597253416,1.82838469651,2.49063427163,0.32025176393,0.625734478899,1.3964827997,1.04473955771
A[C>T]A,0.948368981535,1.94262678476,2.64625538396,1.60626502024,1.42673962532,1.48373856788,1.49861308016
A[C>T]C,1.3218392453,2.70763845408,3.68835789414,3.25107191861,0.980418460778,2.06803881926,2.43596181255
A[C>T]G,1.45142795286,2.97308629053,4.04995219103,2.34984822675,2.3865371907,2.27078244237,1.3350096069
A[C>T]T,0.743079491894,1.52211444307,2.07343148545,1.97870781847,1.23181484751,1.16255985022,1.36935987183
C[C>T]A,1.24497473907,2.55019019132,3.47388112676,3.50466927454,1.79692732139,1.94778305951,1.96271105038
C[C>T]C,2.46127387839,5.04164165412,6.86774808002,6.52005854062,1.37340297959,3.8507026807,3.39632268698
C[C>T]G,1.33563824148,2.73590413981,3.72686154478,2.14375300834,2.19596802049,2.08962757135,1.17963791311
C[C>T]T,2.32797135015,4.76858647531,6.49579102542,5.99581922516,1.80721613745,3.64214872524,2.68832186636
G[C>T]A,1.82559331649,3.73952179346,5.09399425408,2.31144428047,1.29730577287,2.8561701887,2.43595027125
G[C>T]C,3.387724564,6.93937128432,9.45284434794,5.28124332911,1.55557587667,5.3001497211,5.11145092886
G[C>T]G,2.4442740958,5.00681951881,6.82031320279,2.41094852428,2.47496794517,3.82410624665,4.3611122648
G[C>T]T,2.49158964949,5.10374008848,6.95233886068,4.31738284535,1.42873103954,3.89813219356,3.30486956096
T[C>T]A,1.51121151161,3.09554616089,4.21676760499,2.59111550583,1.46696399878,2.3643147843,6.45914890104
T[C>T]C,1.16362941435,2.38356347779,3.24690143038,5.3018138946,1.6862317936,1.82051698697,3.89327034953
T[C>T]G,0.920447867042,1.8854335341,2.56834646771,4.66372506187,2.7299181685,1.44005553392,1.74129510793
T[C>T]T,1.01859410061,2.08647501254,2.84220611944,3.67089349086,1.46847021447,1.59360689934,4.62768371333
A[T>A]A,0.77962649032,1.59697684307,2.17540940041,0.254823600626,0.877877078159,1.21973821873,1.38942733621
A[T>A]C,0.290274195025,0.594593915617,0.809958640958,0.28836673165,0.697874053465,0.454138659959,0.576988669499
A[T>A]G,0.726285604407,1.48771406064,2.02657112198,0.461347820646,1.19712741027,1.13628554238,1.98089144628
A[T>A]T,0.378918768552,0.776172316227,1.05730559612,0.363653021097,0.938966583899,0.592824524992,0.621381964576
C[T>A]A,1.34922880081,2.76374286617,3.76478358935,0.437936400125,0.984578292148,2.11089022062,2.34378228808
C[T>A]C,0.695749764006,1.42516483917,1.94136627698,0.671752405273,1.19225001051,1.08851172756,1.72662332797
C[T>A]G,2.20888935301,4.52466044891,6.16351383985,1.06184105354,2.87272813022,3.45584302003,6.08640142974
C[T>A]T,0.77729218588,1.59219528398,2.16889593802,1.33154071466,1.40202622263,1.21608616178,1.82639548366
G[T>A]A,0.779799729882,1.59733170476,2.17589279467,0.299887940248,0.783120063322,1.22000925482,1.49367938007
G[T>A]C,0.22183332314,0.454400516755,0.618986530698,0.153175236862,0.571817474222,0.34706181201,0.509821794201
G[T>A]G,0.62256446386,1.27525301468,1.73715568142,0.371395260066,1.01081616093,0.974012145071,1.60572271228
G[T>A]T,0.254237157227,0.520776112384,0.709403680649,0.297939924635,0.735860666801,0.397758133081,0.482409573606
T[T>A]A,0.605110064294,1.23949964783,1.68845227617,0.294122330076,0.917415538296,0.946704455427,1.13595440662
T[T>A]C,0.396532358068,0.81225176572,1.10645319267,0.329842659607,0.740609127904,0.62038126988,0.874240130615
T[T>A]G,0.809089027571,1.65732752422,2.25761938338,0.397136944758,0.974425378569,1.26583283346,1.9912119499
T[T>A]T,0.395750263722,0.810649733754,1.10427089716,0.425195198298,0.988713539991,0.619157670662,0.709543092174
A[T>C]A,0.763666023091,1.56428362794,2.1308745483,0.683649402688,1.8853712455,1.19476781032,0.992096351102
A[T>C]C,0.328439636299,0.672771513064,0.916452533544,0.596732737129,0.842394771646,0.513849108403,0.355744332053
A[T>C]G,0.706122431775,1.44641207799,1.97030936608,0.78279897774,1.70812295776,1.10473993358,0.63977406959
A[T>C]T,0.488141542821,0.999902837714,1.36207236948,0.603765406226,1.55160015159,0.763705316994,0.436123915907
C[T>C]A,0.410899757906,0.841681762161,1.14654287287,0.399234806476,0.994296960044,0.642859298659,0.371511145133
C[T>C]C,0.405155361282,0.829915014239,1.13051415326,1.48498882712,0.866183989588,0.63387209749,0.304162615708
C[T>C]G,0.691811336811,1.41709741573,1.93037679465,1.22132824522,1.54784154879,1.08234999469,0.636260215643
C[T>C]T,0.329986947918,0.675941006219,0.920770032094,3.47102822797,0.992715956582,0.516269902388,0.337212835183
G[T>C]A,0.683666370036,1.40041337088,1.90764970994,0.379518436979,2.00307066739,1.0696070628,0.838797369844
G[T>C]C,0.527403959021,1.08032746445,1.47162717598,0.769352644867,1.05642049963,0.825132000403,1.18741711953
G[T>C]G,0.476879743084,0.976834312445,1.33064831538,0.521776333153,1.29228293255,0.746086049663,0.601159564506
G[T>C]T,0.480604763153,0.984464595491,1.34104232299,0.931643814533,1.50630545228,0.751913903643,0.54671980603
T[T>C]A,0.413630183691,0.84727473111,1.15416164159,0.443350495384,0.871098725861,0.64713109384,0.386703084483
T[T>C]C,0.402944733258,0.825386792318,1.12434578796,0.66274096617,1.10957803169,0.63041353429,0.432143692937
T[T>C]G,0.33974938354,0.695938253381,0.948010376653,0.483273312427,0.691401025231,0.531543390378,0.31228419684
T[T>C]T,0.370254496951,0.758424534077,1.03312948343,0.530613483487,0.923046540909,0.579269132327,0.234590866767
A[T>G]A,0.170577710941,0.349409182088,0.475966838593,0.0503018601683,0.272952170789,0.26687158002,0.0633149395976
A[T>G]C,0.0933521964593,0.191221434683,0.260482741733,0.273579183702,0.141007993876,0.146051017041,0.063753622695
A[T>G]G,0.106142036098,0.217419977168,0.296170520079,0.235586526873,0.352244391607,0.166060927443,0.134526990371
A[T>G]T,0.338440660143,0.69325748126,0.944358616205,1.23836127211,0.319478564864,0.529495871514,0.188102931862
C[T>G]A,0.108940170907,0.223151640407,0.303978218822,0.0712273204962,0.184131387504,0.170438654484,0.0552523157119
C[T>G]C,0.209243819678,0.428612340308,0.583857754908,0.717481686384,0.300136454034,0.327365330786,0.162340861098
C[T>G]G,0.248864443012,0.509770713911,0.694412074855,0.607110641896,0.711548738385,0.389352435034,0.296608375025
C[T>G]T,0.651384317017,1.33428723002,1.81757236845,8.67557331616,0.769229341121,1.01910127017,0.323675567792
G[T>G]A,0.0470590121954,0.0963950733681,0.131309824352,0.0124201389757,0.100598713768,0.0736245835961,0.0155755466671
G[T>G]C,0.0470187294459,0.0963125587036,0.131197422486,0.327614189965,0.0745748630751,0.0735615605847,0.0779477904597
G[T>G]G,0.149526428449,0.306288006662,0.417226969705,0.346811365316,0.60817247476,0.233936509026,0.216725423017
G[T>G]T,0.294324671715,0.602890859803,0.821260777526,2.26691416463,0.492749160522,0.46047569607,0.413473428324
T[T>G]A,0.244447974039,0.500724075853,0.682088701753,0.160225984313,0.338359304715,0.382442798093,0.0935108446819
T[T>G]C,0.14817043004,0.303510397018,0.413443296725,0.482152524531,0.319812011085,0.231815027643,0.0750905948365
T[T>G]G,0.165789588636,0.339601254142,0.462606432807,0.25727741364,0.365767448817,0.259380485447,0.216795207589
T[T>G]T,0.86805943875,1.77812175357,2.42216585329,2.84280512601,1.04279736187,1.35809299288,0.298815647797
