,1,3,2,5,4,7,6
A[C>A]A,0.643298317059,0.255814535439,0.210670793891,0.334816083148,0.0978114400206,0.364911910846,0.210670793891
A[C>A]C,0.540364965877,0.214881974735,0.176961626252,0.281242584579,0.0821607550456,0.306522816901,0.176961626252
A[C>A]G,0.135908956172,0.054045666782,0.0445081961734,0.070736240347,0.0206645196519,0.0770945540861,0.0445081961734
A[C>A]T,0.593705678116,0.236093486034,0.194429929675,0.309004709663,0.0902710387779,0.336780413902,0.194429929675
C[C>A]A,1.62538851437,0.646353327352,0.532290975467,0.845962443152,0.247135095752,0.922004011076,0.532290975467
C[C>A]C,2.2876291902,0.909700496687,0.749165114918,1.19063741478,0.347826660498,1.29766100263,0.749165114918
C[C>A]G,0.77851681341,0.309585633403,0.254952874567,0.405192961365,0.118370977477,0.441614800589,0.254952874567
C[C>A]T,5.40499240594,2.14935370529,1.77005599259,2.81312470251,0.821811710845,3.06598984431,1.77005599259
G[C>A]A,0.659698387081,0.26233620071,0.216041577056,0.343351792106,0.100305017919,0.374214874543,0.216041577056
G[C>A]C,0.914424902906,0.363630955542,0.299460786917,0.475928750635,0.139035365354,0.518708863052,0.299460786917
G[C>A]G,0.449567246873,0.178775279458,0.14722670073,0.233985292232,0.0683552539106,0.255017678051,0.14722670073
G[C>A]T,1.17952311966,0.469050129456,0.386276577199,0.613903845906,0.179342696557,0.669086214077,0.386276577199
T[C>A]A,0.815334662575,0.324226649445,0.267010181896,0.424355467656,0.123969013023,0.462499779355,0.267010181896
T[C>A]C,1.05173150553,0.418232411555,0.344426691869,0.547392421006,0.159912392653,0.59659623413,0.344426691869
T[C>A]G,0.257663671043,0.102462746379,0.0843810852537,0.13410565335,0.0391769324392,0.1461600941,0.0843810852537
T[C>A]T,1.45633333923,0.579126707999,0.476927877175,0.75797466194,0.221430800117,0.826107215822,0.476927877175
A[C>G]A,0.251992575241,0.10020757378,0.0825238842896,0.131154030389,0.038314660563,0.142943156716,0.0825238842896
A[C>G]C,0.223880424214,0.0890284727867,0.0733175658243,0.116522559971,0.0340402984184,0.126996497946,0.0733175658243
A[C>G]G,0.00841326171808,0.00334562454286,0.00275522021177,0.00437883212228,0.00127920938404,0.00477243500967,0.00275522021177
A[C>G]T,0.276652251308,0.110013760754,0.0905995676797,0.143988598634,0.0420640849941,0.156931394017,0.0905995676797
C[C>G]A,0.181806155765,0.0722971847488,0.0595388580285,0.0946242565095,0.0276430412275,0.103129807656,0.0595388580285
C[C>G]C,0.228871159428,0.0910130926381,0.0749519586431,0.119120077129,0.0347991236557,0.129827499793,0.0749519586431
C[C>G]G,0.0904048017234,0.0359504474689,0.0296062508568,0.0470527915402,0.0137457593264,0.0512822559483,0.0296062508568
C[C>G]T,0.249379059001,0.0991682807724,0.0816679959302,0.129793779246,0.0379172838248,0.141460635808,0.0816679959302
G[C>G]A,0.173148850649,0.0688545137083,0.0567037171715,0.0901184076476,0.0263267258296,0.0982189386721,0.0567037171715
G[C>G]C,0.227166350178,0.0903351567959,0.0743936585378,0.118232778748,0.0345399128925,0.128860444253,0.0743936585378
G[C>G]G,0.0252637691771,0.0100464111348,0.00827351505216,0.0131489792793,0.00384127484565,0.0143309100011,0.00827351505216
G[C>G]T,0.183304624092,0.0728930668905,0.060029584498,0.0954041610772,0.0278708785169,0.103979816006,0.060029584498
T[C>G]A,0.746249523219,0.296754196368,0.244385808774,0.388398874658,0.113464839788,0.423311133054,0.244385808774
T[C>G]C,0.247830538497,0.098552494841,0.0811608781043,0.12898782413,0.0376818362627,0.140582235288,0.0811608781043
T[C>G]G,0.0487802560262,0.0193979965484,0.0159748206869,0.025388554306,0.00741688103322,0.027670671547,0.0159748206869
T[C>G]T,1.48358854512,0.589965035485,0.485853558635,0.772160119973,0.225574866509,0.841567771207,0.485853558635
A[C>T]A,2.77227351464,1.10242455553,0.90787904573,1.44287919768,0.421515271232,1.57257620421,0.90787904573
A[C>T]C,4.4024301785,1.75067398911,1.44173152045,2.29132330928,0.669375348778,2.49728495506,1.44173152045
A[C>T]G,2.73543228587,1.08777424233,0.895814081921,1.42370452305,0.415913680892,1.55167796333,0.895814081921
A[C>T]T,2.81810172996,1.12064864115,0.922887116243,1.46673130974,0.42848330397,1.59857232635,0.922887116243
C[C>T]A,5.02026051868,1.99636090801,1.64406192425,2.6128841296,0.763314464828,2.84775011878,1.64406192425
C[C>T]C,8.04712056324,3.20002455146,2.6353143365,4.18826742765,1.22353879909,4.56474090429,2.6353143365
C[C>T]G,4.02536093791,1.60072832619,1.31824685686,2.09507089751,0.612043183542,2.28339187706,1.31824685686
C[C>T]T,6.0964884681,2.4243345955,1.99651084335,3.17302616176,0.926951462986,3.45824199653,1.99651084335
G[C>T]A,4.16124308013,1.65476333011,1.36274627186,2.16579318206,0.632703626219,2.3604712209,1.36274627186
G[C>T]C,6.53235907137,2.59766325645,2.13925209355,3.39988279153,0.99322418629,3.70549023346,2.13925209355
G[C>T]G,2.31125332851,0.919094890871,0.756901674835,1.20293301893,0.351418634745,1.31106182963,0.756901674835
G[C>T]T,4.92208329671,1.95731967355,1.61191031939,2.56178604332,0.748386934003,2.79205894609,1.61191031939
T[C>T]A,12.8838829398,5.12341543804,4.21928330192,6.70564667626,1.9589529616,7.30840143367,4.21928330192
T[C>T]C,16.2252855972,6.45216035442,5.31354382129,8.44473928741,2.46700248846,9.20381697616,5.31354382129
T[C>T]G,6.23189932068,2.478182186,2.04085591788,3.24350315521,0.947540247588,3.53505400062,2.04085591788
T[C>T]T,9.81036909286,3.90119940535,3.21275245146,5.10598157464,1.49163506675,5.56494621057,3.21275245146
A[T>A]A,0.297793294412,0.118420725263,0.0975229502168,0.154991831595,0.0452785126007,0.168923681626,0.0975229502168
A[T>A]C,0.401189107009,0.159537188752,0.131383567208,0.208806026455,0.0609995133465,0.227575107485,0.131383567208
A[T>A]G,0.30514399658,0.121343811506,0.0999301977105,0.158817635647,0.0463961632227,0.173093378177,0.0999301977105
A[T>A]T,0.800474006921,0.318317148951,0.26214353443,0.416620974362,0.121709498128,0.454070050709,0.26214353443
C[T>A]A,0.161937400997,0.064396159461,0.0530321313208,0.0842832087063,0.0246220609704,0.0918592274664,0.0530321313208
C[T>A]C,0.776106980131,0.308627337128,0.2541636894,0.403938720653,0.118004570078,0.440247819139,0.2541636894
C[T>A]G,0.471983694345,0.187689422313,0.154567759552,0.245652332145,0.071763602649,0.267733440652,0.154567759552
C[T>A]T,0.915866615088,0.364204267988,0.299932926579,0.476679115455,0.139254573054,0.519526676395,0.299932926579
G[T>A]A,0.104094273841,0.041394214159,0.0340893528368,0.0541777214728,0.0158271995314,0.0590476290209,0.0340893528368
G[T>A]C,0.377989676549,0.150311684242,0.123786092905,0.196731469081,0.0574721145629,0.214415196639,0.123786092905
G[T>A]G,0.253373159546,0.100756578065,0.0829760054653,0.131872580115,0.0385245739661,0.143726295181,0.0829760054653
G[T>A]T,0.335231517805,0.133308439829,0.109783421036,0.174477222717,0.0509708740523,0.19016056858,0.109783421036
T[T>A]A,0.315549989627,0.12548186722,0.103338008299,0.164233620332,0.047978360996,0.178996192946,0.103338008299
T[T>A]C,0.427830585932,0.170131461072,0.14010826206,0.222672059345,0.0650502645276,0.242687525353,0.14010826206
T[T>A]G,0.236288357171,0.0939626215649,0.0773809824652,0.122980489989,0.035926884716,0.134034916056,0.0773809824652
T[T>A]T,0.635626188306,0.252763630438,0.20815828389,0.330822986896,0.0966449175203,0.360559884595,0.20815828389
A[T>C]A,2.42962502854,0.966166678014,0.795666676012,1.26454168152,0.369416671005,1.37820834952,0.795666676012
A[T>C]C,1.57128722514,0.624839364385,0.514573594199,0.81780446221,0.238909168735,0.891314975667,0.514573594199
A[T>C]G,3.59742724649,1.4305558641,1.17810482926,1.87234517507,0.546977242156,2.04064586497,1.17810482926
A[T>C]T,1.52974485163,0.60831959012,0.500969074216,0.796182992951,0.232592784458,0.867750003554,0.500969074216
C[T>C]A,1.31959500016,0.524751228134,0.432148070228,0.68680675447,0.200640175463,0.748542193074,0.432148070228
C[T>C]C,2.06924535342,0.822857801358,0.677647601119,1.07697565178,0.314622100519,1.17378245194,0.677647601119
C[T>C]G,4.5110288254,1.79385941595,1.4772959896,2.34784541205,0.685887423744,2.55888769628,1.4772959896
C[T>C]T,2.83400650254,1.12697334604,0.928095696738,1.47500923232,0.430901573485,1.60759433185,0.928095696738
G[T>C]A,0.963288455429,0.383062075843,0.315462885989,0.501360658089,0.146464911352,0.546426784659,0.315462885989
G[T>C]C,0.873765013767,0.347462110738,0.286145267666,0.454766586113,0.132853159988,0.495644481494,0.286145267666
G[T>C]G,1.97367123054,0.784851717406,0.646348473158,1.02723239484,0.300090362538,1.11956789101,0.646348473158
G[T>C]T,1.1426483506,0.4543864786,0.374200629435,0.594711714638,0.173736006523,0.648168947414,0.374200629435
T[T>C]A,1.18286367849,0.470378538817,0.387370561378,0.615642499334,0.179850617783,0.670981150959,0.387370561378
T[T>C]C,1.35108046568,0.537271764129,0.442459099871,0.703193926581,0.205427439226,0.76640236942,0.442459099871
T[T>C]G,1.77980862345,0.707760154356,0.582861303587,0.926333143201,0.270614176665,1.00959904371,0.582861303587
T[T>C]T,1.04088144979,0.413917769508,0.340873457242,0.541745315974,0.158262676577,0.590441524151,0.340873457242
A[T>G]A,0.104727205352,0.0416459062219,0.0342966286533,0.0545071419668,0.0159234347319,0.0594066603459,0.0342966286533
A[T>G]C,0.20548882168,0.0817148530656,0.0672945848776,0.106950322395,0.0312439144074,0.11656383452,0.0672945848776
A[T>G]G,0.259911096037,0.103356459243,0.0851170840824,0.135275365774,0.0395186461811,0.147434949214,0.0851170840824
A[T>G]T,0.653474569368,0.259861232263,0.214003367746,0.340112495168,0.0993587064537,0.370684404846,0.214003367746
C[T>G]A,0.0233017716221,0.00926620158072,0.00763098953706,0.0121278226571,0.00354295942792,0.0132179640196,0.00763098953706
C[T>G]C,0.896559984799,0.356526777581,0.293610287419,0.466630635363,0.136319062016,0.508574962137,0.293610287419
C[T>G]G,1.11280118319,0.442517429573,0.364426118472,0.579177224001,0.169197840719,0.631238098068,0.364426118472
C[T>G]T,4.32563170856,1.72013424668,1.41658114432,2.2513521758,0.657698388436,2.4537209107,1.41658114432
G[T>G]A,0.00486823076343,0.00193590463107,0.00159427440206,0.00253375753184,0.000740198829527,0.00276151101785,0.00159427440206
G[T>G]C,0.332828782726,0.13235296623,0.108996560425,0.17322667639,0.0506055459116,0.188797613593,0.108996560425
G[T>G]G,0.341829081061,0.135932032235,0.111944026546,0.17791104219,0.0519740123251,0.193903045982,0.111944026546
G[T>G]T,1.30578282253,0.51925866627,0.427624783987,0.679617960265,0.19854007828,0.74070721512,0.427624783987
T[T>G]A,0.136426457226,0.0542514566748,0.0446776702028,0.0710055830009,0.0207432040227,0.0773881073156,0.0446776702028
T[T>G]C,0.341603200408,0.135842208349,0.111870053935,0.177793478575,0.0519396678982,0.193774914851,0.111870053935
T[T>G]G,0.252445664385,0.10038774958,0.0826722643602,0.131389848715,0.0383835513101,0.143200172195,0.0826722643602
T[T>G]T,1.27921552942,0.508693894741,0.418924383905,0.665790538706,0.194500606813,0.725636879263,0.418924383905
