,1,3,2,5,4,7,6
A[C>A]A,0.709163460533,1.19617933102,1.6062979588,1.68883007392,0.247780004283,0.751884150927,1.25598829757
A[C>A]C,0.582411209866,0.982380353991,1.31919647536,1.38920448635,0.203493073327,0.617496222509,1.03149937169
A[C>A]G,0.141645060992,0.238919379987,0.320834595982,0.298455010707,0.0494904429973,0.150177895992,0.250865348986
A[C>A]T,0.562182360111,0.948259402596,1.27337691206,1.27482995251,0.196425161966,0.596048767346,0.995672372726
C[C>A]A,0.715121794366,1.20622953267,1.61979394386,1.64302747311,0.249861831766,0.758201420532,1.2665410093
C[C>A]C,0.73241680194,1.2354018346,1.65896817789,1.59319613279,0.255904665738,0.776538296032,1.29717192633
C[C>A]G,0.156891534049,0.264636322493,0.355368775919,0.198692941726,0.0548175239449,0.166342831281,0.277868138617
C[C>A]T,0.978453853852,1.65040409083,2.21625692198,1.43382521097,0.341869418816,1.0373968571,1.73292429538
G[C>A]A,0.624691808083,1.05369702568,1.41496457734,1.18067002792,0.218265812463,0.662323844714,1.10638187697
G[C>A]C,0.641438730858,1.08194484723,1.45289736628,1.05377302837,0.224117146926,0.680079618259,1.13604208959
G[C>A]G,0.130913399562,0.220817782394,0.296526736358,0.288182696782,0.0457408263531,0.138799748933,0.231858671514
G[C>A]T,0.732970597174,1.23633594704,1.66022255746,1.09733748624,0.256098160459,0.777125452426,1.29815274439
T[C>A]A,0.632487480952,1.06684635341,1.43262224601,1.28165734904,0.220989601778,0.670589136431,1.12018867108
T[C>A]C,0.659101160504,1.11173689724,1.49290383343,1.44638663255,0.230288357284,0.698806049691,1.1673237421
T[C>A]G,0.121097749025,0.204261263415,0.274293696587,0.229830834316,0.0423112617075,0.128392794147,0.214474326586
T[C>A]T,0.864914796216,1.45889242735,1.95908411673,1.72859412342,0.302199145666,0.917018097193,1.53183704872
A[C>G]A,0.53491945058,0.902273772062,1.21162477963,0.901116411885,0.18689956707,0.567143513868,0.947387460665
A[C>G]C,0.278789317768,0.470247042019,0.631474599282,0.452851940053,0.0974083158468,0.295583854983,0.49375939412
A[C>G]G,0.185980368853,0.313701826981,0.421256739088,0.177561259902,0.0649810927317,0.197184005531,0.32938691833
A[C>G]T,0.509274284252,0.859016865003,1.153536933,0.857805704666,0.177939207751,0.539953458002,0.901967708253
C[C>G]A,0.383891158521,0.647527255337,0.869536600024,0.660026504553,0.134130645748,0.407017131926,0.679903618104
C[C>G]C,0.3143754742,0.530271884193,0.712079387346,0.573453058845,0.109842033154,0.333313755779,0.556785478403
C[C>G]G,0.16074664567,0.271138920407,0.364100835974,0.201586530796,0.0561644906556,0.170430178541,0.284695866427
C[C>G]T,0.527875927704,0.890393131067,1.195670776,0.822845437494,0.18443857715,0.559675682385,0.93491278762
G[C>G]A,0.387612888144,0.653804871569,0.877966541821,0.484140354079,0.135431009111,0.410963062129,0.686495115147
G[C>G]C,0.355090144325,0.598947231392,0.804300567869,0.422724252345,0.124067640788,0.376481116875,0.628894592962
G[C>G]G,0.0771938553861,0.130206503061,0.174848732682,0.110044918414,0.0269713470626,0.0818440876383,0.136716828214
G[C>G]T,0.401018366118,0.676416521163,0.90833075699,0.588045641874,0.140114850812,0.425176099016,0.710237347221
T[C>G]A,0.657321581792,1.1087351982,1.48887298044,0.957512896051,0.229666576771,0.696919267442,1.16417195811
T[C>G]C,0.511467951719,0.862717026996,1.15850572197,0.788211290804,0.178705669878,0.542279274112,0.905852878346
T[C>G]G,0.101441298049,0.171105803938,0.229770651002,0.120063097417,0.0354433451014,0.107552219618,0.179661094135
T[C>G]T,1.09103556842,1.84030095878,2.4712612875,1.66137602009,0.381205198604,1.15676060266,1.93231600672
A[C>T]A,2.17917257174,3.67571277161,4.93595715045,1.62520608502,0.761397645548,2.31044802787,3.85949841019
A[C>T]C,3.13041927801,5.28022528821,7.09058824416,0.961565501773,1.09376095256,3.31899875259,5.54423655262
A[C>T]G,1.27000229744,2.1421725499,2.87663170986,1.9935034502,0.443735742479,1.34650845994,2.24928117739
A[C>T]T,1.77215327382,2.9891741968,4.01403392142,1.20158909456,0.619186083623,1.87890949513,3.13863290664
C[C>T]A,2.81605304844,4.74996899737,6.37852979647,1.64189956361,0.983922149456,2.98569479835,4.98746744724
C[C>T]C,4.93929747605,8.33134514033,11.1878063313,1.51281244746,1.72577863621,5.23684551678,8.74791239734
C[C>T]G,1.23813908834,2.08842737793,2.80445962179,1.24123255903,0.432602814,1.31272578041,2.19284874683
C[C>T]T,3.76138054713,6.34449730841,8.51975352844,2.32652579458,1.3142172996,3.98796973671,6.66172217383
G[C>T]A,2.40277642497,4.05287589754,5.44243334812,1.35806492898,0.839524293062,2.54752199274,4.25551969242
G[C>T]C,4.34391302428,7.32708220962,9.8392246815,1.49025701823,1.51775274342,4.60559453176,7.69343632011
G[C>T]G,1.53599567351,2.59083607581,3.47912273037,1.51799595627,0.536673187132,1.62852553337,2.7203778796
G[C>T]T,2.72133682331,4.59020668992,6.16399184074,1.66656671975,0.950828528625,2.88527277652,4.81971702441
T[C>T]A,2.90449285446,4.8991445738,6.57885128481,1.31746782384,1.01482280457,3.07946230353,5.14410180249
T[C>T]C,4.33885653203,7.31855318656,9.82777142195,1.36610258752,1.51598601722,4.60023343155,7.68448084588
T[C>T]G,0.950066159779,1.60252123336,2.1519570848,0.874687386608,0.331950826911,1.00729906097,1.68264729503
T[C>T]T,2.64857155448,4.4674700919,5.9991741234,1.26604315191,0.925404519036,2.80812405776,4.69084359649
A[T>A]A,0.40730789887,0.687025371587,0.92257692756,0.650955750101,0.1423123984,0.431844519283,0.721376640167
A[T>A]C,0.311613935932,0.525613867837,0.70582433681,0.581306646232,0.108877158338,0.330385859783,0.551894561229
A[T>A]G,0.367146430065,0.619283135049,0.831608781351,0.639090613206,0.128280077974,0.389263684888,0.650247291801
A[T>A]T,0.547866895483,0.924112835755,1.2409515223,0.851612202029,0.191423373121,0.580870925332,0.970318477543
C[T>A]A,0.324297260862,0.547007427961,0.734552831833,0.654197526107,0.113308681506,0.343833240432,0.574357799359
C[T>A]C,0.569495944198,0.960595568527,1.28994262059,0.998139534984,0.198980510623,0.603802928788,1.00862534695
C[T>A]G,0.578546350516,0.975861314123,1.31044233611,1.32372075728,0.202142700783,0.613398540306,1.02465437983
C[T>A]T,0.636203601066,1.07311450782,1.44103948193,1.26969331332,0.222288005192,0.674529119203,1.12677023321
G[T>A]A,0.202187296101,0.3410388127,0.457966405626,0.529520928236,0.0706437540593,0.214367253697,0.358090753335
G[T>A]C,0.252633976193,0.426129598397,0.572231174991,0.384350642689,0.0882697025252,0.267852890421,0.447436078317
G[T>A]G,0.342430721461,0.577593988007,0.775626212467,0.72545559247,0.119644468944,0.363059078176,0.606473687407
G[T>A]T,0.379309933936,0.639799888567,0.859159850361,0.719179999917,0.132529976917,0.402159929956,0.671789882995
T[T>A]A,0.43391446637,0.731903919178,0.982842405753,0.682257380091,0.151608668973,0.460053892055,0.768499115137
T[T>A]C,0.373940685729,0.630743325325,0.846998179723,0.620585976575,0.130653974532,0.396467233062,0.662280491592
T[T>A]G,0.309997516366,0.522887377002,0.702163049118,0.517559391389,0.108312385236,0.328672065544,0.549031745853
T[T>A]T,0.486007530917,0.819771738897,1.10083633509,1.06869895506,0.1698098602,0.515285093021,0.860760325842
A[T>C]A,0.615431367645,1.03807700567,1.3939891219,1.42118696348,0.215030236888,0.652505546419,1.08998085595
A[T>C]C,0.531197701522,0.895996123049,1.20319479381,0.674780186828,0.185599196917,0.56319756306,0.940795929202
A[T>C]G,0.717462687313,1.21017802679,1.62509620741,1.07473589736,0.250679734121,0.760683331127,1.27068692813
A[T>C]T,0.609870441276,1.02869712986,1.38139328867,1.34676347356,0.213087262614,0.646609624485,1.08013198636
C[T>C]A,0.377092733327,0.636060032118,0.854137757416,0.642660035012,0.131755292367,0.399809163046,0.667863033724
C[T>C]C,0.697280776556,1.17613624961,1.57938296376,1.08000716493,0.243628223134,0.739285642613,1.23494306209
C[T>C]G,0.686921361851,1.15866253806,1.5559182654,0.900916632105,0.240008668599,0.728302166782,1.21659566497
C[T>C]T,1.01637434433,1.71436636393,2.30214911728,1.12281929559,0.355118746814,1.07760171447,1.80008468213
G[T>C]A,0.327102112007,0.55173850218,0.740905988641,0.643397546325,0.114288689737,0.346807058513,0.579325427289
G[T>C]C,0.518057800327,0.873832434287,1.17343212604,0.548281180121,0.181008147102,0.549266101552,0.917524056001
G[T>C]G,0.481085133068,0.811468899152,1.08968680743,0.601238982317,0.168089986253,0.510066165181,0.852042344109
G[T>C]T,0.515503558409,0.869524074424,1.16764661423,0.704845385694,0.180115701131,0.546557989638,0.913000278146
T[T>C]A,0.361872000753,0.610386507294,0.819661881224,0.688509108331,0.126437205082,0.383671518871,0.640905832659
T[T>C]C,0.617142473022,1.04096320751,1.39786487865,0.750139386009,0.215628092984,0.654319730433,1.09301136788
T[T>C]G,0.426144188512,0.718797426405,0.965242258316,0.538093081018,0.148893752613,0.451815525169,0.754737297726
T[T>C]T,0.499122036501,0.841892591689,1.13054148027,0.782110674446,0.17439203685,0.529189629062,0.883987221273
A[T>G]A,0.323084731936,0.544962198446,0.731806380771,0.23814952936,0.112885026821,0.342547667595,0.572210308369
A[T>G]C,0.165908383413,0.279845465998,0.375792482911,0.179244063692,0.0579679893852,0.175902864341,0.293837739297
A[T>G]G,0.354066686946,0.59722091774,0.801982375251,0.466660074716,0.123710047246,0.375396005437,0.627081963627
A[T>G]T,0.701537783066,1.18331674252,1.58902533996,0.760785799938,0.245115610951,0.743799095299,1.24248257965
C[T>G]A,0.239516019954,0.404002925223,0.542518213871,0.137491112047,0.0836863202248,0.253944695854,0.424203071484
C[T>G]C,0.435568421267,0.734693722618,0.98658871323,0.47983708482,0.152186556828,0.461807482789,0.771428408749
C[T>G]G,0.547098846918,0.922817332151,1.23921184603,0.638219753132,0.191155018803,0.580056608781,0.968958198759
C[T>G]T,2.19205310192,3.69743896709,4.96513232723,1.79593668103,0.765898071754,2.3241044936,3.88231091544
G[T>G]A,0.165715707421,0.279520470348,0.375356060181,0.146867079386,0.0579006688578,0.175698581362,0.293496493865
G[T>G]C,0.180242468025,0.304023440042,0.408260048056,0.164689498162,0.0629762840086,0.191100448026,0.319224612044
G[T>G]G,0.452977553294,0.764058523628,1.02602144602,0.615944266627,0.158269265609,0.480265357709,0.80226144981
G[T>G]T,0.766200917504,1.29238708977,1.73549123483,0.678341751509,0.267708754309,0.812357599282,1.35700644425
T[T>G]A,0.519760991335,0.876705286589,1.17728995628,0.305463897083,0.181603237936,0.551071894428,0.920540550919
T[T>G]C,0.339213429341,0.572167230214,0.768338852002,0.414799301539,0.11852035483,0.359647973278,0.600775591725
T[T>G]G,0.46092015572,0.777455684348,1.04401191898,0.55746963397,0.161044391758,0.488686430161,0.816328468565
T[T>G]T,1.21901093402,2.05616302123,2.76113319994,1.71591142078,0.42591948297,1.29244532763,2.15897117229
