,1,3,2,5,4,7,6
A[C>A]A,0.459347790317,0.335780548477,0.107449775513,0.177292129596,0.456661545929,0.0832735760224,0.413681635724
A[C>A]C,0.695428593049,0.508354234685,0.162673355099,0.268411035914,0.691361759172,0.126071850202,0.626292417132
A[C>A]G,0.222077971047,0.162337698134,0.0519480634029,0.0857143046147,0.220779269462,0.0402597491372,0.200000044101
A[C>A]T,2.94175523837,2.150405876,0.688129880321,1.13541430253,2.92455199136,0.533300657249,2.64930003923
C[C>A]A,1.22288719522,0.893923388318,0.286055484262,0.471991549032,1.21573580811,0.221693000303,1.10131361441
C[C>A]C,1.34601637091,0.983930095695,0.314857630622,0.519515090527,1.33814493015,0.244014663732,1.2122018779
C[C>A]G,0.296635696465,0.216838959404,0.0693884670093,0.114490970565,0.294900984789,0.0537760619322,0.267145597986
C[C>A]T,11.4908998397,8.39978058456,2.68792978706,4.43508414865,11.423701595,2.08314558497,10.3485296802
G[C>A]A,0.718524109921,0.525236922457,0.168075815186,0.277325095057,0.714322214542,0.130258756769,0.647091888467
G[C>A]C,1.96929123034,1.43954037306,0.460652919378,0.760077316973,1.95777490736,0.357006012518,1.7735137396
G[C>A]G,0.485352136424,0.354789573409,0.113532663491,0.18732889476,0.482513819837,0.0879878142055,0.43710075444
G[C>A]T,7.01428478615,5.12740115947,1.64076837103,2.7072678122,6.97326557688,1.27159548755,6.31695822846
T[C>A]A,0.818365427664,0.59822034186,0.191430509395,0.315860340502,0.81357966493,0.148358644781,0.737007461171
T[C>A]C,2.32856566517,1.7021678839,0.544693722847,0.898744642697,2.3149483221,0.422137635206,2.09707083296
T[C>A]G,0.174821732992,0.127793664468,0.0408939726298,0.0674750548392,0.173799383677,0.0316928287881,0.157441794625
T[C>A]T,5.24274163079,3.8324134728,1.2263723113,2.02351431364,5.21208232301,0.950438541255,4.72153339849
A[C>G]A,0.191891188845,0.140271336875,0.0448868278,0.0740632658699,0.19076901815,0.034787291545,0.17281428703
A[C>G]C,0.106251617298,0.0776693108907,0.024854179485,0.0410093961503,0.105630262811,0.0192619891009,0.0956885910173
A[C>G]G,0.00221982055916,0.00162267584734,0.000519256271149,0.000856772847396,0.00220683915238,0.000402423610141,0.00199913664392
A[C>G]T,0.17373759018,0.127001162413,0.040640371972,0.0670566137538,0.172721580881,0.0314962882783,0.156465432092
C[C>G]A,0.174208383554,0.127345309615,0.0407504990769,0.0672383234769,0.173189621077,0.0315816367846,0.156889421446
C[C>G]C,0.200492109571,0.146558559628,0.0468987390808,0.0773829194834,0.199319641094,0.0363465227876,0.180560145461
C[C>G]G,0.0646958443816,0.0472922839047,0.0151335308495,0.0249703259017,0.0643175061104,0.0117284864084,0.0582640937706
C[C>G]T,0.220626322221,0.161276551331,0.0516084964261,0.085154019103,0.219336109811,0.0399965847302,0.19869271124
G[C>G]A,0.099627710404,0.0728272736872,0.0233047275799,0.0384528005068,0.0990450922145,0.0180611638744,0.0897232011826
G[C>G]C,0.130107821032,0.0951080563097,0.0304345780191,0.0502170537315,0.129346956581,0.0235867979648,0.117173125374
G[C>G]G,0.0420242917943,0.0307195115455,0.00983024369457,0.016219902096,0.0417785357019,0.00761843886329,0.0378464382241
G[C>G]T,0.101561946341,0.0742411888455,0.0237571804306,0.0391993477104,0.10096801683,0.0184118148337,0.0914651446576
T[C>G]A,1.53878918237,1.12484589354,0.359950685934,0.593918631791,1.52979041522,0.278961781599,1.38581014085
T[C>G]C,0.409598975089,0.299414455474,0.0958126257518,0.15809083249,0.407203659445,0.0742547849576,0.368878609144
T[C>G]G,0.0716270614488,0.0523589630473,0.0167548681751,0.027645532489,0.0712081897444,0.0129850228357,0.0645062424743
T[C>G]T,2.17051159759,1.58663128479,0.507722011132,0.837741318368,2.15781854731,0.393484558627,1.95472974286
A[C>T]A,3.61236411168,2.6406170407,0.844997453025,1.39424579749,3.59123917536,0.654873026095,3.25324019415
A[C>T]C,6.21972271294,4.54658093051,1.45490589776,2.40059473131,6.18335006549,1.12755207077,5.60138770639
A[C>T]G,4.80444719847,3.5120228059,1.12384729789,1.85434804152,4.77635101603,0.870981655864,4.32681209687
A[C>T]T,4.32498771821,3.16154072968,1.0116930335,1.66929350527,4.29969539237,0.784062100962,3.89501817897
C[C>T]A,2.8322169039,2.07033399408,0.662506878105,1.09313634887,2.81565423194,0.513442830531,2.5506514807
C[C>T]C,7.35573838187,5.37700174114,1.72064055716,2.83905691932,7.31272236794,1.3334964318,6.62446614508
C[C>T]G,3.30104614308,2.41304542623,0.772174536393,1.27408798505,3.28174177967,0.598435265705,2.97287196511
C[C>T]T,5.85698450365,4.28142142079,1.37005485465,2.26059051018,5.82273313228,1.06179251236,5.27471119042
G[C>T]A,6.45755161505,4.72043246714,1.51053838949,2.49238834265,6.41978815531,1.17066725185,5.81557279952
G[C>T]C,9.5499540914,6.98096059313,2.2339073898,3.68594719317,9.49410640665,1.7312782271,8.60054345073
G[C>T]G,9.15160052508,6.6897664657,2.14072526902,3.53219669389,9.09808239336,1.65906208349,8.24179228575
G[C>T]T,7.52195620864,5.49850600047,1.75952192015,2.90321116825,7.47796816064,1.36362948812,6.77415939258
T[C>T]A,7.42298807553,5.42616087392,1.73637147966,2.86501294143,7.37957878854,1.34568789673,6.68503019668
T[C>T]C,9.34276268595,6.82950488739,2.18544156396,3.60597858054,9.28812664685,1.69371721207,8.41395002126
T[C>T]G,2.30827419186,1.68733493557,0.539947179382,0.89091284598,2.29477551237,0.418459064021,2.07879664062
T[C>T]T,7.48816965989,5.47380823091,1.75161863389,2.89017074592,7.44437919404,1.35750444127,6.74373174048
A[T>A]A,0.283807697861,0.207461767442,0.0663877655815,0.109539813209,0.282148003721,0.0514505183257,0.255592897489
A[T>A]C,0.240387674992,0.175721984643,0.0562310350858,0.0927812078917,0.238981899115,0.0435790521915,0.216489485081
A[T>A]G,0.393844265089,0.287897854597,0.0921273134711,0.152010067227,0.391541082252,0.0713986679401,0.354690156864
A[T>A]T,0.313753842675,0.229352224177,0.0733927117368,0.121097974366,0.311919024881,0.056879351596,0.282561940187
C[T>A]A,0.385484443746,0.281786874083,0.0901717997067,0.148783469516,0.383230148753,0.0698831447727,0.347161428871
C[T>A]C,0.845191088924,0.617829743365,0.197705517877,0.326214104497,0.840248450977,0.153221776355,0.761166243826
C[T>A]G,0.963301986238,0.704168118595,0.22533379795,0.371800766618,0.957668641289,0.174633693412,0.867535122109
C[T>A]T,0.627255875803,0.458520377049,0.146726520656,0.242098759082,0.623587712787,0.113713053508,0.564897104524
G[T>A]A,0.226502890351,0.165572288268,0.0529831322457,0.0874221682055,0.225178312044,0.0410619274905,0.203985059146
G[T>A]C,0.374867254511,0.274025770842,0.0876882466693,0.144685607004,0.372675048345,0.0679583911687,0.337599749677
G[T>A]G,0.247990079905,0.181279298176,0.0580093754164,0.0957154694371,0.24653984552,0.0449572659477,0.223336095353
G[T>A]T,0.182114697643,0.133124778979,0.0425999292732,0.0702898833008,0.181049699411,0.0330149451868,0.164009727702
T[T>A]A,0.247874544467,0.181194842447,0.057982349583,0.0956708768119,0.246424985728,0.0449363209268,0.223232045895
T[T>A]C,0.485356076001,0.354792453217,0.113533585029,0.187330415299,0.482517736375,0.0879885283979,0.437104302364
T[T>A]G,0.407276932568,0.297717055971,0.0952694579107,0.157194605553,0.40489519612,0.0738338298808,0.366787412956
T[T>A]T,0.471890852589,0.344949453647,0.110383825167,0.182133311526,0.46913125696,0.0855474645045,0.424977726893
A[T>C]A,1.31629605466,0.96220471832,0.307905509862,0.508044091273,1.30859841691,0.238626770143,1.18543621297
A[T>C]C,0.740415774124,0.541239600968,0.17319667231,0.285774509311,0.736085857316,0.13422742104,0.666807188392
A[T>C]G,0.873053007516,0.638196642921,0.204222925735,0.336967827462,0.867947434372,0.158272767444,0.786258264078
A[T>C]T,0.982510416907,0.718209369084,0.229826998107,0.379214546876,0.976764741955,0.178115923533,0.884833942712
C[T>C]A,0.452464481,0.33074888962,0.105839644678,0.174635413719,0.449818489883,0.0820257246258,0.407482632012
C[T>C]C,1.13182375405,0.827356545361,0.264754094515,0.436844255951,1.12520490169,0.20518442325,1.01930326388
C[T>C]G,0.717101582978,0.52419706358,0.167743060346,0.27677604957,0.712908006469,0.130000871768,0.645810782331
C[T>C]T,0.694763236973,0.507867863285,0.162517716251,0.268154231814,0.690700294067,0.125951230095,0.625693207567
G[T>C]A,0.980953571714,0.717071324352,0.229462823793,0.378613659258,0.975217001119,0.177833688439,0.883431871602
G[T>C]C,1.40546053564,1.02738343248,0.328762698395,0.542458452351,1.39724146818,0.254791091256,1.26573638882
G[T>C]G,1.03690062784,0.757968295202,0.242549854464,0.400207259866,1.03083688147,0.18797613721,0.933816939688
G[T>C]T,1.10726014613,0.809400691613,0.259008221316,0.427363565172,1.10078494059,0.20073137152,0.997181652067
T[T>C]A,0.609762217337,0.445732615012,0.142634436804,0.235346820727,0.606196356417,0.110541688523,0.549142581695
T[T>C]C,1.03068425735,0.753424164729,0.241095732713,0.397807958977,1.02465686403,0.186849192853,0.928218570946
T[T>C]G,0.684970558575,0.500709472643,0.160227031246,0.264374601555,0.680964882794,0.124175949215,0.616874070296
T[T>C]T,0.633930930861,0.463399803261,0.148287937043,0.244675096122,0.630223732435,0.114923151209,0.570908557617
A[T>G]A,0.126224318976,0.0922692390174,0.0295261564856,0.0487181582012,0.125486165064,0.0228827712763,0.113675702469
A[T>G]C,0.37998203904,0.277764648421,0.0888846874947,0.146659734366,0.377759921852,0.0688856328084,0.342206046855
A[T>G]G,0.215715505887,0.157686773309,0.050459767459,0.0832586163074,0.214454011701,0.0391063197808,0.194270104717
A[T>G]T,1.31774553349,0.963264278869,0.308244569238,0.508603539243,1.31003941926,0.23888954116,1.18674159157
C[T>G]A,0.0860423919435,0.0628964853388,0.0201268753084,0.0332093442589,0.0855392200608,0.015598328364,0.0774884699374
C[T>G]C,0.592100864199,0.432822269151,0.138503126128,0.228530158112,0.588638286045,0.107339922749,0.533237035594
C[T>G]G,0.327661051294,0.239518312349,0.0766458599517,0.12646566892,0.325744904795,0.0594005414626,0.295086560814
C[T>G]T,1.83456608678,1.34105708098,0.429138265914,0.708078138757,1.82383763013,0.332582156083,1.65218232377
G[T>G]A,0.0010034162838,0.000733491435529,0.000234717259369,0.000387283477959,0.000997548352319,0.000181905876011,0.000903661448572
G[T>G]C,0.218726500602,0.159887792838,0.0511640937081,0.0844207546184,0.21744739826,0.0396521726238,0.196981760776
G[T>G]G,0.213500885027,0.156067898412,0.0499417274918,0.0824038503614,0.21225234184,0.0387048388061,0.192275650843
G[T>G]T,0.668336708105,0.488550225223,0.156336072071,0.257954518918,0.664428306303,0.121160455855,0.601893877474
T[T>G]A,0.172758558774,0.12628549618,0.0404113587775,0.0666787419828,0.171748274804,0.0313188030525,0.155583731293
T[T>G]C,0.478333997727,0.349659355064,0.11189099362,0.184620139474,0.475536722887,0.0867155200558,0.430780325439
T[T>G]G,0.220655284726,0.161297722753,0.0516152712809,0.0851651976134,0.219364902944,0.0400018352427,0.198718794431
T[T>G]T,2.37566389575,1.73659641502,0.555710852806,0.91692290713,2.36177112443,0.430675910925,2.1394867833
