,1,3,2,5,4,7,6
A[C>A]A,2.64935395327,2.63412778112,1.87281917386,0.870945749292,0.42631162954,1.46171252594,0.526631919131
A[C>A]C,1.396222747,1.38819847834,0.986985045291,0.595592206196,0.333846768835,0.770329791447,0.447499537422
A[C>A]G,0.202722989916,0.201557915262,0.143304182527,0.218775300707,0.0938034956969,0.11184716685,0.246312780913
A[C>A]T,1.54918796718,1.54028458806,1.09511563197,0.603385058331,0.337801507119,0.854724395687,0.407315581748
C[C>A]A,3.56714902008,3.54664816365,2.52160534178,1.22955840227,0.482059535746,1.96808221798,0.890744805124
C[C>A]C,1.95247483289,1.94125371316,1.3801977267,0.726335143198,0.42718877899,1.07722749401,0.752226511067
C[C>A]G,0.698174612696,0.694162114921,0.493537226216,0.278511155347,0.157664864826,0.385199786315,0.351730445161
C[C>A]T,3.10569516642,3.08784634362,2.19540520385,0.714423302281,1.01052813168,1.71348698837,0.84153259283
G[C>A]A,3.99037332183,3.96744014182,2.82078114129,1.07065288433,0.409641586204,2.20158528101,0.686969754597
G[C>A]C,1.34664525849,1.33890591792,0.951938889621,1.15429367066,0.517592475276,0.742976694338,1.23714002129
G[C>A]G,0.359240044835,0.357175446876,0.253945548935,0.402202240629,0.137005701918,0.198201404047,0.457053368917
G[C>A]T,2.72363458053,2.70798150822,1.92532789313,0.90340027041,0.652567437229,1.50269494098,0.67968462568
T[C>A]A,3.90839391109,3.88593187712,2.76283017853,0.720938480628,0.325947534479,2.15635526129,0.91224329465
T[C>A]C,2.29386609378,2.28068295531,1.62152603181,1.0001033094,0.405525555478,1.26558129312,0.993036556842
T[C>A]G,0.559750456865,0.556533500216,0.395685667784,0.170080190901,0.0979256583862,0.30882783827,0.18493783627
T[C>A]T,5.12643914231,5.09697684839,3.62386215232,1.07197559941,0.592648644424,2.82838021645,0.749950899491
A[C>G]A,0.81804488475,0.813343477366,0.578273108185,0.592136609977,0.236038702234,0.451335108828,0.243158198448
A[C>G]C,0.449300503518,0.446718316716,0.317608976625,0.303237468545,0.132859001634,0.247889932976,0.173965910951
A[C>G]G,0.130100810251,0.129353104445,0.0919678141427,0.10292956038,0.0400164838416,0.0717797573797,0.0268300164871
A[C>G]T,0.860212627323,0.855268876592,0.608081340004,0.48645119442,0.224893882725,0.474600070247,0.23805500134
C[C>G]A,0.544182141253,0.541054657683,0.384680479162,0.463150151998,0.143842086915,0.30023842276,0.248139811259
C[C>G]C,0.520078132234,0.517089177451,0.367641438303,0.413399554309,0.141181061091,0.286939659163,0.198677641661
C[C>G]G,0.222995900266,0.221714314632,0.157635032946,0.102585872423,0.0433642663581,0.123032220836,0.0541460496375
C[C>G]T,0.828512546052,0.823750979696,0.585672661865,0.51952096022,0.176115932359,0.457110370236,0.237014613892
G[C>G]A,0.345612480589,0.343626201965,0.244312270761,0.294184500586,0.112184304321,0.190682747911,0.1280964063
G[C>G]C,0.387753299642,0.385524832403,0.274101470437,0.27794199812,0.131222339308,0.213932854975,0.349874451386
G[C>G]G,0.0463985593792,0.0461319009919,0.0327989816301,0.0776783497596,0.024745455758,0.0255992051747,0.07118923092
G[C>G]T,0.540034246703,0.536930601607,0.381748346807,0.359226997886,0.133216853203,0.297949929215,0.150096769225
T[C>G]A,5.83634319445,5.80280099219,4.12569087884,0.44720588283,0.106697763806,3.22005141763,2.43101208085
T[C>G]C,1.87871128362,1.86791409233,1.32805452807,0.462542051106,0.155873031893,1.03653036338,0.70307175168
T[C>G]G,0.258853629461,0.257365964924,0.182982738067,0.0783028998841,0.0241682781698,0.142815795565,0.109508690924
T[C>G]T,7.22343402055,7.18192003193,5.10622060074,0.758834754034,0.229817392947,3.98534290789,2.87045511859
A[C>T]A,2.24809004477,2.23516998704,1.58916710061,0.761638415882,0.71046407146,1.24032554194,0.731643213151
A[C>T]C,1.39894710667,1.39090718077,0.988910885747,0.5899154784,0.552508170149,0.771832886437,0.636730080309
A[C>T]G,3.22761768484,3.20906815792,2.2815918117,0.446139020603,1.26481571978,1.78075458474,2.48378232994
A[C>T]T,1.70775690557,1.69794221071,1.20720746773,0.506822327446,0.512875140296,0.942210706523,0.424909036467
C[C>T]A,2.0304671863,2.01879783465,1.43533025238,0.744244922386,0.639618832427,1.12025775796,0.637958956646
C[C>T]C,1.82919995082,1.81868730743,1.29305513765,0.759785102839,0.723185664367,1.00921376597,0.850259129303
C[C>T]G,2.90308858723,2.88640417006,2.05218331166,0.397373433912,1.03432843142,1.60170404813,2.33841402192
C[C>T]T,2.4611774165,2.4470327187,1.7397978289,0.93037736089,0.838530774447,1.35789098841,0.608986666512
G[C>T]A,2.62771822387,2.612616395,1.85752495136,0.84205299786,1.11125833287,1.44977557179,1.40403441071
G[C>T]C,3.13530398939,3.11728500095,2.21633557871,0.873095961623,1.53082327544,1.7298228907,2.50923998418
G[C>T]G,4.07852888266,4.0550890615,2.88309800326,0.444363461659,1.75862941596,2.25022283181,1.20359455203
G[C>T]T,2.75552124848,2.73968491946,1.94786846875,0.776556029798,1.26081027016,1.52028758537,1.27997011955
T[C>T]A,3.81610097384,3.79416935905,2.69758861944,0.685159704418,0.546775555275,2.10543502005,1.67638468917
T[C>T]C,2.16588370019,2.15343609271,1.5310557191,0.659857711177,0.78167523571,1.19497031734,0.998583274125
T[C>T]G,1.63241901182,1.62303729336,1.15395137043,0.292834966738,0.57033090189,0.90064497204,1.24318289562
T[C>T]T,2.17756216265,2.16504743758,1.53931118394,0.501096894402,0.494356991285,1.20141360698,0.891572075832
A[T>A]A,1.01887814779,1.01302252625,0.720241449299,0.37594561135,0.280728603373,0.562139667745,1.10895872993
A[T>A]C,0.825010429015,0.820268989768,0.583197027407,0.251550078494,0.322179189224,0.455178167732,1.40140199016
A[T>A]G,0.891224186331,0.886102208248,0.63000330413,0.28130827408,0.308063263913,0.491709895907,0.260865615701
A[T>A]T,1.54057828311,1.53172438493,1.08902947599,0.352042048388,0.276674553641,0.849974225163,0.322683679098
C[T>A]A,0.672492627043,0.668627726888,0.475382719117,0.397673280526,0.293039706526,0.37103041492,1.57215469817
C[T>A]C,1.34960885038,1.34185247768,0.954033842512,0.461161977595,0.290563047902,0.744611779522,0.335966971503
C[T>A]G,1.28080834055,1.27344737307,0.905398999354,0.833707065501,0.636797045935,0.706652877544,0.408285244861
C[T>A]T,1.38165865349,1.37371808651,0.976689737809,0.677444810526,0.313865156649,0.76229442951,0.213804906195
G[T>A]A,0.556090438966,0.552894516903,0.393098413752,0.416696959721,0.227580576429,0.30680851805,0.559110151317
G[T>A]C,0.545490605922,0.54235560244,0.385605428325,0.218194435248,0.177418213249,0.300960334302,0.730106462279
G[T>A]G,0.65045332312,0.646715085631,0.459803211171,0.485336901348,0.241686295055,0.358870798963,0.246247671363
G[T>A]T,0.797915467857,0.793329746777,0.564043692795,0.36471859881,0.172264368087,0.440229223645,0.24612868932
T[T>A]A,1.28621642401,1.2788243756,0.909221954906,0.361086462118,0.243745956226,0.709636647731,0.44037057944
T[T>A]C,0.979500333183,0.973871020923,0.69240540794,0.332751050817,0.218085094969,0.540413976929,0.338073054721
T[T>A]G,0.884507666607,0.879424289213,0.625255419498,0.31806242732,0.268570862361,0.488004229852,0.145541104169
T[T>A]T,1.66324028808,1.65368143585,1.17573882434,0.467474812046,0.236238439111,0.917649814115,0.151235431573
A[T>C]A,3.17559767152,3.15734711019,2.24481904366,0.650398141256,0.812755361145,1.75205388773,1.51529078851
A[T>C]C,1.60669361638,1.59745974502,1.1357661771,0.396719965047,0.400925864703,0.886451650418,0.86794810964
A[T>C]G,2.81377313686,2.79760202688,1.98904652778,0.630267815317,0.771013141849,1.55242655827,1.28163342979
A[T>C]T,2.55228129142,2.53761300814,1.80419884394,0.606294166237,0.604058479803,1.40815519527,1.08639878311
C[T>C]A,1.89546347673,1.88457000847,1.33989659562,0.382135438559,0.428121579184,1.04577295268,1.14935103403
C[T>C]C,2.52323604511,2.50873468853,1.78366685947,0.594045746849,0.353959112413,1.39213023178,0.668053843898
C[T>C]G,2.95576492904,2.93877777427,2.08942003604,0.504259393203,0.627559181506,1.6307668574,1.22532585212
C[T>C]T,2.13412493569,2.12185984985,1.50860555799,0.43753726539,0.423144426955,1.17744824038,1.08371175688
G[T>C]A,2.03072628647,2.01905544575,1.4355134094,0.505679866952,1.15167642057,1.12040070978,6.64643679183
G[T>C]C,1.42735220247,1.41914902889,1.00899035002,0.326788768512,0.689716990372,0.787504663429,3.16002721776
G[T>C]G,1.91114448497,1.90016089598,1.35098144628,0.420286934015,0.762914468841,1.05442454343,4.12745868831
G[T>C]T,1.74945020094,1.73939588944,1.23668031446,0.46358752708,0.842114534679,0.965213903969,4.70063444761
T[T>C]A,2.12291408693,2.11071343126,1.50068064766,0.498273428899,0.531301236649,1.17126294451,1.91814686829
T[T>C]C,2.19315229689,2.18054797335,1.55033179608,0.470700475881,0.4755550316,1.21001506035,1.57296946274
T[T>C]G,1.69680804772,1.68705627733,1.19946775787,0.313960308947,0.392058893153,0.936169957364,1.27968708382
T[T>C]T,2.43586362848,2.42186441222,1.72190359944,0.507149963869,0.437708216228,1.34392476054,1.36668892879
A[T>G]A,1.17611471607,1.16935543609,0.83139143722,0.109871982269,0.0714807569317,0.64889087783,0.0365983930302
A[T>G]C,0.619959105495,0.61639612213,0.438246953885,0.0733472607581,0.0568108164543,0.342046403032,0.201419519055
A[T>G]G,0.659702130095,0.655910738543,0.466341160929,0.257502198949,0.113988110581,0.363973589018,0.126258942284
A[T>G]T,2.51476864361,2.50031595026,1.77768128255,0.283835601649,0.125661696571,1.38745856199,0.258725205824
C[T>G]A,0.82327006694,0.818538629773,0.581966771457,0.0609973499615,0.0439108684947,0.454217967967,0.0187136933304
C[T>G]C,1.22449319459,1.21745587738,0.865590016862,0.22579248009,0.109214062628,0.675582452185,0.135148462207
C[T>G]G,1.31783201745,1.31025827022,0.931570908886,0.354733091753,0.17325391083,0.727079733765,0.116590924721
C[T>G]T,4.42316525314,4.39774476318,3.12672026515,0.470783436026,0.279625418278,2.44036703621,0.41880024043
G[T>G]A,0.287357279676,0.285705801058,0.203131870116,0.124534251587,0.0355161481187,0.158541947408,0.00681282049454
G[T>G]C,0.118323895069,0.117643872683,0.0836427534106,0.0897502028873,0.0451036915353,0.0652821490034,0.0510033849751
G[T>G]G,0.783147235517,0.778646389336,0.553604080279,0.418766347523,0.154114625767,0.432081233389,0.109269501169
G[T>G]T,1.52279334476,1.51404165887,1.0764573644,0.230187229446,0.184130921107,0.840161845382,0.126901948822
T[T>G]A,1.68832449408,1.67862147974,1.19347076305,0.144873184973,0.113621778892,0.931489376043,0.0500092740408
T[T>G]C,1.16161256488,1.1549366306,0.821139916556,0.182981173688,0.10348571809,0.64088969097,0.158247491899
T[T>G]G,0.837828613598,0.833013506624,0.592258157889,0.319565080168,0.124328798378,0.462250269572,0.103318719611
T[T>G]T,6.77801160722,6.73905751753,4.79135303269,0.667423567779,0.258386439703,3.73959261088,0.433935700978
