,1,3,2,5,4,7,6
A[C>A]A,3.18668406357,2.72638525439,1.00911662013,0.299693519916,2.30149404591,0.938301418718,2.41705889434
A[C>A]C,2.50945606951,2.14697908169,0.794661088677,0.298526811733,1.81238493909,0.738895398243,1.91631791071
A[C>A]G,0.822489823066,0.703685737512,0.260455110637,0.0709772114482,0.59402042777,0.242177559014,0.484204783322
A[C>A]T,1.49191154762,1.27641321296,0.472438656745,0.278035424252,1.07749167328,0.439285066798,1.94888347344
C[C>A]A,2.60003927865,2.22447804951,0.823345771572,0.5162391173,1.87780614569,0.765567120935,2.83825819073
C[C>A]C,1.62623379389,1.391333357,0.514974034733,0.547904328958,1.17450218448,0.47883550598,1.9018576254
C[C>A]G,0.741990430955,0.634814035373,0.234963636469,0.118221285043,0.535881977912,0.218474960226,0.473522987371
C[C>A]T,2.37526628175,2.03217226328,0.752167655889,1.02707160825,1.71547009238,0.699383960739,2.6197175499
G[C>A]A,3.75421596637,3.21194032678,1.18883505602,0.297305946828,2.71137819793,1.10540803454,2.32551427119
G[C>A]C,3.63500454647,3.1099483342,1.15108477305,0.383436062192,2.62528106134,1.07030689424,2.70919677063
G[C>A]G,0.759147889633,0.649493194464,0.240396831717,0.112520775281,0.548273475846,0.223526878614,0.807704276378
G[C>A]T,3.13372814925,2.68107852769,0.992347247263,0.69354106732,2.26324810779,0.922708843946,2.21994152887
T[C>A]A,2.07245888869,1.77310371588,0.656278648085,0.317126117267,1.49677586405,0.610224006114,2.33895442833
T[C>A]C,1.8474673067,1.58061091795,0.585031313788,0.354770003276,1.33428194373,0.54397648475,2.4376702447
T[C>A]G,0.61679153202,0.527699421839,0.195317318473,0.0851072149292,0.445460550903,0.181610839984,0.416148244716
T[C>A]T,4.99458686248,4.2731465379,1.58161917312,0.570355746505,3.6072016229,1.47062835395,3.34350254733
A[C>G]A,0.804141307308,0.687987562919,0.254644747314,0.0940442899339,0.580768721945,0.236774940485,0.850554061693
A[C>G]C,0.360659797475,0.308564493395,0.114208935867,0.0431306939233,0.260476520398,0.106194273701,0.465727496569
A[C>G]G,0.287877268504,0.246294996387,0.0911611350263,0.0179775467799,0.207911360586,0.0847638623929,0.0461526256459
A[C>G]T,0.567054287046,0.485146445584,0.179567190898,0.0701606552177,0.409539207311,0.166965984519,0.739652238992
C[C>G]A,0.409771929929,0.350582651162,0.129761111144,0.0774591665889,0.295946393838,0.120655068257,0.782574091681
C[C>G]C,0.301741493038,0.25815661071,0.0955514727953,0.061651433393,0.217924411639,0.0888461062834,0.722360829422
C[C>G]G,0.292532364683,0.250277689785,0.0926352488164,0.0286060618607,0.211273374493,0.0861345296012,0.141313656174
C[C>G]T,0.4204753785,0.35974004605,0.133150536525,0.0816020711244,0.30367666225,0.123806639225,0.69859690655
G[C>G]A,0.540487885209,0.462417412901,0.171154496983,0.0745278143265,0.39035236154,0.159143655089,0.42887256029
G[C>G]C,0.553326627956,0.473401670584,0.175220098853,0.0542334166324,0.399624786857,0.162923951565,0.455726034047
G[C>G]G,0.109471948979,0.0936593341266,0.0346661171767,0.0264113289732,0.0790630742627,0.0322334071994,0.106121591314
G[C>G]T,0.530586779814,0.453946467175,0.168019146941,0.0743844572352,0.383201563199,0.156228329612,0.47408430107
T[C>G]A,0.345829394444,0.295876259691,0.109512641574,0.153142557581,0.249765673765,0.10182754392,1.39197279888
T[C>G]C,0.412634293072,0.35303156185,0.130667526139,0.109421192905,0.298013656107,0.121497875182,0.607437629705
T[C>G]G,0.1437315774,0.122970349553,0.04551499951,0.0162724911141,0.103806139233,0.0423209644567,0.105087271128
T[C>G]T,0.629492382952,0.538565705415,0.199339254602,0.212379953848,0.454633387688,0.18535053498,2.41508101087
A[C>T]A,4.58592230308,3.92351130374,1.45220872931,0.463836142276,3.31205499667,1.35029934479,2.42865171196
A[C>T]C,7.17615988546,6.13960345756,2.2724506304,0.466078462822,5.1827821395,2.11298041072,1.82067498756
A[C>T]G,3.11408257698,2.66427064919,0.986126149377,0.737116796319,2.24905963893,0.916924314333,3.09017058452
A[C>T]T,3.85831681773,3.3010043885,1.22180032561,0.285571479195,2.78656214614,1.13605995189,1.92138001281
C[C>T]A,5.48994738522,4.69695498513,1.73848333865,0.301468747489,3.96496200043,1.61648450787,2.31868559755
C[C>T]C,9.69755226468,8.29679471534,3.07089155048,0.414757987229,7.00378774671,2.85539038904,2.08534613339
C[C>T]G,2.65694196399,2.27316145808,0.841364955265,0.522021030952,1.91890252955,0.782321800509,1.89323617362
C[C>T]T,6.04392315961,5.17091203655,1.91390900054,0.446880675117,4.36505561527,1.779599597,2.92020829427
G[C>T]A,4.57571126986,3.91477519755,1.44897523546,1.03519325848,3.30468036157,1.34729276279,2.17627975497
G[C>T]C,7.80314343897,6.67602272001,2.47099542234,2.32600867148,5.63560359481,2.29759223481,2.66026491655
G[C>T]G,3.19617620515,2.73450630885,1.01212246496,2.74050952454,2.3083494815,0.941096327071,2.5006786194
G[C>T]T,4.4998575637,3.84987813783,1.42495489517,1.50337914335,3.24989712934,1.32495806042,2.40003980748
T[C>T]A,5.65032618079,4.83416795468,1.78926995725,0.335914529572,4.08079113057,1.66370715323,9.3656643433
T[C>T]C,9.83862053255,8.41748645562,3.11556316864,0.352631524368,7.10567038462,2.89692715681,3.30879973476
T[C>T]G,3.45172070161,2.95313882249,1.09304488884,0.318218356187,2.49290939561,1.01633998436,2.303213694
T[C>T]T,6.38663961382,5.46412500293,2.02243587771,0.281948214367,4.61257305442,1.88051055296,5.9943088305
A[T>A]A,1.62820153837,1.39301687171,0.515597153816,0.268215727191,1.17592333327,0.479414897408,3.25207905293
A[T>A]C,0.579080952493,0.495435926022,0.183375634956,0.238415262391,0.418225132356,0.170507169345,1.07773094077
A[T>A]G,0.919198152076,0.786425085665,0.291079414824,0.289664842566,0.663865332055,0.270652789222,0.998215095177
A[T>A]T,1.23115204104,1.05331896845,0.389864812997,0.303776168095,0.889165362977,0.362505878752,1.53634192864
C[T>A]A,2.52114759369,2.15698183016,0.79836340467,0.376391320261,1.82082881767,0.742337902587,5.83973183013
C[T>A]C,0.867906466292,0.742542198939,0.274837047659,0.358797728095,0.626821336766,0.255550237297,1.42371487181
C[T>A]G,1.57878102651,1.35073487823,0.499947325061,0.911364241453,1.14023074137,0.464863302249,2.40399358634
C[T>A]T,0.75915338595,0.649497896868,0.240398572217,0.375083060634,0.548277445408,0.223528496974,2.05422362872
G[T>A]A,1.19198515031,1.01980951749,0.377461964265,0.263624602792,0.860878164113,0.350973405369,2.74533177657
G[T>A]C,0.368922990775,0.31563411433,0.116825613746,0.147040057953,0.266444382227,0.108627325062,0.677226055936
G[T>A]G,0.674943117024,0.577451333454,0.213731987058,0.316481566188,0.48745891785,0.198733251124,1.3039110369
G[T>A]T,0.572542129843,0.489841599977,0.181305007784,0.196229579055,0.413502649331,0.168581849343,1.15351331062
T[T>A]A,1.3592661761,1.16292772844,0.430434289099,0.238395794462,0.981692238296,0.400228374075,2.02981940616
T[T>A]C,0.661736569579,0.566152398417,0.2095499137,0.165506347458,0.477920855807,0.194844656598,0.954352116375
T[T>A]G,0.847844094549,0.725377725337,0.268483963274,0.283882015626,0.612331846063,0.249642983395,0.863605601116
T[T>A]T,0.653047038786,0.558718022072,0.206798228949,0.211043850948,0.471645083568,0.192286072531,1.54718993288
A[T>C]A,1.45850622085,1.24783310006,0.46186030327,0.447402928194,1.05336560395,0.429449053918,4.23993774636
A[T>C]C,1.22275518828,1.04613499442,0.387205809622,0.259163968836,0.883100969314,0.360033472105,1.65273576632
A[T>C]G,1.84138091778,1.5754036741,0.583103957298,0.480888218027,1.3298862184,0.542184381347,3.0445035217
A[T>C]T,1.20730923573,1.0329201239,0.382314591314,0.268033877531,0.871945559137,0.355485497187,3.33279170294
C[T>C]A,0.635718837944,0.543892783574,0.201310965349,0.198046063973,0.459130271848,0.187183880061,1.73271730908
C[T>C]C,0.784863071583,0.671493961243,0.248539972668,0.262621116123,0.566845551699,0.231098571077,1.84398212467
C[T>C]G,1.0462350058,0.895112171625,0.331307751835,0.62936755658,0.755614170852,0.30805808504,2.17885386216
C[T>C]T,1.05741914983,0.904680828187,0.334849397446,0.198740613301,0.76369160821,0.311351194116,1.94387220815
G[T>C]A,1.02710757018,0.878747587823,0.325250730558,0.387650563451,0.741799911798,0.302426117887,3.18230459007
G[T>C]C,1.26123135477,1.07905349242,0.399389929012,0.770485554968,0.910889311782,0.371362565573,1.59036019029
G[T>C]G,1.20718692958,1.03281548419,0.382275861033,0.415386760823,0.871857226917,0.35544948482,1.92245580077
G[T>C]T,1.55526373651,1.33061453013,0.492500183229,0.224184622213,1.12324603193,0.457938766862,2.37885489945
T[T>C]A,1.16611012427,0.997671995212,0.36926820602,0.222527937708,0.842190645309,0.343354647703,1.97323307571
T[T>C]C,1.26015065438,1.07812889319,0.399047707221,0.270699684004,0.910108805942,0.371044359346,1.80536319415
T[T>C]G,0.869252916726,0.743694162088,0.27526342363,0.214746921997,0.627793773191,0.255946692147,1.19363974899
T[T>C]T,1.19948329106,1.02622459346,0.379836375503,0.197998574186,0.866293487989,0.353181191257,1.88412776241
A[T>G]A,0.950019454914,0.812794422538,0.300839494056,0.0542810367108,0.686125161882,0.279727950614,0.491203236275
A[T>G]C,0.272281762493,0.232952174577,0.0862225581227,0.0319911472046,0.196647939578,0.0801718522896,0.204380057903
A[T>G]G,0.63691023377,0.544912088892,0.201688240694,0.0707341347563,0.459990724389,0.187534679943,0.600036618049
A[T>G]T,1.01841057396,0.871306824392,0.322496681755,0.13978598717,0.735518747863,0.299865335667,0.438427130932
C[T>G]A,0.718510381672,0.614725548764,0.227528287529,0.0319513685458,0.518924164541,0.211561390159,0.154970313479
C[T>G]C,0.52647457872,0.450428250683,0.166716949928,0.117042458558,0.380231640187,0.155017514845,0.491356722848
C[T>G]G,0.917016960418,0.784558955025,0.290388704132,0.165728289904,0.662290026969,0.270010549457,0.813650050739
C[T>G]T,1.81748613608,1.55496036087,0.575537276424,0.252018669241,1.31262887606,0.535148695623,1.18504526053
G[T>G]A,0.344039819923,0.294345179268,0.108945942976,0.0173130368641,0.248473203278,0.101300613644,0.176555302383
G[T>G]C,0.174727410704,0.149489006936,0.0553303467231,0.0470395499327,0.126192018842,0.0514475153741,0.160149388086
G[T>G]G,0.67680516965,0.579044422922,0.214321637056,0.115389691239,0.488803733636,0.199281522175,0.576564187266
G[T>G]T,1.04056849095,0.890264153372,0.329513355469,0.352108605,0.751521687911,0.306389611225,0.602477450059
T[T>G]A,1.50085182229,1.28406211462,0.475269743724,0.0567805190149,1.08394853832,0.441917481006,0.439313105408
T[T>G]C,0.5136861457,0.439487035766,0.162667279472,0.0491819781228,0.370995549672,0.15125203179,0.37396638681
T[T>G]G,0.761923656903,0.651868017573,0.241275824686,0.0809487765964,0.550278196652,0.224344187866,0.648956344956
T[T>G]T,2.01307576299,1.72229815278,0.637473991615,0.328075708398,1.45388805105,0.592738974659,1.0648627419
