,1,3,2,5,4,7,6
A[C>A]A,0.552018338842,0.898861719885,0.532477866671,0.449430859942,2.52648861412,0.161208895414,3.05838744668
A[C>A]C,0.467640141667,0.761467133334,0.451086508334,0.380733566667,1.66986452379,0.136567475,2.61038449289
A[C>A]G,0.0505386650428,0.0822930475033,0.0487496857493,0.0411465237517,0.701369502136,0.0147590791718,1.22277673117
A[C>A]T,0.587427830903,0.95651965386,0.566633925384,0.47825982693,1.72095907464,0.171549720529,2.51731986488
C[C>A]A,0.666504112319,1.08528103245,0.642911046396,0.542640516225,3.843825388,0.194642793863,3.99658015451
C[C>A]C,0.557428208707,0.907670711523,0.537696236717,0.453835355761,2.16187665325,0.162788768914,4.91493177279
C[C>A]G,0.0792639829615,0.129067016504,0.0764581782549,0.0645335082518,0.913840269543,0.0231478888295,1.02741756727
C[C>A]T,1.96793347712,3.20442265302,1.8982721151,1.60221132651,2.76023102413,0.574706236682,7.43609818116
G[C>A]A,0.455701694297,0.742027537617,0.439570660871,0.371013768808,3.56571461253,0.133081025768,3.14830840881
G[C>A]C,0.507527640415,0.826416688817,0.489562060223,0.413208344408,3.76653879388,0.148216036581,3.67616900551
G[C>A]G,0.0376581080623,0.0613193971987,0.0363250776884,0.0306596985994,1.39596073727,0.0109975005846,1.59134169766
G[C>A]T,0.893015229216,1.45411329359,0.86140407066,0.727056646796,3.67908082559,0.26079205809,4.10206740698
T[C>A]A,1.03696077892,1.68850250726,1.00025420267,0.844251253631,2.75085150905,0.30282925402,2.3343557809
T[C>A]C,0.626832047688,1.02068227234,0.604643302637,0.51034113617,3.08600014752,0.18305714667,4.04855708104
T[C>A]G,0.0780542860243,0.1270972445,0.0752913024483,0.0635486222499,0.814537805387,0.0227946145027,0.768923062319
T[C>A]T,3.47723045145,5.66203896519,3.35414264786,2.8310194826,5.8718677516,1.01547437963,4.12356666309
A[C>G]A,0.336576767132,0.548054204888,0.324662545287,0.274027102444,0.650155908755,0.0982923302244,0.964802079896
A[C>G]C,0.199144171431,0.32427015525,0.19209482023,0.162135077625,0.377712821183,0.058157147409,0.499794151748
A[C>G]G,0.0530036222767,0.0863067831762,0.0511273878598,0.0431533915881,0.0611901737991,0.0154789339392,0.198682662801
A[C>G]T,0.351709970044,0.572695880426,0.3392600596,0.286347940213,0.580038302239,0.102711761163,0.687803158955
C[C>G]A,0.260733846892,0.42455776839,0.251504330187,0.212278884195,0.563878148099,0.0761435128091,0.754751761385
C[C>G]C,0.21625764288,0.352136338849,0.208602505079,0.176068169425,0.657726217064,0.0631548868588,0.748382788777
C[C>G]G,0.0512925577581,0.0835206250221,0.0494768919968,0.041760312511,0.255543643479,0.0149792425311,0.398541137194
C[C>G]T,0.363790633581,0.592367049371,0.350913089029,0.296183524685,0.751161674423,0.10623974255,0.659971766958
G[C>G]A,0.173737067903,0.282899296409,0.167587083199,0.141449648205,0.366008854166,0.0507373738125,0.566765841242
G[C>G]C,0.194285756982,0.316359108715,0.187408385054,0.158179554357,0.427328003507,0.0567383184108,0.720060920946
G[C>G]G,0.0256945804309,0.0418389628255,0.0247850377608,0.0209194814127,0.158608095733,0.00750372702848,0.355088925546
G[C>G]T,0.290330506221,0.472750558803,0.28005332016,0.236375279401,0.358243333563,0.0847867850026,0.494506426258
T[C>G]A,0.644175501445,1.04892294041,0.621372828828,0.524461470203,0.522160510227,0.188122049095,0.383684784916
T[C>G]C,0.326323499632,0.53135861887,0.314772225309,0.265679309435,0.690999345504,0.0952980131669,0.748589163332
T[C>G]G,0.0428989179366,0.0698531053127,0.0413803721689,0.0349265526564,0.0655590717928,0.0125280025833,0.210261775714
T[C>G]T,1.16573023089,1.89818019896,1.12446544395,0.949090099482,1.05434401023,0.340434492206,0.85902881769
A[C>T]A,1.02908684471,1.67568123387,0.992658991804,0.837840616936,1.74116528429,0.30052978651,3.15303540824
A[C>T]C,1.30436631275,2.12392390748,1.25819405389,1.06196195374,2.7532434414,0.380921135581,3.62309559483
A[C>T]G,1.54530528528,2.51624931408,1.49060421323,1.25812465704,2.5092116855,0.451283844374,4.09774868582
A[C>T]T,1.09761816825,1.78727206158,1.05876442778,0.893636030788,1.82425112596,0.32054335887,2.65521289619
C[C>T]A,1.26075620046,2.05291275119,1.21612766239,1.02645637559,3.10586070509,0.368185439072,4.88731534827
C[C>T]C,1.76886966075,2.8802833414,1.7062548055,1.4401416707,4.18845566104,0.516572555795,6.93052472622
C[C>T]G,1.11418138891,1.81424226158,1.07474133974,0.907121130791,2.05291231439,0.32538040561,4.17781164031
C[C>T]T,1.73152367686,2.81947218179,1.67023080334,1.4097360909,3.7587986565,0.505666206517,7.07647173727
G[C>T]A,1.37266082838,2.23512913647,1.32407106454,1.11756456824,3.35013370245,0.40086555165,4.59328915947
G[C>T]C,2.43514497404,3.96519181614,2.34894515195,1.98259590807,7.30314625037,0.711148532243,6.47124327779
G[C>T]G,1.94217323191,3.16247676701,1.87342373698,1.5812383835,7.91872239603,0.567183333213,4.16717691801
G[C>T]T,1.98103116566,3.22574986266,1.91090616864,1.61287493133,4.91776206002,0.578531225368,6.00636130516
T[C>T]A,4.13879436375,6.73927577815,3.99228836858,3.36963788907,4.21836842271,1.20867446021,4.65150168433
T[C>T]C,1.89805573753,3.09063943103,1.83086792382,1.54531971551,7.87867327364,0.554299463174,9.91179917603
T[C>T]G,2.50103910436,4.07248845312,2.41250674668,2.03624422656,4.3705896991,0.730391950831,3.82318153794
T[C>T]T,2.92337073444,4.76017889502,2.81988858455,2.38008944751,4.15877614741,0.853727736606,4.70033668972
A[T>A]A,2.32934882541,3.7929219812,2.24689399973,1.8964609906,0.608408042323,0.680252311845,0.688824260031
A[T>A]C,0.856021182852,1.3938752004,0.82571954806,0.696937600198,0.780221581502,0.249988487027,1.03541958011
A[T>A]G,1.60139518405,2.60758153863,1.54470862886,1.30379076932,0.70087106894,0.467664080298,0.856081728399
A[T>A]T,0.834645797655,1.35906926344,0.805100813667,0.679534631719,0.946502295769,0.243746117899,0.77783298438
C[T>A]A,4.16296091985,6.77862663055,4.01559947136,3.38931331528,0.452122445477,1.21573195004,0.797814800288
C[T>A]C,1.51378271962,2.46492053461,1.46019749061,1.2324602673,0.980314504484,0.442078139359,1.16683014088
C[T>A]G,4.71644292006,7.67987165745,4.54948918838,3.83993582872,1.09581568546,1.37736828639,2.57825619457
C[T>A]T,1.70357312263,2.7739597749,1.64326964926,1.38697988745,0.833603850788,0.497503655281,1.20330526324
G[T>A]A,2.00299981409,3.26152182117,1.9320971658,1.63076091058,0.275451309215,0.584946848362,0.804405299337
G[T>A]C,0.502579205397,0.818359060115,0.484788791046,0.409179530057,0.497169377636,0.14677091839,0.725515979725
G[T>A]G,1.25215785645,2.03891190784,1.20783368454,1.01945595392,0.447524154502,0.365674418254,1.19643620491
G[T>A]T,0.494744947458,0.805602392321,0.477231851973,0.402801196161,0.456039560919,0.144483037753,0.73722269176
T[T>A]A,1.5526543077,2.52821586386,1.49769309327,1.26410793193,0.607450307018,0.453430019062,0.663570253569
T[T>A]C,0.858995885569,1.39871896411,0.828588951567,0.699359482056,0.751286191069,0.25085720552,0.636811959697
T[T>A]G,1.66341943663,2.70857678177,1.60453733268,1.35428839089,0.659280810642,0.485777357601,0.759286861095
T[T>A]T,0.944870697053,1.53855051556,0.911423946715,0.769275257778,0.662458963733,0.27593569029,0.81149376976
A[T>C]A,2.83771737164,4.62070793258,2.73726719919,2.31035396629,4.06020940271,0.82871392269,1.88713787648
A[T>C]C,1.31597523657,2.14282693389,1.26939204236,1.07141346694,1.28497437394,0.384311352273,1.09358381785
A[T>C]G,2.36892192415,3.85735959331,2.28506628082,1.92867979666,2.27378272161,0.691809057496,2.46328102998
A[T>C]T,1.99890278081,3.25485054574,1.92814516025,1.62742527287,2.93613751376,0.583750369617,1.35578815876
C[T>C]A,1.76308488253,2.87086387952,1.7006747982,1.43543193976,0.997554330207,0.514883195784,1.17714419662
C[T>C]C,1.24198707773,2.02235063985,1.19802293339,1.01117531993,1.44711024998,0.362704190843,1.05653190248
C[T>C]G,2.12653307373,3.4626733236,2.0512575667,1.7313366618,1.71942575118,0.621022933037,2.39549397045
C[T>C]T,1.29813973253,2.1137850512,1.25218788359,1.0568925256,1.93650594489,0.379102753748,1.22660307185
G[T>C]A,3.8793699249,6.3168501432,3.7420470957,3.1584250716,1.80608710288,1.1329133409,3.27449600968
G[T>C]C,1.77763715336,2.89455961256,1.7147119444,1.44727980628,2.64791715733,0.519132973991,1.73917168227
G[T>C]G,1.90525781414,3.10236670622,1.83781505966,1.55118335311,1.5333990366,0.556402724485,2.65134899507
G[T>C]T,2.4137694861,3.93038571187,2.32832631845,1.96519285594,1.60794439167,0.704906133108,2.71156872181
T[T>C]A,1.46022242006,2.37770730345,1.40853313085,1.18885365173,1.63200960457,0.426436635946,1.3809892844
T[T>C]C,1.76039964091,2.86649145069,1.69808460937,1.43324572534,1.56276563145,0.514099010178,1.1540412117
T[T>C]G,0.988467625226,1.60954020391,0.953477620793,0.804770101954,1.11823551794,0.28866753657,1.33653893525
T[T>C]T,1.43720870888,2.34023364987,1.38633406432,1.17011682493,1.28974842701,0.419715817639,1.08129779205
A[T>G]A,0.481823824195,0.784562687185,0.464768113604,0.392281343593,0.339297527185,0.140709612376,0.107037754798
A[T>G]C,0.153650794793,0.250192444619,0.148211828606,0.12509622231,0.321311036055,0.0448714710458,0.137213658293
A[T>G]G,0.249997751577,0.407075984869,0.241148273645,0.203537992435,0.450058406396,0.0730081929385,0.325012093461
A[T>G]T,0.634002873274,1.03235866091,0.611560293689,0.516179330453,0.737676443824,0.185151281576,0.282958264311
C[T>G]A,0.331631986536,0.540002526749,0.319892801172,0.270001263375,0.0995871954559,0.096848279254,0.0340699529465
C[T>G]C,0.37462496591,0.610008794047,0.361363905169,0.305004397024,0.62662428851,0.109403751106,0.377236759548
C[T>G]G,0.603452771783,0.982613362903,0.58209161172,0.491306681451,0.574901692492,0.176229570521,0.741573963859
C[T>G]T,1.34206958884,2.18531685262,1.29456270074,1.09265842631,2.23737541514,0.391931826829,0.568899901407
G[T>G]A,0.128453864735,0.209163815144,0.123906825275,0.104581907572,0.0358347226553,0.0375130755421,0.0771070622436
G[T>G]C,0.155062681215,0.252491445518,0.149573736747,0.126245722759,0.293712855874,0.0452837918591,0.125301608269
G[T>G]G,0.327491693053,0.533260809927,0.31589906675,0.266630404964,0.439770646347,0.0956391669978,0.510843575699
G[T>G]T,0.676376580986,1.10135655665,0.652434047145,0.550678278325,1.26636859747,0.197525904182,0.378166351886
T[T>G]A,0.728272410712,1.18585950063,0.702492856351,0.592929750315,0.482530237788,0.212681323482,0.151380380866
T[T>G]C,0.371686226359,0.605223589824,0.358529191798,0.302611794912,0.504208224155,0.108545535131,0.202622899674
T[T>G]G,0.37091593262,0.603969306213,0.357786165094,0.301984653107,0.393463681623,0.108320582093,0.392575353363
T[T>G]T,1.72490043255,2.80868743,1.66384201016,1.404343715,1.76921554968,0.503731984728,0.409868524281
