,1,3,2,5,4,7,6
A[C>A]A,0.329447427965,1.40015156885,1.19424692637,2.09457992476,1.12785072872,1.80473218461,0.926448812877
A[C>A]C,0.254523255372,1.08172383533,0.922646800723,1.38576659319,0.74618201172,0.628592806133,0.612935223913
A[C>A]G,0.129603804795,0.550816170377,0.46981379238,0.497340191986,0.267798564916,0.130458202001,0.219977392609
A[C>A]T,0.252878280258,1.0747326911,0.916683765937,1.48703347706,0.800710333803,0.820930417142,0.657726345624
C[C>A]A,0.462375850087,1.96509736287,1.67611245657,2.60961553401,1.40517759524,2.86151531226,1.15425302466
C[C>A]C,0.407976595843,1.73390053233,1.47891515993,1.57175307315,0.846328577852,0.977488441709,0.695198474664
C[C>A]G,0.121319360712,0.515607283026,0.439782682581,0.518394428473,0.279135461486,0.58242454716,0.229289843363
C[C>A]T,0.466097093934,1.98091264922,1.68960196551,2.41510297746,1.30044006479,2.03034252044,1.06821862465
G[C>A]A,0.349660272184,1.48605615678,1.26751848667,2.06097045954,1.10975332437,3.93907602762,0.911583087875
G[C>A]C,0.5155495829,2.19108572733,1.86886723801,2.47598767236,1.33322413127,0.765909666889,1.09514839354
G[C>A]G,0.212604130035,0.903567552647,0.770689971375,0.884162937613,0.476087735638,0.313133172256,0.39107206856
G[C>A]T,0.369558976865,1.57062565168,1.33965129113,2.18832093541,1.17832665753,2.43646920506,0.967911182969
T[C>A]A,0.305162568462,1.29694091596,1.10621431067,1.98870004287,1.07083848462,2.27266154888,0.879617326653
T[C>A]C,0.472965472011,2.01010325605,1.71449983604,2.5288512905,1.36168915642,1.55529365079,1.11853037849
T[C>A]G,0.0943903844374,0.401159133859,0.342165143586,0.535466969319,0.288328368095,0.500575911628,0.236841159507
T[C>A]T,0.46467564239,1.97487148016,1.68444920366,3.0682857675,1.65215387481,4.37954335395,1.35712639716
A[C>G]A,0.154700178945,0.657475760516,0.560788148675,0.885681037204,0.476905173879,0.172786796036,0.391743535686
A[C>G]C,0.0906743264154,0.385365887265,0.328694433256,0.402287054401,0.216616106216,0.170649874597,0.177934658677
A[C>G]G,0.0270750401056,0.115068920449,0.0981470203829,0.0402505894865,0.0216733943389,0.0976648709936,0.0178031453498
A[C>G]T,0.13409576858,0.569907016464,0.486097161102,0.840006376496,0.452311125805,0.260493051269,0.371541281912
C[C>G]A,0.133566925719,0.567659434305,0.484180105731,0.788703399283,0.424686445768,0.100037127911,0.348849580452
C[C>G]C,0.133134475705,0.565821521747,0.482612474432,0.770867657129,0.415082584608,0.167606921546,0.340960694499
C[C>G]G,0.0485002482714,0.206126055153,0.175813399984,0.286948274815,0.154510609516,0.174101986977,0.126919429245
C[C>G]T,0.154790533229,0.657859766224,0.561115682956,0.869404182502,0.468140713655,0.259324312832,0.384544157645
G[C>G]A,0.0891777037235,0.379005240825,0.323269175998,0.51744010993,0.278621597655,0.0838643477724,0.228867740931
G[C>G]C,0.117746181413,0.500421271005,0.426829907622,0.500819510738,0.269672044243,0.119145704579,0.221516322057
G[C>G]G,0.0409202335838,0.173910992731,0.148335846741,0.0898275053374,0.0483686567201,0.0215437812377,0.0397313965915
G[C>G]T,0.0891613508695,0.378935741195,0.323209896902,0.416085799025,0.224046199475,0.124417488111,0.184037949569
T[C>G]A,0.103976171405,0.441898728471,0.376913621343,2.73956674549,1.47515132449,0.180324657983,1.21173144512
T[C>G]C,0.141183113413,0.600028232006,0.511788786123,1.16342193329,0.626457964079,0.339605086842,0.514590470493
T[C>G]G,0.0231210961691,0.0982646587188,0.0838139736131,0.163152604184,0.0878514022529,0.0553177800574,0.0721636518506
T[C>G]T,0.192028162454,0.81611969043,0.696102088896,4.27530977867,2.30208988082,0.335985474421,1.8910024021
A[C>T]A,0.314761880005,1.33773799002,1.14101181502,2.50890731012,1.35095009007,0.971665055163,1.10970900255
A[C>T]C,0.375699027699,1.59672086772,1.36190897541,1.65544219471,0.891391950995,0.736061110639,0.732214816889
A[C>T]G,0.320341997316,1.36145348859,1.16123974027,1.59811350998,0.860522659218,3.85159564221,0.706857898643
A[C>T]T,0.289842478096,1.23183053191,1.0506789831,1.46840117902,0.790677557935,0.723679442799,0.649485136875
C[C>T]A,0.375519720497,1.59595881211,1.3612589868,2.8600326964,1.54001760575,0.92640309654,1.26501446187
C[C>T]C,0.478577784992,2.03395558622,1.7348444706,1.50212361406,0.808835792184,0.933871901617,0.664400829294
C[C>T]G,0.31684905539,1.34660848541,1.14857782579,1.03089279275,0.555096119172,2.6937300483,0.455971812177
C[C>T]T,0.440610921737,1.87259641738,1.5972145913,2.61166971675,1.40628369364,0.894489879984,1.15516160549
G[C>T]A,0.437961924243,1.86133817803,1.58761197538,2.37950203192,1.28127032488,1.15304414279,1.05247205258
G[C>T]C,0.678319999796,2.88285999913,2.45890999926,1.93524276662,1.04205379741,1.54984326222,0.85597276216
G[C>T]G,0.401351305943,1.70574305026,1.45489848404,1.5577631364,0.838795534985,3.16220446527,0.689010618023
G[C>T]T,0.481114139891,2.04473509453,1.7440387571,2.05642710141,1.10730690076,1.123938778,0.909573525625
T[C>T]A,0.369986256896,1.57244159181,1.34120018125,4.333922198,2.33365041431,0.938172971512,1.91692712604
T[C>T]C,0.621447414677,2.64115151238,2.2527468782,2.514734429,1.35408776946,0.926642620124,1.11228638206
T[C>T]G,0.259771522032,1.10402896864,0.941671767365,1.253315944,0.674862431385,2.28231420861,0.554351282924
T[C>T]T,0.41037165814,1.74407954709,1.48759726076,3.28559725322,1.76916775173,0.698088008552,1.45324493892
A[T>A]A,0.13544342964,0.575634575968,0.490982432443,1.34890094162,0.726331276259,0.258060814675,0.596629262641
A[T>A]C,0.222159004897,0.944175770814,0.805326392753,0.924973006139,0.498062387921,0.267400232884,0.409122675792
A[T>A]G,0.131786025012,0.560090606301,0.477724340668,0.979522971384,0.52743544613,0.223998191659,0.433250545035
A[T>A]T,0.122488702751,0.520576986692,0.444021547473,1.2349726965,0.664985298116,0.341170389943,0.546237923452
C[T>A]A,0.0952535077287,0.404827407847,0.345293965517,1.30001500985,0.70000808223,0.125435154188,0.575006638974
C[T>A]C,0.167751880849,0.712945493608,0.608100568077,1.69589735268,0.913175497599,0.228218036568,0.750108444457
C[T>A]G,0.260601919003,1.10755815576,0.944681956386,3.11724968069,1.67851905883,0.321242239268,1.37878351261
C[T>A]T,0.153527238767,0.652490764762,0.556536240532,2.23723414293,1.2046645385,0.250670799185,0.989545870913
G[T>A]A,0.0786118756432,0.334100471484,0.284968049207,1.39808689457,0.752816020153,0.148734543806,0.618384587983
G[T>A]C,0.137796272879,0.585634159734,0.499511489185,0.624892831965,0.336480755674,0.155310153987,0.276394906446
G[T>A]G,0.123225224489,0.52370720408,0.446691438774,1.63957060995,0.882845713049,0.14683084913,0.725194692862
G[T>A]T,0.0892385142903,0.379263685734,0.323489614302,0.966423308005,0.520381781234,0.224601729586,0.427456463156
T[T>A]A,0.100608452696,0.427585923959,0.364705641024,1.40555623953,0.756837975134,0.28454521712,0.621688336717
T[T>A]C,0.138175497701,0.587245865228,0.500886179165,0.980687829061,0.528062677187,0.225074349182,0.433765770546
T[T>A]G,0.10880015953,0.462400678002,0.394400578296,0.978951560468,0.527127763329,0.112333575464,0.432997805592
T[T>A]T,0.110238409256,0.468513239339,0.399614233553,1.16718308244,0.628483198235,0.236720649799,0.516254055693
A[T>C]A,0.649664700867,2.76107497868,2.35503454064,6.46068329151,3.47882946466,1.14459953296,2.8576099174
A[T>C]C,0.274523281171,1.16672394497,0.995146894243,1.84582173616,0.99390401178,0.609287104555,0.816421152533
A[T>C]G,0.48530031514,2.06252633935,1.75921364238,3.5866777362,1.9312880118,1.12991212661,1.58641515255
A[T>C]T,0.469832999986,1.99679024994,1.70314462495,4.56856530096,2.45999670052,0.88705942526,2.02071157543
C[T>C]A,0.308931037008,1.31295690728,1.11987500915,1.56047131533,0.840253785177,0.627864752406,0.690208466395
C[T>C]C,0.261662338149,1.11206493713,0.94852597579,2.34868258446,1.26467523779,0.580637369123,1.0388403739
C[T>C]G,0.385641019974,1.63897433489,1.39794869741,2.23377449618,1.20280165179,0.983923232135,0.98801564254
C[T>C]T,0.325344961842,1.38271608783,1.17937548668,3.3450552912,1.80118361834,0.515485028784,1.47954368649
G[T>C]A,0.953498124931,4.05236703096,3.45643070287,1.93948603752,1.04433863559,1.55827874573,0.857849593517
G[T>C]C,0.502548642369,2.13583173007,1.82173882859,1.24366926411,0.669668065288,0.789381841771,0.550084482201
G[T>C]G,0.597731346738,2.54035822364,2.16677613193,1.77133920377,0.953798032801,0.954363518871,0.783476955515
G[T>C]T,0.672835086112,2.85954911598,2.43902718716,1.84683155835,0.994447762189,1.13038274709,0.816867804656
T[T>C]A,0.406094740809,1.72590264844,1.47209343543,2.49506028405,1.3434939991,0.664058652466,1.10358435641
T[T>C]C,0.366248302158,1.55655528417,1.32765009532,1.93193252559,1.04027135994,0.824861454056,0.85450861709
T[T>C]G,0.278356336993,1.18301443222,1.0090417216,1.59955408999,0.861298356148,0.55263300861,0.707495078265
T[T>C]T,0.315100537882,1.339177286,1.14223944982,2.03836005598,1.09757849168,0.566227270274,0.901582332452
A[T>G]A,0.0330992421033,0.140671778939,0.119984752624,0.60617643047,0.32640269333,0.0512450407401,0.268116498093
A[T>G]C,0.0425081715366,0.180659729031,0.15409212182,0.438675996888,0.23621015217,0.089557345073,0.194029767854
A[T>G]G,0.0719508892024,0.30579127911,0.260821973359,0.803620871002,0.43271893054,0.145683032065,0.355447692943
A[T>G]T,0.0767254810597,0.326083294504,0.278129868841,0.992869816574,0.534622208924,0.150220725658,0.439153957331
C[T>G]A,0.0112534675067,0.0478272369033,0.0407938197117,0.0499864164881,0.0269157627244,0.0205773217249,0.0221093765236
C[T>G]C,0.077370276622,0.328823675643,0.280467252755,0.990911243568,0.53356759269,0.186543947396,0.438287665424
C[T>G]G,0.0996833323933,0.423654162671,0.361352079926,1.07913573918,0.581073090327,0.315920331454,0.477310038483
C[T>G]T,0.165530751551,0.703505694091,0.600048974372,4.19245576669,2.25747618207,0.31360653269,1.85435543527
G[T>G]A,0.0137727644616,0.0585342489619,0.0499262711734,0.194761072402,0.104871346678,0.0549050956998,0.0861443204855
G[T>G]C,0.0357151571785,0.151789418009,0.129467444772,0.375198327433,0.202029868618,0.0556498006404,0.165953106365
G[T>G]G,0.071242155488,0.302779160824,0.258252813644,0.478107287034,0.257442385326,0.361306532831,0.211470530804
G[T>G]T,0.0820064297502,0.348527326438,0.297273307845,1.08629059929,0.584925707309,0.244629748469,0.480474688147
T[T>G]A,0.0495144684538,0.210436490929,0.179489948145,0.663115349777,0.357062111418,0.0545033591327,0.293301020094
T[T>G]C,0.066544576759,0.282814451226,0.241224090751,0.700794824184,0.377351059176,0.189301675959,0.309966941466
T[T>G]G,0.0752326119956,0.319738600981,0.272718218484,0.799751857309,0.430635615474,0.116232561869,0.353736398425
T[T>G]T,0.143663041074,0.610567924563,0.520778523892,2.11987276494,1.14146995035,0.353053345429,0.937636030647
