,1,3,2,5,4,7,6
A[C>A]A,1.00207940538,2.24727109267,3.35389841802,0.412180240792,1.56331902099,2.24956601208,2.47452261329
A[C>A]C,0.765484991031,1.90896999603,2.56203139855,0.32662041397,1.32797912768,1.71843569415,1.89027926357
A[C>A]G,0.416319997817,0.314475041724,1.39339754371,0.0780941070308,0.218765246417,0.934595913467,1.02805550481
A[C>A]T,0.83134832986,1.6569149436,2.78247196117,0.278707804267,1.1526364825,1.86629216907,2.05292138598
C[C>A]A,1.36846461948,2.29171107137,4.58016729785,0.595409251123,1.59423378878,3.07206343148,3.37926977463
C[C>A]C,1.03366900103,1.91884518245,3.45962686058,0.721518967906,1.33484882257,2.32048143088,2.55252957397
C[C>A]G,0.381814652369,0.379439345851,1.27791026507,0.1931051113,0.26395780581,0.857134933889,0.942848427278
C[C>A]T,1.74224225471,2.93264102473,5.83117815861,1.19946574533,2.04009810416,3.91115608199,4.30227169019
G[C>A]A,1.41935862824,1.97513618255,4.75050642922,0.331116110798,1.37400777917,3.18631528789,3.50494681668
G[C>A]C,1.79560640133,1.49388616444,6.00978469018,0.364819283161,1.03922515787,4.03095314585,4.43404846044
G[C>A]G,0.708432982114,0.267101548841,2.37108181769,0.112510857655,0.185809773107,1.59035975577,1.74939573134
G[C>A]T,1.60463723556,1.73893607934,5.37062258432,0.429440323385,1.20969466389,3.60224685534,3.96247154087
T[C>A]A,0.820456685907,1.52615766175,2.74601829569,0.537629256621,1.06167489513,1.84184153979,2.02602569377
T[C>A]C,1.3516603558,1.41814743162,4.52392445614,0.493763962143,0.986537343735,3.03433957424,3.33777353167
T[C>A]G,0.306910273866,0.215308729826,1.0272098962,0.0913878877821,0.149779985966,0.688982247455,0.7578804722
T[C>A]T,1.38259407713,2.62253622255,4.62745772752,0.665679452208,1.82437302438,3.10378262212,3.41416088433
A[C>G]A,0.260799111868,0.667149063261,0.872878660128,0.255433003268,0.464103696181,0.585467393988,0.644014133387
A[C>G]C,0.170581086506,0.289897351867,0.570924452794,0.116867793421,0.201667723038,0.382937132972,0.421230846269
A[C>G]G,0.0284760560539,0.0673530340048,0.0953076161803,0.0280069959537,0.0468542845251,0.0639258401209,0.070318424133
A[C>G]T,0.140496248633,0.50997406797,0.470232342362,0.24685338923,0.354764569023,0.315399741828,0.346939716011
C[C>G]A,0.244196752763,0.505198789685,0.817311580675,0.18788559333,0.351442636303,0.548196791916,0.603016471107
C[C>G]C,0.24425258873,0.409316079507,0.817498460238,0.15168665783,0.284741620527,0.548322137964,0.603154351761
C[C>G]G,0.0698746925549,0.102151809735,0.233866317939,0.0573388708569,0.0710621285111,0.156861554715,0.172547710187
C[C>G]T,0.198460737991,0.344561269041,0.6642359394,0.219918726976,0.239694795854,0.445524105695,0.490076516265
G[C>G]A,0.121269134409,0.348306733365,0.405880368226,0.125122660071,0.242300336254,0.272236832347,0.299460515582
G[C>G]C,0.178000318212,0.294728823784,0.595756167078,0.152379430913,0.20502874698,0.399592551089,0.439551806198
G[C>G]G,0.0954783957808,0.0459590304566,0.319560345062,0.0225055883825,0.0319714994481,0.214339255835,0.235773181418
G[C>G]T,0.127673107342,0.342035458378,0.427314073552,0.164026852783,0.237937710176,0.286613098114,0.315274407925
T[C>G]A,0.14968911568,0.458149037404,0.50100030554,1.37180647752,0.318712373846,0.336036790301,0.369640469331
T[C>G]C,0.18368877378,0.301039774031,0.614795079589,0.457325659209,0.209418973239,0.412362553383,0.453598808721
T[C>G]G,0.0398263640751,0.0833620265697,0.133296402211,0.0688104664789,0.057990975005,0.0894061234339,0.0983467357773
T[C>G]T,0.182888506063,0.7407372105,0.612116632539,1.80899799262,0.515295450783,0.41056603402,0.451622637422
A[C>T]A,0.665360988838,2.52377869461,2.22692249325,0.874954791617,1.75567213538,1.49366752596,1.64303427856
A[C>T]C,0.514726008214,2.34081296449,1.72275643566,0.515537915165,1.62839162747,1.15550736538,1.27105810192
A[C>T]G,1.4974976231,2.64128185317,5.012032861,1.66602848118,1.83741346307,3.36172935799,3.69790229379
A[C>T]T,0.465608110027,1.91104376028,1.55836183764,0.481951617663,1.32942174628,1.04524269598,1.14976696558
C[C>T]A,0.677067496072,2.16062082851,2.26610345624,0.616923831008,1.50304057636,1.51994744016,1.67194218418
C[C>T]C,0.416549764252,3.04530057891,1.3941665579,0.524584266084,2.11846996793,0.935111715668,1.02862288723
C[C>T]G,1.04651779801,1.99035001972,3.50263099741,1.54697638991,1.38459131807,2.34932566899,2.58425823589
C[C>T]T,0.556346552602,3.03811234263,1.86205784953,0.760931772084,2.11346945575,1.24894124054,1.37383536459
G[C>T]A,0.9531127725,2.03724971658,3.19001009572,1.39961276202,1.41721719415,2.13964091786,2.35360500964
G[C>T]C,0.898509204287,2.75492798108,3.00725529598,1.74988257971,1.91647163901,2.01706147901,2.21876762691
G[C>T]G,1.60597348793,1.690024745,5.37509493921,2.46813647969,1.17566938783,3.60524660557,3.96577126612
G[C>T]T,0.829325757405,2.21571009048,2.77570253499,1.35815963456,1.5413635412,1.8617517003,2.04792687033
T[C>T]A,0.70471008355,2.10763051511,2.35862150413,0.926374265834,1.46617774964,1.58200222838,1.74020245122
T[C>T]C,0.680457377574,3.11146578215,2.27744918208,0.497540499873,2.16449793541,1.52755737823,1.68031311605
T[C>T]G,0.766967459019,1.66125526302,2.56699312815,0.772431413225,1.15565583515,1.72176368351,1.89394005186
T[C>T]T,0.661406501787,2.28322507577,2.21368706721,0.564413198743,1.58833048749,1.48479010605,1.63326911666
A[T>A]A,0.0931674207009,1.18453064311,0.311825652958,0.330264401919,0.824021316946,0.209151352594,0.230066487853
A[T>A]C,0.120089625804,0.842850594822,0.401932625139,0.286543690754,0.586330848572,0.269588955886,0.296547851474
A[T>A]G,0.188962716274,0.838666631723,0.632446642222,0.249004034071,0.583420265547,0.424202016125,0.466622217737
A[T>A]T,0.13780180729,1.55832511954,0.461214212155,0.350398475181,1.08405225707,0.309350995957,0.340286095553
C[T>A]A,0.10574262784,1.24493415894,0.353914101343,0.358004282322,0.866041154044,0.237381409437,0.261119550381
C[T>A]C,0.281738991336,1.28061259262,0.942963154676,0.404696627297,0.890860934,0.632475286673,0.69572281534
C[T>A]G,0.401962834251,2.51620594211,1.34534499627,0.845905748598,1.75040413364,0.902365546279,0.992602100907
C[T>A]T,0.51002424441,2.0793704066,1.70701992007,0.481381111285,1.44651854372,1.14495238541,1.25944762395
G[T>A]A,0.095994125951,1.3755517981,0.321286462367,0.332358368654,0.956905598675,0.215497017441,0.237046719185
G[T>A]C,0.150686428508,0.559551882719,0.504338250518,0.182257283209,0.389253483631,0.338275655835,0.372103221419
G[T>A]G,0.152353199622,1.4804813054,0.509916831387,0.399348528498,1.02990003854,0.342017386906,0.376219125596
G[T>A]T,0.105973276528,1.30745175893,0.354686068381,0.259202797004,0.909531658383,0.237899192207,0.261689111428
T[T>A]A,0.0877147152573,1.30082216576,0.293575781678,0.327135997751,0.904919767486,0.196910585272,0.216601643799
T[T>A]C,0.193655470381,0.723567153695,0.648153002907,0.209679156223,0.50335106344,0.434736770243,0.478210447267
T[T>A]G,0.187516306063,0.686070237483,0.627605595803,0.264251492991,0.477266252162,0.420954972795,0.463050470074
T[T>A]T,0.123122865732,1.54016812205,0.41208469347,0.303114659027,1.0714213023,0.27639827001,0.304038097011
A[T>C]A,0.487495187569,1.88802868168,1.63161654615,1.01478915045,1.31341125682,1.09437695169,1.20381464685
A[T>C]C,0.300580883784,1.14210415584,1.00602581511,0.390414736295,0.794507238848,0.674773412576,0.742250753834
A[T>C]G,0.464037347805,2.11989181941,1.55310459265,0.887085360937,1.47470735264,1.04171649507,1.14588814458
A[T>C]T,0.378400575974,1.59816080633,1.2664835604,0.697006461705,1.11176403919,0.849470680758,0.934417748834
C[T>C]A,0.275877099338,0.884485397035,0.923343761051,0.398080395285,0.615294189242,0.61931593729,0.681247531019
C[T>C]C,0.670471814568,1.23462714019,2.24402811407,0.430665302585,0.858871054046,1.50514080821,1.65565488904
C[T>C]G,0.629497474937,1.78240914049,2.10688950795,0.793108765099,1.23993679338,1.4131575968,1.55447335648
C[T>C]T,1.34410967083,1.1138222854,4.49865277583,0.466893924794,0.774832894188,3.01738905696,3.31912796265
G[T>C]A,0.455112123796,1.30728731926,1.52323241434,0.722206653718,0.909417265572,1.02168027791,1.1238483057
G[T>C]C,0.451688762235,0.681877903235,1.51177463279,0.439699161147,0.474349845729,1.01399518053,1.11539469858
G[T>C]G,0.339055491469,1.3055743791,1.13479797145,0.588736201313,0.908225655028,0.761144980848,0.837259478933
G[T>C]T,0.469387913304,1.26954598272,1.57101260779,0.497436327684,0.883162422759,1.05372796864,1.15910076551
T[T>C]A,0.27841857237,1.17741272111,0.931849915688,0.535759163684,0.819069719035,0.625021284913,0.687523413404
T[T>C]C,0.360050379844,0.945670454498,1.20506657744,0.400050648262,0.657857707477,0.808276362915,0.889103999207
T[T>C]G,0.250412898884,0.810759392233,0.838116641163,0.431596107525,0.564006533727,0.562151405658,0.618366546224
T[T>C]T,0.255560731387,1.26417711952,0.855346121378,0.450023944873,0.879427561403,0.573707764339,0.631078540773
A[T>G]A,0.0143750132504,0.353978955008,0.0481122892461,0.143774719252,0.246246229571,0.032270437909,0.0354974816999
A[T>G]C,0.116933152555,0.0707159143232,0.391368102429,0.0863590392628,0.0491936795292,0.262502995531,0.288753295085
A[T>G]G,0.0953750899921,0.548544903906,0.319214586912,0.15701984474,0.381596454891,0.21410734488,0.235518079368
A[T>G]T,0.425426972172,0.222916366606,1.42387802931,0.221301805037,0.15507225503,0.955040141611,1.05054415577
C[T>G]A,0.00901532631836,0.142259160493,0.0301737452288,0.0529210366175,0.0989628942561,0.0202384876535,0.0222623364188
C[T>G]C,0.298310505283,0.34216191967,0.998426997273,0.202441960488,0.238025683249,0.669676644513,0.736644308964
C[T>G]G,0.23463950468,0.853808667798,0.785324056482,0.282978624398,0.59395385586,0.526741745201,0.579415919721
C[T>G]T,3.05181075656,0.61641405893,10.2142237567,0.524132869,0.428809780125,6.85100373922,7.53610411315
G[T>G]A,0.00244860316656,0.214275607546,0.008195324884,0.0598947946118,0.149061292206,0.00549686425146,0.00604655067661
G[T>G]C,0.135400987872,0.0665471306258,0.453178816552,0.0720438236457,0.0462936560875,0.303961401346,0.33435754148
G[T>G]G,0.138453898819,0.571956474784,0.463396722576,0.16839884874,0.397882765067,0.310814874899,0.341896362389
G[T>G]T,0.804692721889,0.429786903542,2.69325727326,0.222221141198,0.298982193768,1.80645304914,1.98709835405
T[T>G]A,0.0168772855993,0.212746452168,0.0564872415976,0.196060720881,0.147997531943,0.0378877839984,0.0416765623982
T[T>G]C,0.145295998886,0.185213080428,0.486296812598,0.147264070258,0.128843882037,0.326174691377,0.358792160515
T[T>G]G,0.105783868081,0.579922907391,0.354052129904,0.185893688408,0.403424631228,0.237473989569,0.261221388526
T[T>G]T,0.751628863593,0.613568794796,2.51565578835,0.559339220607,0.426830465945,1.68733010194,1.85606311214
