,1,3,2,5,4,7,6
A[C>A]A,0.619547498602,2.47818999441,0.673460933077,0.755073513921,2.43946827575,2.14905538578,1.10356898189
A[C>A]C,0.498722509018,1.99489003607,0.460724823918,0.607818057866,1.96371987926,1.72994370316,0.888349469188
A[C>A]G,0.137103697009,0.548414788034,0.157054812253,0.167095130729,0.539845806971,0.475578448998,0.244215960296
A[C>A]T,0.324965785741,1.29986314297,0.391805979764,0.396052051372,1.27955278136,1.12722506929,0.578845305852
C[C>A]A,0.530122835071,2.12049134028,0.878837351042,0.646087205243,2.08735866309,1.83886358415,0.94428129997
C[C>A]C,0.285648560709,1.14259424284,0.683072018145,0.348134183364,1.12474120779,0.99084344496,0.508811498763
C[C>A]G,0.119248965562,0.476995862247,0.219247236638,0.145334676778,0.469542801899,0.413644849292,0.212412219907
C[C>A]T,0.632278035556,2.52911214223,0.55413257925,0.770588855834,2.489594765,2.19321443584,1.12624525083
G[C>A]A,0.778092595046,3.11237038018,0.659794734309,0.948300350212,3.06373959299,2.69900868906,1.38597743492
G[C>A]C,0.738755227579,2.95502091031,0.645181910019,0.900357933612,2.90884870859,2.56255719566,1.31590774912
G[C>A]G,0.150151734502,0.600606938007,0.138576657425,0.182997426424,0.591222454601,0.520838829053,0.267457777081
G[C>A]T,0.747966055073,2.99186422029,0.462588913691,0.91158362962,2.94511634185,2.59450725353,1.3323145356
T[C>A]A,0.407454634924,1.62981853969,0.544314733721,0.496585336313,1.60435262501,1.41335826489,0.725778568458
T[C>A]C,0.415110780576,1.6604431223,0.703999293447,0.505916263827,1.63449869852,1.43991552012,0.739416077901
T[C>A]G,0.124067904972,0.49627161989,0.17221202665,0.151207759185,0.488517375829,0.430360545373,0.220995955732
T[C>A]T,0.66954352454,2.67817409816,0.527923277797,0.816006170533,2.63632762788,2.32247910075,1.19262440309
A[C>G]A,0.105242758641,0.420971034563,0.321075238302,0.128264612093,0.414393362148,0.365060819035,0.187463663829
A[C>G]C,0.0631921352719,0.252768541088,0.162274486751,0.0770154148626,0.248819032633,0.219197719224,0.112560990953
A[C>G]G,0.00622668722395,0.0249067488958,0.10939926719,0.00758877505419,0.0245175809443,0.0215988213081,0.0110912866177
A[C>G]T,0.0721452623803,0.288581049521,0.304329909478,0.0879270385259,0.284071970622,0.250253878882,0.128508748615
C[C>G]A,0.104122230938,0.416488923753,0.210312313369,0.126898968956,0.409981284319,0.361173988567,0.185467723859
C[C>G]C,0.0400161915171,0.160064766069,0.204287710871,0.0487697334115,0.157563754099,0.138806164325,0.0712788411399
C[C>G]G,0.0218480804789,0.0873923219156,0.10728169866,0.0266273480837,0.0860268168857,0.0757855291612,0.0389168933531
C[C>G]T,0.0274018567533,0.109607427013,0.276630754144,0.0333960129181,0.107894810966,0.0950501906131,0.0488095573419
G[C>G]A,0.036756018403,0.147024073612,0.259918254987,0.0447963974286,0.144726822462,0.127497438835,0.0654716577803
G[C>G]C,0.0423349873093,0.169339949237,0.248174666848,0.0515957657832,0.16669401253,0.146849487229,0.0754091961447
G[C>G]G,0.00248205214766,0.00992820859063,0.0373676590854,0.00302500105496,0.0097730803314,0.00860961838718,0.00442115538801
G[C>G]T,0.111540599798,0.446162399194,0.164015355301,0.135940106004,0.439191111706,0.386906455551,0.198681693391
T[C>G]A,0.238543434195,0.95417373678,0.261401829689,0.290724810425,0.939264772143,0.827447537364,0.42490549216
T[C>G]C,0.108573750187,0.43429500075,0.282164027224,0.132324258041,0.427509141363,0.376615195963,0.193396992521
T[C>G]G,0.0104843809706,0.0419375238823,0.0545239317621,0.0127778393079,0.0412822500716,0.0363676964917,0.0186753036038
T[C>G]T,0.276086071878,1.10434428751,0.426543430263,0.336479900102,1.08708890802,0.957673561828,0.491778315533
A[C>T]A,0.443017620823,1.77207048329,2.06398181417,0.539927725378,1.74438188199,1.53671737223,0.78912513709
A[C>T]C,0.430983358442,1.72393343377,2.45573384942,0.525260968101,1.69699697386,1.49497352459,0.767689107224
A[C>T]G,0.9101012891,3.6404051564,0.720484149815,1.10918594609,3.58352382583,3.15691384656,1.62111792121
A[C>T]T,0.271822573464,1.08729029385,1.36392266892,0.331283761409,1.07030138301,0.942884551702,0.484183958982
C[C>T]A,0.517119837533,2.06847935013,3.34379368598,0.630239801994,2.03615936029,1.79375943644,0.921119710606
C[C>T]C,0.606322110072,2.42528844029,4.34618621159,0.73895507165,2.38739330841,2.10317981931,1.08001125857
C[C>T]G,0.614169612164,2.45667844865,0.983269151051,0.748519214824,2.41829284789,2.13040084219,1.09398962167
C[C>T]T,0.525192267594,2.10076907037,3.74817816099,0.64007807613,2.06794455365,1.82176067822,0.935498726651
G[C>T]A,0.65282967753,2.61131871012,2.07877617849,0.795636169489,2.57051685527,2.26450294393,1.1628528631
G[C>T]C,1.09260018123,4.37040072492,3.18611021813,1.33160647088,4.3021132136,3.78995687865,1.94619407282
G[C>T]G,1.07210853457,4.2884341383,0.58232255428,1.30663227651,4.22142735488,3.7188764793,1.90969332721
G[C>T]T,0.670761636631,2.68304654652,2.13367991123,0.817490744644,2.64112394423,2.32670442706,1.19479416525
T[C>T]A,0.539621914867,2.15848765947,3.77083792152,0.657664208744,2.12476128979,1.8718135172,0.961201535857
T[C>T]C,0.348836222774,1.39534489109,5.2220163114,0.425144146505,1.37354262717,1.21002564775,0.621364521816
T[C>T]G,0.418471515267,1.67388606107,1.2185496066,0.510012159232,1.64773159137,1.45157306858,0.74540238657
T[C>T]T,0.430576264491,1.72230505796,2.79885875283,0.524764822348,1.69539404143,1.49356141745,0.766963971124
A[T>A]A,2.04866756786,8.19467027146,0.710618663561,2.49681359833,8.06662854847,7.10631562603,3.64918910526
A[T>A]C,0.108457615528,0.433830462113,0.557635618222,0.132182718925,0.427051861143,0.376212353864,0.19319012766
A[T>A]G,0.0734530722305,0.293812288922,0.719408354589,0.0895209317809,0.289221471907,0.254790344299,0.130838284911
A[T>A]T,0.13917584368,0.556703374719,0.629130253733,0.169620559485,0.548004884489,0.482766207764,0.247906971555
C[T>A]A,4.66829021012,18.6731608405,0.607160981521,5.68947869359,18.3813927024,16.1931316664,8.31539193678
C[T>A]C,0.0879925918232,0.351970367293,0.866760918225,0.107240971285,0.346470830304,0.305224302887,0.156736804185
C[T>A]G,0.154106789727,0.61642715891,1.32755432369,0.18781764998,0.606795484552,0.534557926867,0.274502719202
C[T>A]T,0.146461242514,0.585844970054,0.666166233837,0.178499639313,0.576691142397,0.508037434969,0.260884088227
G[T>A]A,1.58926800952,6.35707203809,0.409729997217,1.93692038661,6.25774278749,5.51277340803,2.83088364196
G[T>A]C,0.037250723107,0.149002892428,0.353366077749,0.0453993187866,0.146674722234,0.129213445777,0.0663528505343
G[T>A]G,0.0699501270161,0.279800508065,0.470438008879,0.0852517173009,0.275428625126,0.242639503087,0.124598663747
G[T>A]T,0.0454992187138,0.181996874855,0.368307557199,0.0554521728075,0.179153173686,0.157825414914,0.081045483334
T[T>A]A,0.792481579311,3.16992631724,0.658103609726,0.965836924785,3.12039621854,2.74892047823,1.41160781315
T[T>A]C,0.0405721251715,0.162288500686,0.89773726589,0.0494472775528,0.159752742863,0.140734559189,0.0722690979618
T[T>A]G,0.035938846847,0.143755387388,0.60376650676,0.0438004695948,0.14150920946,0.124662875001,0.0640160709463
T[T>A]T,0.0702876557262,0.281150622905,0.675570177442,0.0856630804163,0.276757644422,0.2438103058,0.125199886762
A[T>C]A,0.263014681089,1.05205872436,2.6936318574,0.320549142577,1.03562030679,0.912332175027,0.46849490069
A[T>C]C,0.137113119626,0.548452478506,1.70755907396,0.167106614545,0.539882908529,0.475611133704,0.244232744335
A[T>C]G,0.274378074445,1.09751229778,2.62663758546,0.33439827823,1.08036366813,0.951748945732,0.488735945106
A[T>C]T,0.180861940305,0.72344776122,1.57507239622,0.220425489747,0.712143889951,0.627364855433,0.322160331168
C[T>C]A,0.120786515193,0.483146060771,1.54111019726,0.147208565391,0.475596903571,0.418978224575,0.215150980187
C[T>C]C,0.158430655938,0.633722623751,1.86161715796,0.193087361924,0.623820707755,0.549556337784,0.282204605889
C[T>C]G,0.210248295185,0.840993180739,2.01686979375,0.256240109756,0.82785266229,0.729298773922,0.374504775798
C[T>C]T,0.141400074439,0.565600297757,1.71548279017,0.172331340723,0.556762793104,0.490481508211,0.251868882595
G[T>C]A,0.342114450855,1.36845780342,2.93033250162,0.416951986979,1.34707565024,1.1867095014,0.609391365585
G[T>C]C,0.282024137028,1.12809654811,1.54066282347,0.343716917002,1.11047003955,0.978271225315,0.502355494081
G[T>C]G,0.210376102957,0.841504411829,2.2236678607,0.256395875479,0.828355905394,0.729742107133,0.374732433393
G[T>C]T,0.299285051819,1.19714020728,2.32156684274,0.364753656905,1.17843489154,1.0381450235,0.533101498553
T[T>C]A,0.19051600309,0.762064012361,2.46514050313,0.232191378766,0.750156762168,0.66085238572,0.339356630505
T[T>C]C,0.158853440801,0.635413763204,1.87414710076,0.193602630976,0.625485423154,0.551022872778,0.282957691427
T[T>C]G,0.0933390277444,0.373356110978,1.6798974364,0.113756940063,0.367522421744,0.323769752488,0.16626014317
T[T>C]T,0.124563162382,0.498252649529,1.83913716933,0.151811354153,0.49046745188,0.432078469513,0.221878132993
A[T>G]A,0.0273546834873,0.109418733949,0.19493222514,0.0333385205002,0.107709066231,0.0948865583466,0.0487255299618
A[T>G]C,0.0269276224188,0.107710489675,0.127126493297,0.0328180398229,0.106027513274,0.0934051902652,0.0479648274335
A[T>G]G,0.0405171671291,0.162068668516,0.29017011193,0.0493802974386,0.159536345571,0.140543923479,0.0721712039487
A[T>G]T,0.031139461852,0.124557847408,0.37218918358,0.0379512191321,0.122611631042,0.108015008299,0.0554671664238
C[T>G]A,0.0104114720425,0.04164588817,0.151738039911,0.0126889815518,0.0409951711674,0.0361147936475,0.0185454345757
C[T>G]C,0.0237228300846,0.0948913203385,0.399658550857,0.0289121991656,0.0934086434582,0.082288566856,0.0422562910882
C[T>G]G,0.0433726215157,0.173490486063,0.448155724262,0.0528603824722,0.170779697218,0.150448780882,0.0772574820748
C[T>G]T,0.0717722951139,0.287089180456,0.625714345925,0.0874724846701,0.282603412011,0.248960148676,0.127844400672
G[T>G]A,0.00578902223046,0.0231560889218,0.0763592037041,0.00705537084337,0.0227942750324,0.0200806708619,0.010311695848
G[T>G]C,0.009711486967,0.038845947868,0.0884603183122,0.011835874741,0.0382389799325,0.0336867204168,0.01729858616
G[T>G]G,0.119367887484,0.477471549936,0.228341535693,0.145479612871,0.470011056968,0.41405735971,0.212624049581
G[T>G]T,0.126987169143,0.50794867657,0.309017700172,0.154765612392,0.500011978499,0.440486742963,0.226195895035
T[T>G]A,0.0250424383597,0.100169753439,0.306956239593,0.0305204717508,0.0986046010411,0.0868659580601,0.0446068433281
T[T>G]C,0.0176887147327,0.0707548589309,0.278293863729,0.0215581210805,0.0696493142601,0.0613577292291,0.0315080231176
T[T>G]G,0.0554360801858,0.221744320743,0.299445470381,0.0675627227264,0.218279565732,0.192293903144,0.0987455178309
T[T>G]T,0.0792896362737,0.317158545095,0.350124393449,0.0966342442086,0.312202942828,0.275035925825,0.141234664613
