,1,3,2,5,4,7,6
A[C>A]A,2.14073046379,1.18054988812,1.79443582994,0.836680461299,1.62582226002,2.12498979862,1.03888390155
A[C>A]C,1.59583496473,0.880056046726,1.33768519102,0.646512216652,1.25629078463,1.58410088411,0.774449321119
A[C>A]G,0.446961303663,0.246486013049,0.374658739835,0.104986571357,0.204007996615,0.443674823489,0.216907691483
A[C>A]T,1.42661703073,0.786737333126,1.19584074635,0.808917808075,1.57187437705,1.41612719963,0.692328853151
C[C>A]A,2.39378494458,1.3201019915,2.00655502708,1.00069526531,1.94453284509,2.3761835847,1.16168975252
C[C>A]C,1.68087865267,0.926955139343,1.4089718118,0.778703800354,1.5131630666,1.66851925082,0.815720522622
C[C>A]G,0.704453029646,0.388485126643,0.590497392497,0.205728585252,0.399768046343,0.699273227957,0.341866911446
C[C>A]T,3.79479706426,2.09271896926,3.18093283328,1.60620798107,3.12115414504,3.76689414467,1.84159269295
G[C>A]A,2.74144236766,1.5118248351,2.29797374936,0.773601841029,1.503249032,2.72128470319,1.33040585489
G[C>A]C,2.14282372991,1.18170426282,1.79619047949,0.553864027071,1.07625850715,2.12706767308,1.03989975128
G[C>A]G,0.56477700292,0.311457906022,0.473416017154,0.114818847297,0.223113896453,0.56062423084,0.2740829573
G[C>A]T,2.65062182606,1.4617399776,2.22184476596,0.830165319676,1.61316215528,2.63113195969,1.28633118029
T[C>A]A,2.29535085944,1.26581848866,1.92404410277,1.86085326332,3.61597622759,2.27847327959,1.11392027002
T[C>A]C,1.67150450566,0.921785572976,1.40111407092,0.921819678793,1.79126323947,1.65921403136,0.811171304219
T[C>A]G,0.495517352372,0.273263245793,0.415360133606,0.206877557926,0.402000709152,0.491873842428,0.240471656298
T[C>A]T,10.3452955964,5.70512624799,8.67179189694,8.64222680029,16.7934179869,10.2692272464,5.02051109823
A[C>G]A,0.46393260982,0.255845189239,0.388884687644,0.321730718569,0.625181282674,0.460521340631,0.22514376653
A[C>G]C,0.255152043116,0.140708847307,0.213877447906,0.178238730725,0.34635026084,0.253275925152,0.12382378563
A[C>G]G,0.105331759203,0.0580873672078,0.0882927981559,0.0383687124011,0.0745573843248,0.104557260974,0.0511168831429
A[C>G]T,0.372238538094,0.205278605567,0.312023480461,0.304719683405,0.592125748435,0.36950149002,0.180645172899
C[C>G]A,0.224820198148,0.12398172692,0.188452224918,0.220964563586,0.429374322424,0.223167108456,0.10910391969
C[C>G]C,0.230029136187,0.126854303045,0.192818540628,0.193044195659,0.37511997111,0.22833774548,0.111631786679
C[C>G]G,0.143802998265,0.0793031240432,0.120540748546,0.0490754430884,0.0953625087287,0.142745623278,0.069786749158
C[C>G]T,0.259634421366,0.143180747077,0.217634735557,0.282982949853,0.54988732301,0.257725344739,0.125999057428
G[C>G]A,0.230163911847,0.126928627857,0.192931514342,0.137245331061,0.266692631948,0.228471530142,0.111697192514
G[C>G]C,0.235574841197,0.129912596249,0.197467146298,0.135410874085,0.263127948507,0.233842673248,0.114323084699
G[C>G]G,0.0461580492013,0.0254548065448,0.0386913059481,0.0171472571779,0.0333202383797,0.0458186517807,0.0224002297594
G[C>G]T,0.268720706242,0.148191565942,0.225251180232,0.202482397614,0.393460113545,0.266744818696,0.130408578029
T[C>G]A,0.174161145214,0.0960447491987,0.145988018782,1.62099224056,3.14988264927,0.172880548558,0.0845193792949
T[C>G]C,0.244914964503,0.135063399542,0.205296367304,0.537202438969,1.04388201209,0.243114119176,0.118855791597
T[C>G]G,0.0572090812886,0.0315491257106,0.0479546710802,0.0701174164295,0.136250888744,0.0567884262791,0.0277632306254
T[C>G]T,0.370201942278,0.204155482874,0.310316333969,1.98321866696,3.85375445512,0.367479869173,0.179656824929
A[C>T]A,2.45680323846,1.35485472709,2.05937918518,0.927110722395,1.8015446992,2.43873850876,1.19227215984
A[C>T]C,4.31798255592,2.3812403801,3.61948537776,1.26483668126,2.457807642,4.28623268419,2.09549153449
A[C>T]G,2.51338573624,1.38605831043,2.10680863185,1.04744815774,2.0353822156,2.49490495877,1.21973131318
A[C>T]T,2.81059201245,1.5499588304,2.3559374222,1.03084561391,2.00312045429,2.78992589471,1.36396377075
C[C>T]A,2.63351414944,1.45230559712,2.20750450762,1.28878923923,2.50435181715,2.61415007481,1.27802892546
C[C>T]C,6.00792356243,3.31319314105,5.03605357439,2.28927149694,4.44847074973,5.96374765388,2.91560996412
C[C>T]G,2.32846914895,1.28408225126,1.95180502191,1.01392449935,1.97023965214,2.31134805227,1.12999238111
C[C>T]T,4.28514115601,2.36312931397,3.59195655724,2.26526997863,4.40183143575,4.25363276515,2.0795537963
G[C>T]A,3.06068089756,1.68787549498,2.56557075236,1.16306418622,2.26004518004,3.03817589096,1.48533043558
G[C>T]C,5.4552524877,3.00841129837,4.57278517352,2.37502326942,4.61510203489,5.41514033706,2.64740194256
G[C>T]G,2.27350020708,1.25376849655,1.90572811476,1.17984803572,2.29265925122,2.25678329379,1.10331627697
G[C>T]T,4.01227097929,2.21264943711,3.36322714441,1.98756187382,3.86219409571,3.9827689868,1.94713150466
T[C>T]A,2.62536625081,1.44781227067,2.20067465141,1.49729335774,2.90951322925,2.6060620872,1.27407479819
T[C>T]C,5.77002316896,3.18199807112,4.8366370681,1.99655524637,3.87966985375,5.72759652801,2.80015830258
T[C>T]G,6.80600332272,3.75331065591,5.70503219698,5.80454905044,11.2792941776,6.75595918064,3.3029133772
T[C>T]T,4.5095589233,2.48688911212,3.78007145042,1.98790315255,3.86285726235,4.47640040181,2.18846241866
A[T>A]A,0.299044802371,0.164914413072,0.25066990787,0.542809199706,1.05477696761,0.29684594353,0.145124683504
A[T>A]C,0.3587984711,0.197866803915,0.300757541951,0.383308198888,0.744837522839,0.356160247048,0.174122787445
A[T>A]G,0.404963423449,0.223325417343,0.339454634362,0.61265015798,1.19049064789,0.401985751218,0.196526367262
A[T>A]T,0.679884451465,0.374936278382,0.56990314314,0.59943146851,1.16480433086,0.674885301087,0.329943924976
C[T>A]A,0.296428750843,0.163471737598,0.248477041148,0.589958618964,1.14639686185,0.294249127676,0.143855129086
C[T>A]C,0.585568374287,0.32292373582,0.490844078446,0.631178159634,1.22649392383,0.581262724476,0.284172887522
C[T>A]G,0.519844993954,0.286679224607,0.435752421402,1.25526158005,2.43920147941,0.516022604292,0.252277717654
C[T>A]T,0.531390090846,0.293046005981,0.445429929092,0.753164590204,1.46353573778,0.527482810767,0.257880485264
G[T>A]A,0.236167403717,0.13023937705,0.197963853116,0.403788159548,0.784633810031,0.234430878689,0.114610651804
G[T>A]C,0.260015052014,0.143390653684,0.2179537936,0.249997999064,0.485791566363,0.258103176632,0.126183775242
G[T>A]G,0.241206657093,0.133018377073,0.202187933151,0.409441782976,0.795619828283,0.239433078732,0.117056171825
G[T>A]T,0.371806246914,0.205040209695,0.311661118736,0.347575026504,0.675401471956,0.369072377451,0.180435384532
T[T>A]A,0.346014481552,0.190816809679,0.290041550713,0.530642660204,1.03113516926,0.343470257423,0.167918792518
T[T>A]C,0.425227921891,0.234500692219,0.356441052173,0.509400167106,0.9898571429,0.422101245995,0.206360609153
T[T>A]G,0.280654307361,0.154772595971,0.235254345876,0.529320401973,1.02856578111,0.278590672748,0.136199884455
T[T>A]T,0.606440922612,0.334434332323,0.50834018513,0.708807457791,1.37734176457,0.601981798181,0.294302212444
A[T>C]A,1.0124013605,0.558309573803,0.848630552181,1.45372129835,2.82484479565,1.00495723285,0.491312424947
A[T>C]C,0.952853448224,0.525470651594,0.798715390423,0.917827759609,1.78350621469,0.945847172869,0.462414173403
A[T>C]G,1.70044616413,0.937746046398,1.42537399052,1.48151889657,2.87886058311,1.68794288352,0.82521652083
A[T>C]T,0.888736507878,0.490112044786,0.744970308074,1.06067113687,2.06107686824,0.882201680614,0.431298599411
C[T>C]A,0.594379441418,0.327782780194,0.498229825894,0.781907398625,1.51938824051,0.590009004348,0.28844884657
C[T>C]C,0.975953265893,0.538209521632,0.818078472881,0.932838414797,1.81267464694,0.968777138938,0.473624379037
C[T>C]G,1.79321425783,0.988904921599,1.50313548083,1.30936409994,2.54433251238,1.78002885888,0.870236331007
C[T>C]T,0.584181863535,0.32215911592,0.489681856199,0.901331407923,1.75145080403,0.579886408656,0.28350002201
G[T>C]A,0.714055987328,0.393780875365,0.598546930554,1.3532512137,2.62961315389,0.708805575656,0.346527170321
G[T>C]C,0.815882645098,0.449935282223,0.683901628979,0.86381379301,1.67854725687,0.809883508001,0.395943048356
G[T>C]G,1.10720588938,0.610591483113,0.928099054332,1.09498850223,2.12776174865,1.0990646696,0.537320505139
G[T>C]T,1.04163451734,0.574430800006,0.873134816009,1.23508781115,2.40000017848,1.03397544001,0.505499104005
T[T>C]A,0.64028918517,0.353100653587,0.536712993452,1.05520540797,2.05045596321,0.635581176456,0.310728575156
T[T>C]C,1.06961690129,0.589862261744,0.89659063785,1.04018677927,2.02127203699,1.06175207114,0.519078790334
T[T>C]G,0.898701356117,0.495607365506,0.753323195569,0.879926643916,1.70985745579,0.89209325791,0.436134481645
T[T>C]T,0.771228206426,0.425309672661,0.646470702445,1.10063080584,2.13872577043,0.76555741079,0.374272511942
A[T>G]A,0.163335961352,0.090074978687,0.136913967604,0.160550675599,0.311979153722,0.162134961637,0.0792659812446
A[T>G]C,0.285896067338,0.157663272429,0.239648174092,0.15211479037,0.295586694923,0.283793890372,0.138743679738
A[T>G]G,0.349340082639,0.192650780867,0.292829186918,0.213942780277,0.415729720766,0.346771405561,0.169532687163
A[T>G]T,1.16196605798,0.640790105502,0.974000960364,0.491660106327,0.95538497934,1.1534221899,0.563895292842
C[T>G]A,0.228094361309,0.125787331604,0.191196744038,0.161755518948,0.314320383411,0.226417196887,0.110692851812
C[T>G]C,0.564908630809,0.311530494931,0.473526352296,0.238906112214,0.464238013507,0.560754890876,0.27414683554
C[T>G]G,0.764226374065,0.42144836805,0.640601519437,0.431580979199,0.838640311853,0.758607062491,0.370874563884
C[T>G]T,1.62752716912,0.897533365321,1.36425071529,0.819418537554,1.59227920366,1.61556005758,0.789829361483
G[T>G]A,0.0735686999008,0.04057097421,0.0616678807992,0.0463470712396,0.0900607861587,0.073027753578,0.0357024573048
G[T>G]C,0.153657117642,0.0847373810524,0.1288008192,0.093783059993,0.182237537032,0.152527285894,0.0745688953261
G[T>G]G,0.439609765942,0.242431856218,0.368496421452,0.230169271495,0.447260743473,0.436377341193,0.213340033472
G[T>G]T,0.661788118676,0.364956683093,0.554734158302,0.292599885138,0.568574776802,0.656922029568,0.321161881122
T[T>G]A,0.354850706923,0.195689728083,0.297448386686,0.321365801912,0.624472183261,0.352241510549,0.172206960713
T[T>G]C,0.595071694892,0.328164537624,0.498810097189,0.365492765994,0.710218897557,0.590696167724,0.288784793109
T[T>G]G,0.383271701526,0.211363070694,0.321271867455,0.232244299794,0.451292900736,0.38045352725,0.185999502211
T[T>G]T,3.54874530313,1.95702865982,2.97468356292,1.92416513848,3.73900271227,3.52265158767,1.72218522064
