,1,3,2,5,4,7,6
A[C>A]A,0.250727963632,0.342457706425,0.654338831918,0.550378456754,0.660454148105,0.978450589785,0.47699466252
A[C>A]C,0.232523942529,0.317593677601,0.606830776845,0.510418410431,0.612502092517,0.907410507432,0.442362622373
A[C>A]G,0.0775178708217,0.105878067464,0.202302736047,0.170161179852,0.204193415823,0.302508764182,0.147473022539
A[C>A]T,0.302313220755,0.412915618592,0.788963771239,0.663614387023,0.796337264428,1.17975891026,0.575132468754
C[C>A]A,0.421359147191,0.575514932749,1.09964460364,0.924934713346,1.10992165602,1.64432837928,0.8016100849
C[C>A]C,0.381795591863,0.521476905959,0.996393373886,0.838087884577,1.00570546149,1.48993401703,0.7263428333
C[C>A]G,0.117817840617,0.160921928648,0.307475827952,0.258624528184,0.310349433821,0.459776938994,0.22414125776
C[C>A]T,1.15462065156,1.57704284115,3.01327828577,2.53453313757,3.04143976508,4.50583668901,2.19659538589
G[C>A]A,0.310088390052,0.423535362022,0.809255066721,0.680681831821,0.816818198186,1.21010103435,0.589924254245
G[C>A]C,0.486987403308,0.665153526469,1.27091834522,1.06899673897,1.28279608676,1.90043864706,0.926463840439
G[C>A]G,0.12723901426,0.173789873136,0.332062793313,0.279305153254,0.335166183905,0.496542494674,0.242064466153
G[C>A]T,0.817135327287,1.11608727629,2.13252390292,1.79371169404,2.15245403285,3.18882078941,1.55455013484
T[C>A]A,0.244691869136,0.334213284673,0.6385860975,0.537128493225,0.64455419187,0.954895099066,0.465511360795
T[C>A]C,0.363724964612,0.496795073616,0.949233444231,0.798420654026,0.958104784831,1.41941449605,0.691964566823
T[C>A]G,0.0861870490366,0.117718896245,0.224927176754,0.189191083251,0.227029299901,0.336339703557,0.163965605484
T[C>A]T,0.564370571496,0.770847609848,1.47286954024,1.23886223011,1.48663467613,2.20242174242,1.07368059943
A[C>G]A,0.141662430338,0.193490148755,0.369704391371,0.310966310499,0.373159572598,0.552828996442,0.269504135766
A[C>G]C,0.0828791796491,0.11320083074,0.21629444445,0.181929906547,0.218315887856,0.323430944972,0.157672585674
A[C>G]G,0.0465270392787,0.0635491268196,0.121424224459,0.102132525246,0.122559030295,0.18156893377,0.0885148552131
A[C>G]T,0.13272818746,0.181287280433,0.346388196541,0.291354557839,0.349625469406,0.51796365838,0.25250728346
C[C>G]A,0.106709501613,0.145749563179,0.278485772503,0.234240369395,0.281088443274,0.416427323368,0.203008320142
C[C>G]C,0.0954113286629,0.13031791232,0.249000296754,0.209439501943,0.251327402332,0.372336892343,0.181514235017
C[C>G]G,0.0412783396184,0.0563801711861,0.107726398516,0.0906109894062,0.108733187287,0.161086203389,0.078529524152
C[C>G]T,0.133216252317,0.181953905603,0.347661926778,0.29242591972,0.350911103664,0.519868301724,0.253435797091
G[C>G]A,0.119219857155,0.162836878066,0.311134749162,0.261702125463,0.314042550556,0.465248223046,0.226808508735
G[C>G]C,0.109984647135,0.150222932672,0.287033103498,0.241429713223,0.289715655867,0.429208379063,0.209239084793
G[C>G]G,0.0320324943571,0.0437516996097,0.0835969974685,0.0703152315156,0.0843782778187,0.125004856028,0.0609398673135
G[C>G]T,0.0992614764739,0.135576650794,0.259048243481,0.217891045918,0.261469255102,0.387361859411,0.188838906463
T[C>G]A,0.112075483341,0.153078708954,0.292489676037,0.246019353676,0.295223224411,0.437367739868,0.213216773185
T[C>G]C,0.134427946721,0.183608902838,0.350824153637,0.295085736704,0.354102884045,0.524596865251,0.25574097181
T[C>G]G,0.0219482269169,0.0299780660328,0.057279519027,0.0481790346956,0.0578148416348,0.0856516172367,0.0417551634029
T[C>G]T,0.20864180831,0.284974177204,0.544504231442,0.457994213363,0.549593056035,0.814211934867,0.396928318248
A[C>T]A,0.766151272775,1.04645051891,1.99946795578,1.68179547682,2.01815457219,2.98985862546,1.45755607991
A[C>T]C,0.806900528064,1.10210803833,2.10581357324,1.7712450616,2.12549407392,3.14888010952,1.53507905339
A[C>T]G,1.04548188487,1.42797525738,2.72845272393,2.29496023508,2.7539522821,4.07992930681,1.98896553707
A[C>T]T,0.532413635118,0.727199111381,1.38946973067,1.16871285758,1.40245542909,2.0777117468,1.01288447657
C[C>T]A,0.716734675691,0.978954678992,1.87050269022,1.57332001981,1.88798402377,2.79701336855,1.36354401717
C[C>T]C,0.840330872005,1.14776899591,2.19305861718,1.84462874342,2.21355449211,3.27933998831,1.5986782443
C[C>T]G,0.736290889015,1.00566560451,1.92153963718,1.61624829296,1.93949795155,2.87333029859,1.40074852056
C[C>T]T,0.747059759403,1.02037430553,1.94964376235,1.63988727674,1.96786473209,2.91535515865,1.42123563984
G[C>T]A,1.27749133777,1.74486621745,3.33394080833,2.80424927804,3.36509913364,4.98533204984,2.4303493743
G[C>T]C,2.32784424385,3.17949457696,6.07510570955,5.10990199869,6.13188239843,9.08427021989,4.4285817322
G[C>T]G,2.70585913579,3.6958076001,7.06163237877,5.93969078588,7.12762894306,10.559450286,5.14773201443
G[C>T]T,1.58088728972,2.1592606884,4.12573024391,3.47024039207,4.16428847048,6.16931625257,3.00754167313
T[C>T]A,0.850027881628,1.16101369198,2.21836544718,1.86591486211,2.23909783453,3.31718197709,1.61712621383
T[C>T]C,1.13261934617,1.54699227769,2.95586024488,2.48623758915,2.98348510698,4.41997793627,2.15473924393
T[C>T]G,0.527180045823,0.720050794295,1.3758113391,1.15722449083,1.388669389,2.0572879837,1.00292789205
T[C>T]T,0.623706212026,0.851891411548,1.62772108992,1.36911119713,1.64293343656,2.43397546156,1.18656303751
A[T>A]A,0.181102682138,0.247359760969,0.472633828995,0.397542472986,0.477050967584,0.706742174198,0.344536809921
A[T>A]C,0.296390663033,0.40482627146,0.773507340111,0.650613650561,0.780736380673,1.15664648989,0.563865163819
A[T>A]G,0.153633937946,0.209841476219,0.400947106346,0.337245229637,0.404694275564,0.59954707491,0.292279199019
A[T>A]T,0.244644140501,0.334148094343,0.638461537405,0.537023723051,0.644428467661,0.954708840979,0.465420559977
C[T>A]A,0.175169760305,0.239256257977,0.457150350063,0.384518986034,0.461422783241,0.683589308506,0.333249787897
C[T>A]C,0.231868056089,0.316697832707,0.605119073207,0.508978659707,0.610774391649,0.90485095059,0.441114838413
C[T>A]G,0.326191036637,0.445529220773,0.851279046833,0.716029104813,0.859234925776,1.27294063078,0.620558557505
C[T>A]T,0.195131985381,0.26652173613,0.509246888677,0.428338504495,0.514006205394,0.761490674658,0.371226703896
G[T>A]A,0.123761711959,0.169040387066,0.322987882429,0.271672050641,0.32600646077,0.482972534474,0.235449110556
G[T>A]C,0.160618127887,0.219380857602,0.419174138633,0.352576378289,0.423091653947,0.626802450292,0.305566194517
G[T>A]G,0.156086759892,0.213191672048,0.407348373377,0.342629472934,0.411155367521,0.609119062994,0.296945543209
G[T>A]T,0.157802809197,0.215535544269,0.411826843514,0.346396410432,0.415675692519,0.615815840768,0.300210222374
T[T>A]A,0.124710620691,0.170336457529,0.325464302779,0.273755021029,0.328506025235,0.486675592941,0.237254351559
T[T>A]C,0.17579751403,0.2401136777,0.458788634177,0.385896982018,0.463076378422,0.686039079143,0.334444051082
T[T>A]G,0.121120701032,0.16543315263,0.31609548806,0.265874709583,0.3190496515,0.47266615037,0.230424748305
T[T>A]T,0.113451123304,0.15495763183,0.296079760818,0.249039051155,0.298846861386,0.442736090943,0.215833844335
A[T>C]A,0.869711899904,1.18789918036,2.2697359339,1.90912368272,2.29094841926,3.39399765816,1.65457385835
A[T>C]C,0.50144405153,0.684899192333,1.30864667107,1.10073084482,1.32087701379,1.95685483524,0.953966732178
A[T>C]G,0.857893985528,1.17175763877,2.23889405979,1.88318191945,2.25981830334,3.34787896791,1.63209099686
A[T>C]T,0.618644632281,0.844978034335,1.61451160132,1.35800041232,1.62960049479,2.41422295524,1.17693369068
C[T>C]A,0.51531154816,0.70384016334,1.34483745495,1.13117169108,1.3574060293,2.01097189526,0.980348798938
C[T>C]C,0.431648779217,0.589569064296,1.12649803357,0.947521710476,1.13702605257,1.68448304085,0.821185482412
C[T>C]G,0.820195771495,1.12026739521,2.14051091585,1.80042974231,2.16051569077,3.20076398632,1.56037244333
C[T>C]T,0.474772263413,0.648469432955,1.2390398094,1.04218301725,1.2506196207,1.85276980844,0.903225281616
G[T>C]A,1.31399761672,1.79472845211,3.42921329243,2.88438501232,3.46126201478,5.12779557746,2.49980034401
G[T>C]C,1.03777845907,1.41745350507,2.70834866148,2.27805027601,2.73366033122,4.04986715736,1.97431023921
G[T>C]G,0.770278310796,1.05208744889,2.01023851842,1.69085482858,2.02902579429,3.00596413969,1.4654075181
G[T>C]T,0.828145141195,1.1311250709,2.1612568319,1.81787957823,2.18145549388,3.23178591686,1.57549563447
T[T>C]A,0.468894476636,0.640441236381,1.22370021951,1.02928055847,1.23513667016,1.82983210395,0.892043150673
T[T>C]C,0.621352214893,0.848676195952,1.62157773155,1.36394388635,1.63673266362,2.42478913129,1.1820847015
T[T>C]G,0.363416897888,0.496374299554,0.94842946522,0.797744409998,0.957293291997,1.41821228444,0.691378488665
T[T>C]T,0.388186921106,0.530206526388,1.01307318435,0.852117631695,1.02254115803,1.51487578968,0.738501947469
A[T>G]A,0.0402013804356,0.0549092025462,0.104915797722,0.0882469326635,0.105896319196,0.156883435846,0.076480674975
A[T>G]C,0.0449845488654,0.0614423106454,0.117398700697,0.0987465706801,0.118495884816,0.175549458987,0.085580361256
A[T>G]G,0.0991572501498,0.135434292888,0.258776238196,0.217662256426,0.261194707712,0.386955122536,0.188640622236
A[T>G]T,0.170320024653,0.232632228795,0.444493722875,0.373873224848,0.448647869818,0.664663510842,0.324023461535
C[T>G]A,0.0304136405514,0.0415405822165,0.0793721838779,0.0667616499908,0.080113979989,0.118687377761,0.0578600966587
C[T>G]C,0.150937053,0.206157926049,0.393908894415,0.331325238293,0.397590285951,0.589022645854,0.287148539854
C[T>G]G,0.180555633897,0.246612573127,0.471206166511,0.396341635383,0.475609962459,0.704607351792,0.343496083998
C[T>G]T,0.543354449512,0.742142662748,1.41802258775,1.19272927942,1.4312751353,2.12040760785,1.03369870883
G[T>G]A,0.0286662488027,0.0391539008036,0.0748119176069,0.0629259120058,0.075511094407,0.11186828801,0.0545357904051
G[T>G]C,0.0859216806804,0.117356441905,0.224234630068,0.188608567347,0.226330280817,0.335304119728,0.163460758368
G[T>G]G,0.134638009398,0.183895817714,0.35137236599,0.295546849898,0.354656219878,0.525416622041,0.256140603245
G[T>G]T,0.410616652041,0.560842256447,1.07160931143,0.901353626433,1.08162435172,1.60240644699,0.781173142908
T[T>G]A,0.0640943901601,0.0875435572918,0.16727072554,0.14069500279,0.168834003349,0.250124449405,0.121935669085
T[T>G]C,0.0954326166616,0.130346988611,0.249055853239,0.209486231696,0.251383478035,0.37241996746,0.181554734137
T[T>G]G,0.112658401396,0.153874889711,0.294010949984,0.247298929893,0.296758715872,0.439642542032,0.214325739241
T[T>G]T,0.214809392735,0.293398194955,0.560600122504,0.471532813321,0.565839375985,0.838280557015,0.408661771545
