,1,3,2,5,4,7,6
A[C>A]A,1.91341296973,1.74894752965,2.03660337334,0.83995506358,0.862967531075,0.561492250932,0.334985076358
A[C>A]C,1.42787546123,1.1815213067,1.37585046899,0.567441153877,0.58298748686,0.396443221093,0.341359889616
A[C>A]G,0.584225326628,0.364079134727,0.423960571359,0.174853794967,0.179644309898,0.116046631767,0.0785925257683
A[C>A]T,1.66396894139,1.02221916362,1.19034731553,0.490934203581,0.504384455734,0.251242234619,0.906156099364
C[C>A]A,2.783781174,2.06600513243,2.40580860816,0.992226149127,1.01941042719,0.577186217046,0.759726786745
C[C>A]C,2.26959798536,1.57294523669,1.83165333483,0.75542764657,0.776124294421,0.29191248342,0.991965004239
C[C>A]G,0.550550264061,0.489873772073,0.570445116164,0.235268324746,0.241714032273,0.141322748799,0.230727073095
C[C>A]T,4.13984633034,3.41080072461,3.97178768589,1.63808192695,1.68296088385,0.473228391291,4.47469630154
G[C>A]A,2.52628345369,2.29831799215,2.67633081981,1.10379745676,1.13403848297,0.742207854061,0.3043337207
G[C>A]C,3.01074823699,1.62889400771,1.89680420635,0.782297780019,0.80373059591,0.540542987094,0.635226414044
G[C>A]G,0.979523650138,0.409407855289,0.476744673594,0.196623509448,0.202010454913,0.118772562024,0.136149621627
G[C>A]T,3.31897360761,2.04703265212,2.38371565411,0.98311436582,1.01004900598,0.554483584723,2.06583275617
T[C>A]A,2.38721812772,1.79097321168,2.08554117413,0.860138450348,0.883703887343,0.381329823248,0.370291344612
T[C>A]C,2.50439961378,1.39864404601,1.62868418515,0.671717206306,0.690120417438,0.344618552078,0.796741603131
T[C>A]G,0.421762504237,0.348713966798,0.406068237653,0.167474470896,0.172062812565,0.0913591441383,0.0824024875952
T[C>A]T,4.21471102659,2.79041471256,3.24936450081,1.34013338169,1.37684936475,0.690154100661,1.61712520876
A[C>G]A,0.748410812276,0.419994975518,0.489073096491,0.201708113242,0.20723436292,0.136312829097,0.172351150898
A[C>G]C,0.394627063307,0.266342201301,0.31014848441,0.127914346677,0.131418849326,0.0538238977711,0.114260738439
A[C>G]G,0.0622958587516,0.116562829329,0.135734347311,0.0559808325069,0.0575145539454,0.0140222869521,0.00973483193485
A[C>G]T,0.485892569224,0.399935410073,0.465714260414,0.192074242995,0.197336551023,0.08924512478,0.208286224532
C[C>G]A,0.650265020902,0.250338206862,0.291512254043,0.120228217769,0.123522141544,0.0817060829398,0.0953198989777
C[C>G]C,0.57178427927,0.255448617497,0.297463192744,0.122682559719,0.126043725739,0.0591127163287,0.118601111818
C[C>G]G,0.140098526656,0.141077101297,0.164280571905,0.0677541341755,0.0696104118242,0.0294955583376,0.0108773193287
C[C>G]T,0.498309667662,0.361444802088,0.420892960326,0.173588622055,0.178344474714,0.0357427210309,0.135635421939
G[C>G]A,0.382142349289,0.26956853444,0.313905464446,0.129463835619,0.13301079002,0.0582706685561,0.0951310654978
G[C>G]C,0.479563961968,0.370171073052,0.431054473225,0.177779528505,0.182650200519,0.0930100800171,0.112628105062
G[C>G]G,0.171861372223,0.0734044025518,0.0854774950768,0.0352534301729,0.0362192775749,0.00952473919728,0.0147592541762
G[C>G]T,0.484094690968,0.306632637477,0.357065637063,0.147264358789,0.151298998755,0.0646002303943,0.0813086864441
T[C>G]A,0.624374026776,0.636069929823,0.740686694597,0.305480953139,0.313850294321,0.0963204042158,0.567162406937
T[C>G]C,0.559845975466,0.369881254957,0.43071698768,0.177640339552,0.18250719817,0.0571524806402,0.238516721966
T[C>G]G,0.107787939147,0.0685739299682,0.0798525368709,0.0329335321558,0.033835820708,0.0222509620232,0.0161198835697
T[C>G]T,0.909278103446,1.11125822733,1.29403096209,0.533696385494,0.548318204275,0.158696032464,0.842154547492
A[C>T]A,2.39456521179,2.23951696698,2.60785857339,1.07555749072,1.10502481923,0.402216317124,1.62140344512
A[C>T]C,1.94954621573,2.10135997185,2.44697838827,1.00920577595,1.03685524927,0.374872860727,1.706787186
A[C>T]G,3.87463020571,3.02102434458,3.51790334862,1.4508866918,1.49063701213,0.669931406507,2.84770210287
A[C>T]T,1.57192889386,1.65603144907,1.92840504267,0.795330893304,0.817120780792,0.204209926205,1.57937184137
C[C>T]A,2.19418585985,2.46895438353,2.87503240714,1.18574782893,1.21823407082,0.399109388382,1.27676855788
C[C>T]C,2.11789127613,2.43325601315,2.83346259426,1.16860321684,1.20061974333,0.434400627384,1.96690800986
C[C>T]G,2.52839750526,2.44776655614,2.85035973972,1.17557209604,1.20777955073,0.605698055351,2.06453851292
C[C>T]T,2.7207992558,2.19686774874,2.5581946811,1.05507464249,1.08398079708,0.36688360916,2.44908962781
G[C>T]A,3.29309764125,2.61911045147,3.04988519678,1.2578622563,1.29232423592,0.44539098918,2.86178272879
G[C>T]C,5.05903456591,3.3769893244,3.93241520013,1.62184355712,1.66627762717,0.697058232371,3.76307737454
G[C>T]G,5.98502808806,3.28181876579,3.82159158911,1.57613664409,1.61931846996,0.287514833996,4.10951615014
G[C>T]T,4.14696326219,2.64875723462,3.08440809558,1.272100514,1.30695258287,0.42135995842,3.59359681486
T[C>T]A,1.86787092579,5.70447255709,6.64270817503,2.73964800439,2.81470685383,0.401736276759,1.30448335695
T[C>T]C,2.02787034453,3.68865552953,4.29534229425,1.771525353,1.82006029417,0.361315387215,1.6655112907
T[C>T]G,1.69808263813,2.04669499956,2.3833224666,0.982952203738,1.0098824011,0.373507356067,0.97866364654
T[C>T]T,1.88898287394,3.63496552645,4.23282169856,1.74574002257,1.79356851634,0.363556248439,1.32808488199
A[T>A]A,3.64815799213,0.780846870682,0.909275632307,0.375011983946,0.385286284876,0.300751633387,0.366426744844
A[T>A]C,0.750097857395,1.02409876778,1.19253606512,0.491836908212,0.505311891998,0.415634280898,0.631198708519
A[T>A]G,0.727847090118,0.554372868296,0.64555261637,0.266244864379,0.273539244225,0.144468249397,0.331071719065
A[T>A]T,1.44166104826,1.08184567841,1.25978082288,0.519570621868,0.533805433426,0.271771140278,0.379982983256
C[T>A]A,6.83944164014,0.505266472015,0.588369510175,0.242660871428,0.249309114481,0.236691799083,0.413772278434
C[T>A]C,0.990359116693,0.790012678213,0.919948973972,0.379413983615,0.389808887276,0.202618787294,0.63292362059
C[T>A]G,2.22339501826,0.774036694703,0.901345361594,0.371741307324,0.381926000676,0.559119925924,0.741949239598
C[T>A]T,1.49585751057,0.600952120745,0.699792930078,0.288615163253,0.296522427999,0.332614269503,0.420432280768
G[T>A]A,2.96664865899,0.358272029593,0.41719835025,0.172064856318,0.17677896197,0.301854668589,0.257488204163
G[T>A]C,0.529769882424,0.552973786803,0.643923422791,0.265572937083,0.272848907962,0.215003476757,0.350277429015
G[T>A]G,1.18477965127,0.373299210098,0.434697106496,0.179281857481,0.184193689193,0.340669316624,0.227636963174
G[T>A]T,0.785324195979,0.473966969071,0.551922062668,0.227628873304,0.233865280792,0.227055009125,0.24600562591
T[T>A]A,2.43802928384,0.830830131796,0.967479824526,0.399017102771,0.409949078189,0.290952820282,0.241711524958
T[T>A]C,0.48951588812,0.713237872533,0.830546733147,0.342541872993,0.351926581842,0.116892907927,0.550988850982
T[T>A]G,1.09614851494,0.557089071884,0.64871556397,0.267549356892,0.274879476259,0.148776327989,0.308060871053
T[T>A]T,1.11016865158,0.7565831879,0.881021212226,0.363359031031,0.373314072977,0.181200407429,0.425640144574
A[T>C]A,2.66824643467,4.12729829248,4.80613024848,1.98218931152,2.036495868,0.612150798854,2.72082897432
A[T>C]C,1.26753522626,2.29617726971,2.67383800487,1.10276934664,1.13298220545,0.34867547276,1.58665745116
A[T>C]G,2.33959158111,4.13547775899,4.81565502198,1.98611760794,2.04053178897,0.572724068677,2.8517969022
A[T>C]T,2.17878797988,3.02540122117,3.52300010623,1.45298874438,1.49279665518,0.465074572759,1.84387487359
C[T>C]A,1.53281130695,2.78075654845,3.23811782287,1.3354949213,1.37208382325,0.374876486645,1.8849595247
C[T>C]C,1.48580833395,2.17728812531,2.53539472487,1.04567127071,1.07431979867,0.267362107034,1.69602195653
C[T>C]G,2.17811699019,3.83068047839,4.4607266097,1.83973470344,1.89013839394,0.445765674892,2.72365350426
C[T>C]T,2.16144034104,2.2458804363,2.61526866595,1.07861363059,1.10816468896,0.409750306005,1.2872849903
G[T>C]A,2.2607110096,5.952263632,6.93125436095,2.85865292853,2.93697218684,1.72855289798,4.17027270062
G[T>C]C,1.97563088958,2.85982576252,3.33019184188,1.37346895174,1.41109823808,0.82460553019,2.03797928678
G[T>C]G,1.65118094516,3.38276087083,3.93913601405,1.62461541823,1.66912542968,1.12351180392,2.40586681553
G[T>C]T,1.86129163519,3.89813722455,4.53927821543,1.87213169337,1.92342297264,1.29465897999,2.62184870746
T[T>C]A,1.52221915732,2.61369435419,3.04357829403,1.25526110432,1.2896518195,0.646717295804,1.77711304918
T[T>C]C,1.49841694229,2.92994538428,3.41184429616,1.40714482271,1.44569673566,0.493996560072,1.96452411363
T[T>C]G,1.04196450791,1.90655866497,2.22013739276,0.915649885149,0.940736183372,0.366313873354,1.38881741056
T[T>C]T,2.11940850404,2.5190573015,2.93337593662,1.20981041454,1.24295590535,0.555088097862,1.43538874746
A[T>G]A,1.56708274039,0.918191071376,1.06920933969,0.44097334349,0.453054804955,0.158495045822,0.0675236132136
A[T>G]C,0.32160658395,0.298394172067,0.347472160894,0.143307727374,0.14723396648,0.0550062803392,0.159174002219
A[T>G]G,0.464560113476,0.408372962054,0.475539567655,0.196126488355,0.201499816803,0.117514294749,0.131649185366
A[T>G]T,1.08416969601,1.21025786094,1.40931343017,0.58124226216,0.597166707699,0.10048991563,0.686507089766
C[T>G]A,0.918987923478,0.651561022136,0.758725663935,0.312920754052,0.321493925396,0.0848719291696,0.0704974234678
C[T>G]C,0.573575220763,0.732133132389,0.852549766005,0.35161657016,0.36124990085,0.0645536977213,0.470728935665
C[T>G]G,1.0230142433,0.980199325221,1.1414163195,0.470753623297,0.483650982839,0.169166491725,0.442452101879
C[T>G]T,3.35250053413,2.48151516741,2.88965910941,1.19178031066,1.22443182602,0.292031132457,1.10678734183
G[T>G]A,0.420881820578,0.223836883885,0.26065216084,0.107500608708,0.110445830864,0.0708428307272,0.00121420744716
G[T>G]C,0.152433025787,0.186872838436,0.217608502652,0.0897481395119,0.0922069926492,0.0126931761372,0.148141881262
G[T>G]G,0.680644779885,0.385137118287,0.448482039058,0.184967168651,0.190034762313,0.124077005704,0.154719709367
G[T>G]T,1.4983371999,1.21472070344,1.41451029282,0.583385600994,0.599368768144,0.139056853325,0.589623324994
T[T>G]A,2.21951374972,1.36866939124,1.59377948848,0.657321483951,0.675330291731,0.193726215378,0.111518475544
T[T>G]C,0.464305076332,0.621795223944,0.724064175251,0.298625337815,0.30680685392,0.0640853533103,0.332574234984
T[T>G]G,0.725327909448,0.520193775761,0.605751962564,0.249829905464,0.256674560408,0.121029254738,0.151497342433
T[T>G]T,2.78630994218,2.83752521406,3.30422344005,1.36275881991,1.40009467799,0.276069900744,1.37649012275
