,1,3,2,5,4,7,6
A[C>A]A,2.01602568986,1.06860378096,1.32198405892,1.82874461484,1.05758724714,0.738107766232,1.46519899864
A[C>A]C,1.64273620496,0.870739955632,1.07720406882,1.49013229521,0.861763255059,0.601438938426,1.19390117628
A[C>A]G,0.652799819704,0.346019576564,0.428065455544,0.592157213502,0.342452364435,0.239003212679,0.474439213228
A[C>A]T,1.60715664739,0.851880845883,1.0538732114,1.45785794244,0.843098569121,0.588412543032,1.1680428093
C[C>A]A,3.19908322843,1.69568892436,2.09775949405,2.90190063344,1.67820759524,1.17124905085,2.32501677258
C[C>A]C,3.58152321837,1.89840301739,2.34853981533,3.2488134112,1.87883185226,1.31126806356,2.60296496199
C[C>A]G,1.15802532513,0.613816702391,0.759360868937,1.05044920203,0.60748869515,0.423976485156,0.841624963072
C[C>A]T,5.11297103147,2.710154044,3.35276788949,4.63799558046,2.68221431159,1.87196207163,3.71598441085
G[C>A]A,2.12900975052,1.1284915071,1.39607196755,1.93123288845,1.11685757404,0.779473515216,1.54731309737
G[C>A]C,3.30507785407,1.751871868,2.1672641666,2.9980487638,1.73381133328,1.21005582635,2.40205111798
G[C>A]G,1.2637432553,0.66985298232,0.828684101839,1.14634634088,0.662947281471,0.46268195686,0.918458212872
G[C>A]T,2.37782649264,1.26037797697,1.55923048697,2.15693550698,1.24738438958,0.870570355228,1.72814712306
T[C>A]A,2.56430171792,1.35922003627,1.68150932322,2.32608789713,1.34520745858,0.938842705467,1.86367283324
T[C>A]C,2.76087050767,1.4634122363,1.81040689027,2.50439619821,1.44832551222,1.01081051374,2.00653430339
T[C>A]G,0.566929190474,0.300503450688,0.371756846212,0.51426363726,0.29740547697,0.207564239135,0.412030504552
T[C>A]T,3.36153026092,1.78179472846,2.20428213831,3.04925695799,1.76342571064,1.23072419389,2.44307936996
A[C>G]A,0.824901740163,0.437242998884,0.540919173877,0.748271523863,0.432735339102,0.302013205415,0.599518751047
A[C>G]C,0.488722150742,0.259049446021,0.32047354147,0.443321732367,0.256378833176,0.178931060654,0.355191508462
A[C>G]G,0.0475875079817,0.0252239796405,0.0312049232667,0.0431668105189,0.0249639386133,0.0174227488239,0.0345854566205
A[C>G]T,0.720599829989,0.381957286934,0.472524478681,0.653658862176,0.378019582945,0.263826167264,0.523714630539
C[C>G]A,0.559638800893,0.296639145829,0.366976262881,0.507650496985,0.293581010305,0.204895080109,0.406732024693
C[C>G]C,0.627419198548,0.332566460433,0.411422425278,0.569134354967,0.329137940222,0.229710854113,0.455993188016
C[C>G]G,0.102646041447,0.0544080110403,0.0673088796375,0.0931106168319,0.05384710371,0.0375807911309,0.0746006749315
C[C>G]T,0.573940446317,0.304219799414,0.376354391027,0.520623574254,0.301083512822,0.210131201657,0.417126116722
G[C>G]A,0.320246885001,0.16974834888,0.209997957378,0.290497174372,0.167998365902,0.117248859536,0.232747736094
G[C>G]C,0.540666229778,0.286582646385,0.354535232641,0.490440405154,0.283628186113,0.197948838225,0.392943216178
G[C>G]G,0.168155494506,0.0891316009131,0.110265898037,0.152534492284,0.0882127184294,0.0615651264039,0.122211370324
G[C>G]T,0.36242932667,0.192107348016,0.237658574866,0.328761028564,0.190126859893,0.1326927043,0.263404920476
T[C>G]A,4.08367786919,2.16457242247,2.67782155357,3.70431981577,2.14225724285,1.49511703408,2.96791888854
T[C>G]C,1.2552099342,0.665329855832,0.823088481442,1.13860573266,0.658470785153,0.459557735472,0.912256400265
T[C>G]G,0.194836873371,0.10327418971,0.127761884178,0.176737273113,0.102209507342,0.071333718666,0.141602754964
T[C>G]T,5.09895368954,2.7027240868,3.34357618986,4.62528039597,2.67486095189,1.86683003934,3.70579694376
A[C>T]A,3.7247526829,1.97432246034,2.44246077567,3.37873740635,1.95396862054,1.36370726642,2.70706069304
A[C>T]C,2.82185623152,1.4957380025,1.85039752886,2.55971658159,1.48031802309,1.03313862028,2.05085726116
A[C>T]G,9.45810778813,5.0133139642,6.20203789385,8.57948575316,4.96163031508,3.46280449074,6.87392533235
A[C>T]T,2.72968464151,1.4468820231,1.78995714198,2.47610737973,1.43196571358,0.999392737604,1.98386916569
C[C>T]A,3.36692650251,1.78465503138,2.20782065738,3.05415190938,1.7662565259,1.23269986704,2.4470012286
C[C>T]C,5.13236518862,2.72043400708,3.36548536959,4.65558809459,2.69238829567,1.87906266469,3.73007961796
C[C>T]G,7.72712887675,4.09580055216,5.06696975525,7.00930816143,4.0535758042,2.82905811335,5.61589147873
C[C>T]T,6.3469598682,3.36423555855,4.16194089718,5.75735157443,3.32955271774,2.32375033426,4.61281782771
G[C>T]A,6.33650724555,3.35869509737,4.15508671839,5.74786996045,3.32406937472,2.31992341777,4.60522111289
G[C>T]C,8.32552667911,4.41298408674,5.45936175679,7.5521170969,4.36748940544,3.04814364754,6.05079261378
G[C>T]G,10.2318985327,5.42346534249,6.70944166081,9.28139429745,5.36755332865,3.74610492728,7.43629784073
G[C>T]T,7.64394643386,4.05170931193,5.01242389105,6.93385304929,4.00993911284,2.79860333917,5.55543647925
T[C>T]A,4.04205374528,2.14250936225,2.65052704608,3.66656241375,2.12042163687,1.47987760073,2.93766747608
T[C>T]C,3.69790944411,1.96009407693,2.42485865187,3.35438780176,1.9398869215,1.35387941396,2.68755167249
T[C>T]G,4.69355830191,2.48784237861,3.07774314879,4.25754468916,2.46219451903,1.71840659141,3.41116532324
T[C>T]T,2.80035982757,1.48434373374,1.83630152627,2.54021711134,1.46904122102,1.02526835217,2.03523419162
A[T>A]A,0.666484544613,0.353273228565,0.437039045648,0.604570679813,0.349631236518,0.244013467153,0.484384942259
A[T>A]C,0.675949570575,0.35829020954,0.443245620049,0.613156441068,0.354596496039,0.247478804528,0.491263895555
A[T>A]G,0.918056773978,0.486620257245,0.602004441953,0.832772811368,0.481603553562,0.336119146757,0.667221589831
A[T>A]T,1.07441156401,0.569496839938,0.704532173119,0.974602839482,0.563625738495,0.393363796658,0.780856491874
C[T>A]A,0.824834696861,0.437207462271,0.540875211056,0.748210708628,0.432700168845,0.301988659506,0.599470025587
C[T>A]C,0.974508256286,0.516542627649,0.6390218074,0.883980166904,0.51121744592,0.356787175799,0.708249169869
C[T>A]G,1.65978462755,0.879776551215,1.08838336233,1.50559698455,0.870706689862,0.607680710633,1.20629155991
C[T>A]T,0.940891762779,0.498724049123,0.616978205101,0.853486517057,0.493582564081,0.344479497848,0.683817510654
G[T>A]A,0.54822990396,0.290591807017,0.35949501899,0.497301442936,0.287596015192,0.200718052269,0.398440312714
G[T>A]C,0.468544226576,0.248354043595,0.307242115787,0.425018260173,0.24579369263,0.171543514648,0.340526678331
G[T>A]G,0.559596902415,0.296616937345,0.366948788469,0.507612490715,0.293559030775,0.204879740228,0.406701573886
G[T>A]T,0.639358962161,0.338895187594,0.419251778466,0.579964960212,0.335401422773,0.234082242977,0.464670721133
T[T>A]A,0.772321143206,0.40937240924,0.506440093905,0.700575463236,0.405152075124,0.282762385764,0.561304437412
T[T>A]C,0.725006051295,0.384292825004,0.475413804128,0.657655762377,0.380331043302,0.265439373972,0.526916966242
T[T>A]G,0.972687507345,0.515577531216,0.637827873669,0.882328558576,0.510262298935,0.356120562799,0.706925893317
T[T>A]T,0.972078644356,0.51525480056,0.63742861925,0.881776256629,0.5099428954,0.355897645748,0.706483386335
A[T>C]A,1.89286197224,1.00332028037,1.2412209654,1.71702233547,0.992976772323,0.693015039017,1.37568656999
A[T>C]C,0.900766657897,0.477455550907,0.590666660916,0.817088880934,0.472533328733,0.329788885678,0.654655549182
A[T>C]G,2.48980978409,1.31973524075,1.6326621535,2.25851597901,1.3061297228,0.911569702373,1.8095338868
A[T>C]T,1.52925592687,0.810589207138,1.00279077172,1.38719390087,0.802232617373,0.559891514208,1.11142643865
C[T>C]A,0.98433770536,0.521752772786,0.645467347777,0.892896497758,0.516373878221,0.360385935842,0.715392977119
C[T>C]C,0.980135675615,0.519525467402,0.642711918436,0.889084820503,0.514169534749,0.358847487793,0.712339042933
C[T>C]G,2.33895550221,1.23977422795,1.53374131293,2.12167548288,1.22699305034,0.856338899717,1.69989662183
C[T>C]T,0.96811225403,0.513152396945,0.634827707561,0.878178328793,0.507862166049,0.354445470055,0.703600709213
G[T>C]A,1.25107236602,0.6631367186,0.820375321979,1.13485252874,0.656300257583,0.458042888105,0.909249315193
G[T>C]C,0.857977643113,0.454775034874,0.562608290566,0.778274801949,0.450086632452,0.314122962232,0.623557522044
G[T>C]G,1.24821465438,0.661621975275,0.818501412711,1.13226028758,0.654801130169,0.456996622097,0.907172399088
G[T>C]T,1.12989522354,0.598906211386,0.740914900684,1.02493227928,0.592731920547,0.413677486215,0.821180681592
T[T>C]A,0.947128966252,0.502030107795,0.621068174591,0.859144308185,0.496854539673,0.346763064147,0.688350560172
T[T>C]C,0.67721935274,0.358963263474,0.444078264092,0.614308265327,0.355262611273,0.247943697451,0.492186742702
T[T>C]G,1.18700252513,0.629176201843,0.778362311558,1.07673453099,0.622689849246,0.434585623953,0.86268489531
T[T>C]T,0.817216619292,0.43316946487,0.535879750355,0.741300321325,0.428703800284,0.299199527282,0.593933389977
A[T>G]A,0.343709105361,0.18218460776,0.225383019909,0.311779844208,0.180306415927,0.125838852783,0.249799513733
A[T>G]C,0.206666335956,0.109544451299,0.135518908824,0.187467823873,0.108415127059,0.0756647240932,0.150200123946
A[T>G]G,0.258619180538,0.137082297881,0.169586347894,0.23459444792,0.135669078315,0.0946857109073,0.187958202249
A[T>G]T,0.476259035592,0.252443313948,0.312301006946,0.432016392942,0.249840805557,0.174368062211,0.346133616032
C[T>G]A,0.182101231023,0.096523603329,0.119410643294,0.165184723223,0.0955285146349,0.0666709425056,0.132346796317
C[T>G]C,0.461342331448,0.244536645631,0.302519561605,0.418485393554,0.242015649284,0.16890675523,0.335292514113
C[T>G]G,0.645645933808,0.342227626117,0.423374382825,0.585667896241,0.33869950626,0.23638403041,0.469239940964
C[T>G]T,1.07705157095,0.57089618788,0.706263325212,0.976997599877,0.56501066017,0.394330356577,0.782775185443
G[T>G]A,0.0613221966842,0.0325041151823,0.0402112765142,0.055625599178,0.0321690212114,0.0224512960538,0.0445674981366
G[T>G]C,0.137591591479,0.0729310621499,0.0902239944122,0.124809858937,0.0721791955298,0.0503750635468,0.0999982604735
G[T>G]G,0.436144656781,0.231180501135,0.28599649625,0.395628486479,0.228797197,0.159681377073,0.31697945001
G[T>G]T,0.503395972712,0.266827373514,0.330095719811,0.456632412405,0.264076575849,0.184303443561,0.365856089457
T[T>G]A,0.540268890022,0.286372034602,0.354274681982,0.490079976742,0.283419745585,0.197803364107,0.392654439197
T[T>G]C,0.302702458966,0.16044884437,0.198493415716,0.274582558407,0.158794732572,0.110825490441,0.219996869085
T[T>G]G,0.337385027156,0.178832500733,0.221236083381,0.306043248677,0.176988866705,0.123523479888,0.245203325747
T[T>G]T,1.08830231141,0.576859695121,0.713640859944,0.987203189589,0.570912687955,0.398449480135,0.790951953105
