,1,3,2,5,4,7,6
A[C>A]A,3.72982898868,1.82185078048,1.16820966077,1.90848004714,1.58542739676,3.64755334922,1.2018784208
A[C>A]C,1.86879353263,1.33456598269,0.855752233172,1.08957886298,1.16137803073,1.82757014588,0.99839738131
A[C>A]G,0.473272769625,0.806117633008,0.51689985628,0.580589044379,0.701506947809,0.462832929118,0.286275346047
A[C>A]T,1.72479725801,1.42817506562,0.915776377955,1.43508891314,1.24283937008,1.68675025967,0.626265296503
C[C>A]A,5.07906450039,2.97714043539,1.90900608071,3.36075717419,2.59079396667,4.96702631288,1.29878193288
C[C>A]C,2.21520457453,2.12469076063,1.36239712895,1.82254890742,1.84896753215,2.16633976774,1.47640152039
C[C>A]G,1.07710184031,0.863948935672,0.553982523637,0.843002529552,0.751833424936,1.05334224089,0.462128077163
C[C>A]T,3.44700337163,2.37744635257,1.52446941692,2.63133383249,2.0689227801,3.37096653255,2.77229658501
G[C>A]A,6.53994936021,2.52683738967,1.62026214299,3.4222113057,2.19892719406,6.39568577138,1.21639663978
G[C>A]C,2.15033899161,3.83888354784,2.46157418335,2.90806028151,3.34070782026,2.10290504326,1.17715993249
G[C>A]G,0.757835946542,1.57853107412,1.01218786432,1.20229263994,1.37368353015,0.741118977133,0.354741555848
G[C>A]T,4.17812740446,2.85996345907,1.83386969895,2.9666308028,2.48882316286,4.08596282936,1.12556100305
T[C>A]A,3.75813795146,2.69308494506,1.7268636289,2.59730548368,2.34360063922,3.67523784959,0.91459424901
T[C>A]C,2.98251632323,3.11210499169,1.99554823894,2.75145109123,2.70824403857,2.91672552198,0.986150727404
T[C>A]G,0.884478522725,0.696317730639,0.446493812013,0.654578832778,0.605955887732,0.864967967077,0.252866333497
T[C>A]T,6.10913474006,2.77474167804,1.77922367142,6.4533530049,2.41466069692,5.97437441491,1.25246473108
A[C>G]A,0.933720204517,0.921232860259,0.590714200472,0.505847696509,0.801683557783,0.9131234353,0.319545883747
A[C>G]C,0.53844028829,0.556899696903,0.357095988854,0.345138219239,0.484630270588,0.526562928989,0.208856883775
A[C>G]G,0.27176581602,0.134818636969,0.086448591644,0.0827171175601,0.11732308866,0.265770981843,0.04523081921
A[C>G]T,0.928247200742,0.664869003357,0.426328215893,0.360386423514,0.578588292998,0.907771159549,0.2791627905
C[C>G]A,0.582977658402,0.832512528915,0.533824827701,0.453651487829,0.72447655188,0.570117857114,0.20329143264
C[C>G]C,0.604601225536,0.819462340447,0.52545676792,0.549256668289,0.71311989932,0.591264433796,0.155005426944
C[C>G]G,0.398431113141,0.209485301458,0.134326452843,0.177355737259,0.182300186001,0.389642191528,0.0735585095757
C[C>G]T,0.964624486887,0.845996863957,0.542471271545,0.506691290881,0.736211011382,0.943346005558,0.214366866118
G[C>G]A,0.420423931179,0.483273823882,0.30988550539,0.242636243649,0.420558900172,0.411149873874,0.129586749888
G[C>G]C,0.376396445834,0.567669390071,0.364001746305,0.341670360427,0.494002369985,0.368093583058,0.187532663402
G[C>G]G,0.100153491652,0.267460718474,0.171501529403,0.16235637743,0.232752075618,0.0979442234539,0.0349293983796
G[C>G]T,0.66921381974,0.455421879734,0.292026243494,0.222161603044,0.396321330456,0.654451750187,0.222190251463
T[C>G]A,1.15757296242,4.41171156732,2.82888375309,0.334171923827,3.8391993792,1.13203826472,1.01517868821
T[C>G]C,0.960889875696,1.58337115126,1.01529142523,0.501135351406,1.37789550567,0.939693775496,0.404932811435
T[C>G]G,0.182439024969,0.2630687742,0.168685320861,0.0946503621896,0.228930078311,0.178414634712,0.0618729750949
T[C>G]T,2.21222723594,5.21340301672,3.34294544583,0.346392945094,4.53685453363,2.16342810574,1.33992441792
A[C>T]A,1.6170343296,1.69656363441,1.08787286482,1.22742819388,1.47639888796,1.58136445469,1.89437495036
A[C>T]C,2.93588471607,1.97302066922,1.26514302454,1.68696018232,1.71697981902,2.87112255322,2.39880702144
A[C>T]G,1.33851829504,1.70773441396,1.09503580742,2.05715036158,1.48612002436,1.30899215618,4.51503934721
A[C>T]T,2.20887047276,1.29873101437,0.832774085551,1.065153552,1.13019340182,2.16014538881,1.5180518515
C[C>T]A,2.01347032508,2.29219949762,1.46980731145,3.65328498928,1.99473849411,1.9690555385,2.02091417488
C[C>T]C,3.92618586517,3.19575082403,2.04918373449,4.54279165495,2.78103506824,3.83957882402,3.99592592968
C[C>T]G,1.74566204787,1.39570053118,0.894953012357,2.21984589462,1.2145790882,1.70715479682,3.42823644139
C[C>T]T,2.69504681452,3.11631986585,1.99825090635,4.11801499143,2.71191194433,2.63559725243,3.34752828307
G[C>T]A,1.81498552375,3.28256211356,2.10484898885,1.94469515745,2.85658077058,1.77494907837,2.87663266109
G[C>T]C,2.90396354909,6.22060784643,3.98878671068,3.50307367892,5.41335339307,2.83990552962,4.58310544444
G[C>T]G,1.012241745,5.50226208575,3.52816805499,3.12750546735,4.78822807463,0.989912882978,3.27780765239
G[C>T]T,1.96597139094,4.44585302842,2.85077598769,2.79123860629,3.86891026901,1.92260437496,3.36060414811
T[C>T]A,8.51875869926,3.63385428058,2.33010503488,4.94579537724,3.16228540448,8.33084490442,1.58300065941
T[C>T]C,5.41329092906,3.23198867043,2.07242021615,10.0056980208,2.81257029335,5.29388009975,2.00480007975
T[C>T]G,1.82774749741,1.2587421704,0.807132384071,6.07886136652,1.09539394981,1.78742953791,2.15987140653
T[C>T]T,6.42546068018,1.83584105477,1.17718052367,3.75223345534,1.59760213927,6.28372257694,1.63193223299
A[T>A]A,0.737701005864,0.529410778964,0.339469507122,0.936602277049,0.460708616808,0.721428189558,0.940848852779
A[T>A]C,0.399323517293,0.568969549107,0.364835436068,0.476415896984,0.495133806093,0.390514910294,0.3954908158
A[T>A]G,0.985681067355,0.732553081853,0.469728693707,1.27823388949,0.63748894146,0.963938102634,0.723616913177
A[T>A]T,0.601478118318,0.732416375839,0.469641034889,0.711125889652,0.637369975921,0.588210218649,0.614905274006
C[T>A]A,0.912299083572,0.43103601399,0.276389505154,1.21357713579,0.375100042709,0.892174839081,1.74622310031
C[T>A]C,0.955281947907,0.575848905589,0.369246626484,1.1095403759,0.501120421657,0.934209551997,1.0295352025
C[T>A]G,2.27718240974,1.12428849146,0.720917811315,3.06737620812,0.978388458213,2.22695044482,2.07239304736
C[T>A]T,1.14937509314,0.654191433468,0.419481529857,1.20785900739,0.569296361949,1.12402123079,0.992227493953
G[T>A]A,0.657587085448,0.433523569422,0.277984578866,0.829643190954,0.377264785604,0.643081487975,0.822750503448
G[T>A]C,0.34800996824,0.447107052721,0.286694598692,0.417386236683,0.389085526796,0.340333277764,0.288944896606
G[T>A]G,0.72727412119,0.530602481145,0.340233652032,0.828707503958,0.461745670615,0.711231309694,0.568915421599
G[T>A]T,0.502045133518,0.38826707856,0.248965149611,0.417245099137,0.337881274472,0.490970608514,0.277108511255
T[T>A]A,0.722644279815,0.491516142461,0.315170656235,0.842005243392,0.42773160489,0.706703597172,0.628569519592
T[T>A]C,0.587584364362,0.568185949178,0.364332975046,0.906910505501,0.494451894705,0.57462294456,0.532564706319
T[T>A]G,0.829468902351,0.695521221389,0.445983073257,1.26916573345,0.605262742277,0.81117179421,0.699566271503
T[T>A]T,0.751248318971,0.505667518139,0.324244820792,0.86956704441,0.440046542503,0.734676664876,0.684428544844
A[T>C]A,0.928032148781,1.87747732712,1.20387859144,1.77746315629,1.63383523124,0.907560851382,1.21059730848
A[T>C]C,0.597642105609,0.794486781013,0.509441905382,0.944070763067,0.691385443019,0.584458823867,0.836787817212
A[T>C]G,1.15340238889,1.57057109422,1.00708375507,1.58907962074,1.36675652474,1.12795968914,1.74940216485
A[T>C]T,0.917991136517,1.43401923287,0.919523782911,1.1837944533,1.24792513395,0.897741332035,0.738425815243
C[T>C]A,0.403477229326,0.773746685768,0.496142913012,0.902377450485,0.673336810516,0.394576996327,0.994960393318
C[T>C]C,0.734298697838,0.799861739733,0.512888443798,1.12540094442,0.696062888012,0.718100932444,1.4812590103
C[T>C]G,1.04740938281,1.36322452055,0.874128700203,1.32713995272,1.1863175217,1.02430476407,2.4905927701
C[T>C]T,0.578646693621,0.974187608293,0.624669916768,1.11153417511,0.847766315614,0.565882428321,0.912524571967
G[T>C]A,0.404680106161,1.21409698038,0.778504933984,1.56749158728,1.05654241041,0.395753339113,1.01308410587
G[T>C]C,0.413961150197,1.78477099935,1.14443331256,1.25728094161,1.55315949562,0.404829654237,0.642080987937
G[T>C]G,0.74468590024,1.06063695128,0.680103083261,1.25417239262,0.922997041569,0.728259005382,1.04671699667
G[T>C]T,0.63571065373,1.01399061236,0.650192453729,1.57467252823,0.882404044346,0.621687624604,0.725576955874
T[T>C]A,0.515574634996,0.923510933433,0.592174949682,1.34724317922,0.80366600314,0.504201665107,0.774825496609
T[T>C]C,0.723464439776,0.905003558615,0.580307625371,1.17762830925,0.787560348718,0.707505665369,1.08331911111
T[T>C]G,0.476070420157,0.696429031799,0.446565180696,0.997306557682,0.60605274523,0.465568866772,1.00811524475
T[T>C]T,0.477190512479,0.875380420683,0.561312636163,1.12327710301,0.761781434793,0.466664251174,0.727636659068
A[T>G]A,0.0937786151152,0.212131784319,0.13602343422,0.0954017519768,0.184603232156,0.0917099691935,0.164512187519
A[T>G]C,0.0945826968038,0.147470786166,0.0945614201371,0.150474331365,0.1283333559,0.0924963137861,0.364245619503
A[T>G]G,0.413123695458,0.289283041067,0.185494469081,0.228393423675,0.251742493753,0.404010672764,0.247184192479
A[T>G]T,0.2204254952,0.28194396458,0.180788496372,0.322902576616,0.245355816505,0.2155631681,1.72066738257
C[T>G]A,0.0828047882632,0.121693892523,0.0780327249765,0.084914883477,0.105901555325,0.0809782120515,0.200817239524
C[T>G]C,0.321496702975,0.290234720995,0.186104706592,0.300288714495,0.252570673232,0.314404863939,0.892656407002
C[T>G]G,0.721774594394,0.425036394991,0.272542421216,0.415024099268,0.369879000221,0.705853095989,0.786139873544
C[T>G]T,0.405654809251,0.738765442044,0.473712191845,0.633223766453,0.642895117504,0.3967065414,3.1067840684
G[T>G]A,0.171189372707,0.0835433047616,0.0535697526716,0.036628840686,0.0727018071971,0.167413136544,0.0178845012566
G[T>G]C,0.148802229472,0.102855258662,0.0659529902872,0.0801028079901,0.0895076296755,0.145519827352,0.111138743493
G[T>G]G,0.953925924218,0.445160497987,0.28544642619,0.40976966049,0.387391578401,0.932883440595,0.304530819348
G[T>G]T,0.42243825881,0.668151628695,0.428433105423,0.357595010867,0.581444928788,0.413119767807,0.968408227235
T[T>G]A,0.16769305943,0.308565844508,0.197859014799,0.163034648587,0.268522948656,0.163993947825,0.237875675645
T[T>G]C,0.304968633058,0.223306111224,0.143188651472,0.288294651933,0.194327455569,0.298241383799,0.637603656693
T[T>G]G,0.392937075025,0.342739646511,0.219771987076,0.241246052085,0.29826198246,0.384269345428,0.378794869322
T[T>G]T,0.547178293484,0.7158275431,0.459003920766,0.978196915134,0.622933892469,0.535108184069,4.51260346732
