,1,3,2,5,4,7,6
A[C>A]A,0.411132679894,0.330518428934,0.200025205013,0.556238331621,1.16890663891,1.21989484789,1.00468204721
A[C>A]C,0.309160892293,0.24854110949,0.179358687961,0.418276501338,0.878986850637,0.967167979741,0.833328249824
A[C>A]G,0.159966572951,0.128600578255,0.066832820707,0.216425363405,0.454806923097,0.263824483674,0.530732896119
A[C>A]T,0.474371339767,0.381357351577,0.283964817358,0.641796518508,1.34870282875,0.953202229051,0.783781379534
C[C>A]A,0.690477599918,0.555089835228,0.306552509707,0.93417557636,1.963122588,1.79698183555,1.83824900059
C[C>A]C,0.432179256721,0.347438225991,0.330065897645,0.584713112034,1.22874494558,1.65681218048,1.69377227468
C[C>A]G,0.198202277644,0.159339085949,0.0721369680981,0.268156022695,0.563516279576,0.354189733518,0.650295822395
C[C>A]T,0.918482923309,0.738388232464,1.13538639668,1.24265336683,2.61137301725,3.02105484729,2.12442682986
G[C>A]A,0.540493853705,0.434514666704,0.201972446726,0.731256390306,1.53669821151,1.25219050398,1.40612511537
G[C>A]C,0.87339935967,0.702144583264,0.309523532717,1.1816579572,2.48319425788,1.09145492212,2.3920437626
G[C>A]G,0.304449444489,0.244753474982,0.0928214218956,0.411902189603,0.865591557862,0.335952810074,1.01684051677
G[C>A]T,0.880092014614,0.707524952925,0.559662484078,1.19071272565,2.50222239449,1.30585759118,1.35309231829
T[C>A]A,0.822329991567,0.66108881675,0.261430587789,1.11256410624,2.33799703485,1.71587553934,1.40883428202
T[C>A]C,0.739776813075,0.594722536001,0.351824617605,1.00087451181,2.10328701757,1.53452762081,2.00869848838
T[C>A]G,0.176422189982,0.141829603711,0.0525390063729,0.23868884527,0.501592500929,0.234707545064,0.384133130881
T[C>A]T,4.00671701062,3.22108622422,0.530263306273,5.42085242613,11.3916464027,4.04331858187,2.23110822648
A[C>G]A,0.203181924295,0.163342331296,0.077205046338,0.274893191693,0.577674098486,0.557708286415,0.45535764042
A[C>G]C,0.122056415184,0.0981237847554,0.0562887898076,0.165135149954,0.347023141208,0.254813208527,0.305996644865
A[C>G]G,0.0269767061148,0.0216871558962,0.0186903123718,0.0364978965083,0.0766984781695,0.0393914166714,0.0495104978619
A[C>G]T,0.147970693377,0.11895683193,0.0935499446281,0.20019564398,0.420700990973,0.391399369396,0.335678904463
C[C>G]A,0.155830586583,0.125275569606,0.067161699728,0.210829617141,0.443047746166,0.470571777493,0.39932203107
C[C>G]C,0.166942207537,0.134208441353,0.0687213722167,0.225862986667,0.474639609663,0.386498626051,0.448642368663
C[C>G]G,0.0336124867608,0.0270218030822,0.0254995759985,0.0454757173822,0.0955649133394,0.0783051436213,0.151945243122
C[C>G]T,0.158015244663,0.127031863357,0.0890082169654,0.213785331015,0.449259028945,0.280189113676,0.384836465282
G[C>G]A,0.102664782512,0.0825344329996,0.0627562214951,0.138899411633,0.291890067925,0.306445121655,0.222862292703
G[C>G]C,0.116850164581,0.0939383676046,0.0859297740045,0.158091399139,0.332221056163,0.279613320343,0.343718101977
G[C>G]G,0.0429645563881,0.0345401335669,0.0219186585953,0.0581285174662,0.122154130907,0.0717712990376,0.161493887255
G[C>G]T,0.091096218129,0.0732342145743,0.0483838498534,0.123247824528,0.258999051543,0.261241059348,0.186581221101
T[C>G]A,0.1050723379,0.084469918704,0.390691444269,0.142156692453,0.298735078344,1.73012271422,1.19446109941
T[C>G]C,0.147367657263,0.118472038192,0.131474361992,0.199379771592,0.418986476533,0.358285189544,0.523731418273
T[C>G]G,0.021868947368,0.0175809184723,0.0210158032847,0.0295873993802,0.0621764189874,0.140362698291,0.117724387863
T[C>G]T,0.113417110928,0.0911784617265,0.605990038206,0.153446679491,0.322460413423,3.00213866119,1.73852191925
A[C>T]A,0.611090918621,0.491269169872,0.518029359317,0.82677006637,1.73741535686,2.02397827119,2.52655321427
A[C>T]C,0.810037131933,0.65120632175,0.652362246277,1.09593259026,2.30304674765,1.35697069414,8.89368746622
A[C>T]G,0.686210481737,0.551659406887,0.808513998979,0.928402416468,1.95099058533,2.13996256516,1.61347071008
A[C>T]T,0.532659030471,0.42821608332,0.534308639683,0.720656335344,1.51442273369,1.2611257902,5.47441879315
C[C>T]A,1.00349225146,0.806729064896,0.526463268857,1.35766598726,2.85306620512,1.89812463042,3.27720766439
C[C>T]C,1.4234338309,1.14432915817,0.751849610321,1.9258222418,4.04701775451,1.04790437093,12.1105570356
C[C>T]G,0.601299517666,0.483397651457,0.576681243456,0.813522876842,1.70957706003,1.72222219995,1.97891270252
C[C>T]T,1.38991752764,1.11738467909,0.749598320927,1.88047665505,3.95172630409,1.8479818136,7.15642002802
G[C>T]A,1.06798709822,0.858577863279,0.773556980073,1.44492372113,3.03643390672,1.90868256595,3.33958195251
G[C>T]C,2.09952031817,1.68784966755,1.19643317231,2.84052748929,5.96922443402,2.04830544994,8.84719364224
G[C>T]G,1.86717440751,1.50106177859,0.994027739218,2.52617713958,5.3086331194,1.87600434365,1.68832824706
G[C>T]T,1.58982648761,1.27809580377,0.985047951633,2.15094171853,4.52009491576,2.08293457044,5.48366865884
T[C>T]A,1.04474610033,0.839893923791,1.80611367064,1.41348001809,2.97035655975,14.4203893273,7.89893940376
T[C>T]C,1.92859492532,1.55043905761,0.956496228843,2.60927548719,5.48326008179,3.70371913735,13.5917657529
T[C>T]G,2.91730988554,2.34528833935,0.462016769836,3.94694866867,8.29431241966,3.8048798934,2.32908767398
T[C>T]T,1.17295782602,0.942966095427,1.18766177588,1.58694294109,3.33488009358,8.55974313311,10.2802629191
A[T>A]A,0.157321911157,0.126474477597,0.149326819184,0.212847291566,0.447287786624,1.10825850771,0.483042754824
A[T>A]C,0.18780667247,0.150981834731,0.359488674439,0.254091380401,0.53396014722,0.93376802565,0.454588433641
A[T>A]G,0.187857570718,0.15102275293,0.0970305932589,0.254160242737,0.534104857925,0.571612984772,0.355348184335
A[T>A]T,0.234177102853,0.188260023862,0.153349040824,0.316827845037,0.665797645367,1.12889611259,0.268047650548
C[T>A]A,0.0892587355744,0.0717570227166,0.112041862155,0.120761818718,0.253774836437,1.17811036283,0.820162746316
C[T>A]C,0.194997990261,0.15676309021,0.210063284935,0.263820810354,0.554406050743,1.1443201466,0.411836146891
C[T>A]G,0.183005267075,0.147121881374,0.183157536436,0.247595361336,0.520309092663,2.61902124185,0.620011167959
C[T>A]T,0.17362988369,0.139584808457,0.128139628207,0.23491101911,0.493653590883,1.87569279573,0.310417236067
G[T>A]A,0.0855007827427,0.0687359233814,0.0732022724278,0.115677529593,0.243090460739,1.41446730216,0.399955212593
G[T>A]C,0.129039713077,0.103737808552,0.183781912496,0.174583141222,0.366877615612,0.587834899027,0.340889588333
G[T>A]G,0.0962226558538,0.0773554684315,0.0865958750308,0.130183593214,0.273574217623,1.53357859714,0.242740097195
G[T>A]T,0.112686966372,0.0905914827699,0.108802554197,0.152458836857,0.320384512235,1.04110541454,0.16991222719
T[T>A]A,0.14613274338,0.117479264286,0.0711332404592,0.197709005749,0.415475446864,1.11750099252,0.232604056504
T[T>A]C,0.263500131889,0.211833439362,0.185669626396,0.356500178438,0.749167041645,0.667373517417,0.349229853368
T[T>A]G,0.16419202702,0.131997511918,0.0604839220172,0.222142154204,0.46682046898,0.618257056947,0.309733675587
T[T>A]T,0.227437055371,0.182841554318,0.121584888476,0.307708957266,0.64663476527,1.08516752675,0.237422071076
A[T>C]A,0.884895809685,0.711386827394,1.18648711531,1.19721197781,2.51588024322,3.46637743572,1.83268320917
A[T>C]C,0.553055589461,0.444613317017,0.617224811314,0.748251679858,1.57241295043,1.99085985961,1.02101137446
A[T>C]G,0.825799142306,0.663877741854,1.08267297159,1.11725766312,2.34786030656,3.66361003061,1.94918201392
A[T>C]T,0.596671611539,0.479677177904,0.855880475726,0.807261592083,1.69641928771,2.4162456246,1.33721705427
C[T>C]A,0.460304676585,0.370048857647,0.798917320809,0.622765150673,1.3087093746,2.1604682352,1.18088881014
C[T>C]C,0.571666372922,0.459574927251,0.577382830745,0.773430975129,1.62532596223,2.1617945765,0.854352133121
C[T>C]G,0.663517660853,0.533416158725,1.00307615098,0.897700364683,1.88647178086,3.45958927814,1.82015327221
C[T>C]T,0.546043395075,0.438976062707,0.512627605233,0.738764593337,1.55247631933,2.25290756393,0.840279377494
G[T>C]A,0.913680596959,0.734527538732,2.19368983083,1.23615610177,2.5977193443,4.2820769805,2.75199763398
G[T>C]C,0.828155662833,0.665772199532,1.01066711451,1.12044589677,2.35456021786,1.97122155986,1.36722134659
G[T>C]G,0.702644290886,0.564870900516,1.15187815412,0.950636393551,1.99771416036,2.76749098401,1.63398840707
G[T>C]T,0.808489742414,0.649962341941,1.3659901875,1.09383906327,2.29864730686,2.89782746673,1.85422256491
T[T>C]A,0.732678372953,0.589015946883,0.70638448636,0.991270739877,2.083105178,2.32458272779,0.930378448588
T[T>C]C,0.661539680569,0.531826017712,0.858813865952,0.895024273711,1.88084811142,2.15651079597,1.18652756389
T[T>C]G,0.537490017831,0.432099818257,0.508917543719,0.727192377066,1.52815789383,1.61237239085,0.826319437737
T[T>C]T,0.660896425874,0.531308891389,0.578480843953,0.894153987947,1.87901925003,2.216862878,0.794688622884
A[T>G]A,0.0449616527423,0.0361456424007,0.0343053206332,0.0608304713572,0.127832149954,0.394861548431,0.0236436369215
A[T>G]C,0.0905559459486,0.0727998781156,0.0675354012728,0.122516868048,0.257462983579,0.116239478787,0.0605991017161
A[T>G]G,0.102667582501,0.0825366839717,0.071255247556,0.138903199855,0.29189802868,0.437374194585,0.105181808142
A[T>G]T,0.258216531752,0.207585839252,0.267137328394,0.349351778253,0.734145041255,0.457011123105,0.132957838189
C[T>G]A,0.0592234931484,0.0476110435115,0.0302068646343,0.0801259024949,0.168380519736,0.165183992098,0.0186196072617
C[T>G]C,0.133183683221,0.107069235531,0.172596407167,0.180189689064,0.378659491512,0.531277344876,0.226599421764
C[T>G]G,0.160327455344,0.128890699394,0.169143766048,0.216913616053,0.455832961271,0.994985565153,0.405810747966
C[T>G]T,0.424831037644,0.341530834185,0.441276926388,0.574771403872,1.20785295016,2.15031909249,0.405694469267
G[T>G]A,0.0163586261886,0.0131510524261,0.00617125164563,0.022132258961,0.0465098195557,0.229743789727,0.00873535086293
G[T>G]C,0.0537325040208,0.0431967189187,0.0604627558045,0.0726969172046,0.152768883981,0.166194240681,0.101188556297
G[T>G]G,0.119624186797,0.0961684638953,0.0530011264929,0.161844488019,0.340107982069,0.48683614957,0.227197974125
G[T>G]T,0.227923810648,0.183232867383,0.237479796725,0.308367508523,0.648018677331,0.858107293304,0.253487624386
T[T>G]A,0.124604126925,0.100171945175,0.046882161975,0.168582054075,0.354266635375,0.384770048183,0.0505113309146
T[T>G]C,0.18302219964,0.147135493828,0.139338586325,0.247618270101,0.520357234271,0.296863097381,0.125613873854
T[T>G]G,0.109091987371,0.0877014016117,0.0819587339775,0.147595041737,0.310163493505,0.526004674471,0.150244939128
T[T>G]T,0.871578918915,0.700681091677,0.55049849278,1.17919500794,2.47801849496,1.31966548099,0.346277017074
