,1,3,2,5,4,7,6
A[C>A]A,0.537411039918,1.08180144399,0.244277745417,0.139587283096,1.172533178,0.704915779633,0.237298381263
A[C>A]C,0.459106613845,0.924175651246,0.208684824475,0.119248471128,1.00168715748,0.602204779199,0.202722400918
A[C>A]G,0.127363021205,0.256380107621,0.0578922823661,0.0330813042092,0.277882955357,0.167060586256,0.0562382171556
A[C>A]T,0.515246481022,1.03718447479,0.234202945919,0.133830254811,1.12417414041,0.675842786796,0.227511433179
C[C>A]A,0.723210221474,1.45581278349,0.328731918852,0.187846810773,1.57791321049,0.948626394401,0.319339578313
C[C>A]C,0.523280697165,1.05335724754,0.237854862348,0.135917064199,1.14170333927,0.686381174204,0.231059009138
C[C>A]G,0.177991010044,0.358293591647,0.0809050045653,0.0462314311802,0.388344021914,0.23346872746,0.0785934330063
C[C>A]T,0.892233170858,1.79605378549,0.405560532208,0.231748875547,1.9466905546,1.17033182151,0.393973088431
G[C>A]A,0.499901641726,1.00629551257,0.227228018967,0.129844582267,1.09069449104,0.655715140446,0.220735789853
G[C>A]C,0.804112445741,1.61866791026,0.365505657155,0.208860375517,1.75442715434,1.05474489636,0.355062638379
G[C>A]G,0.231257585019,0.465518515298,0.1051170841,0.0600669051997,0.504562003678,0.303337871259,0.10211373884
G[C>A]T,0.755813448566,1.5214426562,0.34355156753,0.196315181446,1.64904752414,0.991391666301,0.333735808458
T[C>A]A,0.627126002267,1.26239649807,0.285057273758,0.162889870719,1.36827491404,0.82259384713,0.276912780222
T[C>A]C,0.723544154616,1.45648498657,0.328883706644,0.187933546654,1.57864179189,0.949064410601,0.319487029311
T[C>A]G,0.11873158759,0.239005143849,0.0539689034499,0.0308393733999,0.259050736559,0.15573883567,0.0524269347799
T[C>A]T,1.16111593007,2.3373112878,0.527779968212,0.301588553264,2.53334384742,1.52302219398,0.512700540549
A[C>G]A,0.366033190017,0.736820057826,0.166378722735,0.0950735558486,0.798617869128,0.480121457035,0.161625044943
A[C>G]C,0.20324538785,0.409130326191,0.0923842672044,0.0527910098311,0.443444482581,0.266594599647,0.0897447167128
A[C>G]G,0.0662483996524,0.133357168131,0.0301129089329,0.0172073765331,0.144541962878,0.0868972514921,0.0292525401062
A[C>G]T,0.348546585156,0.70161974934,0.15843026598,0.09053158056,0.760465276704,0.457184481828,0.153903686952
C[C>G]A,0.289997617214,0.58376143725,0.131817098734,0.0753240564193,0.632722073922,0.380386484918,0.128050895913
C[C>G]C,0.257950431174,0.519250867948,0.117250195988,0.0670001119933,0.562800940744,0.338350565566,0.113900190389
C[C>G]G,0.0767435307424,0.154483730715,0.0348834230647,0.0199333846084,0.167440430711,0.100663592273,0.0338867538343
C[C>G]T,0.365327122998,0.735398754087,0.166057783181,0.0948901618177,0.797077359268,0.479195317179,0.16131327509
G[C>G]A,0.190207472523,0.382885171961,0.0864579420557,0.0494045383176,0.414998121867,0.249492918504,0.0839877151398
G[C>G]C,0.232838417837,0.46870071123,0.105835644471,0.0604775111265,0.508011093462,0.305411431189,0.102811768915
G[C>G]G,0.0478205696931,0.0962621857458,0.0217366225878,0.012420927193,0.104335788421,0.0627256823247,0.0211155762281
G[C>G]T,0.247780796254,0.498779524927,0.112627634661,0.0643586483777,0.540612646373,0.325011174307,0.109409702242
T[C>G]A,0.886660121196,1.7848353089,0.403027327816,0.230301330181,1.93453117352,1.16302171741,0.391512261307
T[C>G]C,0.451438669287,0.908740178434,0.20519939513,0.117256797217,0.984957096625,0.592146825947,0.199336555269
T[C>G]G,0.0685490760215,0.137988399783,0.0311586709188,0.0178049548108,0.14956162041,0.0899150217944,0.0302684231783
T[C>G]T,1.20061758875,2.41682761372,0.545735267615,0.311848724351,2.61952928455,1.57483605797,0.530142831397
A[C>T]A,0.757611413325,1.52506193591,0.344368824239,0.196782185279,1.65297035635,0.993750035661,0.334529714975
A[C>T]C,1.02744638511,2.06823622977,0.467021084142,0.266869190938,2.24170120388,1.34768941424,0.453677624595
A[C>T]G,1.10483154044,2.22401154245,0.502196154746,0.286969231283,2.41054154278,1.44919461798,0.487847693182
A[C>T]T,0.627639268863,1.26342969706,0.285290576756,0.163023186718,1.36939476843,0.823267092924,0.27713941742
C[C>T]A,2.18926385107,4.40695970021,0.995119932305,0.568639961317,4.77657567506,2.87163180465,0.966687934239
C[C>T]C,2.87243468458,5.78217371572,1.30565212936,0.74608693106,6.26713022091,3.76773900185,1.2683477828
C[C>T]G,1.31744276674,2.6519951798,0.598837621245,0.342192926425,2.87442058197,1.72807427845,0.581727974923
C[C>T]T,2.49427100386,5.02093513764,1.13375954721,0.647862598406,5.44204582661,3.27170612195,1.10136641729
G[C>T]A,1.09011844746,2.19439427735,0.495508385208,0.28314764869,2.378440249,1.42989562588,0.481351002773
G[C>T]C,2.10160173249,4.23049699397,0.955273514767,0.545870579867,4.58531287088,2.75664642833,0.927979985774
G[C>T]G,1.13588467054,2.28652109005,0.516311213883,0.295034979362,2.47829382664,1.48992664578,0.501559464915
G[C>T]T,1.50908376747,3.03776602542,0.68594716703,0.391969809731,3.29254640174,1.97944753914,0.666348676543
T[C>T]A,3.2021108153,6.44580748533,1.45550491604,0.831717094882,6.98642359701,4.20017132915,1.4139190613
T[C>T]C,6.29569009738,12.6731424038,2.86167731699,1.63524418114,13.7360511215,8.25798311474,2.77991510793
T[C>T]G,2.62680925865,5.28773292326,1.19400420848,0.68228811913,5.73122020069,3.44555500161,1.15988980252
T[C>T]T,2.28039534372,4.59040621139,1.03654333805,0.592310478889,4.97540802266,2.99116791839,1.00692781411
A[T>A]A,1.1908284325,2.39712216932,0.541285651137,0.309306086364,2.59817112546,1.56199573614,0.525820346819
A[T>A]C,0.636596739471,1.28146096907,0.289362154305,0.16534980246,1.38893834066,0.835016502424,0.281094664182
A[T>A]G,0.869076928321,1.74944057,0.395034967419,0.225734267096,1.89616784361,1.13995804884,0.383748254064
A[T>A]T,0.484142344653,0.974572252223,0.220064702115,0.125751258351,1.05631057015,0.635043854674,0.213777139197
C[T>A]A,1.9810977945,3.98792413178,0.9004989975,0.514570855714,4.322395188,2.59858282136,0.874770454714
C[T>A]C,0.816878288139,1.64436538521,0.37130831279,0.212176178737,1.78227990139,1.07148970262,0.360699503854
C[T>A]G,2.27486393189,4.57927155121,1.03402905995,0.590873748543,4.96333948776,2.98391243014,1.00448537252
C[T>A]T,0.909047967224,1.8299017522,0.413203621465,0.236116355123,1.98337738303,1.19238759337,0.401397803709
G[T>A]A,0.938345913957,1.88887813849,0.426520869981,0.243726211418,2.04730017591,1.23081736766,0.41433455941
G[T>A]C,0.38091572148,0.766778400383,0.173143509764,0.0989391484365,0.831088846866,0.499642699604,0.168196552342
G[T>A]G,0.655787620845,1.32009196404,0.298085282202,0.170334446973,1.43080935457,0.860188957212,0.289568559853
G[T>A]T,0.335391735756,0.675139208341,0.15245078898,0.0871147365601,0.731763787105,0.439929419628,0.148095052152
T[T>A]A,0.753961453348,1.51771461388,0.342709751522,0.195834143727,1.6450068073,0.98896242582,0.332918044335
T[T>A]C,0.52157058837,1.04991482075,0.237077540168,0.135472880096,1.13797219281,0.684138044486,0.230303896164
T[T>A]G,0.835783371479,1.68242107246,0.37990153249,0.217086589995,1.82352735595,1.09628727947,0.369047202991
T[T>A]T,0.588975058901,1.18559914454,0.267715935864,0.15298053478,1.28503649215,0.772551700637,0.260066909125
A[T>C]A,0.912159937971,1.8361661089,0.414618153623,0.236924659213,1.99016713739,1.19646952903,0.402771920662
A[T>C]C,0.435049262851,0.875748516129,0.197749664932,0.112999808533,0.949198391676,0.570649033091,0.192099674506
A[T>C]G,0.668565274588,1.34581321508,0.303893306631,0.173653318075,1.45868787183,0.876949256277,0.295210640727
A[T>C]T,0.695878161887,1.4007937025,0.316308255403,0.180747574516,1.51827962594,0.912775251307,0.307270876677
C[T>C]A,0.49891763829,1.00431472643,0.226780744677,0.129588996959,1.08854757445,0.654424434641,0.22030129483
C[T>C]C,0.438322852031,0.882338208634,0.199237660014,0.113850091437,0.956340768068,0.574942961755,0.193545155442
C[T>C]G,0.515937116103,1.03857471423,0.234516870956,0.134009640546,1.12568098059,0.676748684758,0.227816388928
C[T>C]T,0.610981460184,1.22989774453,0.277718845538,0.158696483165,1.33305045858,0.801417239982,0.26978402138
G[T>C]A,1.98047963821,3.98667979121,0.900218017369,0.51441029564,4.32104648337,2.59777199298,0.874497502587
G[T>C]C,1.09981133199,2.21390592804,0.499914241816,0.285665281038,2.39958836072,1.44260966924,0.485630977764
G[T>C]G,1.28002202631,2.5766677153,0.581828193778,0.332473253587,2.79277533013,1.67898993062,0.565204531098
G[T>C]T,1.63433309478,3.2898912947,0.742878679448,0.424502102541,3.56581766135,2.14373561783,0.721653574321
T[T>C]A,0.768627436892,1.54723704829,0.349376107678,0.199643490102,1.67700531685,1.00819962501,0.339393933173
T[T>C]C,0.674940214062,1.35864588545,0.306791006392,0.17530914651,1.47259683068,0.885311189874,0.298025549066
T[T>C]G,0.51941256239,1.04557074247,0.236096619268,0.134912353868,1.13326377249,0.681307387031,0.229351001575
T[T>C]T,0.602968941017,1.2137686475,0.274076791371,0.156615309355,1.31556859858,0.790907312243,0.266246025904
A[T>G]A,0.077614819006,0.156237622674,0.0352794631845,0.0201596932483,0.169341423286,0.101806450904,0.0342714785221
A[T>G]C,0.0894965267939,0.180155346144,0.0406802394518,0.0232458511153,0.195265149368,0.117391548132,0.039517946896
A[T>G]G,0.188952400632,0.380358728545,0.0858874548328,0.0490785456187,0.412259783197,0.247846655375,0.0834335275518
A[T>G]T,0.178277952163,0.358871202407,0.0810354328015,0.0463059616009,0.388970077447,0.233845106084,0.0787201347215
C[T>G]A,0.0496158370844,0.0998760356893,0.0225526532202,0.0128872304115,0.108252735457,0.0650805135782,0.0219082916996
C[T>G]C,0.144065576343,0.290002134197,0.0654843528832,0.037419630219,0.31432489384,0.188969132606,0.0636133713723
C[T>G]G,0.222708096681,0.448308506306,0.101230953037,0.0578462588782,0.485908574576,0.292123607335,0.0983386400929
C[T>G]T,0.303321011327,0.610581256566,0.137873186967,0.0787846782666,0.66179129744,0.397862625246,0.133933953053
G[T>G]A,0.0503507335566,0.101355372744,0.0228866970712,0.0130781126121,0.109856145942,0.0660444686911,0.0222327914406
G[T>G]C,0.0751472531994,0.151270444752,0.0341578423634,0.0195187670648,0.163957643344,0.0985697736771,0.0331819040101
G[T>G]G,0.29056904946,0.584911722939,0.132076840664,0.0754724803793,0.633968835186,0.381136025915,0.128303216645
G[T>G]T,0.193211265715,0.388931768646,0.0878233025975,0.0501847443414,0.421551852468,0.253432958924,0.0853140653804
T[T>G]A,0.122442796959,0.246475760112,0.0556558167995,0.0318033238854,0.267147920638,0.160606785621,0.0540656506052
T[T>G]C,0.153023692159,0.308034704995,0.0695562237086,0.0397464135478,0.333869873801,0.200719388416,0.0675689030312
T[T>G]G,0.219581338025,0.442014381738,0.0998096991021,0.0570341137726,0.47908655569,0.288022274552,0.0969579934135
T[T>G]T,0.321865735949,0.647911546391,0.14630260725,0.0836014898569,0.702252514798,0.422187523777,0.142122532757
