,1,3,2,5,4,7,6
A[C>A]A,0.456574072272,0.715299379892,0.471793208014,2.60247221195,1.27840740236,2.49767321906,1.64320606517
A[C>A]C,0.389839345765,0.610748308364,0.402833990623,2.22208427086,1.09155016814,1.98220572705,1.30408271516
A[C>A]G,0.106285350695,0.166513716089,0.109828195718,0.605826498961,0.297598981946,0.647942809729,0.426278164295
A[C>A]T,0.36840665786,0.577170430648,0.380686879789,2.0999179498,1.03153864201,1.40693695865,0.925616420162
C[C>A]A,0.502862749092,0.787818306911,0.519624840728,2.86631766982,1.40801569746,2.27555364418,1.49707476591
C[C>A]C,0.481180729531,0.753849809599,0.497220087183,2.74273015833,1.34730604269,1.92723028431,1.26791466073
C[C>A]G,0.0683043858656,0.107010204523,0.0705811987277,0.389334999434,0.191252280424,0.530636138605,0.349102722766
C[C>A]T,0.475959549301,0.745669960572,0.491824867611,2.71296943102,1.33268673804,2.90424891754,1.91069007733
G[C>A]A,0.39462657562,0.618248301805,0.407780794808,2.24937148104,1.10495441174,2.59309214732,1.70598167587
G[C>A]C,0.3769695645,0.590585651049,0.38953521665,2.14872651765,1.0555147806,2.39037318537,1.57261393775
G[C>A]G,0.129879458328,0.203477818047,0.134208773606,0.74031291247,0.363662483319,0.729143753053,0.479699837535
G[C>A]T,0.321123208023,0.503093025903,0.331827314957,1.83040228573,0.899144982465,2.25610944042,1.48428252659
T[C>A]A,0.549880567698,0.861479556061,0.568209919955,3.13431923588,1.53966558956,2.76206357997,1.81714709209
T[C>A]C,0.455495722387,0.713609965073,0.470678913133,2.5963256176,1.27538802268,2.27764476135,1.49845050089
T[C>A]G,0.0798050955332,0.125027983002,0.0824652653843,0.454889044539,0.223454267493,0.585708839358,0.385334762735
T[C>A]T,1.23387000671,1.93306301051,1.27499900693,7.03305903825,3.45483601879,3.37105799472,2.21780131232
A[C>G]A,0.136977565278,0.214598185602,0.14154348412,0.780772122082,0.383537182777,0.638007087098,0.41974150467
A[C>G]C,0.0712886167689,0.111685499605,0.0736649039946,0.406345115583,0.199608126953,0.349838151885,0.230156678872
A[C>G]G,0.0193324151809,0.0302874504501,0.0199768290203,0.110194766531,0.0541307625066,0.0992057086203,0.065266913566
A[C>G]T,0.111934787809,0.1753645009,0.115665947402,0.63802829051,0.313417405865,0.488918363402,0.321656818028
C[C>G]A,0.118761651565,0.186059920786,0.122720373284,0.676941413923,0.332532624383,0.399841803948,0.263053818387
C[C>G]C,0.11144916883,0.174603697834,0.115164141125,0.635260262333,0.312057672725,0.34834106773,0.229171755086
C[C>G]G,0.0396379824604,0.0620995058546,0.0409592485424,0.225936500024,0.110986350889,0.158886462199,0.104530567236
C[C>G]T,0.136377677443,0.213658361327,0.140923600024,0.777352761423,0.381857496839,0.433554793329,0.285233416664
G[C>G]A,0.0682008424181,0.106847986455,0.070474203832,0.388744801783,0.190962358771,0.240110530701,0.157967454409
G[C>G]C,0.0794921742278,0.124537739623,0.0821419133687,0.453105393098,0.222578087838,0.293115959898,0.192839447301
G[C>G]G,0.0334467664973,0.0523999341791,0.0345616587139,0.190646569035,0.0936509461925,0.102897372338,0.0676956396962
G[C>G]T,0.0916082947301,0.143519661744,0.0946619045544,0.522167279962,0.256503225244,0.417343475552,0.274568076021
T[C>G]A,0.2462945955,0.385861532951,0.25450441535,1.40387919435,0.689624867401,3.36055098716,2.21088880734
T[C>G]C,0.140798070906,0.220583644419,0.145491339936,0.802549004163,0.394234598536,0.522994076529,0.344075050348
T[C>G]G,0.0258418268447,0.0404855287234,0.0267032210728,0.147298413015,0.0723571151651,0.199240023695,0.131078962957
T[C>G]T,0.31804375977,0.498268556973,0.328645218429,1.81284943069,0.890522527356,5.62666872631,3.70175574099
A[C>T]A,0.306889428972,0.480793438722,0.317119076604,1.74926974514,0.859290401121,1.93703966354,1.2743681997
A[C>T]C,0.303351565482,0.475250785922,0.313463284332,1.72910392325,0.849384383351,1.32147937504,0.869394325681
A[C>T]G,0.273561999892,0.428580466498,0.282680733222,1.55930339939,0.765973599698,2.84696094965,1.87300062477
A[C>T]T,0.27849471354,0.436308384546,0.287777870658,1.58741986718,0.779785197913,1.20345323704,0.791745550682
C[C>T]A,0.405655068679,0.635526274264,0.419176904302,2.31223389147,1.1358341923,2.5884145195,1.70290428915
C[C>T]C,0.596198471344,0.934044271773,0.616071753723,3.39833128666,1.66935571976,1.7714058207,1.16539856625
C[C>T]G,0.231717187757,0.363023594153,0.239441094016,1.32078797022,0.64880812572,2.2315965076,1.46815559711
C[C>T]T,0.642377218852,1.0063909762,0.663789792814,3.66155014746,1.79865621279,2.14506961578,1.41123001038
G[C>T]A,0.256260273616,0.401474428666,0.264802282737,1.46068355961,0.717528766126,2.0089154974,1.3216549325
G[C>T]C,0.513405226178,0.804334854346,0.530518733718,2.92640978922,1.4375346333,1.78811212561,1.17638955632
G[C>T]G,0.249879787679,0.39147833403,0.258209113935,1.42431478977,0.699663405501,1.85275605011,1.21891845402
G[C>T]T,0.4174714015,0.654038529016,0.431387114883,2.37958698855,1.1689199242,1.70639125063,1.12262582278
T[C>T]A,0.255863004368,0.400852040177,0.264391771181,1.4584191249,0.716416412231,28.862083023,18.9882125151
T[C>T]C,0.291835706315,0.457209273227,0.301563563192,1.663463526,0.817139977682,6.510767815,4.28339987829
T[C>T]G,0.560613043387,0.878293767972,0.579300144833,3.1954943473,1.56971652148,4.42845200085,2.91345526372
T[C>T]T,0.338540845316,0.530380657662,0.34982554016,1.9296828183,0.947914366885,16.3464693577,10.7542561564
A[T>A]A,0.655121113513,1.02635641117,0.676958483963,3.73419034702,1.83433911784,0.938774503404,0.617614804871
A[T>A]C,0.21916323205,0.343355730212,0.226468673119,1.24923042269,0.613657049741,0.548183345229,0.36064693765
A[T>A]G,0.744234508513,1.16596739667,0.769042325464,4.24213669852,2.08385662384,1.27901556739,0.841457610125
A[T>A]T,0.35780758389,0.560565214762,0.369734503353,2.03950322818,1.00186123489,0.984395865081,0.647628858606
C[T>A]A,1.05627188219,1.65482594876,1.09148094493,6.02074972848,2.95756127013,1.29975790974,0.855103887989
C[T>A]C,0.654541611035,1.02544852395,0.676359664736,3.7308871829,1.8327165109,1.57364848785,1.0352950578
C[T>A]G,2.11736266466,3.31720150797,2.18794142015,12.0689671886,5.92861546105,3.28778097719,2.16301380078
C[T>A]T,0.786770474643,1.23260707694,0.812996157132,4.48459170547,2.202957329,1.798802549,1.18342272961
G[T>A]A,0.625084118221,0.97929845188,0.645920255495,3.56297947386,1.75023553102,0.873445755072,0.574635365179
G[T>A]C,0.169825900228,0.266060577023,0.175486763569,0.968007631298,0.475512520638,0.437568510423,0.287874020015
G[T>A]G,0.570740936382,0.894160800332,0.589765634261,3.25322333738,1.59807462187,0.966223089758,0.635673085367
G[T>A]T,0.237483328823,0.372057215156,0.245399439783,1.35365497429,0.664953320703,0.471175364052,0.30998379214
T[T>A]A,0.565769513164,0.88637223729,0.584628496936,3.22488622503,1.58415463686,0.985240238447,0.648184367399
T[T>A]C,0.340190035732,0.532964389313,0.351529703589,1.93908320367,0.952532100048,0.809597948638,0.532630229367
T[T>A]G,0.738284901878,1.15664634628,0.762894398607,4.2082239407,2.06719772526,1.26206579571,0.830306444547
T[T>A]T,0.455123480663,0.713026786372,0.470294263352,2.59420383978,1.27434574586,1.1884545307,0.781877980726
A[T>C]A,0.462566276479,0.724687166483,0.477985152361,2.63662777593,1.29518557414,1.59237817571,1.04761722086
A[T>C]C,0.14346778416,0.224766195185,0.148250043632,0.817766369715,0.401709795649,0.925601646633,0.608948451732
A[T>C]G,0.265792096091,0.416407617209,0.274651832627,1.51501494772,0.744217869054,1.58303466022,1.0414701712
A[T>C]T,0.322294572398,0.504928163424,0.333037724811,1.83707906267,0.902424802715,1.20528280804,0.792949215819
C[T>C]A,0.179010170417,0.280449266986,0.184977176097,1.02035797137,0.501228477166,1.17798534423,0.774990358044
C[T>C]C,0.188305635774,0.295012162713,0.1945824903,1.07334212391,0.527255780168,2.03949631043,1.34177388844
C[T>C]G,0.21479571704,0.33651329003,0.221955574275,1.22433558713,0.601428007713,2.36277905588,1.55445990518
C[T>C]T,0.239907329217,0.375854815773,0.247904240191,1.36747177654,0.671740521807,2.04538865194,1.34565042891
G[T>C]A,0.179806947357,0.28169755086,0.185800512269,1.02489959994,0.503459452601,0.750400305343,0.49368441141
G[T>C]C,0.116314244565,0.182225649819,0.120191386051,0.662991194022,0.325679884783,0.773018617119,0.508564879684
G[T>C]G,0.137740322484,0.215793171891,0.142331666566,0.785119838156,0.385672902954,0.915850489008,0.602533216453
G[T>C]T,0.176565215725,0.276618837969,0.182450722915,1.00642172963,0.494382604029,0.843804136383,0.555134300252
T[T>C]A,0.184942113152,0.289742643937,0.191106850257,1.05417004496,0.517837916824,1.04054708626,0.684570451488
T[T>C]C,0.165158358899,0.258748095609,0.170663637529,0.941402645725,0.462443404918,1.38545811873,0.911485604429
T[T>C]G,0.123502104688,0.193486630678,0.127618841511,0.703961996722,0.345805893127,0.993987216874,0.65393895847
T[T>C]T,0.227778667871,0.356853246332,0.235371290134,1.29833840687,0.63778027004,1.29868025642,0.85439490554
A[T>G]A,0.146316675838,0.229229458813,0.151193898366,0.834005052276,0.409686692346,0.650526934108,0.427978246123
A[T>G]C,0.0461180800975,0.0722516588195,0.0476553494341,0.262873056556,0.129130624273,0.569867861965,0.374913067082
A[T>G]G,0.0908390818193,0.142314561517,0.0938670512133,0.51778276637,0.254349429094,0.472146860587,0.310622934597
A[T>G]T,0.167628693602,0.262618286643,0.173216316722,0.955483553531,0.469360342085,2.70644215386,1.78055404859
C[T>G]A,0.0971114734067,0.152141308337,0.10034852252,0.553535398418,0.271912125539,0.571477020328,0.3759717239
C[T>G]C,0.0829928752425,0.130022171213,0.0857593044172,0.473059388882,0.232380050679,1.23178486296,0.810384778262
C[T>G]G,0.166024524785,0.26010508883,0.171558675611,0.946339791274,0.464868669398,1.10764113798,0.728711274987
C[T>G]T,0.338695360724,0.530622731801,0.349985206082,1.93056355613,0.948347010028,6.3579835339,4.18288390388
G[T>G]A,0.0299508914736,0.0469230633087,0.0309492545227,0.1707200814,0.0838624961261,0.127024443644,0.0835687129237
G[T>G]C,0.012175774852,0.0190753806015,0.0125816340138,0.0694019166565,0.0340921695856,0.146200466186,0.0961845172279
G[T>G]G,0.0924408773408,0.144824041167,0.0955222399188,0.526913000843,0.258834456554,0.478971653575,0.315112929984
G[T>G]T,0.119871164308,0.187798157416,0.123866869785,0.683265636556,0.335639260062,1.8599402377,1.22364489322
T[T>G]A,0.194251706099,0.304327672888,0.200726762969,1.10723472476,0.543904777077,0.949824770935,0.62488471772
T[T>G]C,0.0898868290538,0.140822698851,0.0928830566889,0.512354925607,0.251683121351,0.997162263505,0.656027804937
T[T>G]G,0.123290763396,0.19315552932,0.127400455509,0.702757351357,0.345214137509,0.661518555813,0.435209576192
T[T>G]T,0.51801820778,0.811561858856,0.535285481373,2.95270378435,1.45045098178,7.10716112552,4.67576389837
