,1,3,2,5,4,7,6
A[C>A]A,2.38925092732,1.16584967385,2.98240614241,0.314414837244,0.45887570841,0.166288849396,0.144598999475
A[C>A]C,1.78840352016,0.892565320408,2.2833066336,0.263150914397,0.384058091282,0.181641980217,0.157949548015
A[C>A]G,0.457422841838,0.304586202979,0.779174007621,0.0497088161899,0.0725480020069,0.0211925572214,0.0184283106273
A[C>A]T,1.81830479586,0.772141161727,1.97524483232,0.303292764646,0.442643494348,0.157773450711,0.137194304966
C[C>A]A,2.88710833594,1.30330752104,3.3340424957,0.402588315994,0.587561326045,0.405751361104,0.352827270525
C[C>A]C,2.0286213302,1.1811158107,3.02145905064,0.392337819232,0.572601141582,0.703758953765,0.611964307622
C[C>A]G,0.578514359054,0.255839624222,0.654473457311,0.0918764575797,0.134089965116,0.242577066166,0.210936579274
C[C>A]T,2.42575695304,1.41642165072,3.62340422277,0.796023552678,1.16176410391,1.55157993033,1.34919993942
G[C>A]A,2.26675599748,1.2648551484,3.23567596103,0.257900227073,0.376394925999,0.16993190345,0.147766872565
G[C>A]C,2.49431175442,0.967477054409,2.47494130198,0.242009445018,0.353202973811,0.27777163184,0.241540549426
G[C>A]G,0.843552243314,0.369941885545,0.946362963023,0.0476717471735,0.0695749823613,0.0719944734876,0.0626038899892
G[C>A]T,1.91032654398,1.03878241031,2.65735035195,0.365470178787,0.533388909581,0.45333688783,0.394205989418
T[C>A]A,2.18636204536,1.13801505116,2.91120129367,0.381911162623,0.557383858964,0.287316119184,0.249840103639
T[C>A]C,2.22927214257,1.15850018191,2.96360511651,0.347347681198,0.506939859045,0.241964008688,0.210403485816
T[C>A]G,0.455098718061,0.248419699004,0.635492253266,0.0622410973303,0.0908383582659,0.0664340818284,0.0577687668073
T[C>A]T,2.74391183783,1.43002250014,3.65819709339,1.37000968304,1.99947359146,0.439177578924,0.38189354689
A[C>G]A,0.68779974339,0.305227911562,0.780815587716,0.0876761194,0.127959741827,0.0824014465405,0.0716534317744
A[C>G]C,0.39861365832,0.158368857227,0.405129634767,0.0550816659338,0.0803894583899,0.0527370321802,0.0458582888524
A[C>G]G,0.0329647800985,0.0571282227991,0.1461419653,0.00678228935486,0.00989847635574,0.00499124561907,0.0043402135818
A[C>G]T,0.714892296921,0.261289126202,0.668414043772,0.0843973938502,0.123174574808,0.101367620708,0.0881457571375
C[C>G]A,0.58993782886,0.253337133925,0.648071737948,0.0554812520639,0.0809726381474,0.033142886091,0.0288199009487
C[C>G]C,0.655609243632,0.221979587358,0.567854758357,0.0516214353857,0.0753393921845,0.0345616081438,0.0300535722989
C[C>G]G,0.166792115747,0.118623497398,0.30345545846,0.0113874585913,0.0166195341602,0.0216900256707,0.0188608918876
C[C>G]T,0.781400455708,0.297389223169,0.760763129037,0.0585388322493,0.0854350524719,0.0607600906399,0.052834861426
G[C>G]A,0.339939248964,0.154834178707,0.396087433901,0.0378380998634,0.0552231727737,0.0300822491131,0.0261584774897
G[C>G]C,0.417498259264,0.181164134873,0.463443135721,0.0452600275455,0.0660551753367,0.0954324684908,0.0829847552094
G[C>G]G,0.0911624907006,0.0748314636498,0.191429325616,0.0018290492682,0.00266942325629,0.00398730693478,0.00346722342155
G[C>G]T,0.389196641295,0.201523131705,0.515524290408,0.0445217249785,0.0649776526713,0.0779815805745,0.0678100700648
T[C>G]A,1.20009069788,1.43514543812,3.67130228357,0.0956418059682,0.13958533844,0.185486173246,0.161292324562
T[C>G]C,0.70764360054,0.540603576838,1.38293938261,0.0654892754905,0.0955789426078,0.0653569427466,0.0568321241275
T[C>G]G,0.0528493408969,0.0887237666436,0.226967775135,0.00573373690525,0.00836815656441,0.0108250441644,0.00941308188211
T[C>G]T,1.89113432423,1.80944622211,4.62881591702,0.136111340286,0.19864898312,0.366091547579,0.318340476156
A[C>T]A,2.09716341268,0.59955787547,1.53375270469,0.63623278244,0.928555952751,1.50351701623,1.30740610107
A[C>T]C,2.79864031539,0.439015279386,1.12306234262,0.91721204867,1.33863380076,3.2165872318,2.79703237548
A[C>T]G,2.24079525009,0.783107013505,2.00329701129,1.10277926635,1.60946163197,2.5947453135,2.25630027261
A[C>T]T,2.23141818093,0.487022206009,1.24587075956,0.681330736192,0.994374587956,1.83157657944,1.59267528647
C[C>T]A,3.09169646308,0.564105512226,1.44306061267,0.699128372183,1.02034951616,1.6934079538,1.47252865548
C[C>T]C,5.50550308479,0.509162086583,1.30250766335,1.27579289152,1.86196800385,5.07145838013,4.40996380881
C[C>T]G,1.92458540794,0.695789684705,1.77992710041,0.809001617557,1.18070506346,2.64783851307,2.30246827224
C[C>T]T,5.77968835758,0.657980422383,1.68320573168,1.05797489039,1.54407146166,3.7239950786,3.23825659009
G[C>T]A,2.95792948393,0.660933526375,1.69076018375,0.708130917138,1.03348836555,2.97246882708,2.58475550181
G[C>T]C,5.52249565423,0.70746347556,1.80979028632,1.14803758492,1.67551431312,6.25716367518,5.44101189146
G[C>T]G,2.54288521116,0.936175606151,2.39486782969,0.86569866452,1.26345210497,4.52139081689,3.9316441886
G[C>T]T,4.34977138683,0.608223383702,1.55592028389,0.861915412549,1.2579306021,3.98170785617,3.46235465754
T[C>T]A,2.69344571575,0.884600597991,2.2629317623,1.08928363851,1.58976531026,2.65530658407,2.30896224702
T[C>T]C,3.40516901579,0.523521947883,1.33924219226,1.59498153447,2.32781088815,3.51080604146,3.05287481866
T[C>T]G,1.45745351712,0.370494932293,0.947777733772,1.29561283383,1.89089440612,1.36733815405,1.18898969917
T[C>T]T,2.42609952519,0.629361631135,1.60999487034,1.25081647306,1.82551593366,2.88272187565,2.50671467448
A[T>A]A,0.851217412718,0.225442101996,0.576712353942,0.210245657242,0.306845013272,0.0919222502496,0.0799323915214
A[T>A]C,0.889005440457,0.214841264775,0.549593933146,0.152540327576,0.222626424029,0.175258430055,0.15239863483
A[T>A]G,0.903874214833,0.292649069262,0.748637153926,0.126645885227,0.184834535196,0.0725866356934,0.0631188136464
A[T>A]T,1.24059344154,0.318320996186,0.814309525127,0.226970506133,0.331254252194,0.264893276814,0.230341979838
C[T>A]A,0.7001539294,0.217408423904,0.556161084406,0.230428608684,0.336301212674,0.0641689676643,0.0557991023168
C[T>A]C,1.19781389254,0.359734705669,0.920251572642,0.205400991518,0.299774420053,0.186515437782,0.162187337202
C[T>A]G,1.19094397664,0.606977309904,1.55273265324,0.114967623384,0.167790585479,0.116933912551,0.101681663087
C[T>A]T,1.3020598606,0.410724479426,1.05069052876,0.183495856677,0.267804763799,0.177887028885,0.154684372944
G[T>A]A,0.450229380459,0.173669555664,0.44427095635,0.106974232952,0.156124556201,0.026937098965,0.0234235643174
G[T>A]C,0.570788356698,0.163908017994,0.419299580914,0.0977295811377,0.14263236166,0.12497728848,0.108675903026
G[T>A]G,0.527847113744,0.259968133246,0.665034759468,0.066712815826,0.0973646501244,0.0710706609769,0.0618005747625
G[T>A]T,0.760682099377,0.222411807695,0.568960438289,0.118550742106,0.173020001992,0.117666652276,0.102318828066
T[T>A]A,0.880227225579,0.240936738554,0.616349796301,0.177928123805,0.259678883391,0.101476939001,0.0882408165223
T[T>A]C,0.927584673132,0.219513486324,0.561546127804,0.229203745698,0.334513574802,0.0755153353682,0.0656655090158
T[T>A]G,0.714955192808,0.215662810362,0.55169556139,0.0823666540089,0.120210792337,0.0637829707706,0.055463452844
T[T>A]T,1.26772915589,0.324942545216,0.831248371484,0.251611485256,0.367216762266,0.117207161799,0.10191927113
A[T>C]A,4.28121222469,0.716543168892,1.83301740879,0.801171884294,1.16927788519,0.537946800224,0.467779826282
A[T>C]C,1.36247721231,0.253899513251,0.649510382734,0.55605912049,0.811545743418,0.292445783647,0.254300681432
A[T>C]G,2.66660181099,0.542034845137,1.38660076663,0.888419663529,1.29661248191,0.715515291703,0.622187210177
A[T>C]T,3.35642330901,0.563488119571,1.44148123611,0.49452580421,0.721740362901,0.32015126384,0.278392403339
C[T>C]A,1.33675912858,0.226454744063,0.579302833649,0.495002306259,0.722435798324,0.260892200004,0.226862782613
C[T>C]C,1.52179790616,0.287577287783,0.735662829213,0.624105691801,0.910856955601,0.305075282043,0.265282853951
C[T>C]G,1.8257166534,0.424322893851,1.08547717032,0.795971370109,1.16168794557,0.859593185402,0.747472335132
C[T>C]T,1.78666583296,0.352211272984,0.901005582052,0.536777220242,0.783404591704,0.480215955934,0.417579092117
G[T>C]A,2.16549931599,0.311184963293,0.796054557261,0.904396526485,1.31993006568,0.482424407786,0.419499485032
G[T>C]C,1.22902336627,0.206605852158,0.528526598544,0.492971613601,0.719472084716,0.534683371597,0.464942062259
G[T>C]G,1.45249666176,0.281617090814,0.720415813709,0.697803222444,1.01841551384,0.45825349257,0.398481297887
G[T>C]T,1.71554897225,0.276373137513,0.707001049451,0.709567299714,1.03558470769,0.293104174245,0.254873194995
T[T>C]A,1.62029521158,0.30243954741,0.773682563141,0.73593893795,1.07407304458,0.288789689613,0.251121469229
T[T>C]C,1.48670751314,0.245399393907,0.627765891389,0.576704367909,0.841676645056,0.266850014669,0.232043491016
T[T>C]G,1.10843177832,0.221600067969,0.566883894805,0.549149279729,0.801461110955,0.362418591881,0.315146601636
T[T>C]T,1.39876146963,0.263636040105,0.674417777014,0.597820705724,0.872495084029,0.246665531994,0.214491766952
A[T>G]A,0.396669241591,0.08147242498,0.208417831344,0.0380043426907,0.0554657974405,0.0956475768551,0.0831718059609
A[T>G]C,0.2431754255,0.0502594848052,0.128570775083,0.0411319633344,0.0600304329746,0.0808069815699,0.0702669404955
A[T>G]G,0.512343147898,0.138291359719,0.35376859463,0.0648396889924,0.0946308974484,0.0678021767524,0.0589584145673
A[T>G]T,0.49497944282,0.11057676479,0.282870793648,0.119709910884,0.174711761831,0.22074031285,0.19194809813
C[T>G]A,0.120279921255,0.0378076115031,0.0967171457056,0.0349024169862,0.0509386626285,0.0558620611305,0.0485757053308
C[T>G]C,0.533193962639,0.113492527434,0.290329721343,0.113433781807,0.165552005881,0.189795764617,0.165039795319
C[T>G]G,0.632782625487,0.203534031659,0.520668453081,0.148566761438,0.216827165342,0.218492070024,0.189993104369
C[T>G]T,1.19936461574,0.251613426683,0.643662254306,0.195126063596,0.284778579302,0.990270409796,0.86110470417
G[T>G]A,0.0477207268965,0.0232722479948,0.059533657661,0.00494814193264,0.00722161255034,0.0180768283991,0.0157189812166
G[T>G]C,0.202478556669,0.0401036485713,0.102590728903,0.0265577770404,0.0387599989238,0.0804122013764,0.0699236533708
G[T>G]G,0.341537181873,0.148347620224,0.379493912201,0.0632747940458,0.0923469967155,0.0916871586688,0.0797279640598
G[T>G]T,0.527114784348,0.136677290167,0.349639579497,0.0992861635479,0.144904130583,0.392513057934,0.341315702552
T[T>G]A,0.425642302426,0.093849331361,0.240079684877,0.0547409666479,0.0798922215943,0.157541818622,0.136992885759
T[T>G]C,0.43996705391,0.0957373838737,0.244909586654,0.0842803207929,0.123003711427,0.106848569433,0.0929117995072
T[T>G]G,0.460250745866,0.136673860197,0.349630805154,0.0584070568724,0.0852427316516,0.0879815531581,0.0765056983984
T[T>G]T,1.08713747644,0.271820050985,0.695353618799,0.289356126041,0.422303535303,0.494280374623,0.429809021412
