,1,3,2,5,4,7,6
A[C>A]A,4.19459642969,3.65957137488,2.35411024115,4.21599743188,2.91053629815,3.74517538365,1.36966414031
A[C>A]C,2.31244136039,2.01748710524,1.29779872267,2.3242395306,1.60455114803,2.06467978607,0.75508289319
A[C>A]G,1.10531043785,0.964326963638,0.620327286551,1.11094977682,0.766950099735,0.986884319512,0.360917693993
A[C>A]T,2.61080047998,2.27779021468,1.46524516734,2.62412089059,1.81157584325,2.33107185712,0.852506279177
C[C>A]A,6.27390988139,5.47366627407,3.52107187221,6.30591962568,4.35332522382,5.60170525124,2.04862363474
C[C>A]C,3.77028314446,3.28937968215,2.11597523413,3.78951928295,2.61611483493,3.36632423612,1.2311128635
C[C>A]G,1.43270101515,1.24995853873,0.804066896257,1.44001071421,0.994119071736,1.27919733495,0.46782073964
C[C>A]T,4.04884175927,3.53240786141,2.27230915061,4.06949911519,2.80940040439,3.61503728507,1.32207077854
G[C>A]A,6.57939766573,5.7401887798,3.69251909811,6.61296602117,4.56529633949,5.87446220154,2.14837474799
G[C>A]C,5.40773421277,4.71797219583,3.03495287451,5.43532469344,3.75230537212,4.82833411854,1.76579076335
G[C>A]G,2.15386288607,1.87913547713,1.20880059932,2.16485198243,1.49451710462,1.92309186256,0.70330216688
G[C>A]T,5.01120942513,4.37202454948,2.81241345288,5.03677682016,3.47716572356,4.47429412958,1.63631328168
T[C>A]A,5.00098099745,4.36310076818,2.80667300877,5.02649620662,3.47006844721,4.46516160486,1.63297338692
T[C>A]C,4.74486187075,4.13964989744,2.66293268256,4.76907034968,3.29235313481,4.23648381317,1.54934265167
T[C>A]G,1.11802735265,0.975421822977,0.62746433057,1.12373157384,0.775774081432,0.998238707725,0.365070155968
T[C>A]T,7.24585186021,6.32163606172,4.06654951338,7.28282049215,5.02773394382,6.46951058948,2.36599244415
A[C>G]A,1.26331734526,1.10217992878,0.709004632546,1.26976284192,0.876587545693,1.12796191541,0.412511786209
A[C>G]C,0.747335494527,0.652012089613,0.419422981623,0.751148430724,0.518559322733,0.667263834399,0.24402791658
A[C>G]G,0.152929505003,0.133423190589,0.0858277834201,0.15370975758,0.10611435041,0.136544200896,0.049936164899
A[C>G]T,1.01781047288,0.88798770848,0.57122016335,1.02300338345,0.706235838323,0.908759350784,0.332346276858
C[C>G]A,0.878233380533,0.766213816689,0.492886080911,0.882714163086,0.609386427308,0.784136946904,0.286770083439
C[C>G]C,1.12976848653,0.98566536325,0.634053742442,1.13553261146,0.783920990655,1.00872186298,0.368903995602
C[C>G]G,0.345558591272,0.301482240344,0.193935944081,0.347321645309,0.239775349046,0.308534456493,0.112835458374
C[C>G]T,1.10716081584,0.965941324027,0.621365763994,1.11280959552,0.768234035484,0.988536442718,0.361521899051
G[C>G]A,0.550308539592,0.480116123828,0.308846629363,0.553116236223,0.381846741758,0.49134691035,0.179692584357
G[C>G]C,0.752263129482,0.656311199701,0.422188491036,0.756101206673,0.521978498008,0.671663508466,0.245636940239
G[C>G]G,0.310619929469,0.271000040506,0.174327511437,0.312204725028,0.215532195958,0.27733922274,0.101426915745
G[C>G]T,0.61675997215,0.538091608356,0.346140800697,0.619906706702,0.427955899043,0.550678546563,0.201391011314
T[C>G]A,0.722335244045,0.63020064659,0.4053922288,0.726020627943,0.501212210153,0.644942182183,0.235864569484
T[C>G]C,0.987003658475,0.86111033469,0.553930624654,0.992039391426,0.684859681391,0.881253266495,0.32228690889
T[C>G]G,0.158723418285,0.13847808432,0.0890794694459,0.159533231644,0.110134616769,0.141717337755,0.0518280549503
T[C>G]T,1.27911531727,1.11596285333,0.717870841323,1.28564141582,0.887549403818,1.14206724756,0.417670307679
A[C>T]A,2.4002303465,2.09407851659,1.34706805161,2.4124764197,1.66546595471,2.14306280937,0.783748684571
A[C>T]C,1.7290129557,1.5084755889,0.970364413914,1.73783445037,1.19972327538,1.54376156759,0.564575659005
A[C>T]G,2.80631412074,2.44836589105,1.57497221062,2.82063204992,1.94723836949,2.5056376078,0.916347467996
A[C>T]T,2.11103529394,1.84177058808,1.18476470578,2.12180588217,1.46479999988,1.88485294102,0.689317647
C[C>T]A,3.35665328699,2.92850873508,1.88383602842,3.37377906907,2.3291063624,2.99701186339,1.0960500529
C[C>T]C,3.60608133182,3.14612197827,2.02382115561,3.62447970596,2.5021788833,3.21971547484,1.17749594508
C[C>T]G,2.24649871851,1.95995551462,1.26079009712,2.25796044666,1.55879502917,2.00580242724,0.733550601962
C[C>T]T,5.40495674807,4.7155489996,3.03339409331,5.43253305801,3.75037815172,4.82585423935,1.76488383611
G[C>T]A,3.34490009782,2.91825467718,1.87723985081,3.36196591464,2.32095108828,2.98651794448,1.09221227684
G[C>T]C,4.09332810594,3.57121992916,2.29727597782,4.11421243301,2.84026848167,3.65475723745,1.33659693255
G[C>T]G,3.05443397103,2.66483780126,1.71422314701,3.07001781782,2.11940316357,2.72717318842,0.997366194622
G[C>T]T,5.09715517378,4.44700783018,2.86064831181,5.12316106752,3.53680154915,4.55103140516,1.6643771996
T[C>T]A,2.6664106262,2.32630723,1.49645494328,2.68001476205,1.85016247533,2.3807237734,0.870664694271
T[C>T]C,2.83985468448,2.47762832166,1.59379599639,2.85434373899,1.97051141372,2.53558453971,0.927299488809
T[C>T]G,1.29280271206,1.12790440695,0.725552542484,1.29939864427,0.897046779798,1.15428813577,0.422139661081
T[C>T]T,2.32706607974,2.03024642671,1.30600647333,2.33893886586,1.61469891247,2.0777375712,0.759858311753
A[T>A]A,1.15824367511,1.01050851247,0.650034715624,1.16415308162,0.803679284772,1.03414613849,0.378202016363
A[T>A]C,0.723385852576,0.631117248931,0.405981856038,0.727076596722,0.501941203828,0.645880225514,0.236207625331
A[T>A]G,1.27652201275,1.11370032745,0.716415415317,1.28303488016,0.885749968028,1.1397517971,0.416823514366
A[T>A]T,1.59531156495,1.39182794697,0.895327919105,1.60345090967,1.1069508818,1.42438532585,0.520918062025
C[T>A]A,0.816901740867,0.712705090246,0.458465262731,0.821069606892,0.566829779377,0.729376554346,0.266743425589
C[T>A]C,1.06117884157,0.925824397493,0.595559553943,1.06659301933,0.736328175784,0.947481108545,0.346507376839
C[T>A]G,1.61665693736,1.41045069535,0.907307464845,1.62490518704,1.12176195654,1.44344369407,0.527887979546
C[T>A]T,1.10742621167,0.966172868348,0.621514710633,1.11307634541,0.768418187692,0.98877340328,0.361608558914
G[T>A]A,0.621476696557,0.542206709751,0.348787941945,0.624647496029,0.431228728223,0.55488990764,0.202931166223
G[T>A]C,0.578393407942,0.504618738562,0.324608545273,0.581344394717,0.401334201429,0.516422685662,0.188863153614
G[T>A]G,0.653045993143,0.569749310345,0.366505404315,0.656377860455,0.453133954426,0.583076779592,0.213239507965
G[T>A]T,0.668373905672,0.583122131989,0.375107804203,0.671783976619,0.463769648833,0.596762415778,0.218244540627
T[T>A]A,1.78893217335,1.56075204919,1.00399254627,1.79805937831,1.24129987538,1.59726086906,0.584141117827
T[T>A]C,0.910681619169,0.794523249377,0.511096827085,0.915327953961,0.631901531669,0.813108588544,0.297365426668
T[T>A]G,1.68248602807,1.46788321837,0.944252362693,1.69107014046,1.16743928478,1.50221966792,0.54938319284
T[T>A]T,1.4734840574,1.28553966232,0.826955338334,1.4810018332,1.02241750921,1.31561076553,0.481137651395
A[T>C]A,3.74506220639,3.26737570047,2.10182062604,3.76416966663,2.59861459219,3.34380554142,1.22287745515
A[T>C]C,1.34355524754,1.17218340474,0.754036108313,1.35041012125,0.932262824823,1.19960289959,0.438711917564
A[T>C]G,2.77116429816,2.41769946421,1.55524526938,2.78530289152,1.92284869668,2.47425383764,0.90486997491
A[T>C]T,3.38572553641,2.95387278942,1.90015208676,3.40299964629,2.34927894363,3.02296922894,1.1055430323
C[T>C]A,1.68130517615,1.46685298531,0.943589639675,1.68988326378,1.16661991814,1.50116533585,0.548997608538
C[T>C]C,1.65411411787,1.44313017426,0.928329351865,1.66255347561,1.14775265321,1.47688760524,0.54011889563
C[T>C]G,2.01354142521,1.75671216179,1.13004875905,2.02381459575,1.397151193,1.79780484394,0.657482914355
C[T>C]T,2.56673208507,2.2393427885,1.44051290488,2.57982765693,1.78099777331,2.29172507595,0.838116599206
G[T>C]A,1.3173563828,1.14932623193,0.739332663816,1.32407758883,0.914084020718,1.17621105607,0.43015718622
G[T>C]C,1.37694489661,1.20131417,0.772775197078,1.38397012568,0.955431152751,1.22941508626,0.449614660118
G[T>C]G,1.48405097163,1.29475875586,0.832885749384,1.49162266026,1.02974965378,1.32504551038,0.484588072369
G[T>C]T,1.77407725053,1.54779188695,0.995655599789,1.78312866508,1.23099237792,1.58399754512,0.579290530786
T[T>C]A,1.75631565614,1.53229580204,0.985687358037,1.7652764503,1.2186680063,1.56813897869,0.573490826494
T[T>C]C,1.6098599097,1.40452063551,0.903492806465,1.61807348067,1.11704565163,1.43737491938,0.525668541943
T[T>C]G,1.33126937845,1.16146461079,0.747140977702,1.33806156916,0.923737936068,1.18863337362,0.434700205208
T[T>C]T,2.47523287774,2.15951439844,1.38916130894,2.48786161691,1.71750852741,2.21002935512,0.808239307017
A[T>G]A,2.08665771295,1.82050239242,1.17108341033,2.09730392577,1.44788494368,1.8630872437,0.681357620554
A[T>G]C,0.464075279749,0.404882004271,0.260450412104,0.466443010768,0.322011418602,0.414352928348,0.151534785224
A[T>G]G,0.601841420689,0.525075933356,0.337768144264,0.604912040182,0.41760425109,0.537358411329,0.196519647572
A[T>G]T,1.37615847967,1.20062806135,0.772333840634,1.38317969641,0.954885475693,1.22871292828,0.449357870914
C[T>G]A,1.27129481363,1.10913986291,0.713481783161,1.27778101166,0.882122931908,1.13508465503,0.415116673839
C[T>G]C,0.727764107666,0.634937053117,0.408439040017,0.731477189848,0.504979176748,0.649789381844,0.237637259646
C[T>G]G,1.21200699379,1.05741426499,0.680208006719,1.21819070294,0.840984444671,1.0821491016,0.395757385727
C[T>G]T,3.56323107652,3.10873731676,1.99977254294,3.58141082691,2.47244605309,3.18145631832,1.16350402499
G[T>G]A,0.469383738464,0.40951336366,0.263429649138,0.471778553456,0.325694838934,0.419092623628,0.153268159498
G[T>G]C,0.131067120505,0.114349375542,0.0735580778342,0.131735830303,0.090944532595,0.117024214736,0.0427974271035
G[T>G]G,0.897760782741,0.78325047882,0.503845337252,0.902341194898,0.62293605333,0.801572127447,0.293146378038
G[T>G]T,1.41303164647,1.2327980181,0.793027964857,1.42024099161,0.980470938368,1.26163539864,0.461398088644
T[T>G]A,3.13556517785,2.73562063986,1.75975596716,3.15156295937,2.17569828667,2.79961176593,1.02385801726
T[T>G]C,0.770762443339,0.672450907199,0.432570759017,0.774694904785,0.534814756603,0.688180752981,0.251677532519
T[T>G]G,0.803865443816,0.701331586186,0.45114897357,0.807966798121,0.557784185505,0.717737003407,0.262486675532
T[T>G]T,3.64993729466,3.1843840683,2.04843419598,3.66855942371,2.53260955139,3.25887258452,1.19181625948
