,1,3,2,5,4,7,6
A[C>A]A,0.526673734299,0.720711425883,1.36519375864,0.277196702263,0.963258540363,0.152458186245,0.926309722651
A[C>A]C,0.485386868835,0.664213609984,1.25817385737,0.255466773071,0.887747036422,0.140506725189,0.828494730392
A[C>A]G,0.118974848791,0.162807687819,0.308395331733,0.0626183414687,0.217598736604,0.0344400878078,0.245737044962
A[C>A]T,0.380102723697,0.520140569269,0.985266270635,0.200054065104,0.695187876235,0.110029735807,0.645142719314
C[C>A]A,0.657792670575,0.900137338682,1.70506784346,0.346206668724,1.20306817382,0.190413667798,1.13817353187
C[C>A]C,0.596655829225,0.816476397887,1.54659471523,0.314029383803,1.09125210871,0.172716161091,1.2410771144
C[C>A]G,0.184865299784,0.252973568125,0.479190316545,0.097297526202,0.338108903552,0.0535136394111,0.273362990634
C[C>A]T,1.34362727114,1.83864784471,3.48282332123,0.707172247966,2.45742356168,0.388944736381,1.89905089181
G[C>A]A,0.559043636712,0.765007081816,1.44909995306,0.294233493006,1.0224613882,0.161828421153,1.00310979033
G[C>A]C,0.68808386711,0.941588449729,1.78358581343,0.362149403742,1.258469178,0.199182172058,1.0137051336
G[C>A]G,0.154323407806,0.211179400155,0.400022517601,0.0812228462134,0.282249390592,0.0446725654174,0.283178481117
G[C>A]T,1.00137814396,1.37030693384,2.59567755736,0.527041128399,1.83146792119,0.289872620619,1.34184397873
T[C>A]A,0.802050865661,1.09754328985,2.0790002702,0.422132034558,1.46690882009,0.232172619007,0.955634321523
T[C>A]C,0.632633202047,0.865708592275,1.63985185267,0.332964843183,1.15705283006,0.18313066375,1.11406826384
T[C>A]G,0.153927779913,0.210638014617,0.398997008458,0.0810146210067,0.281525807998,0.0445580415537,0.270310755973
T[C>A]T,0.882843602069,1.20810177125,2.28842354747,0.464654527405,1.61467448273,0.255559990073,1.51156925633
A[C>G]A,0.174608182234,0.238937512531,0.45260278816,0.0918990432813,0.319349175402,0.0505444738047,0.245396727518
A[C>G]C,0.0796703777719,0.109022622214,0.20651400554,0.0419317777747,0.145712927767,0.0230624777761,0.175710370974
A[C>G]G,0.0230149552208,0.0314941492495,0.0596571865592,0.0121131343267,0.0420931417854,0.00666222387971,0.109150739838
A[C>G]T,0.15569335535,0.213054065215,0.40357356584,0.0819438712366,0.284754952547,0.0450691291801,0.215548645359
C[C>G]A,0.139806694525,0.191314424086,0.362393668702,0.0735824708025,0.255699086039,0.0404703589414,0.206892807568
C[C>G]C,0.0767409729534,0.105013962989,0.198920679892,0.040389985765,0.140355200533,0.0222144921707,0.148932467727
C[C>G]G,0.0471764191895,0.0645572052067,0.122286244478,0.0248296943103,0.0862831877281,0.0136563318706,0.121597869185
C[C>G]T,0.163485662141,0.223717221877,0.423772045287,0.0860450853374,0.299006671547,0.0473247969356,0.174378483508
G[C>G]A,0.0832441887173,0.11391310035,0.215777699701,0.0438127309038,0.152249239891,0.0240970019971,0.239515965536
G[C>G]C,0.087553228831,0.119809681558,0.226947185259,0.0460806467532,0.160130247467,0.0253443557143,0.269576871779
G[C>G]G,0.0175223877275,0.0239780042586,0.0454198734514,0.00922230933024,0.0320475249226,0.00507227013163,0.0763716573909
G[C>G]T,0.143291500891,0.196083106483,0.371426653626,0.0754165794164,0.262072613472,0.041479118679,0.154072104559
T[C>G]A,2.49593827795,3.41549448562,6.4697347468,1.31365172524,4.56493974521,0.722508448882,0.186225358976
T[C>G]C,0.683129727739,0.934809101116,1.77074416269,0.359541961968,1.24940831784,0.197748079082,0.243441742307
T[C>G]G,0.0973500769929,0.133215894832,0.252341646942,0.0512368826278,0.178048167132,0.0281802854453,0.0739885109411
T[C>G]T,3.0064887565,4.11414250889,7.79313532934,1.58236250342,5.49870969938,0.87029937688,0.326013633777
A[C>T]A,0.906438968166,1.24039016696,2.34958522012,0.47707314114,1.65782916546,0.262390227627,2.59897669774
A[C>T]C,1.92485923248,2.63401789708,4.98943774735,1.01308380657,3.52046622783,0.557196093613,1.95331204388
A[C>T]G,1.82556129624,2.49813651064,4.73204704419,0.960821734861,3.33885552864,0.528451954173,7.88605319144
A[C>T]T,0.934521981016,1.27881955297,2.42237934553,0.491853674219,1.70919151791,0.27051952082,1.12211187739
C[C>T]A,2.18081540735,2.98427371533,5.65290309538,1.14779758282,3.98859660029,0.63128867055,2.67650654327
C[C>T]C,4.06300946194,5.55990768476,10.5317482106,2.1384260326,7.43103046329,1.17613431793,2.62627330621
C[C>T]G,1.72186311533,2.35623373676,4.46325044368,0.906243744909,3.14919701356,0.4984340597,4.83799669853
C[C>T]T,3.24741168353,4.44382651431,8.41763291653,1.70916404396,5.93934505278,0.940040224181,2.16886233682
G[C>T]A,2.01003470292,2.750573804,5.21022153257,1.05791300154,3.67624768034,0.581852150845,2.98733200143
G[C>T]C,4.76259276961,6.51723221105,12.3451417844,2.50662777348,8.71053151285,1.37864527541,4.91559839305
G[C>T]G,4.02208644854,5.50390777168,10.4256714521,2.11688760449,7.35618442561,1.16428818247,8.00247180963
G[C>T]T,3.0922219856,4.2314616645,8.01536488372,1.62748525558,5.65551126313,0.895116890568,3.06833119952
T[C>T]A,3.39525885258,4.64614369301,8.80086834156,1.78697834346,6.20974974354,0.982838088905,2.83771907113
T[C>T]C,5.67303575171,7.76310155497,14.7051058301,2.98580829037,10.3756838091,1.64219455971,4.2207119084
T[C>T]G,2.26164001856,3.09487581487,5.86240899548,1.19033685187,4.13642056026,0.654685268531,4.3193986787
T[C>T]T,2.36832938024,3.24087178348,6.1389590514,1.24648914749,4.33154978754,0.685569031121,2.09593871106
A[T>A]A,0.663841250485,0.90841434277,1.72074639928,0.349390131834,1.21413070812,0.192164572509,0.858936028631
A[T>A]C,0.264974776639,0.36259706277,0.686842513131,0.139460408758,0.484624920432,0.0767032248166,0.533100179819
A[T>A]G,0.306360324114,0.419229917209,0.794118208559,0.161242275849,0.560316908577,0.0886832517172,0.869510790967
A[T>A]T,0.338919739214,0.463784906293,0.878515639804,0.178378810113,0.619866365141,0.0981083455619,0.922550972477
C[T>A]A,1.28145695471,1.75357267487,3.32167131682,0.674451028795,2.34371732506,0.370948065837,1.06428725622
C[T>A]C,0.346627002138,0.474331687136,0.898493676595,0.182435264283,0.633962543384,0.100339395356,0.979863906575
C[T>A]G,0.825786862749,1.13002412797,2.14052647318,0.434624664605,1.5103207095,0.239043565533,2.61384178657
C[T>A]T,0.334033064279,0.457097877434,0.865848863986,0.175806875936,0.610928893879,0.096693781765,1.11396374249
G[T>A]A,0.516948176052,0.707402767229,1.33998408792,0.272077987396,0.9454710062,0.149642893068,0.794669815128
G[T>A]C,0.136766641484,0.187154351504,0.354513531215,0.0719824428863,0.25013898903,0.0395903435874,0.329279581294
G[T>A]G,0.251453384558,0.344094105185,0.651793641552,0.13234388661,0.459895005968,0.0727891376353,0.93504435997
G[T>A]T,0.154652223585,0.21162935859,0.400874842714,0.08139590715,0.282850777346,0.0447677489325,0.530936400747
T[T>A]A,0.358446157068,0.490505267567,0.929130170296,0.188655872141,0.655579155691,0.103760729678,0.834427530018
T[T>A]C,0.194039586307,0.265527854947,0.502971032928,0.102126098056,0.354888190746,0.056169353931,0.499897157555
T[T>A]G,0.287456710859,0.39336181486,0.745118053147,0.151293005715,0.52574319486,0.0832111531434,0.792499890862
T[T>A]T,0.222764749911,0.304835973563,0.577429680691,0.117244605217,0.407425003127,0.0644845328691,0.586255086452
A[T>C]A,0.583283510005,0.798177434744,1.5119322562,0.306991321055,1.06679484067,0.168845226581,1.24271109187
A[T>C]C,0.290294328078,0.397244870001,0.752473455675,0.152786488462,0.530933047405,0.084032568654,0.762482213017
A[T>C]G,0.557152098605,0.762418661249,1.44419688717,0.293237946634,1.01900186455,0.161280870649,1.28182876676
A[T>C]T,0.354953474957,0.485725807835,0.920076770611,0.186817618398,0.649191223934,0.102749690119,0.714900879307
C[T>C]A,0.221029797198,0.302461827745,0.572932500632,0.116331472209,0.404251865928,0.0639823097152,0.545376104965
C[T>C]C,0.2552684245,0.349314686158,0.661682626665,0.134351802368,0.46687251323,0.0738934913026,0.825370665257
C[T>C]G,0.588053098895,0.804704240593,1.52429553266,0.309501630997,1.07551816772,0.170225897048,1.43221990803
C[T>C]T,0.285370943738,0.390507607221,0.739711525216,0.150195233546,0.521928436574,0.0826073784505,1.01003508874
G[T>C]A,0.585924588334,0.80179154193,1.51877820923,0.308381362281,1.07162523393,0.169609749255,1.05435636986
G[T>C]C,0.862952099011,1.1808818197,2.2368626777,0.454185315269,1.57829397056,0.249801923398,1.465329569
G[T>C]G,0.453905618816,0.621134004696,1.17657114351,0.238897694114,0.830169487046,0.131393731763,0.949275807459
G[T>C]T,0.492114439456,0.673419759255,1.27561242859,0.259007599713,0.900051409004,0.142454179842,0.93546908226
T[T>C]A,0.354378320712,0.484938754658,0.918585910266,0.186514905638,0.648139297091,0.102583198101,0.708700865578
T[T>C]C,0.330524988638,0.452297352873,0.856755562653,0.173960520336,0.604512808166,0.0956782861846,0.773385600267
T[T>C]G,0.26931556546,0.368537089577,0.698094294679,0.141745034453,0.492563994723,0.077959768949,0.772106130937
T[T>C]T,0.235573669204,0.322363968385,0.610631747806,0.123986141687,0.430851842361,0.0681923779276,0.601606336413
A[T>G]A,0.0282191784675,0.0386157179029,0.0731470810276,0.0148521991934,0.0516113921971,0.00816870955638,0.185720077606
A[T>G]C,0.0400613312434,0.0548207690699,0.103843187565,0.0210849111807,0.0732700663531,0.0115967011494,0.185169691813
A[T>G]G,0.0860358003656,0.1177332005,0.223013850948,0.0452820001924,0.157354950669,0.0249051001058,0.262856834126
A[T>G]T,0.104316491953,0.142748883725,0.270399327825,0.0549034168173,0.19078937344,0.0301968792495,0.663429401292
C[T>G]A,0.0145423862314,0.0199001074746,0.0376953958894,0.00765388749024,0.0265972590286,0.00420963811963,0.100321732257
C[T>G]C,0.113318701249,0.155067696446,0.293734001922,0.05964142171,0.207253940442,0.0328027819405,0.462166474639
C[T>G]G,0.13767388176,0.188395838198,0.35686519351,0.0724599377684,0.251798283745,0.0398529657726,0.520823701105
C[T>G]T,0.227525229555,0.311350314128,0.589769345031,0.119750120818,0.416131669844,0.0658625664501,1.87567963142
G[T>G]A,0.00827825513429,0.0113281386048,0.0214581087033,0.00435697638647,0.015140492943,0.00239633701256,0.0775000702064
G[T>G]C,0.062144914618,0.0850404094772,0.16108616026,0.0327078497989,0.113659778051,0.0179893173894,0.13043497543
G[T>G]G,0.163862076068,0.224232314619,0.424747749808,0.0862431979305,0.299695112809,0.0474337588618,0.311445088416
G[T>G]T,0.364001731853,0.498107633062,0.943530804935,0.19157985887,0.665740009574,0.105368922379,0.900453794651
T[T>G]A,0.0430118513982,0.058858322966,0.111491246387,0.0226378165254,0.0786664124257,0.012450799089,0.202054152977
T[T>G]C,0.0657051220434,0.0899122722699,0.170314592665,0.0345816431807,0.120171210053,0.0190199037494,0.245811970381
T[T>G]G,0.0907799830873,0.124225240014,0.23531127195,0.047778938467,0.166031811173,0.0262784161569,0.357272695677
T[T>G]T,0.213140923046,0.291666526274,0.552483708423,0.112179433182,0.389823530309,0.0616986882503,1.20946358991
