,1,3,2,5,4,7,6
A[C>A]A,0.37273011089,1.93231136435,1.53015519207,0.480625669305,0.843547093066,1.51053781782,1.48111175643
A[C>A]C,0.327880545463,1.69980177517,1.34603592348,0.42279333494,0.742045444996,1.32877905267,1.30289374645
A[C>A]G,0.0908162013484,0.47081030699,0.372824405535,0.117105101739,0.205531403052,0.368044605464,0.360874905358
A[C>A]T,0.294031633491,1.52432188942,1.20707723223,0.379146053712,0.665440012638,1.1916018831,1.1683888594
C[C>A]A,0.416748797645,2.16051350358,1.71086348507,0.53738660749,0.943168331513,1.68892933783,1.65602811696
C[C>A]C,0.44838664008,2.32453073936,1.84074515401,0.578182772735,1.01476976439,1.81714585717,1.7817469119
C[C>A]G,0.0938661341053,0.486621800494,0.385345182117,0.121037909767,0.212433882449,0.380404859269,0.372994374998
C[C>A]T,0.510508473886,2.64658340409,2.09577162964,0.658287242643,1.15536128301,2.06890276259,2.02859946202
G[C>A]A,0.335736454707,1.74052846256,1.37828649827,0.432923323175,0.759824608022,1.36061615855,1.33411064897
G[C>A]C,0.346494580843,1.79630085332,1.42245143715,0.446795643719,0.784171946119,1.40421488026,1.37686004493
G[C>A]G,0.102715373817,0.532498122159,0.421673639882,0.132448771501,0.232461109166,0.416267567576,0.408158459117
G[C>A]T,0.313195305422,1.62367039916,1.28574914857,0.40385710436,0.70881042806,1.26926518513,1.24453923997
T[C>A]A,0.370431521811,1.92039499465,1.52071887901,0.477661699177,0.838345023045,1.50122248313,1.4719778893
T[C>A]C,0.361744914346,1.87536179279,1.48505806942,0.466460547446,0.818685858783,1.4660188634,1.43746005438
T[C>A]G,0.0606878438217,0.31461855876,0.249139569373,0.0782553775595,0.13734617286,0.24594547233,0.241154326765
T[C>A]T,0.444617771011,2.30499212866,1.82527295468,0.573322915251,1.0062402186,1.80187201936,1.76677061639
A[C>G]A,0.133621823434,0.692723663591,0.548552748834,0.172301824954,0.302407284614,0.541520021285,0.530970929961
A[C>G]C,0.0772793590209,0.400632466503,0.317252105454,0.0996496997902,0.174895391468,0.313184770769,0.307083768741
A[C>G]G,0.0352338884912,0.182659895599,0.144644384332,0.0454331720018,0.0797398529011,0.142789969148,0.140008346373
A[C>G]T,0.130607955887,0.677099139727,0.536180029429,0.168415522064,0.29558642648,0.529305926487,0.518994772075
C[C>G]A,0.112258199285,0.581970138396,0.460849449694,0.144753993814,0.25405802996,0.454941123416,0.446078633999
C[C>G]C,0.0918024272453,0.475923109667,0.376873122376,0.118376814079,0.207763387976,0.372041415678,0.364793855633
C[C>G]G,0.042423377724,0.219931721359,0.174159129604,0.0547038291704,0.0960108022174,0.17192632025,0.168577106219
C[C>G]T,0.127362191648,0.660272414594,0.52285531308,0.164230194493,0.288240749518,0.516152039835,0.506097129968
G[C>G]A,0.090772970474,0.470586189036,0.372646931419,0.117049356664,0.205433564757,0.367869406658,0.360703119515
G[C>G]C,0.135393738191,0.701909642726,0.555826925204,0.174586662404,0.306417407484,0.548700938983,0.538011959653
G[C>G]G,0.0316859030091,0.164266391915,0.130078970248,0.0408581380906,0.0717102015468,0.128411291142,0.125909772483
G[C>G]T,0.100300031576,0.519976479487,0.411758024365,0.129334251243,0.226994808304,0.406479075335,0.398560651789
T[C>G]A,0.386332510293,2.00282906652,1.5859966212,0.498165605378,0.874331470663,1.56566333119,1.53516339616
T[C>G]C,0.177266430634,0.918986495656,0.727725346814,0.228580397397,0.401181921961,0.718395534675,0.704400816467
T[C>G]G,0.0315690303729,0.163660499565,0.12959917732,0.0407074339019,0.0714457003177,0.127937649406,0.125445357535
T[C>G]T,0.493909122967,2.56052887433,2.02762692586,0.636882816457,1.11779433092,2.00163170886,1.96263888337
A[C>T]A,0.552458245706,2.86405985274,2.26798648237,0.712380369463,1.25030024028,2.2389097326,2.19529460794
A[C>T]C,0.516605266923,2.67819046273,2.12080056947,0.666148896821,1.1691592883,2.09361081858,2.05282619224
A[C>T]G,0.686427865821,3.55858656755,2.81796702811,0.885130669085,1.5534946437,2.7818392457,2.72764757208
A[C>T]T,0.356925128654,1.85037500907,1.46527158079,0.460245560633,0.807777922743,1.4464860477,1.41830774807
C[C>T]A,0.559510539755,2.90062042978,2.29693800531,0.721474117053,1.26626069524,2.26749008217,2.22331819745
C[C>T]C,0.814660654484,4.22337234035,3.34439637104,1.05048347552,1.84370569173,3.30151949449,3.23720417966
C[C>T]G,0.686086754731,3.55681817584,2.81656667732,0.884690815311,1.55272265544,2.78045684812,2.72629210433
C[C>T]T,0.719178892841,3.72837478657,2.95241861271,0.927362256558,1.62761538906,2.91456709204,2.85778981102
G[C>T]A,0.676125318235,3.5051759919,2.77567235907,0.871845805093,1.5301783518,2.74008681601,2.68670850141
G[C>T]C,1.18496111501,6.14308788569,4.86457720897,1.52797617461,2.68175410238,4.8022108345,4.70866127279
G[C>T]G,0.532594855187,2.76108385452,2.18644203708,0.686767050109,1.20534625121,2.15841072891,2.11636376666
G[C>T]T,0.696014187078,3.60828407511,2.85732139958,0.897491978074,1.57519000233,2.82068907395,2.76574058549
T[C>T]A,0.60670638346,3.14529361952,2.49068936368,0.782331915515,1.37307234152,2.45875744876,2.41085957638
T[C>T]C,0.574503322572,2.97834617228,2.35848732424,0.740806915948,1.30019173003,2.32825030726,2.2828947818
T[C>T]G,0.316102051473,1.63873958263,1.29768210605,0.407605276899,0.715388853333,1.28104515597,1.25608973085
T[C>T]T,0.450926855406,2.33769975039,1.8511734064,0.58145831355,1.02051867276,1.82744041401,1.79184092543
A[T>A]A,0.396939110002,2.05781591238,1.62953950422,0.511842536582,0.898335880531,1.60864797211,1.57731067396
A[T>A]C,0.424357204293,2.19995708541,1.74209799657,0.54719744764,0.960387357083,1.71976340687,1.68626152232
A[T>A]G,0.179442716789,0.930268821247,0.736659574185,0.231386661122,0.406107201153,0.72721522067,0.713048690397
A[T>A]T,0.282316581743,1.46358859482,1.15898386189,0.364039802773,0.638927000786,1.14412509443,1.12183694324
C[T>A]A,0.547922618183,2.84054620479,2.2493665378,0.70653179713,1.24003539905,2.22052850527,2.17727145646
C[T>A]C,0.358450430271,1.85828249377,1.47153334532,0.462212396928,0.811229921139,1.4526675332,1.42436881502
C[T>A]G,0.346107630878,1.79429482324,1.42086290571,0.446296681922,0.783296217251,1.40264671461,1.37532242796
C[T>A]T,0.29595739524,1.53430544374,1.21498299098,0.381629272809,0.669798315542,1.19940628597,1.17604122845
G[T>A]A,0.223542607125,1.15889193694,0.917701229248,0.288252309187,0.505912216124,0.905935828873,0.888287728311
G[T>A]C,0.248041000139,1.28589676388,1.01827357952,0.319842342284,0.561355947683,1.00521879004,0.985636605815
G[T>A]G,0.17034238562,0.883090788609,0.699300319914,0.219652023563,0.385511714824,0.690334931197,0.676886848122
G[T>A]T,0.191945933389,0.995088128358,0.787988568649,0.247509229896,0.434403954512,0.777886151102,0.762732524782
T[T>A]A,0.237948370216,1.23357444559,0.976840677729,0.306828161594,0.538514732594,0.964317079297,0.945531681648
T[T>A]C,0.229245737175,1.18845816378,0.94111407893,0.295606345305,0.518819299923,0.929048513816,0.910950166144
T[T>A]G,0.130957202049,0.678909705359,0.537613776833,0.1688658658,0.29637682569,0.530721292514,0.520382566037
T[T>A]T,0.315609461997,1.63618589509,1.29565989662,0.406970095733,0.714274045572,1.2790488723,1.25413233583
A[T>C]A,0.478987246252,2.48317072399,1.96636869514,0.617641449115,1.08402376783,1.94115884008,1.90334405748
A[T>C]C,0.332297707678,1.72270127401,1.36416953678,0.428489149374,0.752042180534,1.34668018375,1.32044615419
A[T>C]G,0.456764481588,2.3679632335,1.8751383981,0.58898577889,1.03373014254,1.85109816223,1.81503780842
A[T>C]T,0.392054415442,2.03249262742,1.6094865476,0.505543851491,0.887281045474,1.58885210469,1.55790044031
C[T>C]A,0.467197809116,2.42205179989,1.91796995321,0.602439280176,1.05734241011,1.89338059484,1.85649655728
C[T>C]C,0.536458980187,2.78111629202,2.20230528708,0.69174973761,1.21409137621,2.17407060392,2.13171857916
C[T>C]G,0.649355147818,3.36639379264,2.66577376473,0.837326374818,1.46959322927,2.631597178,2.58033229791
C[T>C]T,0.377244312531,1.95571393602,1.54868717776,0.486446613527,0.85376344415,1.52883221394,1.49904976822
G[T>C]A,1.55335483312,8.05291847699,6.37693036756,2.00301017955,3.51548725391,6.29517485003,6.17254157373
G[T>C]C,0.817331515545,4.23721864638,3.35536095855,1.05392748057,1.84975027202,3.31234351037,3.24781733809
G[T>C]G,1.05033984419,5.44518287647,4.31192146563,1.35438558856,2.37708491054,4.2566404212,4.17371885455
G[T>C]T,1.11478930002,5.77930242376,4.57650344217,1.43749146581,2.5229442053,4.51783032111,4.42982063953
T[T>C]A,0.544847592251,2.82460462299,2.23674274714,0.702566632113,1.23307612983,2.20806655807,2.16505227447
T[T>C]C,0.635141613566,3.29270783875,2.60742346622,0.81899839644,1.43742575702,2.57399496024,2.52385220128
T[T>C]G,0.448016413345,2.32261140602,1.83922527584,0.577705375102,1.01393188283,1.81564546461,1.78027574776
T[T>C]T,0.520852569118,2.70020937148,2.13823686269,0.671625681231,1.17877160379,2.11082356958,2.06970362991
A[T>G]A,0.129077207921,0.669163420012,0.529895906203,0.166441662846,0.292122102137,0.523102368944,0.512912063055
A[T>G]C,0.179462841272,0.930373150807,0.736742190487,0.231412611114,0.406152746038,0.727296777788,0.713128658741
A[T>G]G,0.140404042884,0.727884117058,0.576395544472,0.181047318456,0.317756518107,0.569005858005,0.557921328303
A[T>G]T,0.745936940538,3.8670941391,3.0622674401,0.961866054904,1.68817307595,3.02300760113,2.96411784266
C[T>G]A,0.125767379456,0.652004572444,0.516308189346,0.162173726141,0.284631437716,0.509688853585,0.499759849944
C[T>G]C,0.315474480335,1.63548612174,1.29510576138,0.406796040432,0.713968560759,1.27850184136,1.25359596133
C[T>G]G,0.251578922108,1.30423809619,1.03279768023,0.324404399561,0.569362823719,1.01955668433,0.999695190483
C[T>G]T,1.07280280673,5.56163560331,4.40413783815,1.38335098762,2.42792214155,4.34767453254,4.26297957411
G[T>G]A,0.0286443717915,0.148498453761,0.117592684197,0.0369361636258,0.0648267361596,0.116085085681,0.113823687908
G[T>G]C,0.0252719139478,0.131014922309,0.10374785726,0.0325874679854,0.0571943315662,0.102417756525,0.100422605424
G[T>G]G,0.120192247372,0.623101914008,0.493420805001,0.154984740032,0.272014033526,0.487094897245,0.47760603561
G[T>G]T,0.336588594097,1.74494613256,1.38178475472,0.434022134494,0.76175313401,1.36406956555,1.33749678181
T[T>G]A,0.178105715082,0.923337522928,0.731170830339,0.229662632606,0.403081355187,0.721796845334,0.707735867828
T[T>G]C,0.291488787631,1.51113924114,1.1966381808,0.375867120893,0.659685150955,1.18129666566,1.15828439296
T[T>G]G,0.19211100406,0.995943889469,0.788666227194,0.247722084183,0.434777535504,0.778555121717,0.763388463502
T[T>G]T,1.89473387766,9.82269931313,7.77838118197,2.44320947383,4.28808193365,7.67865834631,7.52907409281
