,1,3,2,5,4,7,6
A[C>A]A,0.732382007216,0.585905605773,0.547647101313,0.593614890059,0.485684910048,0.546151686198,0.622006087058
A[C>A]C,0.690117765167,0.552094212133,0.508516124194,0.559358609661,0.457657044268,0.360318889857,0.410363180115
A[C>A]G,0.221610331656,0.177288265325,0.1355302536,0.179621005658,0.146962640993,0.119108778058,0.1356516639
A[C>A]T,2.17980572153,1.74384457722,0.451629541426,1.76678990061,1.44555537323,0.323462762911,0.368388146648
C[C>A]A,2.11015060654,1.68812048523,0.74439393566,1.71033259688,1.39936303381,0.635360648479,0.72360518299
C[C>A]C,1.75557878639,1.40446302911,0.803541116402,1.42294280581,1.16422593202,0.380056321536,0.43284192175
C[C>A]G,0.647212271537,0.517769817229,0.301819778591,0.524582577982,0.42920392744,0.148569292096,0.169203915998
C[C>A]T,8.92959278137,7.1436742251,2.45116031588,7.23766993859,5.92172994975,0.464137395083,0.528600922178
G[C>A]A,1.71607168109,1.37285734487,0.750174171896,1.3909212573,1.13802648325,0.638853815875,0.727583512524
G[C>A]C,2.08663441903,1.66930753522,0.872058417336,1.69127210806,1.38376808841,0.5559955423,0.633217145398
G[C>A]G,0.598097033981,0.478477627185,0.157500345443,0.484773385437,0.396632769903,0.188348984329,0.214508565486
G[C>A]T,5.9160638401,4.73285107208,1.34747921694,4.79512542829,3.92328444133,0.504381458034,0.574434438317
T[C>A]A,1.4286296532,1.14290372256,0.621977024706,1.15794192944,0.947407033177,0.559793926782,0.63754308328
T[C>A]C,2.15270686451,1.72216549161,0.608392894142,1.74482556387,1.42758455226,0.534621211458,0.608874157494
T[C>A]G,0.360490367336,0.288392293869,0.142506208841,0.292186929314,0.239062033075,0.143050716969,0.162918872104
T[C>A]T,7.43140997506,5.94512798005,1.10742050935,6.02335334821,4.92819819399,1.75190377909,1.99522374841
A[C>G]A,0.207126446012,0.16570115681,0.175369202703,0.167881435189,0.137357537882,0.16668080463,0.189830916384
A[C>G]C,0.141251485994,0.113001188795,0.10263723461,0.114488046543,0.0936720380804,0.0895648268905,0.102004386181
A[C>G]G,0.0380138781246,0.0304111024997,0.0770413594083,0.0308112485852,0.0252092033879,0.0167208724291,0.019043215822
A[C>G]T,0.182696511368,0.146157209094,0.16864908473,0.148080330267,0.121156633855,0.16852845915,0.191935189587
C[C>G]A,0.149015076248,0.119212060998,0.105522923822,0.120780640748,0.0988205242484,0.114484643689,0.130385288646
C[C>G]C,0.187723231948,0.150178585558,0.0709356203067,0.152154619579,0.124490143292,0.128046196227,0.145830390148
C[C>G]G,0.0995464518489,0.0796371614791,0.0877645944906,0.080685018867,0.0660150154366,0.0602442088594,0.0686114600899
C[C>G]T,0.199610418241,0.159688334593,0.110766886659,0.16178949689,0.132373224728,0.159154485161,0.181259274766
G[C>G]A,0.132972641907,0.106378113525,0.175930232296,0.107777825545,0.0881818572644,0.0751395209684,0.0855755655474
G[C>G]C,0.210399145431,0.168319316344,0.202981056813,0.170534044191,0.139527854338,0.0807950624076,0.0920165988531
G[C>G]G,0.0676574049962,0.0541259239969,0.0311537702249,0.0548381072074,0.0448675422606,0.0180026319363,0.020502997483
G[C>G]T,0.14577301427,0.116618411416,0.12849264251,0.118152864198,0.0966705252526,0.0910586830649,0.103705722379
T[C>G]A,0.134475216139,0.107580172911,1.09160059483,0.108995701502,0.0891783012289,0.10380820016,0.118226005738
T[C>G]C,0.264433154143,0.211546523314,0.366342505634,0.2143300302,0.1753609338,0.148365156253,0.168971427955
T[C>G]G,0.0410907455214,0.0328725964171,0.0743475925587,0.0333051305805,0.0272496522931,0.0152163319972,0.0173297114413
T[C>G]T,0.183577609291,0.146862087432,1.39529793778,0.14879448332,0.121740940898,0.272150648174,0.309949349309
A[C>T]A,3.30342192458,2.64273753967,2.84731070229,2.67751040203,2.19069032893,0.472612064755,0.538252629304
A[C>T]C,6.66526354528,5.33221083622,6.06752485316,5.40237150512,4.42012214055,1.03912785859,1.18345117229
A[C>T]G,5.62174596065,4.49739676852,2.96307480802,4.55657304179,3.72810521601,0.366406463364,0.417296249942
A[C>T]T,4.27054437364,3.41643549891,3.41854514525,3.46138859758,2.8320452162,0.734315921493,0.836304243923
C[C>T]A,3.40411869053,2.72329495242,3.24370634802,2.75912778074,2.25746818424,0.740352637037,0.843179392181
C[C>T]C,8.58774755454,6.87019804363,8.53893462575,6.96059538631,5.6950325888,1.56760166394,1.78532411726
C[C>T]G,4.90506471824,3.92405177459,2.59540736225,3.97568403478,3.25283239209,0.361261359261,0.411436548047
C[C>T]T,5.89710868555,4.71768694844,5.55379557071,4.77976177671,3.91071418095,1.24717237965,1.42039076571
G[C>T]A,6.60247781111,5.28198224889,4.00637750741,5.35148201532,4.37848528526,0.566250989897,0.644896960716
G[C>T]C,12.7131861877,10.1705489501,8.62928029789,10.3043719626,8.43084978761,1.14712814566,1.30645149923
G[C>T]G,13.102218855,10.481775084,4.48699905861,10.6196931772,8.68883987225,0.362942585887,0.413351278371
G[C>T]T,8.60881158522,6.88704926817,5.31199950065,6.97766833749,5.70900136704,0.897201740336,1.02181309316
T[C>T]A,4.84398764484,3.87519011588,3.38238107947,3.92617945951,3.21232864869,0.711612250592,0.810447285396
T[C>T]C,13.6644897982,10.9315918386,7.47939967651,11.0754285733,9.06171428723,1.79595545386,2.04539371134
T[C>T]G,6.11284268866,4.89027415093,1.52812293677,4.95461986344,4.05377988827,1.09859948089,1.25118274213
T[C>T]T,6.97532573519,5.58026058815,4.64718392937,5.65368506958,4.62574232965,1.27451765125,1.45153399171
A[T>A]A,0.21470922734,0.171767381872,0.739862100131,0.174027479002,0.142386119183,0.340484256873,0.387773736994
A[T>A]C,0.675462510427,0.540370008342,0.539419794274,0.547480140031,0.447938296389,0.127536499848,0.145249902604
A[T>A]G,0.185217233318,0.148173786655,0.241146373582,0.150123441742,0.122828270516,0.194008199328,0.220953782568
A[T>A]T,0.536295207747,0.429036166198,0.594233971629,0.434681378911,0.355648400927,0.162695483386,0.185292078301
C[T>A]A,0.087225861111,0.0697806888888,1.20982993548,0.0706988558479,0.057844518421,0.600620116607,0.684039577247
C[T>A]C,0.524145467654,0.419316374123,0.624760118005,0.424833694835,0.347591204865,0.245645518199,0.279762951282
C[T>A]G,0.279041021307,0.223232817046,0.542227477315,0.226170090954,0.185048256235,0.357520358773,0.407175964159
C[T>A]T,0.361775811987,0.28942064959,0.379361515104,0.293228816032,0.239914485844,0.219901279899,0.250443124329
G[T>A]A,0.0435127785206,0.0348102228165,0.528098912375,0.0352682520641,0.0288558425979,0.251531386149,0.286466300892
G[T>A]C,0.499091242628,0.399272994102,0.32044217851,0.40452658613,0.330976297743,0.0781109543506,0.0889596980104
G[T>A]G,0.166819818275,0.13345585462,0.284908027101,0.135211852707,0.110627879488,0.122823595382,0.139882428074
G[T>A]T,0.314967781368,0.251974225094,0.300275910756,0.255289675424,0.208873370802,0.0827972187548,0.0942968324708
T[T>A]A,0.124098286042,0.0992786288333,0.449005207984,0.100584926581,0.0822967581118,0.22389933755,0.254996467765
T[T>A]C,0.326065076237,0.26085206099,0.382582148667,0.26428432495,0.216232629505,0.170684007804,0.194390119998
T[T>A]G,0.145305309284,0.116244247427,0.199237372854,0.117773776999,0.096360362999,0.168771105783,0.192211537142
T[T>A]T,0.285746166846,0.228596933477,0.397106421321,0.231604787864,0.189494826435,0.194298121939,0.221283972208
A[T>C]A,1.01195813023,0.809566504182,1.55496319603,0.820218695027,0.671088023204,0.860334883691,0.979825839759
A[T>C]C,0.888266818832,0.710613455066,1.10209200185,0.719963632106,0.589061153542,0.273038922244,0.310960994778
A[T>C]G,1.2123245199,0.969859615919,1.87396110189,0.982620926655,0.803962576354,0.515700686995,0.587325782411
A[T>C]T,0.731297067446,0.585037653957,1.07102257608,0.592735517825,0.484965423675,0.636016352842,0.724351957404
C[T>C]A,0.539516666369,0.431613333095,1.20894947866,0.437292455899,0.357784736644,0.232005612204,0.264228613898
C[T>C]C,0.854975840503,0.683980672402,1.27347325886,0.692980418092,0.566983978439,0.333235433681,0.379518132804
C[T>C]G,1.41398133869,1.13118507095,2.16596049896,1.14606908505,0.937692887764,0.339732135203,0.386917153981
C[T>C]T,1.00297775305,0.802382202442,0.773427128419,0.812939863,0.665132615182,0.352082789435,0.400983176857
G[T>C]A,2.66212664256,2.12970131405,2.41744030777,2.15772369976,1.76541029981,0.260553489971,0.29674147469
G[T>C]C,3.08825482956,2.47060386365,1.67118906741,2.50311180922,2.04800057118,0.214890825097,0.244736773027
G[T>C]G,2.15998093051,1.72798474441,1.66759357055,1.75072138578,1.43240840655,0.262721989691,0.299211154926
G[T>C]T,2.2177939716,1.77423517728,1.63092379462,1.79758037698,1.47074758117,0.306389152007,0.348943200897
T[T>C]A,0.877423255565,0.701938604452,1.00048027017,0.711174638721,0.581870158953,0.344086706843,0.391876527238
T[T>C]C,1.22495075053,0.979960600428,1.51263616909,0.992854818854,0.812335760881,0.322401667666,0.367179677064
T[T>C]G,0.913828746781,0.731062997425,0.996414771518,0.740682247391,0.606012747866,0.264801285126,0.301579241394
T[T>C]T,0.793253714281,0.634602971424,0.982893676037,0.642953010522,0.526052463154,0.291033657588,0.33145499892
A[T>G]A,0.0032129068449,0.00257032547592,0.315881620736,0.00260414554798,0.00213066453925,0.0707562118948,0.0805834635469
A[T>G]C,0.257781977738,0.20622558219,0.315877196611,0.208939076693,0.170950153658,0.0852003074373,0.0970336834702
A[T>G]G,0.171032238089,0.136825790471,0.277169354387,0.138626129819,0.113421378943,0.108284670895,0.12332420852
A[T>G]T,0.675320365199,0.54025629216,1.46557878729,0.547364927583,0.447844031659,0.246663698294,0.280922545279
C[T>G]A,0.0240237920339,0.0192190336271,0.286402807817,0.0194719156485,0.0159315673488,0.0301511364786,0.0343387943229
C[T>G]C,0.378175327615,0.302540262092,0.736649560059,0.306521055014,0.250789954103,0.152743864784,0.173958290448
C[T>G]G,0.343157358579,0.274525886863,0.688224174994,0.278138069585,0.227567511479,0.160010080577,0.182233702879
C[T>G]T,1.71894091642,1.37515273314,2.23307657628,1.39324684805,1.13992923931,0.438217947749,0.499081551603
G[T>G]A,0.0106958264488,0.00855666115903,0.0883678907058,0.00866924880585,0.00709302175024,0.0100121635258,0.0114027417932
G[T>G]C,0.254873079106,0.203898463285,0.125367937328,0.206581337801,0.169021094565,0.0476026711168,0.0542141532163
G[T>G]G,0.38604935687,0.308839485496,0.283062335582,0.312903162937,0.256011678766,0.102942508125,0.117240078698
G[T>G]T,1.08957447112,0.871659576899,0.975385781833,0.883128781858,0.722559912429,0.135052347249,0.153809617701
T[T>G]A,0.0636437076306,0.0509149661045,0.466908587709,0.051584899869,0.0422058271656,0.118589484685,0.135060246447
T[T>G]C,0.301772438466,0.241417950773,0.569311808896,0.244594502756,0.200122774983,0.161241253907,0.183635872506
T[T>G]G,0.140354662327,0.112283729862,0.405682678657,0.11376114736,0.0930773023856,0.109648167454,0.124877079601
T[T>G]T,1.19872950291,0.958983602328,3.51451097098,0.971601807622,0.794946933509,0.727395867381,0.828423071184
