,1,3,2,5,4,7,6
A[C>A]A,0.954143731627,0.701439571105,0.13728686786,1.75098290576,0.256937708998,1.37985065943,0.111704235264
A[C>A]C,0.715119592761,0.547657247696,0.102894905433,1.23222748884,0.18081599021,0.971048836311,0.105620442807
A[C>A]G,0.0690999045577,0.297321197744,0.00994243231046,0.347448033373,0.0509842222884,0.273804156734,0.0310234110812
A[C>A]T,1.51166770051,0.530624834397,0.217506143958,1.85411468825,0.27207117708,1.46112298802,0.245585287363
C[C>A]A,1.24549459369,1.20759970682,0.179207855207,2.32819588215,0.341637439228,1.83471958104,0.21403897079
C[C>A]C,1.33909612557,1.1976210964,0.19267570152,1.64338714193,0.241149200175,1.29506051946,0.192401933071
C[C>A]G,0.237972590299,0.527841501018,0.0342406604746,0.419771726173,0.0615969380797,0.330798371169,0.0508063155625
C[C>A]T,6.08257565592,1.95627778553,0.875190741858,4.96861070989,0.729089615038,3.91548126594,0.848120786573
G[C>A]A,0.956986400873,0.962838144312,0.137695885018,1.78048676826,0.261267080126,1.40310098586,0.145186047616
G[C>A]C,1.11497917871,1.58175530693,0.160428658807,2.34770333609,0.344499946057,1.8500923029,0.247733235567
G[C>A]G,0.132651397969,0.607000803241,0.0190865320819,0.651985256283,0.0956717495633,0.513792729136,0.0713192592686
G[C>A]T,3.17449325345,1.05034012266,0.456761619201,3.55419515173,0.52153950596,2.80086030979,0.564879115622
T[C>A]A,1.52850448424,0.93345431724,0.219928702768,2.11698205602,0.310644106047,1.66827390284,0.235840478355
T[C>A]C,1.03478656638,1.14989233295,0.148890153436,2.17398890761,0.319009241877,1.71319778045,0.292707503534
T[C>A]G,0.0726787562358,0.266307933879,0.010457374998,0.351363160394,0.0515587246231,0.27688944705,0.0512187758381
T[C>A]T,3.95889760151,1.01003086841,0.569625554173,4.40528123303,0.646427137456,3.4715531456,0.48412263904
A[C>G]A,0.413537384572,0.338356647077,0.0595017819528,0.729098400114,0.106987265234,0.57456123922,0.0501705688418
A[C>G]C,0.230458736843,0.242231630947,0.0331595304809,0.347471222275,0.0509876250077,0.273822430597,0.0295790231314
A[C>G]G,0.015454703466,0.0572614765768,0.00222369834043,0.0156691435923,0.00229927650539,0.0123479664179,0.00369207349512
A[C>G]T,0.372502315345,0.277604978188,0.0535974554453,0.657250564732,0.0964443763465,0.51794202112,0.047675700364
C[C>G]A,0.204426000844,0.275348461775,0.0294138130711,0.530959380072,0.077912517728,0.418419076687,0.051351893743
C[C>G]C,0.210144054661,0.277820971907,0.0302365546275,0.569533469014,0.0835728459966,0.448817135907,0.0468965278491
C[C>G]G,0.0372827565719,0.0649084830235,0.00536442540603,0.16084019205,0.0236015499204,0.126749064387,0.0157523468043
C[C>G]T,0.371396128143,0.277458683655,0.0534382918192,0.675233631991,0.0990831959987,0.532113459993,0.0573380658079
G[C>G]A,0.162569611854,0.170342359354,0.0233913110581,0.353493215494,0.0518712870561,0.278568023079,0.0307845512611
G[C>G]C,0.260273654205,0.304625003668,0.0374494466481,0.428128253138,0.0628231675801,0.337383677745,0.0332690483235
G[C>G]G,0.00622742640237,0.085173116176,0.000896032575881,0.0684643526682,0.0100463995763,0.0539528866135,0.00740469786805
G[C>G]T,0.382812108991,0.173351228562,0.0550808789915,0.426426399488,0.0625734390553,0.336042543075,0.0353112461976
T[C>G]A,0.292089684024,1.25208143838,0.0420272926653,0.899640205278,0.132012421427,0.70895559655,0.44626441068
T[C>G]C,0.280226093338,0.466867648485,0.0403203011997,0.578170332678,0.0848402118604,0.455623359991,0.130323976901
T[C>G]G,0.00791860149839,0.0828844843967,0.00113936712207,0.0668538603769,0.00981007733791,0.0526837486666,0.0199705157765
T[C>G]T,0.555508541592,1.47164970137,0.07992928656,1.83017988038,0.268559004186,1.44226131877,0.606521699394
A[C>T]A,2.23768923566,1.8140440235,0.321969674195,2.62238964618,0.384807176341,2.06655705813,0.630553596261
A[C>T]C,1.92663245005,1.06655973615,0.277213302165,2.07818308947,0.304950779434,1.63769863029,1.68287243913
A[C>T]G,3.01303471201,4.84499254501,0.43353017439,3.02083611888,0.44327486527,2.38055020238,0.615355637784
A[C>T]T,1.7860022174,0.882901008322,0.256978736316,1.89602468169,0.278221013075,1.49414988503,0.779944369851
C[C>T]A,1.71756483952,1.18522760153,0.247131631585,2.43115041363,0.356744897652,1.91585222813,1.92341413847
C[C>T]C,1.88997227481,1.01603771721,0.271938456808,1.98665590506,0.291520159982,1.56557122953,3.93607244204
C[C>T]G,2.2774080395,3.75217561431,0.32768461,1.95443657353,0.28679232329,1.54018099545,0.776460734773
C[C>T]T,2.07691807507,0.931861715108,0.298837133104,2.87664592164,0.42211652111,2.26692205781,3.36474571825
G[C>T]A,3.26446880693,2.76207335298,0.469707742004,3.55116230422,0.521094468553,2.79847029408,1.36822009169
G[C>T]C,3.80812081134,3.17877821909,0.547931051992,4.45443601588,0.653640067547,3.51028925164,3.42635928056
G[C>T]G,4.29693683839,5.41420958279,0.618264293294,5.2041182176,0.76364778193,4.10107142148,1.36868454065
G[C>T]T,3.52135604489,2.2262257438,0.506669934516,4.03954539828,0.592759379095,3.18333740625,2.37519453732
T[C>T]A,1.73436883745,1.66029542396,0.249549473015,5.21378648706,0.765066495385,4.10869043818,2.70491448008
T[C>T]C,3.31229384356,1.27246941567,0.476589042239,3.56569377645,0.523226804153,2.80992172601,4.08541329626
T[C>T]G,1.59397445178,2.20246265938,0.229348841982,1.73373843661,0.25440727059,1.36626126798,1.33691042046
T[C>T]T,2.22733213673,0.851711996815,0.320479444133,4.20321230811,0.616775719125,3.31231404715,2.02016126817
A[T>A]A,1.12833496205,0.29524207704,0.162350354252,1.4925495047,0.21901541645,1.17619390316,0.170032633726
A[T>A]C,0.453730881942,0.288007535013,0.0652850189844,0.962003618129,0.141163574399,0.75810067733,0.0835906603253
A[T>A]G,0.519319944196,0.359505358269,0.0747222941289,1.15793433626,0.169914277603,0.912502601943,0.0605445845609
A[T>A]T,1.43308418848,0.475761802075,0.206199163809,1.69988275921,0.249439317927,1.3395815222,0.115939803852
C[T>A]A,1.08803136078,0.254043104885,0.156551274932,1.35014284621,0.198118787216,1.06397126468,0.299181187529
C[T>A]C,0.832028990325,0.399389970373,0.119716401486,1.7127150758,0.251322320906,1.34969394561,0.14360402542
C[T>A]G,0.573380819193,0.591775081788,0.0825008372939,2.93820331116,0.43114939892,2.31543195716,0.0874838440459
C[T>A]T,0.897345878144,0.332286502473,0.129114514841,1.84466074174,0.270683913189,1.45367286713,0.190926941148
G[T>A]A,0.443465760633,0.196665488274,0.0638080231126,1.13022194348,0.165847785185,0.890664031548,0.103848368792
G[T>A]C,0.401845189917,0.235264956038,0.0578194517866,0.678555834575,0.0995706931169,0.534731500072,0.0625320051688
G[T>A]G,0.289815562907,0.217173545108,0.0417000809938,1.27201756201,0.186654750948,1.00240514398,0.0467652838711
G[T>A]T,0.3734769368,0.203083862977,0.0537376887482,0.814059295529,0.119454353148,0.641514118759,0.0591503170557
T[T>A]A,1.50062767148,0.271894723973,0.215917650573,1.84691249346,0.271014333279,1.45544734539,0.092922506798
T[T>A]C,0.421397606197,0.341378446036,0.0606327490931,0.967982160501,0.142040860508,0.762812028656,0.10182816854
T[T>A]G,0.935964504633,0.333821745645,0.134671151746,1.488408393,0.218407753321,1.17293052709,0.052238735267
T[T>A]T,1.18417877391,0.301395058296,0.170385435094,1.5879035083,0.233007580023,1.25133700383,0.125454035742
A[T>C]A,2.50875313002,0.997608962181,0.360971673385,5.16140320135,0.757379817589,4.0674101315,0.360965889847
A[T>C]C,1.33732266096,0.543665730398,0.192420526757,1.80557804787,0.264948952677,1.42287400512,0.198684624776
A[T>C]G,2.35834964056,1.222737691,0.339330883534,3.22072629123,0.472606575344,2.53807234907,0.288412418839
A[T>C]T,2.15954982703,0.661134709667,0.310726593818,3.90171974556,0.572534962664,3.07472479949,0.242318519449
C[T>C]A,1.51986922647,0.578718947323,0.218686219636,1.94404364072,0.285267273367,1.53199091253,0.175313313345
C[T>C]C,1.91146102437,0.63627125963,0.275030363219,2.45413415735,0.360117512219,1.93396441747,0.345487695577
C[T>C]G,2.72294291878,1.27805064362,0.391790348025,2.70582014521,0.397049695221,2.13230391878,0.337045767217
C[T>C]T,2.73034353512,0.497047704445,0.39285518491,2.80529184701,0.411646086247,2.21069194466,0.547619620113
G[T>C]A,1.06670468035,0.910799840913,0.153482687821,2.26548072857,0.332434672127,1.78529731328,0.286014013316
G[T>C]C,1.36557435969,0.670878742506,0.19648551938,2.08962670594,0.306630005763,1.64671669761,0.347406278105
G[T>C]G,1.48612963275,0.726920668264,0.213831601834,2.10123811587,0.308333853959,1.65586699349,0.247039511564
G[T>C]T,1.29286212516,0.644429382093,0.186023327361,2.09255923557,0.307060322611,1.64902765847,0.333693800486
T[T>C]A,1.41118612364,0.625950610646,0.203048363114,2.43241807826,0.356930913658,1.91685120298,0.240490320776
T[T>C]C,1.66584072674,0.612877322952,0.2396893132,2.30588774523,0.338363962615,1.81713979923,0.259127585881
T[T>C]G,1.36092717182,0.685574535562,0.195816859255,1.74606559896,0.256216147673,1.37597560787,0.19963693051
T[T>C]T,2.37391267132,0.512630465595,0.341570168535,2.82094426386,0.413942908284,2.22302672968,0.216121215252
A[T>G]A,2.10009926118,0.113428678303,0.302172555565,1.79638714529,0.263600287624,1.41563117427,0.0201381617483
A[T>G]C,0.580764828257,0.192040986354,0.0835632846413,0.696113089455,0.102147029431,0.548567380277,0.0574479809908
A[T>G]G,0.491948012354,0.168107559489,0.0707838866697,0.759647475627,0.11147001001,0.598635238945,0.0524052496867
A[T>G]T,2.28502369625,0.604192935917,0.328780387949,2.45280747916,0.359922836616,1.93291893738,0.212260132189
C[T>G]A,1.37479599268,0.0939704985718,0.197812373048,1.0318971579,0.151419691648,0.813179825518,0.0103188906165
C[T>G]C,1.03571207085,0.381244782035,0.149023319547,1.2486313978,0.183223085547,0.983975829787,0.14376283322
C[T>G]G,1.29724261367,0.358877806428,0.186653613477,1.36443025876,0.20021530971,1.07523036696,0.0995836850452
C[T>G]T,5.78433200966,0.998207476477,0.832277987001,4.8895050083,0.717481713174,3.85314253371,1.04488281049
G[T>G]A,0.440234303882,0.0325544399469,0.0633430653068,0.394243199072,0.0578509042117,0.310680781877,0.00138431159799
G[T>G]C,0.225720085028,0.0735209575953,0.0324777100759,0.256986538954,0.0377099812596,0.202516566024,0.0553343453705
G[T>G]G,0.512006635622,0.181489188823,0.0736700195139,0.587082351493,0.0861479537517,0.462646418296,0.0693782503107
G[T>G]T,1.98656075836,0.362496528798,0.28583608034,1.73876954375,0.255145530877,1.37022599915,0.328437351356
T[T>G]A,3.1420372234,0.180939539921,0.45209168682,2.54880583445,0.374009551794,2.00856981519,0.0287742506263
T[T>G]C,0.906937784989,0.280181636314,0.130494645322,1.10869156725,0.162688436499,0.873697158977,0.0912669220734
T[T>G]G,0.744622288139,0.234655443171,0.107139897574,0.965112705911,0.141619799237,0.76055077368,0.0590320612766
T[T>G]T,5.72815499761,1.43410962734,0.824194963685,6.26764607076,0.919708934296,4.93917761011,0.404280380992
