,1,3,2,5,4,7,6
A[C>A]A,1.85684738908,1.405160674,1.49611836744,0.604542296292,0.778534968027,1.48356363561,1.77070498444
A[C>A]C,1.16977066054,0.983264226759,1.18753961542,0.447900935724,0.544781531042,0.934610579297,1.11550294948
A[C>A]G,0.45080356196,0.126431037139,0.354487162346,0.136843117874,0.0700496286852,0.360178103628,0.429889994653
A[C>A]T,1.45971698254,1.15467364949,1.0257904185,0.290407627019,0.639751616608,1.16626872317,1.39199815346
C[C>A]A,2.85977218377,1.41769279612,2.26159732974,0.5820676691,0.785478441096,2.28486952827,2.7271023402
C[C>A]C,2.07637912833,0.991881064514,2.08930843107,0.461828994172,0.549555724933,1.65896270562,1.98005226155
C[C>A]G,0.719641481119,0.147493679249,0.587261481454,0.19294080239,0.0817194709354,0.574971286461,0.686256051583
C[C>A]T,3.66682871116,1.57559106416,3.38177169819,0.958174493368,0.872962616632,2.92968273315,3.49671810085
G[C>A]A,2.43162991832,1.22473438935,1.49911319746,0.669822459885,0.678569053558,1.94279709969,2.31882234479
G[C>A]C,2.81998393481,0.948767591457,1.78491901092,0.636563168588,0.525668530402,2.25307994792,2.68915993784
G[C>A]G,0.924266699336,0.101850041816,0.499937308871,0.131616595167,0.0564304285735,0.738460507201,0.881388347305
G[C>A]T,2.58170691991,1.19871462147,2.08588446852,0.579796596979,0.664152695679,2.0627039824,2.46193701126
T[C>A]A,2.77448209044,2.88407031064,1.45325827358,0.707177909005,1.59793084778,2.21672538153,2.64576900377
T[C>A]C,2.29239472104,1.27667537794,1.66341089734,0.511445181268,0.707347168861,1.8315524833,2.18604651233
T[C>A]G,0.416524414539,0.235731612635,0.39849741548,0.144146656851,0.130608055649,0.332790125018,0.397201116957
T[C>A]T,4.04202533377,10.3527569476,3.81063291957,0.732494347388,5.73598695747,3.22945323059,3.85450869457
A[C>G]A,0.81489424174,0.689731335357,0.581364471683,0.240394472734,0.382148442563,0.651075296235,0.7770898697
A[C>G]C,0.461748588627,0.31301359263,0.283956470449,0.134132368351,0.173426449971,0.368922841429,0.440327262351
A[C>G]G,0.0532109394171,0.0340176157276,0.0412052496068,0.0657850641049,0.0188475979031,0.0425138948951,0.0507423906812
A[C>G]T,0.629928812644,0.611069077996,0.4830543092,0.234136143368,0.338565299971,0.503293638968,0.600705311027
C[C>G]A,0.518759920998,0.435167991399,0.356638901313,0.148070661909,0.241106589829,0.414473132756,0.494693739096
C[C>G]C,0.595224001014,0.384496902225,0.350578428648,0.123422276522,0.213032067449,0.475565567821,0.567610516431
C[C>G]G,0.0833927388211,0.0763934835134,0.0744244461222,0.0709776536787,0.0423261192439,0.0666282191612,0.079524003515
C[C>G]T,0.654111062153,0.460184068659,0.293983384583,0.17648754788,0.254966848852,0.522614508421,0.623765703599
G[C>G]A,0.309645535416,0.276888595766,0.290578536559,0.157153052549,0.153411249005,0.247397206132,0.295280536351
G[C>G]C,0.458869613427,0.283940695537,0.253051197819,0.177331436444,0.157318493473,0.366622629284,0.437581847856
G[C>G]G,0.109886533826,0.0250648863898,0.064657351713,0.0266317137509,0.0138873019187,0.0877959419741,0.104788704937
G[C>G]T,0.48678854961,0.400274577103,0.249290229969,0.134461343305,0.221773752179,0.388928995822,0.464205575659
T[C>G]A,1.5510835292,2.62791189165,0.51539501188,1.62613910191,1.45600523727,1.23926776818,1.47912604589
T[C>G]C,0.549545056956,0.865742922816,0.399044414754,0.466391306934,0.479668376155,0.439069504269,0.524050698644
T[C>G]G,0.105049346165,0.126644445267,0.0548322035691,0.0859313906018,0.0701678683235,0.0839311786372,0.10017592289
T[C>G]T,2.59293118506,3.46025857077,0.945260422497,2.10924900945,1.91717028921,2.07167182312,2.47264056307
A[C>T]A,2.33242825571,1.66142618394,2.39955188528,1.35825487756,0.920519912724,1.86353803935,2.22422282117
A[C>T]C,2.40811647216,1.10312034146,2.02409395789,1.73679909195,0.611188297296,1.92401058343,2.29639972861
A[C>T]G,2.37431830567,2.12480163736,4.25767922186,1.43671027077,1.17725496124,1.89700689371,2.26416951829
A[C>T]T,2.03924594782,1.36088902252,1.71026238525,1.14530645809,0.754006080047,1.62929444285,1.94464175437
C[C>T]A,3.85671336399,2.00333288196,3.0274251163,1.64968525945,1.10995470487,3.08139469803,3.67779367185
C[C>T]C,4.52563526122,1.92165031705,3.31376633889,2.3322842317,1.06469814864,3.61584260561,4.31568310993
C[C>T]G,2.48008206042,1.51381974844,3.20713259215,1.24894803618,0.838737968731,1.98150886271,2.3650267071
C[C>T]T,4.77400690682,3.00016787158,4.45999745348,1.70165328025,1.66225517209,3.81428386885,4.5525323596
G[C>T]A,3.06802985011,1.43987215102,3.95398006829,1.47645688023,0.79776700259,2.45126096272,2.9256985684
G[C>T]C,3.77779176691,2.10646061918,6.73285125903,2.17900799291,1.16709304576,3.01833878284,3.60253338597
G[C>T]G,2.29385813419,1.95297044241,7.36984604639,1.48438878082,1.08205119106,1.83272170515,2.18744203518
G[C>T]T,3.85133548473,2.67246243396,5.7960895418,1.5200232615,1.48068864584,3.07709793883,3.67266528183
T[C>T]A,15.1148280878,2.19468922665,4.02108980087,3.71447256921,1.21597646341,12.0762801732,14.4136247229
T[C>T]C,9.96598667731,2.06055608398,4.05377629487,3.3951900095,1.14165945194,7.96251512878,9.50364708919
T[C>T]G,4.1068440273,6.26665695054,3.85161581451,1.16971785206,3.47206668882,3.28124136202,3.91632033531
T[C>T]T,9.6988435309,2.67909188871,3.1203521327,2.59419207219,1.48436172212,7.74907601695,9.24889718153
A[T>A]A,0.987703124577,2.24210439218,1.43820575731,0.33181099743,1.2422470281,0.789144249017,0.941881845601
A[T>A]C,0.574672969078,0.800427615043,1.09796106367,0.449116124458,0.443480165091,0.459145928902,0.548012882883
A[T>A]G,0.759287816659,1.27285805565,0.897142629544,0.268422413076,0.705232165969,0.606647482382,0.724063124134
A[T>A]T,1.48639746081,1.52675844242,1.0796417991,0.442240935261,0.845906704582,1.18758560013,1.41744087758
C[T>A]A,0.551297321443,3.32752730345,2.15894847383,0.242867078914,1.84362999245,0.4404695094,0.52572167251
C[T>A]C,0.872853723029,1.30685927487,1.24356154378,0.39923480597,0.72407067932,0.697383129224,0.832360509074
C[T>A]G,0.789952845141,3.23053182831,2.42408863707,0.412244892297,1.78988925622,0.631147891736,0.753305548201
C[T>A]T,1.01053858554,1.90654567747,1.25009939195,0.30067351906,1.05632936184,0.807389076074,0.963657929508
G[T>A]A,0.38855687462,1.87761108666,1.30882605755,0.219204967213,1.0402980345,0.310444925599,0.370531040231
G[T>A]C,0.483212047449,0.464350877055,0.562618662353,0.230575955492,0.257275485936,0.386071481209,0.460794993701
G[T>A]G,0.406223531133,1.31501794395,1.02634966924,0.228064553526,0.728591023,0.324560037761,0.387378109586
G[T>A]T,0.513865210744,0.861686042296,0.754387146027,0.230079113541,0.477420645056,0.410562410646,0.490026103029
T[T>A]A,1.51931773764,2.08358455237,1.08245208342,0.296710240949,1.1544184682,1.21388788317,1.44883392507
T[T>A]C,0.787899907708,0.748816887277,1.03684050923,0.351443655386,0.41488503214,0.629507658221,0.751347850134
T[T>A]G,1.19823201699,1.48647518659,0.879443311679,0.204255469954,0.823587603381,0.957350322851,1.14264393373
T[T>A]T,1.37987956534,1.55764952687,1.0114243532,0.334364489476,0.863022035159,1.10248109602,1.31586453396
A[T>C]A,3.16927306255,2.89916588379,4.26521584023,1.66734006538,1.60629461129,2.53215115822,3.02224493078
A[T>C]C,1.81691431904,1.26903369517,2.50610298235,0.942793904503,0.703113263538,1.45165834769,1.7326244795
A[T>C]G,3.20967183618,2.15513723133,4.47458848092,1.68009233566,1.19406252006,2.5644285289,3.0607695345
A[T>C]T,2.59410328442,2.42272135541,2.70017801741,1.18596008512,1.34231858881,2.07260829425,2.47375828669
C[T>C]A,2.02857197036,1.36010004401,2.53538678682,1.08537863835,0.7535689433,1.62076626497,1.93446296142
C[T>C]C,2.30614857514,1.47110276927,2.62618495708,0.960212655701,0.815070453242,1.84254138735,2.19916230104
C[T>C]G,3.04877604143,1.62187674905,4.05794707609,1.53222128373,0.898607387989,2.43587776506,2.90733797765
C[T>C]T,3.15625145344,2.36359027546,2.26298259252,0.832104499916,1.30955677424,2.52174729527,3.00982741694
G[T>C]A,2.17037989234,1.74514007302,5.16450897928,2.26333203903,0.966901932348,1.73406640883,2.06969216538
G[T>C]C,1.58871323475,1.2304939511,3.39783630203,1.11248813118,0.681760162095,1.2693327391,1.51501004345
G[T>C]G,2.10438257333,1.45425182584,3.54940823032,1.36377246243,0.805734119724,1.6813365921,2.00675657766
G[T>C]T,2.24435293358,1.90796781607,3.58461195144,1.55110064795,1.0571173035,1.79316858096,2.14023346759
T[T>C]A,2.39826096592,1.66642890947,3.25764124766,1.08298222263,0.923291693086,1.91613633875,2.28700143657
T[T>C]C,2.03825708038,1.48717127301,2.69829424838,1.21251250876,0.823973272883,1.62850436834,1.94369876222
T[T>C]G,1.8254723546,1.16316328033,2.30346532167,0.824375746746,0.644455330995,1.45849595342,1.74078549279
T[T>C]T,2.95395498021,2.31805859822,2.53830069743,0.956425884072,1.28432976388,2.36011866975,2.81691583164
A[T>G]A,1.93296098291,1.44079945052,0.173505825006,0.220704371241,0.798280776637,1.54437604305,1.84328753525
A[T>G]C,0.397242662744,0.386981684583,0.120107263847,0.165040627258,0.214408771188,0.317384601677,0.378813879421
A[T>G]G,0.496060387621,0.539503630754,0.312768478065,0.215017920428,0.298914173796,0.396336907635,0.473047276855
A[T>G]T,1.4129817173,1.32783367559,0.394868111335,0.697208078548,0.735691631072,1.12892869166,1.34743101908
C[T>G]A,1.24917073974,0.89566078892,0.0890550068004,0.17870780775,0.496244491158,0.998048786904,1.19121951985
C[T>G]C,0.790156827743,0.556387558367,0.519146421155,0.396334682152,0.308268782338,0.631310867527,0.753500067693
C[T>G]G,1.21306098671,1.03347540941,0.737504527267,0.428853663964,0.57260124035,0.969198211035,1.15678496156
C[T>G]T,4.2955384308,3.87596826938,0.895063303335,1.17380511691,2.14749593303,3.4320023545,4.09626087473
G[T>G]A,0.449078781209,0.371215384931,0.0757861174282,0.0699185704036,0.205673388948,0.358800057152,0.428245229504
G[T>G]C,0.179799953824,0.140149612366,0.167003969269,0.0713597066466,0.0776504609053,0.143654602282,0.171458718853
G[T>G]G,0.663795495523,0.586673476758,0.472445102189,0.183919845225,0.325048818204,0.530352071165,0.633000859133
G[T>G]T,1.55708938872,1.21939462728,0.954597646976,0.489618495198,0.675610536737,1.24406626419,1.48485328306
T[T>G]A,2.91004731942,2.16222249104,0.23479578249,0.330197878097,1.19798813693,2.32503780676,2.77504512419
T[T>G]C,0.665365463313,0.740696417443,0.309064488682,0.340088365746,0.410385852908,0.531606426874,0.634497993366
T[T>G]G,0.702134287838,0.738731594483,0.326232586681,0.270116146353,0.409297234781,0.560983580489,0.669561047681
T[T>G]T,3.53623336001,4.28183996719,0.927057633062,1.66715208202,2.37237079263,2.8253410866,3.37218129692
