,1,3,2,5,4,7,6
A[C>A]A,1.053272609,1.42701450252,0.419043941217,0.373741893518,1.2797828475,0.668205203562,1.00797056131
A[C>A]C,0.584009111791,0.791238151459,0.232347711143,0.207229039668,0.709602469165,0.370500404254,0.558890440316
A[C>A]G,0.175400457605,0.237639329659,0.069782977757,0.0622388720535,0.213120986123,0.111275559126,0.167856351902
A[C>A]T,0.611012101063,0.827822846602,0.243090835907,0.216810745539,0.742412552905,0.387631332933,0.584732010695
C[C>A]A,1.16154199556,1.57370205851,0.46211885845,0.412160062942,1.4113359731,0.736892233745,1.11158320006
C[C>A]C,0.745810885193,1.01045345736,0.2967204597,0.264642572165,0.906200322869,0.473148841144,0.713732997658
C[C>A]G,0.334708234649,0.45347567275,0.133163491204,0.118767438101,0.406688500165,0.212341783272,0.320312181546
C[C>A]T,1.36055736948,1.84333579091,0.541297017966,0.482778421429,1.65315035217,0.863149298919,1.30203877295
G[C>A]A,1.35308884089,1.83321713927,0.538325667881,0.48012829838,1.64407568839,0.858411200134,1.29489147139
G[C>A]C,0.825891425714,1.11894967355,0.328580459693,0.293058247834,1.00350248501,0.523952624915,0.790369213855
G[C>A]G,0.288471406193,0.390832227745,0.114768193862,0.102360821552,0.35050826774,0.183008741563,0.276064033883
G[C>A]T,1.03023824213,1.39580665063,0.40987973074,0.365568408498,1.25179485334,0.653592003072,0.985926919889
T[C>A]A,1.532825197,2.07673091206,0.609833680526,0.543905715064,1.86246502431,0.972437490569,1.46689723154
T[C>A]C,1.06924703589,1.44865727443,0.425399358363,0.37941023854,1.299192635,0.67833951739,1.02325791606
T[C>A]G,0.307494706648,0.416605731587,0.12233660372,0.10911102494,0.373622600551,0.195077287013,0.294269127867
T[C>A]T,1.92393896499,2.60662698482,0.765438082845,0.682688019835,2.33768928004,1.2205634294,1.84118890198
A[C>G]A,0.561826337543,0.761184070219,0.223522306334,0.199357732676,0.682649205831,0.356427461452,0.537661763885
A[C>G]C,0.355542067843,0.481702156432,0.14145222054,0.126160088589,0.432002727594,0.225558946266,0.340249935893
A[C>G]G,0.121707528989,0.164894071534,0.0484212749742,0.0431865425445,0.147881191137,0.0772123033372,0.11647279656
A[C>G]T,0.558089659202,0.756121473758,0.222035670866,0.198031814556,0.678108940751,0.354056880569,0.534085802893
C[C>G]A,0.360805646151,0.488833456076,0.14354633234,0.128027809925,0.438398258226,0.228898205623,0.345287123736
C[C>G]C,0.381098752391,0.516327341949,0.151619933747,0.135228589558,0.463055473335,0.241772326786,0.364707408202
C[C>G]G,0.15092944984,0.204485061073,0.0600472004739,0.0535556112335,0.183387396042,0.0957509412962,0.144437860599
C[C>G]T,0.477079080729,0.646365206149,0.189805655774,0.16928612542,0.579676732499,0.302663072721,0.456559550375
G[C>G]A,0.269023088184,0.364482893669,0.107030690998,0.0954598054848,0.326877515751,0.170670561321,0.257452202671
G[C>G]C,0.313465031294,0.424694558528,0.124711894171,0.111229527233,0.380876865981,0.198864912326,0.299982664357
G[C>G]G,0.069387138729,0.0940083815038,0.0276056358384,0.0246212427748,0.0843091040471,0.0440197976883,0.0664027456654
G[C>G]T,0.318482131292,0.431491919815,0.126707944708,0.113009788523,0.386972912215,0.202047803723,0.304783975108
T[C>G]A,1.26967637818,1.72020670592,0.505140064436,0.45053032774,1.54272506166,0.805493616263,1.21506664148
T[C>G]C,0.515523197902,0.698450784254,0.205100627122,0.182927586352,0.626388401752,0.327052351357,0.493350157132
T[C>G]G,0.115812904709,0.15690780638,0.0460761018736,0.0410949016711,0.140718905722,0.0734727029877,0.110831704507
T[C>G]T,2.02744668299,2.74686324792,0.806618572801,0.71941656493,2.46345672234,1.28622961609,1.94024467512
A[C>T]A,1.66042479218,2.24960778296,0.660599110868,0.589182990774,2.01750539265,1.05338777138,1.58900867209
A[C>T]C,1.46303377012,1.98217478533,0.582067198867,0.519141015205,1.77766468843,0.928161209003,1.40010758646
A[C>T]G,1.83373587482,2.48441634653,0.729550831918,0.650680471711,2.22808767586,1.16333781306,1.75486551461
A[C>T]T,1.26030270717,1.70750689358,0.501410754465,0.447204186415,1.53133554742,0.799546878741,1.20609613912
C[C>T]A,1.98776442193,2.69310018455,0.790831006573,0.705335762619,2.4152406417,1.26105484832,1.90226917797
C[C>T]C,2.28169140494,3.09132383895,0.907769698741,0.809632434012,2.77237772859,1.44752465475,2.18355414021
C[C>T]G,1.78193592817,2.41423577365,0.708942250993,0.63229984548,2.16514795574,1.13047548131,1.70529352266
C[C>T]T,2.13574925991,2.89359577149,0.849706694804,0.757846511582,2.59505017602,1.35493770252,2.04388907669
G[C>T]A,1.98303624148,2.68669426265,0.788949902524,0.70365802117,2.40949564825,1.25805524997,1.89774436012
G[C>T]C,2.52785589418,3.42483701792,1.00570610844,0.89698112374,3.07148081766,1.60369352426,2.41913090948
G[C>T]G,2.07625308304,2.81298804799,0.826036172824,0.736734964951,2.52275912241,1.31719281612,1.98695187517
G[C>T]T,2.01643531897,2.73194462571,0.802237707549,0.715509306733,2.45007732306,1.27924391204,1.92970691816
T[C>T]A,8.40519258306,11.3876802738,3.34400135025,2.98248769076,10.2127608805,5.33232647742,8.04367892357
T[C>T]C,3.75345211401,5.08532221898,1.49330890557,1.33187010497,4.56064611702,2.38122230889,3.5920133134
T[C>T]G,1.86243936418,2.52330494502,0.740970499728,0.660865580838,2.26296395863,1.18154755362,1.78233444529
T[C>T]T,5.06835909374,6.86680909474,2.01644394052,1.798450001,6.15832879131,3.21541060785,4.85036515422
A[T>A]A,0.494245180481,0.669622502587,0.196635179331,0.175377322106,0.600534466606,0.313553394069,0.472987323256
A[T>A]C,0.379074349563,0.513584602634,0.15081452617,0.134510253071,0.46059571506,0.240488028217,0.362770076463
A[T>A]G,0.57925733498,0.784800260296,0.230457219293,0.205542925316,0.703828804868,0.36748583617,0.554343041002
A[T>A]T,0.684920317289,0.927956558907,0.272495179997,0.243036241619,0.832215009179,0.434519341076,0.655461378911
C[T>A]A,0.278302251562,0.377054663407,0.110722401159,0.0987524118446,0.338152198135,0.176557342389,0.266332262248
C[T>A]C,0.370683287957,0.502216067554,0.147476146821,0.131532779598,0.450400124076,0.235164666553,0.354739920733
C[T>A]G,0.58331509829,0.790297875103,0.232071598245,0.206982776813,0.70875920545,0.37006011612,0.558226276858
C[T>A]T,0.504596232989,0.68364650921,0.200753340006,0.179050276222,0.613111551911,0.320120190821,0.482893169204
G[T>A]A,0.322550745525,0.437004235873,0.128326640693,0.114453490348,0.391916497251,0.204628967591,0.30867759518
G[T>A]C,0.244640251201,0.331448082272,0.0973299924131,0.0868078310712,0.29725105791,0.155201879794,0.234118089859
G[T>A]G,0.340883776579,0.46184253601,0.135620427241,0.120958759431,0.414192115628,0.216259600195,0.326222108769
G[T>A]T,0.292898430562,0.396830131729,0.116529483127,0.103931701167,0.35588734036,0.185817283905,0.280300648602
T[T>A]A,0.581459274884,0.787783533714,0.2313332599,0.20632425883,0.706504280235,0.368882765787,0.556450273814
T[T>A]C,0.346687713428,0.469705934322,0.137929520396,0.123018220894,0.42124421094,0.219941667659,0.331776413926
T[T>A]G,0.442157690381,0.59905235471,0.175912199399,0.156894664329,0.537245365732,0.280508642285,0.423140155311
T[T>A]T,0.556090836964,0.753413392015,0.221240440512,0.197322555052,0.675680264268,0.352788810547,0.532172951503
A[T>C]A,1.71863022083,2.3284667508,0.683756109361,0.609836529971,2.08822811778,1.09031379601,1.64471064144
A[T>C]C,0.717098780716,0.971553186777,0.285297364371,0.254454406061,0.871313572268,0.454933635078,0.686255822406
A[T>C]G,1.53058869692,2.07370081518,0.608943890173,0.543112118262,1.85974755647,0.971018635681,1.46475692501
A[T>C]T,1.35568636436,1.83673636462,0.539359091197,0.481050000256,1.64723181906,0.860059091367,1.29737727342
C[T>C]A,0.762950475446,1.0336748377,0.303539436468,0.270724362255,0.92702584651,0.484022344638,0.730135401233
C[T>C]C,0.654674224935,0.886977982169,0.260461788415,0.232303757235,0.795464380834,0.415330959905,0.626516193755
C[T>C]G,1.15728143653,1.5679296882,0.460423797328,0.410648251671,1.40615916481,0.734189298442,1.10750589087
C[T>C]T,1.03290990696,1.39942632556,0.410942651157,0.366516418599,1.25504106975,0.655286930223,0.988483674405
G[T>C]A,0.848745705541,1.14991353654,0.337673022635,0.301167830998,1.03127166372,0.538451576634,0.812240513905
G[T>C]C,0.554698438153,0.751526916208,0.220686475394,0.196828478054,0.673988424853,0.351905460764,0.530840440813
G[T>C]G,0.795336152933,1.0775522072,0.316424060844,0.282216054266,0.966376185822,0.504568097022,0.761128146355
G[T>C]T,0.840357571603,1.13854896798,0.334335808057,0.298191396375,1.02107963001,0.533130072307,0.804213159921
T[T>C]A,0.864740697345,1.1715841706,0.344036621524,0.306843473251,1.05070643871,0.548598937025,0.827547549072
T[T>C]C,0.766018875443,1.03783202479,0.304760197757,0.271813149351,0.930754117474,0.485968963991,0.733071827037
T[T>C]G,0.709788305013,0.961648671307,0.282388895543,0.251860366295,0.862430951252,0.450295806406,0.679259775765
T[T>C]T,0.977525337094,1.32438916639,0.388907929811,0.346863829291,1.18774583969,0.620150482672,0.935481236574
A[T>G]A,0.412102809723,0.558332838979,0.163954881287,0.146230029256,0.500727069878,0.261441567458,0.394377957692
A[T>G]C,0.158439758793,0.214660318365,0.0630351728533,0.0562205595719,0.192512825201,0.100515545901,0.151625145512
A[T>G]G,0.297261185266,0.402740960682,0.11826520274,0.105479775417,0.361188321882,0.188585053018,0.284475757942
A[T>G]T,0.356333558531,0.482774498655,0.141767114684,0.126440940124,0.432964431333,0.226061074767,0.34100738397
C[T>G]A,0.26198115793,0.35494221397,0.104229062833,0.0929610560398,0.318321191894,0.166203100192,0.250713151138
C[T>G]C,0.255903694331,0.346708231029,0.101811147207,0.090804536698,0.310936746875,0.162347505006,0.244897083822
C[T>G]G,0.48417875283,0.655984116737,0.192630256502,0.171805363907,0.588303215804,0.307167165774,0.463353860235
C[T>G]T,0.975511645518,1.32166093909,0.388106783701,0.346149293571,1.18529909617,0.618872979415,0.933554155388
G[T>G]A,0.13468404649,0.182475159761,0.0535839754852,0.0477911132706,0.163648357563,0.0854447176657,0.128891184275
G[T>G]C,0.0395122083913,0.0535326694333,0.0157199108653,0.0140204610421,0.0480094575077,0.0250668848934,0.037812758568
G[T>G]G,0.3495940409,0.473643539284,0.139085801218,0.124049498384,0.424775555073,0.221785466808,0.334557738066
G[T>G]T,0.338665652377,0.458837335478,0.13473794772,0.120171683101,0.411496975468,0.214852403121,0.324099387758
T[T>G]A,0.626131096884,0.848306647392,0.249105920266,0.222175550507,0.760782945677,0.397222953937,0.599200727126
T[T>G]C,0.310132795312,0.420179916229,0.123386165877,0.110047120917,0.37682802011,0.196750913155,0.296793750352
T[T>G]G,0.351997495541,0.476899832669,0.140042014355,0.124902337128,0.427695881679,0.223310239107,0.336857818314
T[T>G]T,1.03771062699,1.40593052689,0.412852615039,0.3682198999,1.26087420269,0.658332548305,0.99307791185
