,1,3,2,5,4,7,6
A[C>A]A,1.42263591838,0.701299396384,1.17217184824,1.94360118426,0.500928140274,0.961782029326,1.60297004888
A[C>A]C,1.28279300336,0.632362748136,1.05694916474,1.75254818769,0.45168767724,0.8672403403,1.44540056717
A[C>A]G,0.154979529899,0.0763983598095,0.127694401396,0.211732597186,0.0545702570068,0.104774893453,0.174624822422
A[C>A]T,1.3562991102,0.668598152917,1.11751405559,1.8529720238,0.477570109226,0.916934609715,1.52822434952
C[C>A]A,1.63354625755,0.805269281891,1.34595008545,2.23174629553,0.575192344208,1.10436930088,1.84061550147
C[C>A]C,1.36718130029,0.673962612818,1.12648036714,1.86783924124,0.481401866298,0.924291583293,1.54048597215
C[C>A]G,0.1821882649,0.0898111165001,0.15011286615,0.2489050943,0.0641507975001,0.1231695312,0.205282552
C[C>A]T,2.45527211161,1.21034540713,2.02300589478,3.35438584262,0.864532433666,1.65990227264,2.76650378773
G[C>A]A,0.915493687836,0.451299705271,0.754315221668,1.25074489747,0.322356932337,0.618925310086,1.03154218348
G[C>A]C,1.05529201187,0.52021437205,0.869501164712,1.44173697397,0.371581694321,0.713436853097,1.18906142183
G[C>A]G,0.165738176873,0.0817019181771,0.136558920382,0.226431030376,0.0583585129836,0.112048344929,0.186747241548
G[C>A]T,1.85143742059,0.912680418599,1.52548012823,2.52942858869,0.651914584714,1.25167600265,2.08612667108
T[C>A]A,1.31830251042,0.649867434715,1.08620699802,1.80106117621,0.464191024796,0.891246767609,1.48541127935
T[C>A]C,1.29796477287,0.639841789445,1.06944984807,1.77327581646,0.457029849604,0.877497311239,1.46249551873
T[C>A]G,0.202269756029,0.0997104431127,0.166658883488,0.276340370912,0.0712217450805,0.136745750554,0.227909584257
T[C>A]T,2.05123275132,1.0111710746,1.69010022468,2.80238840673,0.722265053282,1.3867489023,2.3112481705
A[C>G]A,0.742331592568,0.365938109012,0.611639410778,1.01417133069,0.26138436358,0.501857978074,0.836429963457
A[C>G]C,0.373374143936,0.184057676588,0.30763925944,0.510102703688,0.131469768992,0.252421956464,0.420703260773
A[C>G]G,0.133247258726,0.0656852683859,0.109788234302,0.182042029527,0.0469180488471,0.0900826537863,0.150137756311
A[C>G]T,0.768401472442,0.378789458246,0.633119523068,1.04978792714,0.270563898747,0.519482685594,0.865804475991
C[C>G]A,0.562091806634,0.277087510312,0.463131981522,0.767928242866,0.197919650223,0.380005728428,0.633342880714
C[C>G]C,0.486800361173,0.239972009029,0.401096072234,0.665065282165,0.171408577878,0.329104469525,0.548507449209
C[C>G]G,0.16914774268,0.0833826900537,0.139368210518,0.231089169577,0.0595590643241,0.114353403502,0.190589005837
C[C>G]T,0.824170537771,0.406281251014,0.67907009098,1.1259794671,0.290200893581,0.557185715676,0.92864285946
G[C>G]A,0.412927867351,0.203555990948,0.340229299156,0.564140889198,0.145397136391,0.279162501871,0.465270836452
G[C>G]C,0.373139373444,0.183941944656,0.307445821782,0.509781960903,0.131387103325,0.252263238385,0.420438730642
G[C>G]G,0.0703377226616,0.0346735252557,0.0579543207845,0.0960951985658,0.0247668037541,0.0475522632078,0.079253772013
G[C>G]T,0.566968898971,0.27949171076,0.467150430842,0.774591312679,0.199636936257,0.383302917614,0.638838196024
T[C>G]A,1.18836829756,0.585815357951,0.97914852686,1.62354542061,0.418439541393,0.803403919475,1.33900653246
T[C>G]C,0.826743056622,0.40754939411,0.681189701583,1.1294940351,0.291106710078,0.55892488335,0.93154147225
T[C>G]G,0.0916892016137,0.0451989022039,0.0755467365409,0.125265528965,0.0322849301457,0.0619870658797,0.103311776466
T[C>G]T,1.86925818054,0.921465300266,1.54016343044,2.55377526074,0.65818950019,1.26372384036,2.10620640061
A[C>T]A,1.40913268366,0.694642872229,1.16104594358,1.92515310303,0.496173480164,0.952653081914,1.58775513652
A[C>T]C,1.61601433685,0.796626785772,1.3315047705,2.20779423485,0.569019132694,1.09251673477,1.82086122462
A[C>T]G,1.8763996684,0.924985752027,1.5460476141,2.56353194133,0.660704108591,1.26855188849,2.11425314749
A[C>T]T,1.31686571073,0.649159153177,1.08502315602,1.79909822452,0.463685109412,0.890275410071,1.48379235012
C[C>T]A,2.98825497211,1.47308343696,2.46215374463,4.08254552528,1.05220245497,2.02022871354,3.3670478559
C[C>T]C,3.525944787,1.73814179641,2.90517985971,4.81713583576,1.24152985458,2.38373732079,3.97289553464
C[C>T]G,1.73283407651,0.854213981379,1.42775765459,2.36739303411,0.610152843842,1.17149346018,1.9524891003
C[C>T]T,3.44244494566,1.69697990279,2.83638069467,4.70305858774,1.21212850199,2.32728672383,3.87881120638
G[C>T]A,2.14008356087,1.05497076945,1.76330828607,2.92377613246,0.753550549604,1.44681705524,2.41136175873
G[C>T]C,4.81578750992,2.37397975841,3.9679375962,6.57931533046,1.69569982744,3.25574366868,5.4262394478
G[C>T]G,5.2911074429,2.60829240143,4.35957444239,7.22869608396,1.86306600102,3.57708672196,5.96181120327
G[C>T]T,3.3409239967,1.64693436457,2.75273315221,4.56436095324,1.17638168898,2.25865284284,3.76442140473
T[C>T]A,4.38530356895,2.16176936498,3.61324308146,5.99118938294,1.54412097498,2.96471227197,4.94118711995
T[C>T]C,8.71239159219,4.29484092573,7.178519833,11.9028448513,3.06774351838,5.89006755528,9.81677925881
T[C>T]G,3.26859465249,1.61127905404,2.69313784747,4.46554480692,1.15091361003,2.20975413126,3.6829235521
T[C>T]T,3.33651791091,1.64476235045,2.74910278575,4.55834137125,1.17483025032,2.25567408062,3.75945680103
A[T>A]A,1.50837711281,0.743566182373,1.24281776197,2.06074056258,0.531118701695,1.01974790725,1.69957984542
A[T>A]C,1.21404464638,0.598472713004,1.00030439174,1.65862437604,0.427480509289,0.820762577835,1.36793762972
A[T>A]G,1.68631954209,0.831284281311,1.38943229876,2.30384500821,0.593774486651,1.14004701437,1.90007835728
A[T>A]T,1.31466728404,0.64807542171,1.08321177629,1.79609474017,0.462911015507,0.888789149773,1.48131524962
C[T>A]A,1.92746308513,0.950157858865,1.58812099268,2.63329463743,0.678684184904,1.30307363502,2.17178939169
C[T>A]C,1.81764468931,0.896022029943,1.49763682148,2.48326105441,0.640015735674,1.22883021249,2.04805035416
C[T>A]G,4.32075761084,2.12995093492,3.56006084837,5.90300687679,1.52139352494,2.92107556789,4.86845927982
C[T>A]T,2.00830421576,0.990009120446,1.65472952989,2.74373956238,0.707149371747,1.35772679375,2.26287798959
G[T>A]A,1.17615162028,0.579793052252,0.96908267305,1.60685503053,0.414137894466,0.795144757374,1.32524126229
G[T>A]C,0.711589182313,0.350783399732,0.586309396695,0.972171136399,0.250559571237,0.481074376775,0.801790627958
G[T>A]G,1.32918358231,0.655231343394,1.09517238824,1.81592686598,0.468022388138,0.898602985225,1.49767164204
G[T>A]T,0.879410931953,0.433512431245,0.724585063652,1.20144873802,0.309651736603,0.594531334278,0.99088555713
T[T>A]A,1.28841004306,0.635131711369,1.061577289,1.76022217151,0.453665508121,0.871037775592,1.45172962599
T[T>A]C,1.08528975478,0.535001991792,0.894217614853,1.48271980582,0.382144279852,0.733717017315,1.22286169553
T[T>A]G,1.56809095162,0.773002581787,1.29201860099,2.14232144095,0.552144701276,1.06011782645,1.76686304408
T[T>A]T,1.42725416975,0.703575999174,1.17597702719,1.94991062628,0.502554285125,0.964904227439,1.6081737124
A[T>C]A,2.76077842979,1.36094711328,2.27472588934,3.77176771394,0.972105080913,1.86644175535,3.11073625892
A[T>C]C,1.15393657286,0.568841972539,0.950778725529,1.57650489532,0.406315694671,0.780126133768,1.30021022295
A[T>C]G,1.84409781175,0.909062301568,1.51943270405,2.51940123577,0.649330215405,1.24671401358,2.0778566893
A[T>C]T,2.10745481047,1.03888617417,1.73642403398,2.87919882557,0.742061552981,1.42475818172,2.37459696954
C[T>C]A,1.18183138488,0.582592936209,0.973762479092,1.61461470892,0.416137811578,0.798984598229,1.33164099705
C[T>C]C,1.2010168985,0.592050583765,0.989570261436,1.64082590358,0.422893274118,0.811955086307,1.35325847718
C[T>C]G,1.56318421591,0.770583768408,1.2879757272,2.13561787244,0.550416977434,1.05680059667,1.76133432779
C[T>C]T,1.40809127146,0.694129500014,1.16018787859,1.92373032861,0.495806785724,0.95194902859,1.58658171432
G[T>C]A,3.04018378077,1.49868214545,2.50494015739,4.15349051739,1.07048724675,2.05533551376,3.4255591896
G[T>C]C,2.45618242984,1.21079415555,2.02375594571,3.35562951682,0.864852968253,1.66051769905,2.76752949841
G[T>C]G,1.91394754283,0.943495267593,1.57698494726,2.61482974161,0.673925191138,1.29393636698,2.15656061164
G[T>C]T,2.26123594755,1.11469377696,1.86313102721,3.08929418187,0.796209840687,1.52872289412,2.5478714902
T[T>C]A,1.46234521802,0.720874403248,1.204890074,1.99785191757,0.514910288035,0.988627753026,1.64771292171
T[T>C]C,1.48368414787,0.731393594019,1.22247215,2.02700510342,0.522423995728,1.0030540718,1.67175678633
T[T>C]G,0.925947713183,0.456453098048,0.762928749595,1.26502715745,0.326037927177,0.62599282018,1.04332136697
T[T>C]T,1.27655744477,0.629288881225,1.05181141576,1.74402918511,0.449492058018,0.863024751394,1.43837458566
A[T>G]A,0.293393772182,0.144630732766,0.241739939051,0.400833745093,0.103307666261,0.198350719222,0.330584532036
A[T>G]C,0.149098008172,0.0734990181128,0.122848358846,0.20369727877,0.052499298652,0.100798653412,0.167997755686
A[T>G]G,0.46953711571,0.231461958449,0.38687213055,0.641480284843,0.16532997032,0.317433543015,0.529055905026
A[T>G]T,0.446964413785,0.220334570176,0.368273495865,0.610641523059,0.15738183584,0.302173124813,0.503621874688
C[T>G]A,0.157887875204,0.0778320511568,0.130090714076,0.215705970349,0.0555943222549,0.106741098729,0.177901831216
C[T>G]C,0.395734299692,0.19508028858,0.326062768056,0.540651085494,0.139343063272,0.267538681482,0.44589780247
C[T>G]G,0.600919498911,0.296227921998,0.495123812483,0.820974526681,0.211591372856,0.406255435883,0.677092393139
C[T>G]T,0.887451103772,0.437475896226,0.731209712263,1.21243319811,0.312482783018,0.599966943395,0.999944905658
G[T>G]A,0.114293850637,0.0563420390464,0.0941716938348,0.156147936786,0.0402443136046,0.0772690821208,0.128781803535
G[T>G]C,0.222427006183,0.109647115724,0.183267321996,0.303879149293,0.0783193683745,0.150373187279,0.250621978798
G[T>G]G,0.615530580028,0.303430567619,0.507162520164,0.840936144545,0.216736119728,0.416133349878,0.69355558313
G[T>G]T,0.897820618622,0.442587628898,0.739753608301,1.22660000009,0.316134020641,0.606977319632,1.01162886605
T[T>G]A,0.371980781078,0.183370807574,0.306491206945,0.508199095276,0.130979148267,0.251479964673,0.419133274455
T[T>G]C,0.344060643386,0.169607359416,0.283486586452,0.47005468181,0.121148113868,0.232604378627,0.387673964379
T[T>G]G,0.502603449423,0.2477622638,0.414116926637,0.686655416817,0.176973045571,0.339788247497,0.566313745829
T[T>G]T,0.856637425715,0.42228605493,0.705820977526,1.17033563795,0.301632896379,0.579135161047,0.965225268411
