,1,3,2,5,4,7,6
A[C>A]A,2.61855796015,1.20744617051,2.76403340238,0.297193308809,0.920716525331,0.536113419813,0.687623734108
A[C>A]C,2.12062715371,0.9778447431,2.23843977336,0.257549127768,0.797897297791,0.464598426562,0.595897981894
A[C>A]G,0.451113079995,0.208013253553,0.476174917773,0.0326044923859,0.101009996019,0.0588159470491,0.0754378451282
A[C>A]T,1.75941161218,0.811284243395,1.85715670175,0.428214793755,1.32662622379,0.77246590246,0.99077148359
C[C>A]A,2.55472867295,1.17801377697,2.69665804367,0.355816920919,1.10233477461,0.641865818129,0.823262679774
C[C>A]C,1.67572328768,0.772694627095,1.76881902588,0.235738803624,0.730328058286,0.42525431242,0.545434878973
C[C>A]G,0.460258481236,0.212230299681,0.48582839686,0.0389991165288,0.120820792383,0.0703513474638,0.0902332500079
C[C>A]T,2.82009477606,1.30037703563,2.97676670807,0.63415426052,1.96463476788,1.14396454839,1.46725887728
G[C>A]A,2.32181875135,1.07061642424,2.45080868198,0.264548607493,0.819581960469,0.477224939007,0.612092856553
G[C>A]C,2.35183242833,1.08445606418,2.48248978546,0.192587066841,0.596642285507,0.347411963713,0.445593605632
G[C>A]G,0.430262886788,0.198398997796,0.454166380498,0.0217492959566,0.0673801717871,0.0392340240785,0.0503219004486
G[C>A]T,3.07247561596,1.41675264514,3.24316870574,0.375814016668,1.16428656144,0.67793901046,0.869530469938
T[C>A]A,2.51118642697,1.15793596355,2.65069678403,1.25458907493,3.88676615371,2.26318029203,2.90277472239
T[C>A]C,2.09625851597,0.966608093476,2.21271732242,0.496384327938,1.537818114,0.895438395496,1.14849707248
T[C>A]G,0.488013551582,0.225028471007,0.515125415559,0.104300331385,0.323126516841,0.188149617401,0.241322335362
T[C>A]T,8.43748930918,3.89062007035,8.90623871525,7.03590107461,21.7974974468,12.6922137032,16.2791436628
A[C>G]A,1.44885167098,0.668081603842,1.52934343048,0.129158791237,0.400139000303,0.23299232929,0.298837987568
A[C>G]C,0.683270786397,0.315063751505,0.72123027453,0.0595306535282,0.184428299166,0.107388629894,0.137737590516
A[C>G]G,0.251829318714,0.116121296963,0.265819836421,0.00651059897932,0.0201700909555,0.0117446099235,0.0150637388149
A[C>G]T,1.24830649241,0.575607993722,1.3176568531,0.107961126631,0.334467804073,0.194753404903,0.249792410637
C[C>G]A,0.95865351589,0.442045787882,1.01191204455,0.10792386881,0.334352377883,0.194686194717,0.249706206267
C[C>G]C,0.753476481768,0.347436377704,0.795336286311,0.0718962077882,0.222737271187,0.129695119932,0.166348088608
C[C>G]G,0.24689667211,0.113846798806,0.260613153894,0.01264355868,0.0391702406166,0.0228079882071,0.0292537240048
C[C>G]T,1.1270238951,0.51968324052,1.18963633372,0.0901967369697,0.279433028259,0.162707839239,0.208690489459
G[C>G]A,0.687365081724,0.316951676573,0.725552030708,0.0572821810621,0.177462443291,0.103332561916,0.132535242458
G[C>G]C,0.557572415152,0.257102835876,0.588548660438,0.0484736996037,0.150173422302,0.0874427522262,0.112154834377
G[C>G]G,0.105360440839,0.0485828699422,0.111213798663,0.00520087900315,0.0161125271078,0.0093819778096,0.012033406321
G[C>G]T,0.963464833398,0.444264339844,1.01699065748,0.0745923450629,0.231090010195,0.134558740114,0.172586210146
T[C>G]A,1.30904376982,0.603614627193,1.38176842369,1.35374545531,4.1939565086,2.44205062526,3.13219536718
T[C>G]C,1.04300576815,0.480941548645,1.10095053304,0.329689871875,1.02139215208,0.594734670833,0.762811860416
T[C>G]G,0.169799072259,0.0782962388752,0.179232354052,0.0549127030973,0.170121707635,0.0990582095089,0.127052920892
T[C>G]T,2.47153701645,1.13965317981,2.60884462847,1.69296047918,5.24485795511,3.05396792323,3.91704581458
A[C>T]A,2.41041948118,1.11147120521,2.54433167458,0.363557379271,1.12631501813,0.655828997901,0.841171975569
A[C>T]C,2.7365083785,1.26183441898,2.88853662175,0.487476782518,1.51022218898,0.879369882189,1.12788745759
A[C>T]G,3.29917772802,1.52128750792,3.48246537958,0.734368088362,2.27510113649,1.32474243391,1.69912616523
A[C>T]T,1.94933516927,0.89886010583,2.05763156756,0.428493042194,1.32748824836,0.77296784082,0.991415274095
C[C>T]A,2.51885996678,1.16147431802,2.6587966316,0.60412730116,1.87161007026,1.08979826876,1.39778473602
C[C>T]C,3.50629260089,1.61679047708,3.70108663427,0.828185979928,2.5657526437,1.49398255203,1.91619501238
C[C>T]G,2.20661593879,1.01749512733,2.32920571317,0.593182988052,1.83770415906,1.07005558629,1.37246259981
C[C>T]T,3.61395773993,1.66643606897,3.81473316993,0.88602747688,2.74494786955,1.59832407594,2.05002435827
G[C>T]A,3.70706294557,1.70936791379,3.91301088699,0.284557460753,0.881570172528,0.513319340966,0.658387850369
G[C>T]C,7.58745571799,3.49866013663,8.00898103565,0.846932244148,2.6238293054,1.52779934239,1.95956872175
G[C>T]G,7.91296258797,3.64875497112,8.35257162063,0.915272914531,2.83555138227,1.6510805517,2.11769027284
G[C>T]T,5.3177511181,2.45207412668,5.61318173578,0.775438047679,2.40233748105,1.39882941934,1.79415077698
T[C>T]A,6.52366478516,3.0081343176,6.88609060656,1.96215177442,6.07882314428,3.5395679068,4.53988057611
T[C>T]C,3.75076628317,1.72952000835,3.95914218779,1.64797549643,5.10549271444,2.97281854259,3.81296291332
T[C>T]G,5.71531819026,2.63539672107,6.0328358675,5.15205019079,15.9612535323,9.29389446182,11.9204298532
T[C>T]T,5.22366121503,2.40868822693,5.51386461587,1.9508428091,6.04378752622,3.51916742033,4.51371473477
A[T>A]A,1.03135718904,0.475570259391,1.08865481066,0.199160772655,0.61700788391,0.359270413416,0.460803356338
A[T>A]C,1.04589505358,0.482273830264,1.10400033434,0.173578500055,0.537753000171,0.313122000099,0.401613000128
A[T>A]G,0.763781558989,0.352188163312,0.806213867822,0.128761028795,0.398906716659,0.232274797042,0.297917674467
A[T>A]T,1.35770159685,0.626051291879,1.43312946334,0.26975667014,0.835716742787,0.486619875547,0.624142883854
C[T>A]A,0.985502472191,0.454426139955,1.04025260954,0.196543962278,0.608900902744,0.354549892737,0.454748775467
C[T>A]C,1.1638843567,0.536680008925,1.22854459874,0.233563275367,0.723588186432,0.421329830074,0.540401303791
C[T>A]G,1.96662363881,0.906832011231,2.07588050764,0.402495815505,1.24694782058,0.726070882872,0.931264828031
C[T>A]T,1.63985881581,0.756157120622,1.73096208335,0.444130885565,1.37593490038,0.801177283765,1.02759695092
G[T>A]A,1.00407584824,0.462990530024,1.05985783981,0.21418083586,0.663540628742,0.386365429394,0.49555565944
G[T>A]C,0.591716060546,0.272846850141,0.624589175021,0.103350767016,0.320184729187,0.186436677754,0.239125304076
G[T>A]G,1.23423528737,0.569119604731,1.30280391444,0.239299980116,0.741360722711,0.431678395503,0.553674463797
G[T>A]T,0.997356152763,0.459892003774,1.05276482792,0.221662000166,0.686717569142,0.399860863045,0.512865019992
T[T>A]A,1.04237367511,0.480650083521,1.10028332372,0.202160048523,0.626299758168,0.364680871845,0.467742857366
T[T>A]C,0.741130380168,0.341743453078,0.782304290178,0.152474427799,0.47237175671,0.27505190897,0.352783970201
T[T>A]G,0.718686129653,0.331394159785,0.758613136856,0.103409937088,0.320368040392,0.186543415924,0.239262207381
T[T>A]T,1.24916601837,0.576004330691,1.3185641305,0.320818595705,0.993908590615,0.578731584409,0.742286162611
A[T>C]A,2.51119091178,1.15793803154,2.65070151799,0.525288635648,1.62736479279,0.947579499601,1.21537370601
A[T>C]C,1.45823275974,0.672407328101,1.53924569083,0.367405125105,1.13823548562,0.662770029601,0.850074603184
A[T>C]G,2.1917283516,1.01063029546,2.3134910378,0.467767276515,1.44916136646,0.843815479204,1.08228507115
A[T>C]T,2.09594481208,0.966463441124,2.21238619053,0.456168507709,1.41322792584,0.822892209985,1.05544870411
C[T>C]A,1.13966210083,0.525510857603,1.20297666198,0.27632840951,0.856076249071,0.49847477794,0.639348084749
C[T>C]C,1.57050376408,0.724176735657,1.65775397319,0.415585703431,1.28750080671,0.749684014033,0.96155123539
C[T>C]G,1.85473523945,0.85523902708,1.95777608609,0.437286865043,1.35473185641,0.788831207528,1.01176176618
C[T>C]T,1.49992026619,0.691629900522,1.58324916987,0.61383343454,1.9016800521,1.10730737211,1.42024206423
G[T>C]A,2.34377804661,1.08074209927,2.47398793809,0.639464487144,1.98108605821,1.15354378073,1.47954528398
G[T>C]C,2.7896962387,1.28635993229,2.94467936308,0.467000531718,1.44678596101,0.842432331726,1.08051103417
G[T>C]G,1.84606743837,0.851242207694,1.94862674051,0.427005357508,1.32287934287,0.770284174328,0.987973180116
G[T>C]T,2.00629509869,0.925124962173,2.1177559375,0.664174855431,2.0576397482,1.19811934705,1.53671829296
T[T>C]A,1.77675146882,0.819279843957,1.87545988376,0.350962294003,1.08729495005,0.633108451927,0.812030405732
T[T>C]C,1.71654480962,0.791517884436,1.81190841016,0.486839063307,1.50824650985,0.87821948675,1.1264119504
T[T>C]G,1.1015255387,0.507925665068,1.16272140196,0.317235804192,0.982808962008,0.572268509524,0.733996566563
T[T>C]T,1.85227947989,0.85410664906,1.95518389544,0.512291427508,1.58709893228,0.924133555505,1.18530173423
A[T>G]A,0.465951405745,0.214855370427,0.491837594953,0.0526065477921,0.162977148062,0.0948980862131,0.121717110578
A[T>G]C,0.26709581669,0.123160848807,0.281934473173,0.116069056518,0.359586488819,0.209379474502,0.268551934688
A[T>G]G,0.73054380669,0.336861866418,0.771129573728,0.123884991266,0.383800561177,0.223478807774,0.286635862145
A[T>G]T,1.0165238536,0.468730443605,1.07299740102,0.424460869584,1.3149964195,0.765694117681,0.982085933548
C[T>G]A,0.324934824461,0.149831057946,0.342986759153,0.0640986477872,0.198580124517,0.115628933263,0.148306675272
C[T>G]C,0.56838974526,0.262090826981,0.59996695333,0.152461237578,0.472330892889,0.275028114847,0.352753451651
C[T>G]G,0.985545329322,0.454445901854,1.04029784762,0.2401091259,0.743867488083,0.433138031036,0.555546605024
C[T>G]T,1.79212122953,0.826367011396,1.89168352006,1.34631181743,4.17092680692,2.42864092555,3.11499596973
G[T>G]A,0.318498416777,0.146863158847,0.336192773265,0.030770180658,0.0953272263523,0.0555069925596,0.0711937513264
G[T>G]C,0.284638640215,0.131250039655,0.300451898005,0.0832624359975,0.257950291914,0.150198904152,0.192646420543
G[T>G]G,1.10002295717,0.507232808026,1.16113534367,0.117813029164,0.364989384468,0.212525464374,0.272587008654
G[T>G]T,1.36642884063,0.630075520958,1.442341554,0.343174002933,1.06316651889,0.619058985683,0.794010438158
T[T>G]A,0.738933106171,0.340730265623,0.779984945403,0.135316513141,0.419215864241,0.244100376647,0.313085265699
T[T>G]C,0.634833611584,0.292728832008,0.67010214556,0.262721124196,0.81392034555,0.473928302472,0.607864561866
T[T>G]G,0.846150047731,0.390169188676,0.893158383716,0.148328846706,0.459528583912,0.267573605822,0.343192233555
T[T>G]T,3.09606822097,1.42763145745,3.26807201102,1.63916253925,5.07818982749,2.95692065905,3.79257214965
