,1,3,2,5,4,7,6
A[C>A]A,1.25960201014,0.93101018141,0.698257636058,0.944701507608,2.30014280113,1.74723211765,0.828083058179
A[C>A]C,0.868342395154,0.64181829207,0.481363719053,0.651256796365,1.58566872158,1.11476259318,0.596774217361
A[C>A]G,0.354756260219,0.262211148858,0.196658361643,0.266067195164,0.647815779531,0.745386605786,0.124314536365
A[C>A]T,0.864479069776,0.638962790704,0.479222093028,0.648359302332,1.5786139535,1.33216626973,0.590190860739
C[C>A]A,1.41347382697,1.04474152428,0.78355614321,1.06010537023,2.58112611881,3.12983130604,0.973942191681
C[C>A]C,1.05077641149,0.776660825886,0.582495619415,0.78808230862,1.91880909925,1.88355993867,0.959213036358
C[C>A]G,0.390121258132,0.288350495141,0.216262871356,0.292590943599,0.712395340937,0.933705855631,0.206081122718
C[C>A]T,1.71274680432,1.26594329015,0.949457467612,1.28456010324,3.12762459919,2.12710883219,1.25004834557
G[C>A]A,1.33603574058,0.987504677823,0.740628508367,1.00202680544,2.43971743933,2.88154589937,0.633298799636
G[C>A]C,1.61144236671,1.19106609713,0.893299572849,1.20858177503,2.94263388703,4.1296070963,0.579157517172
G[C>A]G,0.561716143537,0.415181497397,0.311386123047,0.421287107652,1.02574252298,1.65386358573,0.0951290892793
G[C>A]T,1.22473351833,0.905237817895,0.678928363421,0.918550138746,2.23646990303,2.49009681566,0.722707277372
T[C>A]A,1.61583674007,1.19431411222,0.895735584167,1.21187755505,2.9506583949,2.25143082244,0.824092655289
T[C>A]C,1.36711010838,1.0104726888,0.757854516602,1.02533258129,2.49646193704,2.78820622425,0.757489128277
T[C>A]G,0.3300145433,0.243923792874,0.182942844655,0.247510907475,0.602635252982,0.639135049173,0.159805888308
T[C>A]T,4.57426927446,3.38098163764,2.53573622823,3.43070195584,8.35301345771,2.4630745131,2.66356708804
A[C>G]A,0.641726358806,0.474319482596,0.355739611947,0.481294769105,1.17184813347,0.742155012615,0.402788205047
A[C>G]C,0.396799677129,0.293286717878,0.219965038408,0.297599757847,0.724590714757,0.498802511707,0.189679268512
A[C>G]G,0.0963347164179,0.0712039208306,0.0534029406229,0.0722510373134,0.175915569111,0.0497532097964,0.0517142556999
A[C>G]T,0.553553656191,0.409148354576,0.306861265932,0.415165242144,1.01083711131,0.553900512235,0.392896893888
C[C>G]A,0.446722177156,0.330185957028,0.247639467771,0.335041632867,0.815753540893,0.658937278238,0.187277073056
C[C>G]C,0.457637472419,0.338253783962,0.253690337972,0.343228104314,0.8356858192,0.743910331816,0.209331382361
C[C>G]G,0.126228400647,0.093299252652,0.069974439489,0.0946713004851,0.230504035964,0.0866168237426,0.0495833962746
C[C>G]T,0.526222710725,0.38894722097,0.291710415728,0.394667033043,0.96092842828,0.64049608529,0.207898167557
G[C>G]A,0.292476124789,0.216178005279,0.162133503959,0.219357093592,0.534086836571,0.37517543018,0.194471125386
G[C>G]C,0.362488262789,0.267926107278,0.200944580459,0.271866197091,0.66193508857,0.482703549813,0.164735535731
G[C>G]G,0.102619162452,0.0758489461599,0.0568867096199,0.0769643718387,0.187391514042,0.211200885379,0.0175851481152
G[C>G]T,0.360125122318,0.266179438235,0.199634578676,0.270093841738,0.65761978858,0.292913600942,0.156121385211
T[C>G]A,0.302985797813,0.22394602447,0.167959518353,0.22723934836,0.553278413398,2.84985020778,0.225664965387
T[C>G]C,0.454343112945,0.335818822612,0.251864116959,0.340757334709,0.829670032334,1.01800514244,0.231555360679
T[C>G]G,0.0688278614605,0.0508727671665,0.0381545753748,0.0516208960954,0.125685660058,0.146859831016,0.0330137335032
T[C>G]T,0.50602329788,0.374017220172,0.280512915129,0.37951747341,0.924042543955,3.60023633972,0.542347396451
A[C>T]A,1.18058985174,0.872609890418,0.654457417814,0.885442388807,2.15585972927,1.69467171247,1.68943572851
A[C>T]C,0.87205367606,0.64456141274,0.483421059555,0.654040257045,1.59244584324,1.82850505192,1.2185588706
A[C>T]G,1.41349323831,1.0447558718,0.783566903848,1.06011992874,2.58116156562,2.37964142502,2.94208251799
A[C>T]T,0.989919847158,0.73167988703,0.548759915272,0.742439885368,1.8076797209,1.81815694099,1.20792242142
C[C>T]A,1.35101641157,0.998577347684,0.748933010763,1.01326230868,2.46707344722,2.54441393514,2.11072431926
C[C>T]C,1.11012282464,0.820525566038,0.615394174529,0.83259211848,2.02718081021,2.82815816973,2.44107602946
C[C>T]G,1.1663868712,0.862112035234,0.646584026426,0.874790153399,2.12992385175,1.79444611749,1.97192210246
C[C>T]T,1.28997919344,0.953462882111,0.715097161583,0.967484395083,2.35561417933,3.65572988022,3.46782557057
G[C>T]A,1.36379680148,1.00802372283,0.756017792126,1.02284760111,2.49041155053,2.47270867891,1.97379434257
G[C>T]C,1.52129720884,1.12443706741,0.843327800554,1.14097290663,2.77802099006,3.38384952891,2.48953549498
G[C>T]G,1.4313232208,1.05793455451,0.793450915881,1.0734924156,2.61372066408,2.5707297676,2.20343093443
G[C>T]T,1.5753313319,1.16437533228,0.873281499206,1.18149849893,2.87669199739,3.7476696381,2.92880626768
T[C>T]A,1.14008042689,0.842668141615,0.632001106211,0.855060320168,2.08188599693,3.78334345115,1.52175707078
T[C>T]C,1.81100343323,1.338567755,1.00392581625,1.35825257493,3.30704974765,3.1882739049,1.82041654742
T[C>T]G,2.89404256083,2.13907493627,1.6043062022,2.17053192063,5.28477337196,1.54750563685,2.37240228451
T[C>T]T,1.30772478288,0.966579187344,0.724934390508,0.980793587158,2.38801916873,2.47148349363,1.55988357055
A[T>A]A,0.559572964632,0.413597408641,0.310198056481,0.419679723474,1.02182889194,0.475549704253,0.445986257358
A[T>A]C,0.530080878152,0.391798909939,0.293849182454,0.397560658614,0.967973777496,0.882974472493,0.475776096703
A[T>A]G,0.581893887267,0.430095481893,0.32257161142,0.436420415451,1.06258883762,0.538921725747,0.371086189227
A[T>A]T,0.748581475749,0.553299351641,0.414974513731,0.561436106812,1.36697486876,0.574677774363,0.576218384223
C[T>A]A,0.348637431991,0.257688536689,0.193266402517,0.261478073994,0.636642267115,0.456585775248,0.35936881343
C[T>A]C,0.44680257987,0.330245385121,0.247684038841,0.335101934903,0.815900363241,0.795895235658,0.548833102343
C[T>A]G,0.658898347359,0.487011821961,0.365258866471,0.49417376052,1.20320567779,0.664406452468,0.5626082212
C[T>A]T,0.553187570566,0.408877769548,0.306658327161,0.414890677924,1.01016860712,1.21238696303,0.497009305387
G[T>A]A,0.339890909974,0.251223716068,0.188417787051,0.254918182481,0.620670357345,0.313687539293,0.331423198748
G[T>A]C,0.325264075032,0.240412577198,0.180309432898,0.243948056274,0.593960484842,0.554657974203,0.223051257264
G[T>A]G,0.346092607011,0.255807579095,0.191855684321,0.259569455258,0.631995195411,0.281775434178,0.35298408075
G[T>A]T,0.295857058623,0.218676956373,0.16400771728,0.221892793967,0.540260715746,0.452389864016,0.399249811474
T[T>A]A,0.633377156532,0.468148333089,0.351111249816,0.475032867399,1.1566017641,0.376968624837,0.545375355267
T[T>A]C,0.470356926197,0.347655119363,0.260741339522,0.352767694647,0.858912647837,0.786469667546,0.565412358676
T[T>A]G,0.545630420605,0.403292050012,0.302469037509,0.409222815454,0.996368594148,0.635429051528,0.370788124011
T[T>A]T,0.63732080259,0.471063201915,0.353297401436,0.477990601943,1.16380320473,0.544732852751,0.663329145708
A[T>C]A,2.53916034722,1.87677069142,1.40757801857,1.90437026041,4.63672759057,3.49602933049,2.08845581143
A[T>C]C,1.21394625306,0.897264621826,0.672948466369,0.910459689794,2.21677141863,1.83905236087,1.2783821349
A[T>C]G,2.31015722027,1.70750751063,1.28063063297,1.7326179152,4.21854796744,3.25273471037,2.16154519222
A[T>C]T,1.9597772897,1.44853104021,1.08639828016,1.46983296727,3.5787237464,2.84767187147,1.46240069885
C[T>C]A,1.37741843488,1.01809188665,0.763568914986,1.03306382616,2.5152858376,2.38412522511,1.24320046676
C[T>C]C,1.13203036402,0.836718095143,0.627538571357,0.849022773012,2.06718588212,2.56597936746,1.42446855437
C[T>C]G,1.91053453231,1.41213421953,1.05910066465,1.43290089923,3.48880218944,3.31505158314,1.67149443783
C[T>C]T,1.47589263009,1.09087716137,0.818157871025,1.10691947256,2.69510828102,4.17566638159,1.30234915014
G[T>C]A,2.32544484367,1.71880705837,1.28910529378,1.74408363275,4.24646449714,5.01522685521,2.19178917156
G[T>C]C,1.26603157879,0.93576247128,0.70182185346,0.949523684093,2.31188375257,2.64473411986,1.17205108801
G[T>C]G,1.51024460854,1.11626775414,0.837200815602,1.1326834564,2.75783798081,2.59504205812,1.65213695965
G[T>C]T,1.78369569005,1.31838377091,0.988787828179,1.33777176754,3.257183434,3.46650825392,1.82405925157
T[T>C]A,1.44089447623,1.06500896069,0.798756720518,1.08067085717,2.63119860876,1.76388986224,1.74455780576
T[T>C]C,1.42896871877,1.0561942704,0.792145702797,1.07172653908,2.60942113863,2.39714079082,1.32492147077
T[T>C]G,1.07822280408,0.796947289975,0.597710467481,0.808667103063,1.96892859876,1.34717240622,1.2687691592
T[T>C]T,1.55601383473,1.15009718219,0.862572886642,1.16701037604,2.84141656776,1.67500785141,1.47410963398
A[T>G]A,0.558433631149,0.412755292589,0.309566469441,0.418825223362,1.01974836992,0.294485575908,0.283747714757
A[T>G]C,0.196780826774,0.145446698051,0.109085023538,0.147585620081,0.359338901066,0.286497375664,0.112544344149
A[T>G]G,0.313341566254,0.231600288101,0.173700216076,0.23500617469,0.572188947072,0.299013205773,0.224381337577
A[T>G]T,0.566508937612,0.418723997366,0.314042998024,0.424881703209,1.03449458173,1.17563594542,0.391137892458
C[T>G]A,0.382447191485,0.282678358923,0.212008769193,0.286835393613,0.698381827928,0.175616484318,0.176520412356
C[T>G]C,0.340260368368,0.251496794011,0.188622595508,0.255195276276,0.621345020498,0.907873420874,0.300095209773
C[T>G]G,0.606162980104,0.448033507034,0.336025130275,0.454622235078,1.10690631149,0.826654219942,0.419524633082
C[T>G]T,1.37503159043,1.01632769727,0.762245772955,1.03127369282,2.51092725209,7.93669763205,0.718792242293
G[T>G]A,0.15213095326,0.112444617627,0.0843334632201,0.114098214945,0.277804349431,0.0729192524061,0.0925388801381
G[T>G]C,0.0970160096177,0.0717074853696,0.0537806140272,0.0727620072133,0.177159669737,0.414884381603,0.0692553167476
G[T>G]G,0.347111520605,0.256560689143,0.192420516857,0.260333640454,0.633855820235,0.470681387261,0.297487599408
G[T>G]T,0.545009657504,0.402833225112,0.302124918834,0.408757243128,0.995235026747,2.35078883545,0.352572958546
T[T>G]A,0.88909326861,0.65715589419,0.492866920643,0.666819951458,1.62356162094,0.448177573581,0.454044947986
T[T>G]C,0.41634308022,0.307731841902,0.230798881426,0.312257310165,0.760278668228,0.528737078628,0.26719437406
T[T>G]G,0.390045733002,0.288294672219,0.216221004164,0.292534299751,0.712257425481,0.37531935835,0.257939278589
T[T>G]T,1.84567190199,1.36419227539,1.02314420654,1.38425392649,3.37035738625,2.13595852238,0.868899990848
