,1,3,2,5,4,7,6
A[C>A]A,1.76614438597,3.13009747612,0.47213760813,0.415666261988,0.349731561578,0.384704717736,2.65795986799
A[C>A]C,1.36972392487,2.42753052031,0.366163821499,0.360229915496,0.27123246037,0.298355706407,2.06136669881
A[C>A]G,0.590963407051,1.04735098873,0.157980316736,0.0666270635708,0.117022456842,0.128724702526,0.889370671998
A[C>A]T,1.37889128072,2.44377761632,0.368614500786,0.529030026199,0.27304777836,0.300352556196,2.07516311553
C[C>A]A,2.50113301456,4.43270108522,0.668619716764,0.46118081018,0.49527386427,0.544801250697,3.76408136845
C[C>A]C,1.77222534807,3.14087462677,0.47376321186,0.387611399302,0.350935712489,0.386029283738,2.66711141491
C[C>A]G,0.63811858339,1.13092303393,0.170586155956,0.0442590548274,0.126360115523,0.138996127075,0.960336877973
C[C>A]T,1.59062040572,2.81902032301,0.425215355984,1.54881862899,0.314974337766,0.346471771543,2.39380496702
G[C>A]A,1.99556076657,3.53668690314,0.533466739579,0.602373053091,0.395160547836,0.43467660262,3.00322016356
G[C>A]C,3.06445499729,5.43106380707,0.819210741849,0.683801629919,0.60682277174,0.667505048914,4.61185306522
G[C>A]G,1.13316667659,2.00828549613,0.302925745226,0.100824523979,0.224389440908,0.246828384999,1.7053597509
G[C>A]T,1.76358062907,3.12555378816,0.471452247376,1.10765022506,0.349223886945,0.38414627564,2.65410154078
T[C>A]A,1.68744807242,2.99062579172,0.451099979756,0.645437964917,0.334148133153,0.367562946468,2.53952581196
T[C>A]C,2.27608563297,4.03385473565,0.608458535545,0.546109465802,0.45071002633,0.495781028963,3.42539620011
T[C>A]G,0.422611836964,0.748985334818,0.112975441565,0.0795917948735,0.0836855122701,0.0920540634971,0.636009893253
T[C>A]T,1.92699848236,3.41517552814,0.515138208155,1.36923739662,0.381583857893,0.419742243682,2.90003731999
A[C>G]A,0.753962984781,1.33623142847,0.201554461278,0.134210392968,0.149299600947,0.164229561041,1.13467696719
A[C>G]C,0.456820072833,0.809611812249,0.12212021749,0.103007904209,0.0904594203631,0.0995053623994,0.687491594759
A[C>G]G,0.0749982354771,0.132917664855,0.0200490332463,0.010815538964,0.014851135738,0.0163362493118,0.112868631609
A[C>G]T,0.586774190686,1.03992653597,0.156860427213,0.115154681903,0.116192909047,0.127812199951,0.883066108756
C[C>G]A,0.674172046834,1.19481976617,0.18022421054,0.18755406462,0.133499415215,0.146849356736,1.01459555563
C[C>G]C,0.660603831622,1.17077312733,0.176597063899,0.0891727609168,0.130812639925,0.143893903918,0.994176063431
C[C>G]G,0.110703799751,0.196197823321,0.0295940850819,0.027923428512,0.0219215445051,0.0241136989557,0.166603738239
C[C>G]T,0.704580130189,1.24871131984,0.18835310411,0.0982308482896,0.139520817859,0.153472899645,1.06035821573
G[C>G]A,0.347984712841,0.616725382163,0.0930256163039,0.0797787862055,0.0689078639288,0.0757986503217,0.523699765859
G[C>G]C,0.45276545765,0.802425910092,0.121036310461,0.104270156988,0.0896565262672,0.098622178894,0.681389599631
G[C>G]G,0.15630184122,0.277010193846,0.0417836605243,0.0126156765148,0.0309508596476,0.0340459456124,0.235226533322
G[C>G]T,0.434582497497,0.770200663881,0.116175519133,0.211881103706,0.0860559400984,0.0946615341082,0.654025144748
T[C>G]A,0.974162063737,1.72648524167,0.260419561593,0.184841037031,0.192903378958,0.212193716854,1.46606568008
T[C>G]C,0.658269338719,1.16663575872,0.175972991539,0.151444930988,0.130350364103,0.143385400513,0.990662767181
T[C>G]G,0.0855749372406,0.151662512535,0.0228764683712,0.0135315359935,0.0169455321269,0.0186400853395,0.128786044164
T[C>G]T,1.28324688238,2.27426922718,0.343046196279,0.242947630037,0.25410829354,0.279519122894,1.9312230309
A[C>T]A,1.40558707587,2.49108996614,0.375751000479,1.0536631638,0.278334074429,0.306167481872,2.11533896566
A[C>T]C,0.661547437914,1.17244545927,0.176849315086,0.784200292561,0.130999492656,0.144099441922,0.995596144188
A[C>T]G,2.44828745125,4.33904409677,0.654492684988,1.44753395086,0.484809396287,0.533290335916,3.68455141178
A[C>T]T,0.900595405624,1.59610472878,0.240753227246,0.653076229603,0.178335723886,0.196169296275,1.35535150153
C[C>T]A,1.20265285323,2.13143426463,0.321501257793,1.03817873921,0.238149079847,0.261963987831,1.80993300683
C[C>T]C,0.667092372612,1.18227262077,0.178331624362,0.825049823642,0.132097499527,0.14530724948,1.00394099641
C[C>T]G,1.66365662601,2.94846075302,0.444739890121,1.0267115016,0.329436955645,0.36238065121,2.5037208629
C[C>T]T,1.23043654981,2.18067467739,0.328928582622,0.792359298892,0.243650801942,0.268015882137,1.85174609476
G[C>T]A,1.66844193295,2.95694164355,0.446019130591,1.20636449075,0.330384541178,0.363422995296,2.51092251296
G[C>T]C,1.45350648741,2.57601644799,0.388561140199,1.51407882123,0.287823066814,0.316605373496,2.18745530779
G[C>T]G,2.14684897392,3.80481154784,0.573910121741,1.71556536377,0.425118608697,0.467630469567,3.2309014261
G[C>T]T,1.33598276303,2.36773182754,0.357143906947,1.03315938606,0.264551042183,0.291006146402,2.01058792059
T[C>T]A,2.10330759519,3.72764415385,0.562270347229,1.45096287204,0.416496553503,0.458146208853,3.16537380662
T[C>T]C,1.10924826136,1.9658954335,0.296531713432,1.10761071717,0.219653121061,0.241618433167,1.66936372006
T[C>T]G,1.21520454513,2.15367934236,0.32485666058,0.671576749965,0.240634563393,0.264698019732,1.82882268178
T[C>T]T,1.27615373021,2.26169819513,0.341150007087,1.25748483171,0.252703708953,0.277974079849,1.92054818804
A[T>A]A,1.48910981238,2.63911541005,0.398078860735,4.58857641808,0.294873230174,0.324360553191,2.24103654932
A[T>A]C,0.458914155188,0.813323106719,0.122680021684,0.238899586382,0.0908740901362,0.0999614991498,0.690643085035
A[T>A]G,0.587708786565,1.04158289896,0.157110269676,0.775126304085,0.116377977538,0.128015775291,0.884472629286
A[T>A]T,0.751158307875,1.33126076346,0.200804696165,0.511147946257,0.148744219381,0.163618641319,1.1304560673
C[T>A]A,2.69519056384,4.77662486067,0.720496487363,10.0097209726,0.53370110175,0.587071211925,4.0561283733
C[T>A]C,0.87070054129,1.54312274149,0.23276153084,0.765933287382,0.17241594877,0.189657543647,1.31036121065
C[T>A]G,0.82246684915,1.45763926731,0.219867375515,2.21377220555,0.162864722604,0.179151194864,1.23777189179
C[T>A]T,0.893166163169,1.58293805156,0.238767192134,0.994033455935,0.176864586766,0.194551045443,1.34417085942
G[T>A]A,1.02725219498,1.82057567229,0.274611972915,3.57475032935,0.203416276233,0.223757903857,1.54596369937
G[T>A]C,0.40297779019,0.714188360831,0.107726735991,0.17796227545,0.0797975822158,0.0877773404374,0.60646162484
G[T>A]G,0.342190263191,0.606456011002,0.0914766050115,0.581313074013,0.0677604481567,0.0745364929723,0.514979405991
G[T>A]T,0.434024592951,0.76921190236,0.116026376334,0.190546143034,0.0859454639508,0.0945400103459,0.653185526026
T[T>A]A,0.886243882561,1.57066985127,0.236916681477,2.14504744746,0.175493838131,0.193043221944,1.33375316979
T[T>A]C,0.765827713866,1.35725901764,0.204726220539,0.329515762166,0.151649052251,0.166813957476,1.15253279711
T[T>A]G,0.603817400932,1.07013182937,0.161416532922,0.840516941572,0.119567802165,0.131524582381,0.908715296452
T[T>A]T,0.920512849713,1.63140396137,0.246077692498,0.525443518897,0.18227977222,0.200507749442,1.38532626888
A[T>C]A,1.83477088327,3.25172265452,0.49048330543,0.724421033015,0.363320966985,0.399653063684,2.76123934909
A[T>C]C,0.917414289087,1.62591245294,0.245249364409,0.322611449234,0.181666195859,0.199832815445,1.38066308853
A[T>C]G,1.50517842695,2.66759344974,0.402374430967,0.547435156866,0.298055134049,0.327860647454,2.26521901877
A[T>C]T,1.47175757478,2.60836243451,0.393440143753,0.500216589511,0.291437143521,0.320580857873,2.21492229076
C[T>C]A,1.02601204961,1.81837779089,0.274280448905,0.468166953348,0.203170702893,0.223487773182,1.54409734198
C[T>C]C,1.53019657361,2.71193254134,0.40906245037,0.637413657311,0.303009222496,0.333310144746,2.30287009097
C[T>C]G,1.45407891313,2.57703094505,0.388714164897,0.619222892354,0.287936418442,0.316730060286,2.18831678016
C[T>C]T,1.12768723541,1.99857440731,0.30146094412,0.987598957386,0.223304403052,0.245634843357,1.69711346319
G[T>C]A,1.25248155399,2.21974453627,0.334821801561,0.415250632478,0.248016149304,0.272817764235,1.88492273471
G[T>C]C,0.879904279451,1.55943431705,0.235221936091,0.388379381959,0.174238471178,0.191662318296,1.32421238096
G[T>C]G,0.963908879271,1.70831375633,0.25767861129,0.313842764186,0.1908730454,0.20996034994,1.45063514504
G[T>C]T,1.05607826342,1.87166345695,0.282317951608,0.447826630931,0.209124408598,0.230036849458,1.58934550535
T[T>C]A,1.23585738954,2.19028190819,0.330377717996,0.366968491975,0.244724235552,0.269196659107,1.8599041902
T[T>C]C,1.18374631214,2.0979266324,0.316447033938,0.461034269511,0.234405210324,0.257845731357,1.78147959847
T[T>C]G,0.921204079799,1.63262901271,0.246262476778,0.297571965959,0.182416649465,0.200658314412,1.38636653594
T[T>C]T,1.16674707254,2.06779926717,0.311902682758,0.558884835794,0.231039024265,0.254142926692,1.75589658442
A[T>G]A,0.325560528527,0.576983510954,0.0870310323786,0.510226987753,0.0644674313915,0.0709141745307,0.489952478576
A[T>G]C,0.298777843527,0.529517168231,0.0798713047053,0.175921035825,0.0591639294113,0.0650803223525,0.449645863526
A[T>G]G,0.356638434715,0.632062176376,0.095338987498,0.125062884062,0.0706214722208,0.0776836194429,0.536723188878
A[T>G]T,1.12683383302,1.99706194169,0.301232806847,0.608867167859,0.22313541248,0.245448953727,1.69582913484
C[T>G]A,0.235457285081,0.41729558445,0.0629440267048,0.317608918444,0.0466252049665,0.0512877254631,0.354351557745
C[T>G]C,0.627080714319,1.11136086993,0.167635438481,0.277548705546,0.124174398875,0.136591838763,0.94372543145
C[T>G]G,0.56036324683,0.99311902161,0.149800075885,0.327530043354,0.110963019174,0.122059321092,0.843318945725
C[T>G]T,1.76413702949,3.12653988395,0.471600988082,2.11016987455,0.349334065246,0.384267471771,2.65493889587
G[T>G]A,0.081447823797,0.144348123363,0.021773180619,0.0987248683492,0.01612828194,0.017741110134,0.122574942744
G[T>G]C,0.115321417766,0.204381522576,0.0308284978187,0.0682713784478,0.0228359243101,0.0251195167412,0.173553024757
G[T>G]G,0.432663821415,0.766800237954,0.115662605725,0.263128810489,0.0856760042407,0.0942436046648,0.651137632229
G[T>G]T,0.623274011331,1.10461433691,0.166617805009,0.673526777569,0.123420596303,0.135762655933,0.937996531904
T[T>G]A,0.439235069064,0.77844631052,0.117419275888,0.740664676542,0.0869772413988,0.0956749655387,0.661027034631
T[T>G]C,0.504218294064,0.89361460037,0.134791029106,0.228079714073,0.0998452067453,0.10982972742,0.758823571264
T[T>G]G,0.45779771552,0.81134446612,0.122381567515,0.264912165513,0.0906530129743,0.0997183142717,0.688962898605
T[T>G]T,2.79112675812,4.9466503931,0.746142796725,1.39719873596,0.552698367945,0.607968204739,4.20050759638
