,1,3,2,5,4,7,6
A[C>A]A,0.798270719835,1.63426504833,0.328699708167,1.23382103941,0.143150507335,0.538518575213,1.525548353
A[C>A]C,0.668942022101,1.04162675087,0.275446714983,0.837523460177,0.0971712301863,0.365548913558,1.27999568217
A[C>A]G,0.179613926525,0.236012267736,0.0739586756281,0.375609131638,0.0435789600243,0.163939897234,0.362742043868
A[C>A]T,0.719407495337,1.10142923032,0.296226615727,0.898264079388,0.104218484349,0.392060012551,1.37462062246
C[C>A]A,1.15114115352,1.92467158034,0.473999298506,1.4428648161,0.167404205183,0.62975867664,2.92039909042
C[C>A]C,1.31126345189,1.37569409237,0.539932009604,1.09203961573,0.126700728897,0.476636075375,2.10736672649
C[C>A]G,0.512132034054,0.320899958922,0.210877896375,0.645177103445,0.0748548020571,0.28159663631,0.751698044134
C[C>A]T,3.29882117263,2.41904406915,1.35833812991,2.66369755234,0.309047782316,1.16260832395,4.01501037488
G[C>A]A,0.864472467552,2.16329782747,0.355959251345,2.11553569761,0.245448893093,0.92335535973,2.21328852555
G[C>A]C,1.21987031505,1.41225759295,0.502299541491,1.77326389748,0.20573780026,0.7739660105,2.75641465992
G[C>A]G,0.279661309886,0.25743366009,0.115154657012,0.369376116828,0.0428557925602,0.161219410107,0.786002063802
G[C>A]T,1.46228629838,1.8004451666,0.602117887567,2.04294974494,0.237027318474,0.891674198069,4.31600069293
T[C>A]A,0.708687110422,2.12274466717,0.291812339585,2.35339218707,0.273045502367,1.02717117557,2.07831983663
T[C>A]C,0.832385967591,1.25172364527,0.342747163126,1.27464909725,0.147887464322,0.556338556258,2.17820813299
T[C>A]G,0.158299692593,0.251939254754,0.0651822263619,0.521502141398,0.0605057733113,0.227616956743,0.649231229894
T[C>A]T,1.38216545111,3.24915731102,0.569126950455,11.911118927,1.38195302468,5.19877566427,4.99211198838
A[C>G]A,0.520580703423,0.473463209011,0.214356760233,0.413466305276,0.047971228789,0.180463194016,0.425778705994
A[C>G]C,0.315242215785,0.26812004585,0.129805618265,0.246845925996,0.0286395825742,0.107739382065,0.269001114714
A[C>G]G,0.13913036891,0.150815294051,0.0572889754333,0.394777711494,0.0458029389026,0.172306293967,0.0858017747627
A[C>G]T,0.535141015018,0.434036581915,0.220352182655,0.403153018327,0.0467746595848,0.175961814629,0.407281822167
C[C>G]A,0.31291788689,0.325929396463,0.128848541661,0.226886625987,0.0263238626835,0.0990278643809,0.330225534638
C[C>G]C,0.288258435381,0.312220461716,0.118694649863,0.220709335474,0.0256071604693,0.0963316989084,0.297998009714
C[C>G]G,0.125604310524,0.16582203037,0.0517194219806,0.328640800026,0.0381295955831,0.143439907194,0.122426621219
C[C>G]T,0.439741463119,0.429632191048,0.181070014225,0.301634162405,0.0349962287874,0.131652479724,0.435207555131
G[C>G]A,0.334236329201,0.374725817761,0.137626723788,0.669471061052,0.0776734380227,0.292200076371,0.324008316309
G[C>G]C,0.497516588817,0.448641111719,0.204859771866,0.688653114785,0.0798989801684,0.300572353967,0.352746599416
G[C>G]G,0.0625939765065,0.0746607095753,0.0257739903262,0.134736475153,0.0156324087194,0.0588076328017,0.10977771357
G[C>G]T,0.370174730901,0.390722434532,0.152424889194,0.247157602223,0.0286757439043,0.107875417545,0.325548268139
T[C>G]A,0.339577073206,0.393119170454,0.139825853673,1.11294324482,0.12912601183,0.485759758787,0.323513751641
T[C>G]C,0.395827779901,0.397214550797,0.162987909371,0.46643222985,0.0541164465572,0.203580918001,0.511999535081
T[C>G]G,0.071351035536,0.0759021328793,0.0293798381619,0.20318206934,0.0235736102549,0.0886816766734,0.0326766434738
T[C>G]T,0.666958859777,0.631653244658,0.274630118732,1.5199014712,0.176342159642,0.663382410082,0.521494548036
A[C>T]A,3.05522652479,3.50913517286,1.25803445138,5.95098535331,0.690445814473,2.5973913973,2.86267290573
A[C>T]C,4.32840413391,4.5889484778,1.78228405514,4.76738474516,0.553121987007,2.08079223684,2.51462171967
A[C>T]G,3.97019803814,2.32276003805,1.63478742747,4.59753650653,0.533415837775,2.0066595802,9.78630145907
A[C>T]T,2.80270949654,2.69887731384,1.15405685152,2.58169640692,0.299533837267,1.12681776877,1.53885992568
C[C>T]A,2.97769753029,4.56332007319,1.22611074777,5.99371218617,0.695403071323,2.61604012545,1.91791544996
C[C>T]C,5.74442432336,7.48591812718,2.36535119197,5.37127073085,0.623186106895,2.34436678308,1.87009435245
C[C>T]G,3.98631703152,2.00043409642,1.64142466004,4.12421994899,0.478500657065,1.80007390039,6.32130586154
C[C>T]T,3.98833894557,6.26263896445,1.64225721288,3.4959030804,0.405602014853,1.52583615111,2.1111773891
G[C>T]A,4.2673566431,3.82508357528,1.75714685304,5.56281971029,0.645410021635,2.42797103377,6.74656718807
G[C>T]C,6.9206702343,6.91130641668,2.84968774353,6.2561111832,0.725847153852,2.73056786449,14.9635113613
G[C>T]G,4.02422074391,2.15041335869,1.65703207102,5.5487306223,0.643775376068,2.42182165283,21.9737858261
G[C>T]T,4.47787437568,4.72397963678,1.84383062528,3.6756750895,0.426459540771,1.60430017719,9.22670663296
T[C>T]A,3.14264098673,3.59736789769,1.2940286416,8.10857536649,0.940773937549,3.53910195554,2.4268230687
T[C>T]C,6.31982211841,4.91761426627,2.60227969582,8.07018191941,0.936319449213,3.52234459466,2.74184317712
T[C>T]G,2.22080380469,1.18583378268,0.914448625461,9.70358008357,1.12582973345,4.23526423537,5.4650135068
T[C>T]T,3.73188459487,3.27379455854,1.53665836259,5.76785514666,0.669198663425,2.5174616386,2.00596500682
A[T>A]A,0.703938807063,2.53374865079,0.28985715585,0.848207046269,0.0984107622743,0.370211915222,0.583091667989
A[T>A]C,1.34366477703,0.780176899276,0.553273731719,0.683561549027,0.0793082460198,0.29835006836,1.4415594438
A[T>A]G,0.453125108117,0.826668771167,0.186580926872,0.817484228296,0.0948462364321,0.356802508483,0.426620849077
A[T>A]T,0.870504963523,1.62471904154,0.358443220274,1.19669193453,0.138842710636,0.522313054296,1.28079042592
C[T>A]A,0.336865338106,3.94577219006,0.138709256867,0.55630163403,0.0645432835062,0.242805685571,0.286259669837
C[T>A]C,0.767555801694,1.03339617715,0.316052388933,0.835590162911,0.0969469249786,0.364705098729,0.849214004974
C[T>A]G,0.572377511594,1.17481544811,0.235684857715,0.975785831734,0.113212720809,0.425895473519,0.631876149159
C[T>A]T,0.595156932315,1.00172717965,0.245064619189,0.377811012521,0.0438344268671,0.164900939167,0.571152347533
G[T>A]A,0.216026912877,1.58547902967,0.0889522582433,0.462702437411,0.0536837082079,0.201952997544,0.10751786812
G[T>A]C,0.76858447154,0.518404545722,0.31647595887,0.467418455579,0.0542308705368,0.204011370115,0.720326030611
G[T>A]G,0.376414488133,0.605470585128,0.154994200996,0.558421501391,0.064789234968,0.243730931546,0.420319275992
G[T>A]T,0.496206891951,0.685457935011,0.204320484921,0.67662371552,0.0785033040106,0.295321953183,0.639312473382
T[T>A]A,0.586952284396,2.06772142056,0.241686234751,0.842244732061,0.0977190020623,0.367609579187,0.444799974007
T[T>A]C,0.601373066165,0.764432822753,0.247624203715,0.833998689152,0.0967622788519,0.364010477586,0.628631359184
T[T>A]G,0.384123900672,0.988138587264,0.158168664982,0.483377426621,0.0560824638621,0.210976887862,0.311896338096
T[T>A]T,0.601727487282,1.2582448044,0.247770141822,0.43728685728,0.0507349392425,0.190860009531,0.395138039518
A[T>C]A,2.47084598493,3.30662266983,1.01740717027,2.1654354569,0.251238367928,0.945134812682,3.19089765231
A[T>C]C,1.65096046043,1.8321780777,0.679807248414,1.73279301884,0.201042283953,0.756301925349,1.72285702194
A[T>C]G,2.82488527748,3.05982942346,1.16318805543,2.74723374405,0.318739826658,1.19906887171,2.52741018555
A[T>C]T,1.8717975124,2.62548138739,0.770740152166,1.52791824956,0.177272283099,0.666881445942,2.01906725874
C[T>C]A,1.8579568037,2.01253162588,0.76504103682,0.969465493104,0.112479421852,0.423136872681,1.28750340128
C[T>C]C,1.60877754066,1.93586392725,0.662437810861,0.94839478806,0.110034754416,0.413940266612,1.69408034372
C[T>C]G,2.88385066492,2.67244798687,1.18746792085,1.76002499338,0.204201794812,0.768187704293,2.85972460386
C[T>C]T,1.97115835898,2.37908132628,0.811653441931,1.0524230305,0.122104329505,0.459344858616,2.10182111378
G[T>C]A,6.04973586817,2.83870986134,2.49106771042,1.96633341407,0.228138130914,0.858233921057,4.75657785235
G[T>C]C,3.11485067492,1.76211743417,1.28258557203,1.68688892775,0.195716394932,0.736266438077,6.14578887028
G[T>C]G,4.05834293854,2.16133128654,1.67108238646,1.97821266394,0.229516386424,0.863418787022,3.4232217092
G[T>C]T,4.35885184348,2.40141196215,1.79482134732,2.23022148948,0.258754979442,0.973411589331,3.17944040754
T[T>C]A,2.17933762411,2.06499735086,0.897374315809,1.33025635118,0.154339134667,0.580609125653,2.22237922755
T[T>C]C,2.29056039748,2.24290579322,0.943171928376,1.95306093702,0.226598230262,0.852440961462,2.17345857631
T[T>C]G,1.81744882471,1.59650728115,0.748361280763,1.5777858635,0.183058028362,0.688646868599,1.62797089499
T[T>C]T,1.93270070513,2.59454906246,0.795817937406,1.2751741002,0.147948376267,0.556567701194,1.64103010888
A[T>G]A,0.531146560289,1.82425468615,0.218707407178,0.484317525755,0.0561915361374,0.211387207374,0.113487857082
A[T>G]C,0.364871039544,0.4412472258,0.150241016283,0.428390749842,0.0497027941805,0.186977178108,0.308880751155
A[T>G]G,0.414793811005,0.598507677707,0.17079745159,0.703913609618,0.0816695348176,0.307233011933,0.321661970069
A[T>G]T,1.18447089867,1.68202417588,0.487723311215,1.35628907825,0.157359506316,0.591971476141,0.822065943357
C[T>G]A,0.397179921789,1.20111194941,0.163544673678,0.460259217324,0.053400240684,0.200886619716,0.042917964485
C[T>G]C,0.701972688512,0.846793687026,0.289047577623,0.755821454904,0.0876919920055,0.329888922306,0.604757570494
C[T>G]G,0.83681446089,1.22673791211,0.344570660367,1.03272421446,0.119818831512,0.45074703283,0.454307611128
C[T>G]T,2.74489055149,3.55025431756,1.13024905061,1.89145751617,0.219450872042,0.825553280539,2.78027426224
G[T>G]A,0.180116711236,0.444530868912,0.0741657046265,0.263852087084,0.0306126730871,0.115161960661,0.0104926414437
G[T>G]C,0.225877882061,0.150089116738,0.0930085396722,0.28042112414,0.0325350475522,0.122393750315,0.354218935481
G[T>G]G,0.466677975636,0.571018305909,0.192161519379,0.478544374466,0.0555217230043,0.208867434159,0.536071547133
G[T>G]T,1.01690166808,1.43710442959,0.418724216269,0.793323540595,0.0920430627209,0.34625723595,2.34808959685
T[T>G]A,0.844823613779,2.67834960161,0.34786854685,0.955861515013,0.110901059753,0.417199224785,0.174020172437
T[T>G]C,0.574324066485,0.778801092315,0.236486380317,0.847632912821,0.0983441501063,0.36996132659,0.35783198974
T[T>G]G,0.511190717523,0.851866726876,0.210490295451,0.84736298419,0.0983128324198,0.369843512436,0.282265450977
T[T>G]T,2.46642432333,3.90962141913,1.01558648608,2.75908451855,0.320114778396,1.2042413092,1.52131117784
