,1,3,2,5,4,7,6
A[C>A]A,0.418966994755,0.761758172281,2.9708568719,1.99961520224,1.92343938501,2.96389316715,1.9043954307
A[C>A]C,0.360022235898,0.654585883451,2.55288494546,1.71828794406,1.65282935571,1.29911040365,1.63646470863
A[C>A]G,0.101681975846,0.18487631972,0.721017646908,0.485300339265,0.466812707293,0.371764475252,0.4621907993
A[C>A]T,0.332938346982,0.605342449058,2.36083555133,1.58902392878,1.52848968387,1.55368982401,1.51335612264
C[C>A]A,0.469006487178,0.852739067596,3.32568236363,2.23844005244,2.15316614568,4.36009169152,2.13184766899
C[C>A]C,0.512273401082,0.931406183786,3.63248411677,2.44494123244,2.35180061406,1.74420481369,2.32851545947
C[C>A]G,0.0790489095117,0.143725290021,0.560528631083,0.377278886306,0.362906357304,0.8726356837,0.359313225053
C[C>A]T,0.542870137518,0.987036613669,3.84944279331,2.59097111088,2.49226744952,2.73716217362,2.46759153417
G[C>A]A,0.328599094462,0.597452899021,2.33006630618,1.56831385993,1.50856857003,5.75283868436,1.49363224755
G[C>A]C,0.314551091171,0.571911074856,2.23045319194,1.5012665715,1.44407546401,2.14178086461,1.42977768714
G[C>A]G,0.113606122317,0.206556586031,0.805570685521,0.542211038331,0.521555379728,0.791470765158,0.516391465077
G[C>A]T,0.284612749684,0.517477726698,2.01816313412,1.35837903258,1.30663125991,3.71529373089,1.29369431674
T[C>A]A,0.377620880889,0.686583419799,2.67767533721,1.80228147697,1.73362313499,3.77892622868,1.7164585495
T[C>A]C,0.418935990387,0.761701800704,2.97063702275,1.99946722685,1.92329704678,2.85436383835,1.90425450176
T[C>A]G,0.0700198277788,0.12730877778,0.496504233341,0.334185541672,0.321454663894,0.818451239386,0.318271944449
T[C>A]T,0.769575764947,1.39922866354,5.45699178781,3.67297524179,3.53305237544,6.79574919445,3.49807165885
A[C>G]A,0.158590778388,0.288346869796,1.1245527922,0.756910533215,0.728075846235,0.509846804969,0.72086717449
A[C>G]C,0.0874563417628,0.159011530478,0.620144968863,0.417405267504,0.401504114456,0.423149487431,0.397528826195
A[C>G]G,0.0304633446015,0.0553878992755,0.216012807174,0.145393235598,0.139854445671,0.150279226713,0.138469748189
A[C>G]T,0.141889593089,0.257981078344,1.00612620554,0.677200330654,0.65140222282,0.579326627451,0.644952695861
C[C>G]A,0.129756695121,0.235921263856,0.92009292904,0.619293317623,0.595701191238,0.412693879565,0.589803159641
C[C>G]C,0.11348820797,0.206342196309,0.804734565603,0.54164826531,0.521014045679,0.47776997098,0.515855490771
C[C>G]G,0.042083203152,0.0765149148219,0.298408167805,0.200851651407,0.193200159925,0.270575144882,0.191287287055
C[C>G]T,0.148191248765,0.269438634118,1.05081067306,0.707276414559,0.680332551147,0.537523410833,0.673596585294
G[C>G]A,0.0857846730802,0.155972132873,0.608291318205,0.409426848792,0.393829635504,0.250087379232,0.389930332183
G[C>G]C,0.0949534131293,0.172642569326,0.673306020372,0.453186744481,0.435922487548,0.327660315251,0.431606423315
G[C>G]G,0.0322340868929,0.0586074307144,0.228568979786,0.153844505625,0.147983762554,0.0903376995597,0.146518576786
G[C>G]T,0.10941656177,0.198939203218,0.775862892551,0.522215408447,0.502321488126,0.342119543129,0.497348008045
T[C>G]A,0.0985974106728,0.179268019405,0.69914527568,0.470578550939,0.452651748998,0.375153526805,0.448170048513
T[C>G]C,0.129847751741,0.236086821348,0.920738603256,0.619727906037,0.596119223903,0.647896201047,0.590217053369
T[C>G]G,0.0211313853589,0.0384207006525,0.149840732545,0.100854339213,0.0970122691475,0.0975868669672,0.0960517516312
T[C>G]T,0.172392411123,0.313440747497,1.22241891524,0.822781962179,0.791437887429,0.633934227425,0.783601868741
A[C>T]A,0.316410499011,0.575291816383,2.24363808389,1.51014101801,1.45261183637,2.45040649449,1.43822954096
A[C>T]C,0.178197262909,0.32399502347,1.26358059153,0.850486936609,0.818087434262,2.89666124835,0.809987558675
A[C>T]G,0.419717945471,0.76312353722,2.97618179516,2.0031992852,1.92688693148,6.57794833502,1.90780884305
A[C>T]T,0.240252200114,0.436822182026,1.7036065099,1.14665822782,1.10297600962,2.09980448207,1.09205545507
C[C>T]A,0.326671459127,0.593948107503,2.31639761926,1.5591137822,1.49971897145,3.45430239797,1.48487026876
C[C>T]C,0.280898075469,0.51072377358,1.99182271696,1.34064990565,1.28957752829,5.71784800709,1.27680943395
C[C>T]G,0.357179489056,0.64941725283,2.53272728604,1.70472028868,1.6397785634,4.45806453978,1.62354313207
C[C>T]T,0.409255517108,0.744100940197,2.90199366677,1.95326496802,1.878854874,5.52972286821,1.86025235049
G[C>T]A,0.286696766491,0.521266848165,2.03294070784,1.36832547643,1.31619879162,3.21557834626,1.30316712041
G[C>T]C,0.332658468715,0.604833579483,2.35885095998,1.58768814614,1.52720478819,5.94606631377,1.51208394871
G[C>T]G,0.291811094848,0.530565626996,2.06920594529,1.39273477087,1.33967820817,4.9561795647,1.32641406749
G[C>T]T,0.304607100273,0.553831091405,2.15994125648,1.45380661494,1.3984235058,4.51652648504,1.38457772851
T[C>T]A,0.377055976179,0.685556320325,2.67366964927,1.79958534085,1.73102970882,2.34390048612,1.71389080081
T[C>T]C,0.399572094711,0.726494717657,2.83332939886,1.90704863385,1.83439916208,2.86749989322,1.81623679414
T[C>T]G,0.488017114296,0.887303844175,3.46048499228,2.32917259096,2.24044220654,3.77844225933,2.21825961044
T[C>T]T,0.357688548952,0.650342816276,2.53633698347,1.70714989272,1.6421156111,2.1151544168,1.62585704069
A[T>A]A,0.276177705421,0.502141282584,1.95835100208,1.31812086678,1.26790673852,3.40654272137,1.25535320646
A[T>A]C,0.173064681436,0.314663057157,1.22718592291,0.825990525037,0.794524219321,0.482740062846,0.786657642892
A[T>A]G,0.186025131076,0.338227511048,1.31908729309,0.887847216501,0.854024465396,0.624819761933,0.84556877762
A[T>A]T,0.199200658952,0.362183016277,1.41251376348,0.950730417727,0.914512116099,0.827931676154,0.905457540692
C[T>A]A,0.417801407242,0.759638922259,2.96259179681,1.99405217093,1.9180882787,6.94000483291,1.89909730565
C[T>A]C,0.234033773024,0.425515950953,1.65951220872,1.11697937125,1.07442777616,0.553856849426,1.06378987738
C[T>A]G,0.390700454629,0.710364462962,2.77042140555,1.86470671528,1.79367026898,0.745134808357,1.77591115741
C[T>A]T,0.27309715187,0.496540276127,1.93650707689,1.30341822483,1.25376419722,0.660918356366,1.24135069032
G[T>A]A,0.198866157853,0.36157483246,1.41014184659,0.949133935206,0.912976451961,2.49573260338,0.903937081149
G[T>A]C,0.117022531244,0.212768238625,0.829796130638,0.558516626391,0.537239802529,0.28119126302,0.531920596563
G[T>A]G,0.161236774192,0.293157771257,1.1433153079,0.769539149551,0.740223372425,0.318920603196,0.732894428143
G[T>A]T,0.149970867938,0.272674305341,1.06342979083,0.715770051521,0.688502620987,0.411571528516,0.681685763354
T[T>A]A,0.197215693705,0.358573988554,1.39843855536,0.941256719955,0.9053993211,1.75278865072,0.896434971386
T[T>A]C,0.164204363079,0.298553387416,1.16435821092,0.783702641966,0.753847303224,0.479807385415,0.746383468539
T[T>A]G,0.143030190202,0.260054891276,1.01421407598,0.6826440896,0.656638600473,0.476923596597,0.650137228191
T[T>A]T,0.238703399055,0.4340061801,1.69262410239,1.13926622276,1.09586560475,0.711470692334,1.08501545025
A[T>C]A,0.38692503149,0.703500057255,2.7436502233,1.8466876503,1.77633764457,2.08841608214,1.75875014314
A[T>C]C,0.228219358215,0.414944287664,1.61828272189,1.08922875512,1.04773432635,0.937067804454,1.03736071916
A[T>C]G,0.385909682189,0.701653967617,2.73645047371,1.84184166499,1.77167626823,1.78051840354,1.75413491904
A[T>C]T,0.299744986423,0.544990884405,2.12546444918,1.43060107156,1.37610198312,1.73499033638,1.36247721101
C[T>C]A,0.230964734923,0.419935881678,1.63774993854,1.1023316894,1.06033810124,1.07767645258,1.04983970419
C[T>C]C,0.264634442585,0.481153531973,1.8764987747,1.26302802143,1.21491266823,1.11310509719,1.20288382993
C[T>C]G,0.355559584051,0.646471971002,2.52124068691,1.69698892388,1.63234172678,1.45103842019,1.61617992751
C[T>C]T,0.263267289787,0.478667799613,1.86680441849,1.25650297398,1.20863619402,1.11325894964,1.19666949903
G[T>C]A,0.511470364287,0.929946116886,3.62678985586,2.44110855683,2.34811394514,1.85958790315,2.32486529222
G[T>C]C,0.261700847948,0.475819723541,1.85569692181,1.2490267743,1.20144480194,1.11417120759,1.18954930885
G[T>C]G,0.366282291194,0.66596780217,2.59727442846,1.7481654807,1.68156870048,1.22424422924,1.66491950543
G[T>C]T,0.390304889848,0.709645254269,2.76761649165,1.86281879246,1.79185426703,1.64036919288,1.77411313567
T[T>C]A,0.295050724654,0.536455863007,2.09217786573,1.40819664039,1.35455105409,1.03238771323,1.34113965752
T[T>C]C,0.252412384266,0.458931607756,1.78983327025,1.20469547036,1.15880230958,1.27893079935,1.14732901939
T[T>C]G,0.221814051299,0.403298275088,1.57286327284,1.05865797211,1.0183281446,0.894668113382,1.00824568772
T[T>C]T,0.264374969297,0.480681762357,1.87465887319,1.26178962619,1.21372144995,1.11059540462,1.20170440589
A[T>G]A,0.0320081872589,0.0581967041072,0.226967146018,0.152766348281,0.146946677871,0.42640141788,0.145491760268
A[T>G]C,0.0237748916031,0.043227075642,0.168585595004,0.11347107356,0.109148365996,0.260958706804,0.108067689105
A[T>G]G,0.0742395756688,0.134981046671,0.526426082015,0.35432524751,0.340827142843,0.306998290168,0.337452616677
A[T>G]T,0.0652254843028,0.118591789641,0.462507979602,0.311303447809,0.299444268845,0.657123888588,0.296479474104
C[T>G]A,0.0231869586157,0.0421581065741,0.164416615639,0.110665029757,0.1064492191,0.245467476811,0.105395266435
C[T>G]C,0.062067142894,0.112849350716,0.440112467794,0.296229545631,0.284944610559,0.416418277254,0.282123376791
C[T>G]G,0.118169379023,0.214853416405,0.83792832398,0.563990218064,0.542504876423,0.59048709768,0.537133541013
C[T>G]T,0.107410528724,0.195291870408,0.761638294591,0.512641159821,0.49311197278,1.26648939821,0.48822967602
G[T>G]A,0.0155125669202,0.0282046671277,0.109998201798,0.0740372512101,0.0712167844973,0.128976935997,0.0705116678191
G[T>G]C,0.0231425675054,0.0420773954644,0.164101842311,0.110453163094,0.106245423548,0.0603881443047,0.105193488661
G[T>G]G,0.0945221458987,0.171858447089,0.670247943646,0.451128423608,0.433942578899,0.686307094314,0.429646117722
G[T>G]T,0.0688870187202,0.125249124946,0.488471587288,0.328778952983,0.316254040488,0.585302151252,0.313122812364
T[T>G]A,0.0377320696378,0.0686037629778,0.267554675613,0.180084877817,0.173224501519,0.594644212981,0.171509407444
T[T>G]C,0.0543462034228,0.0988112789505,0.385363987907,0.259379607245,0.24949847935,0.452603005483,0.247028197376
T[T>G]G,0.0824831147969,0.149969299631,0.58488026856,0.393669411531,0.378672481568,0.381320277778,0.374923249077
T[T>G]T,0.161008861875,0.292743385227,1.14169920239,0.768451386222,0.739177047699,1.71725889344,0.731858463069
