,1,3,2,5,4,7,6
A[C>A]A,2.9244298204,1.97399012877,2.65026452474,2.50404303372,3.10720668418,1.791213265,1.18804961454
A[C>A]C,1.43898538367,0.971315133977,1.30408050395,1.23213123477,1.52892197015,0.881378547498,0.584587812116
A[C>A]G,0.23428525763,0.1581425489,0.212321014728,0.200606751846,0.248928086232,0.143499720299,0.0951783859123
A[C>A]T,1.85252788524,1.25045632254,1.678853396,1.58622700174,1.96831087807,1.13467332971,0.752589453378
C[C>A]A,3.83687224048,2.58988876233,3.47716546794,3.28532185592,4.07667675552,2.3500842473,1.5587293477
C[C>A]C,1.57619695194,1.06393294256,1.4284284877,1.3496186401,1.67470926144,0.965420633064,0.640330011726
C[C>A]G,0.644260220808,0.434875649045,0.583860825107,0.551647814067,0.684526484609,0.394609385245,0.261730714703
C[C>A]T,3.34178718389,2.25570634913,3.0284946354,2.86140527621,3.55064888289,2.04684465013,1.35760104346
G[C>A]A,4.61123765063,3.11258541417,4.17893412088,3.94837223835,4.89944000379,2.82438306101,1.87331529557
G[C>A]C,1.50839297369,1.01816525724,1.36698113241,1.29156148372,1.60266753455,0.923890696387,0.612784645563
G[C>A]G,0.463169604788,0.312639483232,0.419747454339,0.3965889741,0.492117705087,0.283691382933,0.188162651945
G[C>A]T,3.52314469558,2.37812266952,3.19284988037,3.01669264559,3.74334123905,2.15792612604,1.43127753258
T[C>A]A,3.30538084076,2.23113206751,2.99550138694,2.8302323449,3.51196714331,2.02454576497,1.34281096656
T[C>A]C,2.42018871201,1.63362738061,2.19329602026,2.07228658466,2.57145050652,1.48236558611,0.983201664256
T[C>A]G,0.65445975908,0.441760337379,0.593104156666,0.560381168712,0.695363494022,0.400856602436,0.265874277126
T[C>A]T,5.68762137592,3.83914442875,5.15440687193,4.87002580313,6.04309771191,3.48366809275,2.31059618397
A[C>G]A,0.670295877192,0.452449717104,0.607455638705,0.573940844845,0.712189369516,0.41055622478,0.272307700109
A[C>G]C,0.409751988851,0.276582592474,0.371337739896,0.350850140454,0.435361488154,0.250973093171,0.166461745471
A[C>G]G,0.125569086152,0.0847591331528,0.113796984325,0.107518530018,0.133417154037,0.0769110652683,0.0510124412494
A[C>G]T,0.799041440403,0.539352972272,0.724131305365,0.684179233345,0.848981530428,0.489412882247,0.324610585164
C[C>G]A,0.471922283011,0.318547541032,0.427679568978,0.404083454828,0.501417425699,0.289052398344,0.191718427473
C[C>G]C,0.568301662569,0.383603622234,0.515023381703,0.486608298575,0.60382051648,0.348084768324,0.230872550419
C[C>G]G,0.315499893993,0.212962428446,0.285921778932,0.270146784232,0.335218637368,0.193243685071,0.128171831935
C[C>G]T,0.79142896678,0.534214552576,0.717232501144,0.677661052805,0.840893277204,0.484750242153,0.321518017754
G[C>G]A,0.336289546836,0.226995444114,0.30476240182,0.287947924478,0.357307643513,0.205977347437,0.136617628402
G[C>G]C,0.371016777141,0.25043632457,0.336233954284,0.317683115427,0.394205325712,0.227247775999,0.150725565713
G[C>G]G,0.0446200434381,0.0301185293207,0.0404369143658,0.0382059121939,0.047408796153,0.0273297766059,0.0181268926467
G[C>G]T,0.438407960024,0.295925373016,0.397307213772,0.37538681577,0.465808457525,0.268524875515,0.17810323376
T[C>G]A,0.432275833507,0.291786187617,0.391749974116,0.37013618244,0.459293073101,0.264768948023,0.175612057362
T[C>G]C,0.723053004471,0.488060778018,0.655266785302,0.619114135079,0.768243817251,0.442869965239,0.293740283066
T[C>G]G,0.0824244160315,0.0556364808213,0.0746971270286,0.070575906227,0.0875759420335,0.0504849548193,0.0334849190128
T[C>G]T,1.04483818353,0.705265773884,0.946884603826,0.894642694649,1.11014057,0.639963387413,0.42446551206
A[C>T]A,2.02337451052,1.3657777946,1.83368315015,1.73251442463,2.14983541742,1.23931688769,0.821995894897
A[C>T]C,2.10514799199,1.42097489459,1.90779036774,1.80253296814,2.23671974149,1.28940314509,0.855216371746
A[C>T]G,1.9716830821,1.33088608042,1.78683779316,1.68825363905,2.09491327473,1.20765588779,0.800996252104
A[C>T]T,1.86826757346,1.26108061209,1.69311748845,1.59970410978,1.9850342968,1.14431388875,0.758983701719
C[C>T]A,3.32489085807,2.2443013292,3.01318234013,2.84693779723,3.5326965367,2.03649565057,1.35073691109
C[C>T]C,4.10148901028,2.76850508194,3.71697441556,3.51189996505,4.35783207342,2.5121620188,1.66622991043
C[C>T]G,1.94921350388,1.31571911512,1.76647473789,1.6690140627,2.07103934787,1.19389327113,0.791867985951
C[C>T]T,4.23461604577,2.85836583089,3.83762079148,3.62588998919,4.49927954863,2.59370232803,1.72031276859
G[C>T]A,2.23822390515,1.51080113597,2.02839041404,1.91647921878,2.37811289922,1.3709121419,0.909278461466
G[C>T]C,3.54402652985,2.39221790765,3.21177404268,3.03457271619,3.76552818797,2.17071624954,1.43976077775
G[C>T]G,2.05144562399,1.38472579619,1.85912259674,1.75655031554,2.17966097549,1.25651044469,0.833399784746
G[C>T]T,2.90431396529,1.96041192657,2.63203453104,2.48681883278,3.08583358812,1.77889230374,1.1798775484
T[C>T]A,3.18431152045,2.1494102763,2.88578231541,2.72656673939,3.38333099048,1.95039080628,1.29362655518
T[C>T]C,5.49409685706,3.70851537852,4.97902527671,4.70432043386,5.83747791063,3.36513432495,2.23197684818
T[C>T]G,2.17840792437,1.47042534895,1.97418218146,1.86526178524,2.31455841965,1.33427485368,0.884978219276
T[C>T]T,2.90954143971,1.9639404718,2.63677192974,2.49129485775,3.09138777969,1.78209413182,1.18200120988
A[T>A]A,1.99196704721,1.34457775687,1.80522013653,1.70562178417,2.11646498766,1.22007981642,0.809236612929
A[T>A]C,0.964275657674,0.65088606893,0.873874814767,0.825661031883,1.02454288628,0.590618840325,0.39173698593
A[T>A]G,1.38607758996,0.93560237322,1.2561328159,1.1868289364,1.47270743933,0.848972523848,0.563094020919
A[T>A]T,1.41245978636,0.953410355796,1.28004168139,1.20941869207,1.50073852301,0.865131619148,0.573811788211
C[T>A]A,2.67177648131,1.80344912489,2.42129743619,2.28770861213,2.8387625114,1.63646309481,1.08540919553
C[T>A]C,1.39941249778,0.944603436005,1.26821757612,1.19824695123,1.4868757789,0.857140154893,0.568511327225
C[T>A]G,2.6805763686,1.80938904881,2.42927233405,2.29524351562,2.84811239164,1.64185302577,1.08898414975
C[T>A]T,1.64365781572,1.10946902561,1.4895648955,1.40738200471,1.7463864292,1.00674041213,0.667735987636
G[T>A]A,1.40696657401,0.949702437455,1.27506345769,1.20471512899,1.49490198488,0.86176702658,0.57158017069
G[T>A]C,0.601909767748,0.40628909323,0.545480727021,0.515385238634,0.639529128232,0.368669732746,0.244525843148
G[T>A]G,1.0001712173,0.675115571681,0.906405165683,0.856396604817,1.06268191839,0.612604870599,0.40631955703
G[T>A]T,0.781264270298,0.527353382451,0.708020744958,0.668957531443,0.830093287192,0.478524365558,0.317388609809
T[T>A]A,1.7269701096,1.16570482398,1.56506666182,1.47871815634,1.83490574145,1.05776919213,0.701581607025
T[T>A]C,0.928900466696,0.62700781502,0.841816047944,0.795371024609,0.986956745865,0.568951535851,0.377365814595
T[T>A]G,1.2160865251,0.820858404446,1.10207841338,1.04127408712,1.29209193292,0.744852996627,0.494035150824
T[T>A]T,1.40232101899,0.946566687819,1.27085342346,1.20073737251,1.48996608268,0.858921624132,0.569692913965
A[T>C]A,4.24081626755,2.86255098059,3.84323974247,3.63119892909,4.50586728427,2.59749996387,1.72283160869
A[T>C]C,1.37072013278,0.925236089625,1.24221512033,1.17367911369,1.45639014108,0.839566081327,0.556855053941
A[T>C]G,2.57711570586,1.73955310146,2.33551110844,2.20665532315,2.73818543748,1.57848336984,1.04695325551
A[T>C]T,3.29047510407,2.22107069524,2.98199306306,2.81746930786,3.49612979807,2.01541600124,1.33675551103
C[T>C]A,1.34162286505,0.905595433907,1.21584572145,1.1487645782,1.42547429411,0.821744004842,0.545034288925
C[T>C]C,1.51486790644,1.02253583685,1.37284904021,1.29710564489,1.6095471506,0.927856592697,0.615415086993
C[T>C]G,1.67348740013,1.12960399509,1.51659795637,1.43292358636,1.77808036264,1.02501103258,0.679854256303
C[T>C]T,2.16244121733,1.4596478217,1.9597123532,1.85159029234,2.29759379341,1.32449524561,0.87849174454
G[T>C]A,2.24526315114,1.51555262702,2.03476973072,1.92250657316,2.38559209808,1.37522368007,0.91213815515
G[T>C]C,1.39819881114,0.943784197517,1.26711767259,1.19720773204,1.48558623683,0.856396771821,0.568018267024
G[T>C]G,1.88963479442,1.27550348623,1.71248153244,1.61799979272,2.00773696907,1.15740131158,0.767664135232
G[T>C]T,2.16333844665,1.46025345149,1.96052546728,1.85235854494,2.29854709956,1.32504479857,0.878856243951
T[T>C]A,1.88968945635,1.27554038304,1.71253106982,1.618046597,2.00779504737,1.15743479201,0.767686341642
T[T>C]C,1.70019763076,1.14763340077,1.54080410288,1.45579422134,1.80645998269,1.04137104884,0.690705287498
T[T>C]G,1.28917113477,0.870190515972,1.16831134089,1.10385278415,1.3697443307,0.789617320049,0.523725773502
T[T>C]T,1.894711253,1.27893009577,1.71708207303,1.62234651038,2.01313070631,1.16051064246,0.769726446529
A[T>G]A,0.863361770003,0.582769194752,0.782421604065,0.739253515565,0.917321880628,0.528809084127,0.350740719064
A[T>G]C,0.353997917832,0.238948594537,0.320810613036,0.303110717144,0.376122787697,0.216823724672,0.143811654119
A[T>G]G,0.61147858016,0.412748041608,0.55415246327,0.523578534262,0.64969599142,0.374530630348,0.24841317319
A[T>G]T,0.744855464628,0.502777438624,0.67502526482,0.637782491588,0.791408931168,0.456223972085,0.302597532505
C[T>G]A,0.422106689253,0.284922015246,0.382534187136,0.361428852673,0.448488357332,0.258540347168,0.171480842509
C[T>G]C,0.579579291879,0.391216022019,0.525243733266,0.496264768672,0.615802997622,0.354992316276,0.235454087326
C[T>G]G,0.884569433979,0.597084367936,0.801641049543,0.757412577844,0.939855023603,0.541798778312,0.359356332554
C[T>G]T,1.92239623066,1.2976174557,1.74217158404,1.6460517725,2.04254599508,1.17746769128,0.780973468706
G[T>G]A,0.214792620648,0.144985018938,0.194655812462,0.18391618143,0.228217159439,0.131560480147,0.0872595021383
G[T>G]C,0.152067643428,0.102645659314,0.137811301856,0.130207919685,0.161571871142,0.0931414315995,0.0617774801425
G[T>G]G,0.665587747263,0.449271729403,0.603188895957,0.569909508594,0.707186981467,0.407672495199,0.270395022326
G[T>G]T,0.720258807759,0.486174695237,0.652734544531,0.616721604143,0.765274983244,0.441158519752,0.292605140652
T[T>G]A,1.15962991451,0.782750192292,1.05091461002,0.992933114296,1.23210678416,0.710273322635,0.471099652768
T[T>G]C,0.624040829943,0.421227560211,0.565537002136,0.534334960639,0.663043381814,0.38222500834,0.253516587164
T[T>G]G,0.603689467551,0.407490390597,0.547093579968,0.516909106591,0.641420059273,0.369759798875,0.245248846193
T[T>G]T,1.89031525629,1.275962798,1.71309820102,1.6185824382,2.00845995981,1.15781809448,0.767940572869
