,1,3,2,5,4,7,6
A[C>A]A,2.78041423726,0.739743237436,1.96414583733,2.82305275396,4.51498458711,1.58436634151,0.927862564747
A[C>A]C,2.29637406092,0.610961906116,1.622209199,2.23540337406,3.7289743925,1.2545631181,0.613481428359
A[C>A]G,0.887396366724,0.236096281055,0.626876332456,0.923730976506,1.44100143954,0.518420445998,0.138786516196
A[C>A]T,1.95331241911,0.519688625267,1.37986290157,2.46239179658,3.17189264387,1.38195457971,0.562839691434
C[C>A]A,3.15555204019,0.839550542802,2.22915144123,4.11439289507,5.12415331296,2.30909805335,1.10132447356
C[C>A]C,3.64346153247,0.969361325153,2.57382144955,2.89368243114,5.9164467087,1.62400544605,0.734206821592
C[C>A]G,0.543937239478,0.144717247201,0.384249242567,1.06823663399,0.883274232914,0.599520559895,0.295844203315
C[C>A]T,2.95736289821,0.786821321543,2.08914626755,3.60510258032,4.80232323838,2.0232718563,0.936171370658
G[C>A]A,2.45654636119,0.653576554812,1.73535843864,3.14908456731,3.98907069661,1.76734337961,1.04085792078
G[C>A]C,2.48450626519,0.661015428353,1.75510993046,5.16721392947,4.0344734765,2.89996700123,0.754346516232
G[C>A]G,1.07259496485,0.285369302576,0.757704699942,1.84082468284,1.74173677779,1.03311589343,0.21775994012
G[C>A]T,1.99343600029,0.5303637065,1.40820708278,3.68273555705,3.23704745002,2.06684138406,0.739302947027
T[C>A]A,2.2518040067,0.599103818296,1.59072393134,2.43799664114,3.65659916684,1.36826342105,1.874336958
T[C>A]C,2.94681436444,0.784014830905,2.08169455102,3.64975038526,4.78519396794,2.04832929785,1.2808292974
T[C>A]G,0.56283505119,0.149745105362,0.397599072859,0.680886289196,0.913961505143,0.382130060263,0.29250119473
T[C>A]T,2.89283440282,0.769653189742,2.04356191759,3.28097947744,4.69753843394,1.84136603326,2.13188584712
A[C>G]A,0.846825767789,0.225302268494,0.598216368071,1.37787897732,1.37512074219,0.773299426046,0.295292782042
A[C>G]C,0.411640290332,0.109518976327,0.29079176473,0.787711873124,0.668443407236,0.4420831941,0.209034425591
A[C>G]G,0.140897102862,0.0374863851651,0.0995328157831,0.183065914227,0.228796212904,0.102741074311,0.0296839793122
A[C>G]T,0.665733376713,0.17712172408,0.47028871566,1.14718339208,1.08105328145,0.643827413922,0.438345963556
C[C>G]A,0.63060537574,0.167775742169,0.445473522312,1.14402529755,1.02401056428,0.642055013932,0.283742753776
C[C>G]C,0.658784338414,0.175272897376,0.465379761999,1.1789855172,1.0697690633,0.661675545367,0.202599564542
C[C>G]G,0.283700588307,0.0754799730358,0.200412342198,0.2285655434,0.460688111287,0.12827658048,0.127720141982
C[C>G]T,0.615963984484,0.163880326147,0.43513052115,1.27678801511,1.00023509407,0.716564702355,0.403466591171
G[C>G]A,0.451851396137,0.120217343926,0.319197775253,0.72373592528,0.733740340517,0.406178325412,0.164096114318
G[C>G]C,0.478430008072,0.127288717744,0.337973491941,0.805425554568,0.776900104851,0.452024545931,0.375794056293
G[C>G]G,0.26791997433,0.0712814610602,0.189264569022,0.271782241071,0.435062710609,0.152530849581,0.0183938329149
G[C>G]T,0.419483743753,0.111605766686,0.296332552926,0.75455740534,0.681180024259,0.423476094834,0.203837629281
T[C>G]A,0.314387623855,0.0836444136862,0.222090339787,1.02886904123,0.510519352498,0.57742650273,5.29851175953
T[C>G]C,0.590094985961,0.156997748558,0.416856091,1.03661489256,0.958227637753,0.581773664193,1.45733205667
T[C>G]G,0.140179871506,0.0372955621439,0.0990261477614,0.140153558261,0.227631534464,0.0786576092279,0.197822417166
T[C>G]T,0.775884230685,0.206427914586,0.548101704246,1.72561260595,1.25992209937,0.968456054357,6.55919847121
A[C>T]A,1.69923669878,0.452090497842,1.20037821841,3.35773100869,2.75931096959,1.88444087222,1.75574666634
A[C>T]C,1.1796412572,0.313849508795,0.833324557835,4.18516229049,1.91556424334,2.3488155712,2.74519055972
A[C>T]G,1.8665936627,0.496616662554,1.31860286264,3.49276867792,3.03107411283,1.96022731924,5.25995009344
A[C>T]T,1.51978315077,0.404345975894,1.07360828082,3.1908092367,2.46790474942,1.79076028591,1.61580071237
C[C>T]A,2.46645945319,0.656213982958,1.7423612651,3.84408535666,4.00516810288,2.15739484302,3.1082726068
C[C>T]C,3.07382448833,0.817806515244,2.1714172991,6.63517558385,4.99143976545,3.72382303175,5.31585010926
C[C>T]G,1.41886911842,0.377497288387,1.00232038641,2.56705075821,2.30403517395,1.44069175206,4.26722274715
C[C>T]T,4.79407179985,1.27548699262,3.38663787696,6.75852663659,7.78486888599,3.79305066339,4.31757773346
G[C>T]A,1.80458726535,0.480119547662,1.27480017828,4.95489752531,2.93038482539,2.78080983563,2.51753594567
G[C>T]C,2.43576565303,0.648047742549,1.72067848884,8.10677858173,3.95532587694,4.54972267342,5.52354479071
G[C>T]G,1.32111278066,0.35148872146,0.93326315698,5.21890407028,2.14529323098,2.92897677413,2.76866157048
G[C>T]T,3.46083724563,0.920773212139,2.44481163223,6.54244798899,5.61989167409,3.67178203464,3.27139515931
T[C>T]A,1.11671216384,0.297106905976,0.788870060694,3.68213776239,1.81337663302,2.06650588706,4.88320221369
T[C>T]C,1.4877060429,0.395811699487,1.05094830553,4.83525723834,2.4158162348,2.71366477662,6.01685422802
T[C>T]G,0.593456082027,0.157891985126,0.419230443267,1.5613032924,0.963685564393,0.876241643692,3.99356246387
T[C>T]T,1.50486396317,0.400376650752,1.0630690382,3.38597124605,2.44367817873,1.90028998503,3.62756585731
A[T>A]A,0.833206260461,0.221678729848,0.588595248216,1.62896698486,1.35300466148,0.91421616497,1.17347851772
A[T>A]C,0.650819802454,0.173153892396,0.45975343843,1.00960989597,1.056835826,0.566617798758,1.65851469469
A[T>A]G,1.16850391124,0.310886361707,0.825456891428,0.996881093715,1.89747882835,0.559474083208,0.444643545284
A[T>A]T,0.890858139324,0.237017303123,0.629321804843,1.21648156475,1.44662285009,0.682719245522,0.674195879759
C[T>A]A,1.16633667718,0.31030975815,0.823925909571,2.63788583823,1.89395955836,1.4804461337,1.21751868834
C[T>A]C,1.25360716409,0.333528511546,0.885575703071,1.4317751541,2.03567401875,0.803547280365,0.670202287358
C[T>A]G,2.94943238802,0.784711369291,2.08354398053,1.45920150103,4.78944525395,0.818939617925,0.624812436332
C[T>A]T,1.44309370976,0.383942363148,1.01943317112,1.44534469803,2.34337235439,0.811162840732,0.666253859211
G[T>A]A,0.895677513514,0.238299521944,0.632726316886,1.17519711637,1.45444880635,0.659549402043,0.455370610814
G[T>A]C,0.442127762077,0.11763032202,0.312328786054,0.746463359779,0.717950586125,0.418933518243,0.823342077676
G[T>A]G,1.1205132227,0.298118196864,0.791555212364,0.68282193656,1.81954899465,0.383216392967,0.374436117917
G[T>A]T,0.782878018035,0.208288647,0.553042269621,0.892647287899,1.27127898341,0.500975518719,0.384709957246
T[T>A]A,0.962532695357,0.256086680416,0.679954289381,1.08184461464,1.56301180806,0.60715769189,0.661598804159
T[T>A]C,0.703857989996,0.187264969815,0.497220781924,1.20420103705,1.14296205715,0.67582711263,0.529548204054
T[T>A]G,1.10271940706,0.293384062428,0.778985269207,0.987045838755,1.79065444999,0.55395429726,0.213768752335
T[T>A]T,1.15853717325,0.308234660773,0.818416168259,1.35947639189,1.88129430886,0.762971444428,0.430080432487
A[T>C]A,1.43883855782,0.382810258502,1.01642723809,3.34875897946,2.33646261224,1.8794055497,3.32295387845
A[T>C]C,0.526800717816,0.140157989144,0.372143626347,1.499676511,0.855447037187,0.841655184744,1.42007977959
A[T>C]G,1.26226569299,0.33583215685,0.891692278532,2.60484011719,2.0497341987,1.46190006577,2.19741110568
A[T>C]T,1.28269024225,0.34126621124,0.906120629843,2.91203472629,2.0829006686,1.63430520353,2.33720914158
C[T>C]A,0.685152656179,0.182288321369,0.484006922255,1.58964957281,1.11258734077,0.892150270456,1.56578109161
C[T>C]C,0.686005475382,0.182515218221,0.484609372517,1.98470045336,1.11397219397,1.11386249934,1.42228562208
C[T>C]G,0.937078515215,0.249314467351,0.661972896069,2.10258859696,1.5216779559,1.18002421258,1.89895880688
C[T>C]T,0.830439303717,0.220942567044,0.586640609048,1.54814587828,1.34851152989,0.868857380665,2.66789130659
G[T>C]A,0.632564462847,0.16829696718,0.44685746458,2.66090767786,1.02719183417,1.4933665539,7.41236890752
G[T>C]C,0.363529491359,0.0967188554991,0.256805237015,2.06005230738,0.590318531839,1.15615180516,3.66008615557
G[T>C]G,0.621488925043,0.165350264461,0.43903346081,1.75063371426,1.00920678654,0.982498513103,4.7300850049
G[T>C]T,0.728090718442,0.193712209494,0.514339314863,2.11611905899,1.18231245105,1.18761783923,5.52930600991
T[T>C]A,0.585952445223,0.155895604692,0.413929709011,1.54739225058,0.951500759675,0.868434426344,2.65037778166
T[T>C]C,0.396075253642,0.105377819776,0.279796280096,1.88092044185,0.643168072429,1.05561861532,2.18107592936
T[T>C]G,0.491376057131,0.13073307942,0.347118866046,1.18773695416,0.797922588185,0.666587066109,1.84144130198
T[T>C]T,0.669192653787,0.1780420822,0.472732425152,1.43976580777,1.08667063964,0.808031830894,1.95310600583
A[T>G]A,0.365280359864,0.0971846828996,0.258042089078,0.357528848326,0.593161685284,0.200653945489,0.167410412666
A[T>G]C,0.0608881258933,0.0161995931276,0.043012712787,0.361737355936,0.0988733787442,0.203015863025,0.35343634664
A[T>G]G,0.290549528403,0.0773021681073,0.205250584285,0.647251770563,0.471809784655,0.363253544703,0.301283860227
A[T>G]T,0.250024790948,0.0665203572248,0.176623017459,1.29026722305,0.406003559613,0.724129563959,0.620550598095
C[T>G]A,0.195446908862,0.0519996363029,0.138067999839,0.214530875957,0.317377090538,0.120399981404,0.0159179194637
C[T>G]C,0.205081828239,0.0545630552195,0.144874319031,0.855257099142,0.333022785305,0.47999122911,0.455488283969
C[T>G]G,0.523525757906,0.139286669535,0.369830122557,0.877603758466,0.850128983021,0.492532721588,0.377550948393
C[T>G]T,0.589033990596,0.156715465388,0.416106580513,2.02355973848,0.956504737023,1.1356712818,2.94273252244
G[T>G]A,0.0902549239846,0.0240127779409,0.0637580655671,0.154184293568,0.146560748122,0.0865320014921,0.00739119485932
G[T>G]C,0.0265056369394,0.00705195845177,0.0187241655444,0.298624408177,0.0430412636539,0.16759533112,0.189558917264
G[T>G]G,0.418430548892,0.11132555888,0.295588552887,0.850564293358,0.679469790403,0.477357511579,0.183262437976
G[T>G]T,0.341354186311,0.0908190036975,0.241140113266,1.06067316015,0.554309091533,0.595275753146,0.729809552343
T[T>G]A,0.485211843189,0.129093059197,0.342764329592,0.478934771814,0.787912809582,0.268789922957,0.211298689708
T[T>G]C,0.173722388487,0.0462197180377,0.122721320307,0.676974991442,0.282099658368,0.379934944177,0.396579271531
T[T>G]G,0.37532475786,0.0998570456691,0.265137672984,0.766829846284,0.609472313222,0.430363689241,0.245436627818
T[T>G]T,0.63203572447,0.168156293666,0.446483952148,2.75028222324,1.02633324065,1.54352573753,1.11425603379
