,1,3,2,5,4,7,6
A[C>A]A,1.01614544322,0.772270536844,1.04662980651,1.43276507493,1.30066616732,1.74777016233,0.802754900141
A[C>A]C,0.776396761462,0.590061538711,0.799688664306,1.09471943366,0.993787854672,1.33540242972,0.613353441555
A[C>A]G,0.327010162345,0.248527723382,0.336820467216,0.461084328907,0.418573007802,0.562457479234,0.258338028253
A[C>A]T,0.986874199211,0.7500243914,1.01648042519,1.39149262089,1.26319897499,1.69742362264,0.779630617377
C[C>A]A,1.74777067305,1.32830571152,1.80020379324,2.464356649,2.2371464615,3.00616555765,1.38073883171
C[C>A]C,1.35400914027,1.0290469466,1.39462941448,1.90915288778,1.73313169954,2.32889572126,1.06966722081
C[C>A]G,0.453426800294,0.344604368223,0.467029604302,0.639331788414,0.580386304376,0.779894096505,0.358207172232
C[C>A]T,2.45582975117,1.86643061089,2.5295046437,3.46271994915,3.1434620815,4.22402717201,1.94010550342
G[C>A]A,1.48908773754,1.13170668053,1.53376036967,2.09961370993,1.90603230405,2.56123090857,1.17637931266
G[C>A]C,1.58416200652,1.20396312496,1.63168686672,2.2336684292,2.02772736835,2.72475865122,1.25148798515
G[C>A]G,0.594939511667,0.452154028867,0.612787697017,0.838864711451,0.761522574934,1.02329596007,0.470002214217
G[C>A]T,1.84656302371,1.40338789802,1.90195991442,2.60365386343,2.36360067035,3.17608840078,1.45878478873
T[C>A]A,2.03606922793,1.54741261322,2.09715130477,2.87085761138,2.60616861175,3.50203907204,1.60849469006
T[C>A]C,1.5836716757,1.20359047353,1.63118182597,2.23297706274,2.0270997449,2.72391528221,1.2511006238
T[C>A]G,0.387996921731,0.294877660516,0.399636829383,0.547075659641,0.496636059816,0.667354705377,0.306517568167
T[C>A]T,9.68253030843,7.3587230344,9.97300621768,13.6523677349,12.3936387948,16.6539521305,7.64919894366
A[C>G]A,0.309074405541,0.234896548211,0.318346637707,0.435794911813,0.395615239093,0.531607977531,0.244168780377
A[C>G]C,0.202438330075,0.153853130857,0.208511479978,0.285438045406,0.259121062497,0.34819392773,0.15992628076
A[C>G]G,0.0624932197674,0.0474948470232,0.0643680163604,0.088115439872,0.0799913213023,0.107488338,0.0493696436163
A[C>G]T,0.228014503556,0.173291022703,0.234854938663,0.321500450015,0.291858564552,0.392184946117,0.18013145781
C[C>G]A,0.27556037996,0.20942588877,0.283827191359,0.388540135743,0.352717286349,0.473963853531,0.217692700168
C[C>G]C,0.269950049549,0.205162037657,0.278048551035,0.380629569864,0.345536063423,0.464314085224,0.213260539144
C[C>G]G,0.0959276784359,0.0729050356112,0.0988055087889,0.135258026595,0.122787428398,0.16499560691,0.0757828659643
C[C>G]T,0.277317024784,0.210760938836,0.285636535527,0.391017004945,0.354965791723,0.476985282628,0.219080449579
G[C>G]A,0.199037947562,0.151268840147,0.205009085989,0.280643506062,0.254768572879,0.342345269806,0.157239978574
G[C>G]C,0.236264137268,0.179560744324,0.243352061386,0.333132433548,0.302418095703,0.406374316101,0.186648668442
G[C>G]G,0.0996362237903,0.0757235300806,0.102625310504,0.140487075544,0.127534366452,0.171374304919,0.0787126167943
G[C>G]T,0.197611255328,0.15018455405,0.203539592988,0.278631870013,0.25294240682,0.339891359165,0.156112891709
T[C>G]A,0.285296340831,0.216825219031,0.293855231055,0.402267840571,0.365179316263,0.490709706229,0.225384109256
T[C>G]C,0.2871090614,0.218202886664,0.295722333242,0.404823776574,0.367499598592,0.493827585608,0.226816158506
T[C>G]G,0.0534031634364,0.0405864042117,0.0550052583395,0.0752984604453,0.0683560491986,0.0918534411106,0.0421884991148
T[C>G]T,0.430762559854,0.327379545489,0.44368543665,0.607375209394,0.551376076613,0.740911602949,0.340302422285
A[C>T]A,1.04764580249,0.796210809891,1.07907517656,1.47718058151,1.34098662719,1.80195078028,0.827640183966
A[C>T]C,0.997497972734,0.758098459278,1.02742291192,1.40647214156,1.2767974051,1.7156965131,0.78802339846
A[C>T]G,2.42106613245,1.84001026066,2.49369811642,3.41370324675,3.09896464953,4.16423374781,1.91264224463
A[C>T]T,0.785977817673,0.597343141432,0.809557152204,1.10822872292,1.00605160662,1.3518818464,0.620922475962
C[C>T]A,1.09077646123,0.828990110538,1.12349975507,1.53799481034,1.39619387038,1.87613551332,0.861713404375
C[C>T]C,1.09676112734,0.833538456775,1.12966396116,1.54643318954,1.40385424299,1.88642913902,0.866441290595
C[C>T]G,1.83991096765,1.39833233542,1.89510829668,2.59427446439,2.3550860386,3.16464686436,1.45352966445
C[C>T]T,1.15308290564,0.876343008289,1.18767539281,1.62584689696,1.47594611922,1.98330259771,0.910935495459
G[C>T]A,1.79509004282,1.36426843254,1.8489427441,2.53107696037,2.29771525481,3.08755487365,1.41812113383
G[C>T]C,3.63299588479,2.76107687244,3.74198576133,5.12252419755,4.65023473253,6.24875292184,2.87006674898
G[C>T]G,4.61089502114,3.50428021607,4.74922187177,6.50136197981,5.90194562706,7.93073943636,3.6426070667
G[C>T]T,2.62315303766,1.99359630862,2.70184762879,3.6986457831,3.3576358882,4.51182322477,2.07229089975
T[C>T]A,2.12764655915,1.61701138495,2.19147595592,2.9999816484,2.72338759571,3.65955208174,1.68084078173
T[C>T]C,2.50572160848,1.90434842245,2.58089325673,3.53306746796,3.20732365885,4.30984116659,1.9795200707
T[C>T]G,7.04388512114,5.35335269207,7.25520167477,9.93187802081,9.01617295506,12.1154824084,5.5646692457
T[C>T]T,2.33836271063,1.77715566008,2.40851359195,3.29709142199,2.9931042696,4.02198386228,1.8473065414
A[T>A]A,0.507984101017,0.386067916773,0.523223624047,0.716257582433,0.650219649301,0.873732653748,0.401307439803
A[T>A]C,0.472161967024,0.358843094938,0.486326826035,0.665748373504,0.604367317791,0.812118583281,0.373007953949
A[T>A]G,0.267958236337,0.203648259616,0.275996983427,0.377821113235,0.342986542511,0.4608881665,0.211687006706
A[T>A]T,0.491364088793,0.373436707482,0.506105011456,0.692823365198,0.628946033655,0.845146232723,0.388177630146
C[T>A]A,0.766030456761,0.582183147138,0.789011370464,1.08010294403,0.980518984654,1.31757238563,0.605164060841
C[T>A]C,0.41078788212,0.312198790411,0.423111518584,0.579210913789,0.525808489114,0.706555157247,0.324522426875
C[T>A]G,0.626586418281,0.476205677894,0.64538401083,0.883486849776,0.8020306154,1.07772863944,0.495003270442
C[T>A]T,0.469962344274,0.357171381649,0.484061214603,0.662646905427,0.601551800671,0.808335232152,0.371270251977
G[T>A]A,0.383207934544,0.291238030253,0.39470417258,0.540323187707,0.490506156216,0.659117647415,0.302734268289
G[T>A]C,0.304033690579,0.23106560484,0.313154701296,0.428687503716,0.389163123941,0.522937947796,0.240186615557
G[T>A]G,0.311440312773,0.236694637708,0.320783522157,0.439130841011,0.39864360035,0.53567733797,0.246037847091
G[T>A]T,0.316478236733,0.240523459917,0.325972583835,0.446234313793,0.405092143018,0.54434256718,0.250017807019
T[T>A]A,0.316460870917,0.240510261897,0.325954697044,0.446209827992,0.405069914773,0.544312697976,0.250004088024
T[T>A]C,0.299691922619,0.22776586119,0.308682680297,0.422565610893,0.383605660952,0.515470106904,0.236756618869
T[T>A]G,0.227882505654,0.173190704297,0.234718980824,0.321314332973,0.291689607238,0.391957909725,0.180027179467
T[T>A]T,0.347179640603,0.263856526858,0.357595029821,0.48952329325,0.444389939972,0.597148981837,0.274271916076
A[T>C]A,1.1997952244,0.911844370541,1.23578908113,1.6917112664,1.53573788723,2.06364778596,0.947838227273
A[T>C]C,0.804980113509,0.611784886267,0.829129516914,1.13502196005,1.03037454529,1.38456579523,0.635934289672
A[T>C]G,1.31217143482,0.997250290467,1.35153657787,1.8501617231,1.67957943658,2.2569348679,1.03661543351
A[T>C]T,0.91438780093,0.694934728707,0.941819434958,1.28928679931,1.17041638519,1.5727470176,0.722366362734
C[T>C]A,0.670812081655,0.509817182058,0.690936444105,0.945845035134,0.858639464519,1.15379678045,0.529941544508
C[T>C]C,0.728962450345,0.554011462262,0.750831323855,1.02783705499,0.933071936442,1.25381541459,0.575880335773
C[T>C]G,1.43846301186,1.09323188901,1.48161690221,2.02823284672,1.84123265517,2.47415638039,1.13638577937
C[T>C]T,0.819027763139,0.622461099986,0.843598596033,1.15482914603,1.04835553682,1.4087277526,0.64703193288
G[T>C]A,1.83586959434,1.3952608917,1.89094568217,2.58857612802,2.34991308076,3.15769570227,1.45033697953
G[T>C]C,1.73730453119,1.32035144371,1.78942366713,2.44959938898,2.22374979993,2.98816379365,1.37247057964
G[T>C]G,1.322335654,1.00497509704,1.36200572362,1.86449327214,1.69258963712,2.27441732488,1.04464516666
G[T>C]T,1.45191816317,1.10345780401,1.49547570807,2.04720461008,1.85845524886,2.49729924066,1.14701534891
T[T>C]A,0.716721960659,0.544708690101,0.738223619479,1.01057796453,0.917404109643,1.23276177233,0.566210348921
T[T>C]C,1.04373443093,0.793238167508,1.07504646386,1.47166554761,1.33598007159,1.7952232212,0.824550200436
T[T>C]G,0.745230358164,0.566375072204,0.767587268909,1.05077480501,0.95389485845,1.28179621604,0.588731982949
T[T>C]T,0.798956001815,0.60720656138,0.82292468187,1.12652796256,1.02266368232,1.37420432312,0.631175241434
A[T>G]A,0.0497318638187,0.0377962165022,0.0512238197332,0.0701219279843,0.0636567856879,0.0855388057681,0.0392881724168
A[T>G]C,0.176372307757,0.134042953895,0.18166347699,0.248684953937,0.225756553929,0.303360369342,0.139334123128
A[T>G]G,0.185807518201,0.141213713832,0.191381743747,0.261988600663,0.237833623297,0.319588931305,0.146787939379
A[T>G]T,0.560187557032,0.425742543345,0.576993183743,0.789864455416,0.717040073001,0.963522598096,0.442548170056
C[T>G]A,0.0804564569089,0.0611469072507,0.0828701506161,0.113443604241,0.102984264843,0.138385105883,0.063560600958
C[T>G]C,0.289351407908,0.21990707001,0.298031950145,0.40798548515,0.370369802122,0.497684421601,0.228587612247
C[T>G]G,0.429263326118,0.326240127849,0.442141225901,0.605261289826,0.549457057431,0.738332920923,0.339118027633
C[T>G]T,1.3371693788,1.01624872788,1.37728446016,1.8854088241,1.71157680486,2.29993133153,1.05636380925
G[T>G]A,0.0326517924237,0.024815362242,0.0336313461964,0.0460390273174,0.0417942943023,0.0561610829687,0.0257949160147
G[T>G]C,0.168788185076,0.128279020658,0.173851830628,0.237991340957,0.216048876897,0.290315678331,0.13334266621
G[T>G]G,0.28050313562,0.213182383071,0.288918229689,0.395509421225,0.359044013594,0.482465393267,0.22159747714
G[T>G]T,0.690744241233,0.524965623337,0.71146656847,0.973949380139,0.884152628778,1.18808009492,0.545687950574
T[T>G]A,0.172475101556,0.131081077183,0.177649354603,0.243189893194,0.220768129992,0.296657174676,0.136255330229
T[T>G]C,0.348257545663,0.264675734704,0.358705272033,0.491043139385,0.445769658449,0.599002978541,0.275123461074
T[T>G]G,0.217890940103,0.165597114478,0.224427668306,0.307226225545,0.278900403332,0.374772416977,0.172133842681
T[T>G]T,1.97761925943,1.50299063717,2.03694783721,2.7884431558,2.53135265207,3.40150512622,1.56231921495
