,1,3,2,5,4,7,6
A[C>A]A,0.963966871219,0.926632320718,0.741512977861,0.174269537364,1.49000454446,1.92890809619,0.354839972887
A[C>A]C,0.757621157313,0.681911480119,0.582785505626,0.143977671471,1.23100909107,1.41948920351,0.538703969097
A[C>A]G,0.235189159418,0.215805284592,0.180914738013,0.0315425767949,0.269689031596,0.44922732711,0.123640440331
A[C>A]T,0.799609167299,0.557070757761,0.615083974846,0.148230661145,1.26737215279,1.15961667942,1.60422840569
C[C>A]A,1.18950165004,0.862335333044,0.91500126926,0.172301154494,1.47317487092,1.79506538715,0.892798725152
C[C>A]C,0.98990227592,0.510401324263,0.761463289169,0.135324446865,1.15702402069,1.06246806275,0.866489874262
C[C>A]G,0.291898818523,0.194621712086,0.22453755271,0.0338900923924,0.289760289955,0.405130910873,0.307447601525
C[C>A]T,1.02833390203,0.84642652523,0.791026078487,0.148736779162,1.27169946183,1.76194909334,6.46892572411
G[C>A]A,1.14250406041,0.991261132838,0.878849277237,0.176392972977,1.50815991896,2.06344154183,0.558613933083
G[C>A]C,1.36938369744,0.863291507325,1.05337207496,0.169852735058,1.45224088475,1.79705579076,1.42010910222
G[C>A]G,0.442354587438,0.236589216236,0.340272759568,0.031211986013,0.266862480411,0.492491837879,0.248566399459
G[C>A]T,1.14321238508,0.856823854257,0.879394142365,0.162420531033,1.38869554034,1.78359251294,4.24192532133
T[C>A]A,0.943948936372,1.16711288241,0.72611456644,0.198364356091,1.69601524458,2.42950028583,0.40712702854
T[C>A]C,1.12004150507,0.771558425068,0.861570388512,0.146866943118,1.25571236366,1.60610121137,1.14893610918
T[C>A]G,0.285298373777,0.238278726811,0.219460287521,0.0384653770845,0.328878974073,0.496008778259,0.115195562839
T[C>A]T,1.31482444809,5.84256420716,1.01140342161,0.439318567493,3.75617375206,12.1620724312,2.89978674627
A[C>G]A,0.345339511014,0.183858295298,0.265645777703,0.0507328975666,0.433766274194,0.382725431029,0.126344795661
A[C>G]C,0.231339767341,0.0787705865274,0.177953667186,0.0268958814089,0.229959786046,0.163971425016,0.0866414972981
A[C>G]G,0.0612954090518,0.00844363387444,0.0471503146552,0.0310540667787,0.265512270958,0.0175765439835,0.0176370780281
A[C>G]T,0.323538041864,0.15329350951,0.248875416818,0.0579103818374,0.49513376471,0.319100774898,0.155464672598
C[C>G]A,0.24746963053,0.0987568955017,0.190361254254,0.0366577919528,0.313424121196,0.205575578391,0.0850761376395
C[C>G]C,0.267844860476,0.0973542734961,0.206034508058,0.0400481286716,0.342411500142,0.202655834625,0.062949963295
C[C>G]G,0.0635513742241,0.0614970155655,0.04888567248,0.0301643007919,0.257904771771,0.128014195667,0.0207920584349
C[C>G]T,0.234905732981,0.117471346292,0.180696717678,0.0485544836202,0.415140834953,0.244532190241,0.0950919794966
G[C>G]A,0.216640663985,0.0589287214871,0.166646664604,0.0675831577205,0.57783599851,0.122667950851,0.09857139656
G[C>G]C,0.215887995525,0.0665100341032,0.166067688865,0.0603229806231,0.515761484327,0.138449458746,0.283759743927
G[C>G]G,0.0656161140706,0.0108655077638,0.0504739339004,0.0121088560837,0.103530719516,0.0226179957533,0.0265568526051
G[C>G]T,0.146219570155,0.0950970402777,0.112476592427,0.0291494041241,0.249227405261,0.197957104252,0.118589504526
T[C>G]A,0.18978225607,0.364838071055,0.145986350823,0.126695234566,1.08324425554,0.759458841788,0.0755715579168
T[C>G]C,0.205563742861,0.170887848789,0.158125956047,0.0347673223657,0.297260606227,0.355725726051,0.102088051366
T[C>G]G,0.0460320491085,0.0205052954311,0.035409268545,0.017122090681,0.146393875323,0.0426844925299,0.00929500566497
T[C>G]T,0.470205345255,0.588052158734,0.361696419427,0.250923144216,2.14539288304,1.22410857532,0.0921854088029
A[C>T]A,2.66204185004,0.353340991724,2.04772450003,0.588964709946,5.03564827004,0.735526146037,2.10503091669
A[C>T]C,2.8089325121,0.604340517325,2.160717317,0.685740862554,5.86308437484,1.25801495443,2.69027269974
A[C>T]G,5.62229497756,0.666584850449,4.32484229043,0.283548397777,2.42433880099,1.38758479073,4.32902813897
A[C>T]T,1.87839960025,0.426387216,1.44492276942,0.431452179508,3.68891613479,0.887581551673,1.7929487051
C[C>T]A,3.82067561843,0.902473917049,2.93898124495,0.675614198212,5.77650139471,1.87861917426,1.17868887409
C[C>T]C,5.69304135125,1.29696308073,4.37926257788,0.929314728378,7.94564092763,2.69980069867,2.70438949816
C[C>T]G,3.67142653236,0.571339074446,2.82417425566,0.232015217438,1.98373010909,1.18931807334,3.49387299752
C[C>T]T,5.88344943428,1.35338998258,4.52573033406,0.711202230178,6.08077906802,2.81726078006,2.29247370124
G[C>T]A,3.15404112908,0.518799969276,2.42618548391,0.474644237159,4.05820822771,1.07995095645,4.68542069845
G[C>T]C,5.43569198561,1.09313901939,4.18130152739,0.699941711608,5.98450163425,2.27551387709,8.27886268226
G[C>T]G,4.25992219961,0.758597552793,3.27686323047,0.228615132313,1.95465938128,1.57912143643,7.76352337822
G[C>T]T,4.50960197659,1.04719174509,3.46892459737,0.44779470956,3.82864476674,2.1798685306,5.48149557037
T[C>T]A,2.71219641155,0.950544332998,2.08630493196,1.7799203032,15.2183185924,1.97868412175,1.33232296291
T[C>T]C,3.33369844788,1.60296382473,2.56438342144,1.25728410839,10.7497791267,3.33678183924,2.46308746376
T[C>T]G,2.67388081885,4.06696941688,2.05683139911,0.444672156523,3.80194693827,8.46593633719,1.38883733412
T[C>T]T,2.47773000807,1.42019324603,1.90594616005,1.25687946975,10.7463194664,2.95632063459,1.82389340878
A[T>A]A,1.74323614248,0.13075961315,1.34095087883,0.157406188579,1.34582291235,0.272193480436,1.29272263587
A[T>A]C,0.638961419865,0.142239655057,0.491508784511,0.0902012843678,0.771220981345,0.296090710527,1.82585125823
A[T>A]G,1.8230133829,0.161558342078,1.40231798685,0.1111219377,0.950092567331,0.336305120243,0.615939929559
A[T>A]T,0.956091551814,0.199541902966,0.735455039857,0.156976084528,1.34214552271,0.415372940868,0.587000465467
C[T>A]A,3.08624720539,0.131288765907,2.37403631184,0.202806479319,1.73399539818,0.273294982093,1.669552082
C[T>A]C,2.1953288357,0.199911894405,1.688714489,0.142753089847,1.22053891819,0.41614312713,0.773309005654
C[T>A]G,5.1019580382,0.322938037266,3.92458310631,0.139728682764,1.19468023763,0.672238363289,1.49321764296
C[T>A]T,2.61317847881,0.21753873896,2.01013729139,0.129497870971,1.1072067968,0.452835742325,0.56989314678
G[T>A]A,1.60957229504,0.122326526084,1.23813253464,0.097017270537,0.829497663091,0.254638891032,0.704964707414
G[T>A]C,0.471078244353,0.0628117601686,0.362367880271,0.0597322126538,0.51071041819,0.130751010963,1.0052583109
G[T>A]G,1.35097342105,0.13646676305,1.03921032388,0.0750023951919,0.641270478891,0.284073670022,0.523089558568
G[T>A]T,0.657984834915,0.0930774051487,0.506142180704,0.109683668424,0.937795365029,0.19375296582,0.412038120355
T[T>A]A,1.36567977535,0.153468767173,1.05052290412,0.134655394954,1.15130362686,0.319465596972,0.660602849636
T[T>A]C,1.16840946519,0.151864115525,0.898776511686,0.106753943672,0.912746218398,0.316125301705,0.530385875838
T[T>A]G,1.83181197225,0.13258822817,1.4090861325,0.0702600320988,0.600723274445,0.27599998517,0.505054589266
T[T>A]T,1.37489525797,0.195189523889,1.0576117369,0.11965360962,1.02303836225,0.406312886463,0.294875224551
A[T>C]A,1.27624875077,0.996002633026,0.981729808284,0.262952746359,2.24824598137,2.07331160344,1.95448901733
A[T>C]C,0.805190597516,0.354303128758,0.619377382705,0.145998481554,1.24828701729,0.737528961904,1.27875194779
A[T>C]G,1.02830519822,0.621575760462,0.791003998633,0.210693978637,1.80143351734,1.29389239933,1.63051333731
A[T>C]T,0.903333104163,0.742287554746,0.694871618587,0.225443499714,1.92754192255,1.54517001192,1.36526321883
C[T>C]A,1.06341383324,0.204424724496,0.818010640957,0.0815529005523,0.697277299722,0.425537181604,1.33398059623
C[T>C]C,2.47636525747,0.304239201638,1.9048963519,0.125170525962,1.07020799698,0.633314256472,0.932819129504
C[T>C]G,2.01059431115,0.338158088314,1.54661100858,0.107325642006,0.91763423915,0.70392091853,1.5081803456
C[T>C]T,3.10695026066,0.390814163878,2.38996173897,0.177329713324,1.51616904892,0.813531524807,1.39181393502
G[T>C]A,0.612647829445,0.384714444368,0.471267561111,0.111134764894,0.950202239847,0.800834149501,8.28008317566
G[T>C]C,0.910134659921,0.35395284367,0.700103584555,0.11889815861,1.01657925612,0.736799797027,4.99106075536
G[T>C]G,0.724735097904,0.341795691254,0.557488536849,0.133767753731,1.1437142944,0.711493071589,5.35175718806
G[T>C]T,0.886737683452,0.531156119159,0.682105910348,0.167634175092,1.43327219704,1.10567192151,5.94701917465
T[T>C]A,0.726129211497,0.457581331751,0.55856093192,0.0938508306862,0.802424602367,0.952516241604,2.36758286992
T[T>C]C,1.33565888115,0.417291220255,1.02742990858,0.151741695332,1.29739149509,0.868647029919,2.15947454843
T[T>C]G,0.959109888404,0.333303277598,0.737776837234,0.103912820629,0.888454616379,0.69381498602,1.59346230446
T[T>C]T,0.886026618604,0.426907876846,0.681558937388,0.0991037017653,0.847336650094,0.888665376291,1.7662623194
A[T>G]A,0.323983506341,0.06701588088,0.249218081801,0.0580433679026,0.496270795567,0.139502445913,0.143974208629
A[T>G]C,0.659909183801,0.113046989751,0.507622449078,0.0342382620981,0.292737140939,0.235322305197,0.290771417686
A[T>G]G,0.41985874278,0.134455468789,0.322968263677,0.0779670946754,0.666618659475,0.279886894214,0.179998017492
A[T>G]T,3.14863911737,0.313115887085,2.42203009028,0.11533317094,0.986098611534,0.651792254749,0.479586059986
C[T>G]A,0.320902569192,0.0481178412007,0.246848130148,0.0372317170563,0.318331180831,0.100163669438,0.0954536153021
C[T>G]C,1.52476517512,0.131694071005,1.17289628855,0.0778905788656,0.665964449301,0.274138678418,0.192721125035
C[T>G]G,1.04670297167,0.184745814493,0.805156132056,0.0971246028524,0.830415354388,0.384572919966,0.143679503701
C[T>G]T,9.89046927596,0.535929338946,7.6080532892,0.29337879458,2.50838869366,1.11560801168,0.747354669293
G[T>G]A,0.0365697268704,0.00821667679545,0.0281305591311,0.0224805386977,0.192208605865,0.0171041027171,0.0312054436799
G[T>G]C,0.272043484389,0.0678089608819,0.20926421876,0.0284581336111,0.243317042375,0.141153347142,0.160225677272
G[T>G]G,0.478862127097,0.0921974222907,0.368355482383,0.054008061801,0.461768928399,0.191921164768,0.203617591394
G[T>G]T,2.5990406198,0.164918974979,1.99926201523,0.108267142358,0.925684067159,0.343300723427,0.63097026075
T[T>G]A,0.45154447619,0.166716577743,0.347341904762,0.079760266897,0.681950281969,0.347042672037,0.210304228057
T[T>G]C,1.10592592976,0.237854196728,0.85071225366,0.0649451296705,0.555280858683,0.495125062577,0.204967686322
T[T>G]G,0.672098510095,0.116115985874,0.51699885392,0.0870245534116,0.744059931669,0.241710827737,0.112551580582
T[T>G]T,7.40283516538,1.29493815222,5.69448858875,0.144626186451,1.23655389416,2.69558554136,0.398249998005
