,1,3,2,5,4,7,6
A[C>A]A,1.22817317166,0.870579565911,1.03976024192,1.33528401244,1.37859052095,1.0150382563,0.557275905418
A[C>A]C,1.02002195872,0.667247867951,0.863541317329,0.804562135528,0.830656042626,0.928951372379,0.510012518169
A[C>A]G,0.555887186373,0.165868315596,0.470609038464,0.221853349749,0.229048593525,0.184091368082,0.101069770712
A[C>A]T,1.00782326597,0.627034048784,0.853214014942,0.861925402826,0.889879740215,2.05449433399,1.12795767357
C[C>A]A,1.59746469503,0.969896481421,1.3523990884,2.86653354144,2.95950219684,1.26035380729,0.691958953023
C[C>A]C,1.98207025205,0.806290514855,1.67800265657,2.48329804376,2.56383743978,1.16912243181,0.641871139031
C[C>A]G,0.31841727817,0.149852638799,0.269569172996,1.14313911254,1.18021389456,0.249133167763,0.136778994066
C[C>A]T,2.44321386759,0.916107142012,2.06840264927,6.18258794809,6.38310431397,6.29141376624,3.45410951872
G[C>A]A,1.44656557864,0.725527082362,1.22464926828,2.44503923054,2.52433780018,0.922418377239,0.506425775739
G[C>A]C,1.44684176861,0.782247903811,1.2248830882,1.77516255035,1.83273538982,1.41496744985,0.776844874426
G[C>A]G,0.692733369977,0.211701741362,0.586461773446,0.638930345922,0.659652411195,0.303416224576,0.16658145663
G[C>A]T,1.35300683593,0.632049494111,1.14544328724,2.5695751612,2.652912734,3.98135325506,2.18584100278
T[C>A]A,1.85756171938,0.935322483213,1.5725948647,1.52303366833,1.57242935487,1.62471889793,0.892002532198
T[C>A]C,2.01887133478,0.880584233436,1.70915811865,1.40989521892,1.45562155035,1.77957051343,0.977019105413
T[C>A]G,0.416069136058,0.174067469705,0.35224034814,0.367976244254,0.379910608933,0.240601908444,0.13209516542
T[C>A]T,3.34281153928,2.48022786985,2.82999385996,2.99914291707,3.09641241708,4.72382175432,2.59347076708
A[C>G]A,0.405748674934,0.401162572785,0.343503139575,0.31879574641,0.329135067916,0.497914903828,0.273365045239
A[C>G]C,0.250903655185,0.219586011828,0.212412753537,0.298172651512,0.307843115886,0.283098973336,0.155426887322
A[C>G]G,0.149846224665,0.0637299700622,0.126858451563,0.0411503713966,0.0424849780365,0.0601938678134,0.0330476137015
A[C>G]T,0.308874291084,0.408051602173,0.261490166884,0.359663495074,0.371328257077,0.497709168509,0.273252092515
C[C>G]A,0.434962583158,0.331229776473,0.368235368696,0.203234492824,0.20982588178,0.298834324418,0.164065903602
C[C>G]C,0.362759062093,0.291713379854,0.307108524158,0.240376786782,0.248172790678,0.338115843674,0.1856322279
C[C>G]G,0.250939322599,0.103607811195,0.212442949246,0.0887401228342,0.091618180872,0.065971603845,0.0362197040718
C[C>G]T,0.438737268916,0.39545357093,0.371430983344,0.249751863825,0.257851924274,0.355512557286,0.195183364785
G[C>G]A,0.360110968049,0.23151294574,0.304866671815,0.204018050816,0.210634852464,0.22088843334,0.12127208105
G[C>G]C,0.434641462338,0.226593693868,0.36796351073,0.514685152932,0.531377644378,0.254182669743,0.139551269663
G[C>G]G,0.199621869831,0.0459857585188,0.168998060254,0.0494015852959,0.0510037988731,0.0488731593308,0.0268323227698
G[C>G]T,0.290962337285,0.286969176027,0.246326069633,0.241112374973,0.248932235783,0.254345536433,0.139640686669
T[C>G]A,2.72829816478,0.362679732577,2.30975242359,0.248234029394,0.256284862779,1.67399159565,0.919054209374
T[C>G]C,1.00041796348,0.368337937872,0.846944753171,0.284249115643,0.29346800588,0.264957170575,0.145466681885
T[C>G]G,0.209713840665,0.0414200973745,0.177541831018,0.0396751855294,0.0409619483033,0.10187338905,0.0559304881061
T[C>G]T,3.45324968525,0.745287763912,2.92348979035,0.380505660719,0.392846384851,3.09149938678,1.69729378098
A[C>T]A,1.86989211047,1.04082692993,1.58303366171,2.4433756924,2.52262030945,2.62241117366,1.43975515417
A[C>T]C,3.2644630749,0.688652726108,2.76366476227,2.30895667862,2.38384176009,2.19751530927,1.20647899332
A[C>T]G,1.52605145119,1.04683443534,1.29194128538,4.32583121201,4.46612844051,3.69489737329,2.0285711069
A[C>T]T,1.60396994002,0.755378675389,1.35790636967,1.690932951,1.74577401968,2.2845347151,1.25425435339
C[C>T]A,6.4252597892,1.28153098066,5.43956652609,1.52301793541,1.57241311169,2.05694697987,1.12930422424
C[C>T]C,8.46989684203,1.00237297305,7.1705376674,2.51718184437,2.59882017446,2.28152572322,1.25260235785
C[C>T]G,2.44311851493,0.737084749744,2.06832192457,4.95820844798,5.11901520845,2.58723879549,1.4204448289
C[C>T]T,7.060192762,1.44428243639,5.97709500874,1.79269174528,1.85083309918,3.24078428535,1.77925411745
G[C>T]A,2.04160280286,0.993347395387,1.72840237288,4.62748388566,4.77756444411,3.84994213784,2.11369372274
G[C>T]C,4.64045893411,1.19050791289,3.92857034763,7.26613116901,7.50178947719,4.43972153327,2.43749417513
G[C>T]G,1.74541139888,0.916279045895,1.47764942291,2.75977813208,2.84928444987,5.13785489913,2.82078308187
G[C>T]T,3.33135085239,1.1725383597,2.82029134663,4.77703423816,4.93196507831,4.40431721438,2.41805650986
T[C>T]A,9.40693819233,1.54880837066,7.96382835601,2.04558705997,2.11193042408,18.0113266202,9.88857147778
T[C>T]C,16.5550520775,1.15871556291,14.0153565883,2.66446410306,2.75087915506,5.62592255405,3.08874179438
T[C>T]G,6.78227111806,1.57581716309,5.74180907154,2.66600892963,2.7524740841,3.42347834461,1.87955673822
T[C>T]T,6.64320545753,1.35519877407,5.62407734756,1.88795182134,1.94918269122,11.1142509163,6.10194167953
A[T>A]A,0.483200608179,2.10513671591,0.409073242152,1.41869532933,1.46470706974,0.549704854258,0.301798743514
A[T>A]C,0.655236202534,0.495033330955,0.554717012373,2.49240742484,2.57324226024,0.768893803618,0.422137774535
A[T>A]G,0.504726010675,0.727646024572,0.427296452219,0.470177351737,0.485426346928,0.553102812365,0.303664289141
A[T>A]T,0.64319181094,0.567869559152,0.544520339943,1.154593455,1.19203972922,0.752454875952,0.413112480915
C[T>A]A,0.41006405682,4.13055102852,0.347156502649,1.33015788251,1.37329813816,0.371255013776,0.203826282073
C[T>A]C,0.916469274738,0.835257530032,0.775874556454,0.886459962241,0.91521001507,0.655319181951,0.359783080287
C[T>A]G,1.33228753924,1.80754791843,1.12790251901,0.869628507506,0.897832675318,0.633105040992,0.347587081329
C[T>A]T,1.23576364654,0.901143881781,1.04618626895,0.66513249108,0.686704355656,0.776071335419,0.42607838023
G[T>A]A,0.312118670863,1.63898546182,0.264236829311,0.646390609171,0.667354628928,0.348036782399,0.191079017788
G[T>A]C,0.442315102651,0.288590946574,0.374459944858,1.3876629693,1.43266825479,0.501424300677,0.275291772921
G[T>A]G,0.603813671982,0.595423947266,0.511183165485,0.574615167211,0.593251334796,0.38421126318,0.21093951704
G[T>A]T,0.434292971838,0.364711448362,0.367668481841,0.667446916588,0.689093843613,0.498229489813,0.273537759113
T[T>A]A,0.408883902908,1.15217954552,0.346157395075,0.838743159447,0.865945640294,0.605660652761,0.332519574065
T[T>A]C,0.542078211158,0.555049459521,0.458918485583,0.631496556926,0.651977526339,0.490196210154,0.269127331065
T[T>A]G,0.412753243329,0.680840644328,0.349433143501,0.347713554753,0.358990751123,0.446490185454,0.245131866524
T[T>A]T,0.649189044513,0.646205405631,0.549597543366,0.611891982367,0.631737127741,0.77511338687,0.425552447693
A[T>C]A,1.92367394046,2.16803598755,1.62856487005,3.68615459441,3.80570555422,1.76023742061,0.966404858376
A[T>C]C,1.18517853675,0.886420310043,1.00336137486,2.57600849368,2.6595547151,0.940788574465,0.516511374216
A[T>C]G,1.93277341334,1.59387561951,1.63626840106,4.92356565407,5.08324886448,1.44913092508,0.795601292198
A[T>C]T,1.40250490571,1.55970149897,1.18734790313,2.57513338197,2.65865122139,1.57573968874,0.865111985974
C[T>C]A,1.51667112245,0.961326843094,1.28399998435,2.92227240146,3.01704880367,0.870690858959,0.478026353938
C[T>C]C,1.82269535462,0.968036433483,1.54307731727,2.31509770872,2.39018195873,0.990735469409,0.543933198891
C[T>C]G,2.43033261014,1.18276171058,2.05749749381,5.78745205471,5.97515320243,1.00136837665,0.549770873454
C[T>C]T,3.30450897339,1.01808553463,2.79756725588,2.56981494058,2.65316029,1.32922897333,0.729772769674
G[T>C]A,3.0225710098,1.71085523862,2.55888113898,11.4051968957,11.7750951734,2.611090048,1.4335396342
G[T>C]C,1.65036211812,0.866933343548,1.39718156591,5.82746807628,6.01646704091,1.77932170085,0.976882502427
G[T>C]G,1.74813176923,1.04456001686,1.47995246372,8.25154323403,8.51916085243,1.93926988761,1.0646971932
G[T>C]T,2.4672311879,1.25694501589,2.0887354943,8.04031165581,8.30107852032,2.29486955868,1.25992838516
T[T>C]A,1.1672809934,1.09448167038,0.98820947737,3.66158623636,3.78034038457,1.15733602943,0.635400173021
T[T>C]C,1.71781570557,1.03609220105,1.45428715983,3.59375016588,3.71030422531,1.16793186733,0.641217495792
T[T>C]G,1.08058077525,0.75551733785,0.914809860864,3.25430955218,3.35985472684,0.89667039627,0.492289629325
T[T>C]T,1.25437408356,0.951396612342,1.06194169574,2.98902710522,3.08596852485,1.24678365352,0.684508672521
A[T>G]A,0.264713554938,0.241177068671,0.224104089124,0.443034894403,0.457403593681,0.378367073994,0.207730942585
A[T>G]C,0.315807117997,0.125062704578,0.267359435123,0.435809732577,0.449944102282,0.240210746563,0.131880409878
A[T>G]G,0.332222909988,0.251053011845,0.281256895387,0.356572304291,0.368136811457,0.3101896261,0.170300186878
A[T>G]T,1.42694951571,0.343897429029,1.20804248773,0.998279082826,1.03065570173,0.624356688508,0.342784064279
C[T>G]A,0.22084367965,0.119033842325,0.186964251522,0.304965647804,0.314856425571,0.229615847046,0.1260636023
C[T>G]C,0.880573602601,0.280617589026,0.745485606748,0.810094604352,0.836367942871,0.292601615498,0.160644024195
C[T>G]G,0.853797182223,0.392321893264,0.722816932678,1.15832779466,1.19589518259,0.401643059151,0.220509914828
C[T>G]T,6.96195997576,0.704425916327,5.89393202493,1.872619367,1.93335296809,1.48937071585,0.817693726351
G[T>G]A,0.0742035351932,0.0686592341045,0.062820038317,0.122897977881,0.126883858244,0.108703297844,0.0596802419537
G[T>G]C,0.300037237694,0.115420466866,0.25400879782,0.220402635421,0.227550829002,0.131028221184,0.0719370626109
G[T>G]G,0.349715220432,0.286979258873,0.296065726389,0.489965605746,0.505856382149,0.3600855928,0.197694050949
G[T>G]T,1.95160458537,0.332330270369,1.65221070011,0.956498881576,0.987520466924,0.578269467982,0.317481276539
T[T>G]A,0.425600131928,0.354866430074,0.360309202598,0.614939610644,0.634883598016,0.53879903729,0.295811236159
T[T>G]C,0.617949455307,0.267576596819,0.523150391141,0.507804657734,0.524273997985,0.332509982552,0.182554500224
T[T>G]G,0.474933007785,0.303513340703,0.402073966818,0.330905857831,0.341637939707,0.310997977068,0.17074398741
T[T>G]T,3.11956316804,0.839763578731,2.6409938184,2.36063445933,2.43719557693,1.12869038846,0.619673154448
