,1,3,2,5,4,7,6
A[C>A]A,1.47131485636,0.890334118205,0.324443788838,0.414986241536,0.731884825982,0.845062891856,0.875243709422
A[C>A]C,0.924822287361,0.559636050814,0.203935171059,0.26084731182,0.460039804482,0.531179980433,0.55015069402
A[C>A]G,0.219682536873,0.132936099236,0.0484428158232,0.0619617411692,0.10927797988,0.126176636563,0.130682945011
A[C>A]T,1.00392803963,0.607505172699,0.221379003611,0.283159190665,0.499389845354,0.576615079172,0.597208474857
C[C>A]A,2.01832418383,1.22134489073,0.445066358485,0.569270923644,1.0039869017,1.15924260815,1.20064412987
C[C>A]C,1.42695073387,0.863488136393,0.314660931058,0.402473283912,0.709816518899,0.819581959966,0.848852744251
C[C>A]G,0.363127871271,0.219738916974,0.0800743511008,0.102420681641,0.18063283853,0.208565751704,0.216014528551
C[C>A]T,2.19997933418,1.33126954581,0.485123648049,0.620506991691,1.09434869444,1.26357787399,1.3087056552
G[C>A]A,2.00624578683,1.21403591203,0.442402917096,0.565864196286,0.997978673449,1.15230527244,1.19345903217
G[C>A]C,1.13832239103,0.688830985339,0.251014681098,0.321065289777,0.566242420152,0.653805681,0.677155883893
G[C>A]G,0.328207689255,0.198607729908,0.0723740032715,0.0925713995334,0.16326228645,0.188509031777,0.195241497198
G[C>A]T,1.77884628932,1.07643006226,0.392258412518,0.501725876476,0.88486200033,1.02169633028,1.05818548493
T[C>A]A,3.19573982822,1.93383230631,0.704701603147,0.901362515653,1.58967570942,1.83550185006,1.90105548756
T[C>A]C,1.93929411358,1.17352156617,0.42763921479,0.546980391011,0.964674507783,1.11385097806,1.15363137013
T[C>A]G,0.382089295975,0.231213009872,0.0842555883432,0.107768775788,0.190064931844,0.21945641615,0.227294145298
T[C>A]T,3.5046753456,2.12077790144,0.772825845441,0.988498174401,1.74335132576,2.01294173696,2.08483251328
A[C>G]A,0.559120491808,0.338339579658,0.123293236655,0.157700651536,0.278126603617,0.321135872218,0.332605010511
A[C>G]C,0.265090363926,0.160413656119,0.0584558238402,0.0747690770048,0.131865463081,0.152257029537,0.157694780592
A[C>G]G,0.0639836423556,0.0387183066562,0.0141092134425,0.0180466683567,0.0318277605564,0.0367495791991,0.0380620641705
A[C>G]T,0.55996955196,0.338853369904,0.123480465304,0.15794013004,0.278548956616,0.321623537536,0.333110092448
C[C>G]A,0.420162417006,0.254252129265,0.0926511996474,0.118507348386,0.209003868972,0.241324054896,0.249942771142
C[C>G]C,0.357335258483,0.216233643595,0.0787970057169,0.100786867777,0.177751384989,0.205238712565,0.212568666585
C[C>G]G,0.171854750142,0.103994156496,0.0378961756723,0.0484718526042,0.0854867218655,0.0987063180303,0.102231543674
C[C>G]T,0.574855824934,0.34786147355,0.126763079344,0.162138822417,0.285953923172,0.330173602013,0.341965516371
G[C>G]A,0.233853734849,0.141511490832,0.051567746659,0.0659587457266,0.116327242463,0.134315991298,0.139112990987
G[C>G]C,0.299926746936,0.181494134043,0.0661376929141,0.0845947234948,0.149194330527,0.172265618753,0.17841796228
G[C>G]G,0.0723920378906,0.0438064639543,0.0159633724579,0.0204182670974,0.0360103983353,0.0415790166346,0.0430639815144
G[C>G]T,0.356272831637,0.215590739144,0.0785627269763,0.100487208923,0.177222895737,0.204628498171,0.21193665882
T[C>G]A,7.9366432604,4.80268669091,1.75013159075,2.23854040678,3.94797126286,4.55848228289,4.72128522157
T[C>G]C,2.12047478089,1.28315909818,0.46759187476,0.598082630507,1.05480027562,1.21791372031,1.26141063889
T[C>G]G,0.337874271272,0.204457251334,0.0745056085369,0.0952978713845,0.168070791351,0.19406111991,0.200991874193
T[C>G]T,9.72149042267,5.88274805064,2.14371327269,2.74195883716,4.83581831281,5.5836252684,5.78304045656
A[C>T]A,1.6905307099,1.0229878142,0.372783695004,0.476816354074,0.840930660822,0.970971484661,1.00564903768
A[C>T]C,2.545077931,1.5400984403,0.561222312989,0.717842493358,1.26601312465,1.46178835011,1.5139950769
A[C>T]G,2.06168173791,1.24758176961,0.454627255027,0.58149997736,1.02555450553,1.18414540844,1.22643631589
A[C>T]T,1.7885864163,1.08232408781,0.39440623539,0.504473091778,0.889707089136,1.02729065962,1.06397961175
C[C>T]A,4.12062481227,2.49350629665,0.908650599628,1.16222751115,2.04974670149,2.36671784089,2.45124347807
C[C>T]C,6.09644863271,3.68913301877,1.34434508311,1.71951115282,3.03259239678,3.50154998391,3.62660534048
C[C>T]G,2.34596347034,1.4196086641,0.517315021665,0.661682004455,1.16696644422,1.34742517271,1.39554750031
C[C>T]T,5.66884751407,3.43037952134,1.25005355439,1.5989057091,2.81988825059,3.25595344398,3.37223749555
G[C>T]A,2.18139870176,1.32002588107,0.481026380389,0.615266300497,1.08510602088,1.25290592101,1.29765256105
G[C>T]C,4.23397301908,2.56209649359,0.933645332412,1.1941975182,2.10613016846,2.4318204007,2.5186711293
G[C>T]G,1.85057933844,1.11983775352,0.408076469503,0.521958274946,0.920544593995,1.0628968508,1.10085745261
G[C>T]T,3.68866755987,2.23211677982,0.813398487561,1.04039341432,1.83487565799,2.11861931644,2.19428429203
T[C>T]A,8.63387635611,5.22460210267,1.90388042724,2.43519589531,4.29480003355,4.95894436864,5.13604952466
T[C>T]C,9.84724837448,5.9588477343,2.17144451335,2.7774290287,4.89837483243,5.65585547663,5.85785031508
T[C>T]G,3.33682266728,2.01920551148,0.735812177913,0.941155111284,1.65985537808,1.9165340448,1.98498168925
T[C>T]T,5.54034940128,3.35262168898,1.2217180731,1.56266265164,2.75596867653,3.18214939971,3.29579759255
A[T>A]A,3.5794490031,2.1660255506,0.789314395556,1.00958818036,1.78054642718,2.05588865819,2.12931325313
A[T>A]C,1.20362449668,0.728347131326,0.265414632602,0.339483832398,0.598726031683,0.691312531428,0.716002264694
A[T>A]G,3.05715294955,1.84996947716,0.674141419643,0.862273908846,1.52073762106,1.75590323256,1.81861406229
A[T>A]T,1.40940733741,0.852872132379,0.310792387223,0.397525146448,0.701089803735,0.809505752766,0.838416672508
C[T>A]A,6.07688362899,3.67729368319,1.34003074896,1.71399281843,3.0228600616,3.49031264845,3.61496667161
C[T>A]C,2.55023518859,1.54321924233,0.562359554407,0.719297104475,1.26857852971,1.46475046729,1.51706298398
C[T>A]G,8.68495070385,5.25550863105,1.91514297572,2.44960148057,4.32020624756,4.98827937862,5.16643221357
C[T>A]T,2.88880020978,1.74809448592,0.637017482156,0.814789802758,1.43699292486,1.65920832562,1.71846576582
G[T>A]A,3.12994155322,1.89401591425,0.69019223994,0.88280402783,1.55694528545,1.79771002031,1.86191394961
G[T>A]C,0.742539960179,0.449331873339,0.163739580962,0.209434347743,0.369366031473,0.426484489949,0.441716078875
G[T>A]G,2.28377079704,1.38197412334,0.503600739861,0.644140481218,1.13602957597,1.31170425266,1.35855083311
G[T>A]T,0.802066951973,0.48535333504,0.17686604582,0.226224012095,0.398976894058,0.460674351902,0.477127007327
T[T>A]A,2.76850616525,1.67530116667,0.610491103107,0.780860713276,1.37715434887,1.59011636158,1.64690623164
T[T>A]C,1.35206045592,0.818169916913,0.298146664638,0.381350385002,0.672563406276,0.776568056731,0.804302630186
T[T>A]G,3.20276638845,1.93808427609,0.706251049761,0.903344365973,1.59317097272,1.83953761798,1.90523539005
T[T>A]T,1.6830666566,1.01847110502,0.371137775558,0.474711108272,0.837217772771,0.966684438663,1.0012088829
A[T>C]A,2.53356598845,1.53313223916,0.558683782068,0.714595535203,1.26028667118,1.45517636259,1.50714694697
A[T>C]C,0.855151738332,0.517476436529,0.188571921786,0.241196644145,0.425383172401,0.491164075349,0.508705649469
A[T>C]G,1.66929277227,1.01013613912,0.368100457475,0.470826166538,0.830366148258,0.958773284587,0.993015187608
A[T>C]T,1.74193843968,1.05409608145,0.384119758494,0.491315970167,0.866502711022,1.00049797561,1.03623004617
C[T>C]A,1.19662915514,0.724114052851,0.263872070107,0.337510787346,0.595246297683,0.687294694231,0.711840933311
C[T>C]C,0.898803960975,0.543891627667,0.198197796523,0.253508809506,0.447097354946,0.516236121175,0.534673125503
C[T>C]G,1.22192927975,0.739423871846,0.269451071944,0.344646719928,0.607831487874,0.701826047854,0.726891263849
C[T>C]T,1.55611455767,0.941648809258,0.343143210153,0.43890410601,0.774067241508,0.893768361329,0.925688659948
G[T>C]A,2.72530215909,1.64915720396,0.60096406585,0.768674967948,1.35566312529,1.56530175291,1.62120538694
G[T>C]C,1.43029114842,0.865509515454,0.315397535293,0.403415452118,0.711478161009,0.821500557041,0.85083986265
G[T>C]G,1.91410298461,1.15827770351,0.422084247889,0.539875200788,0.952143535935,1.09938222706,1.13864587803
G[T>C]T,2.40345550611,1.45439871652,0.52999275263,0.677897706852,1.19556504663,1.38044623941,1.42974789082
T[T>C]A,1.51224150243,0.915099986088,0.333468638998,0.426529654533,0.752243208903,0.868569478321,0.899589816832
T[T>C]C,1.167232201,0.706325126756,0.257389664835,0.329219338742,0.580623197418,0.670410289803,0.694353514438
T[T>C]G,1.00041287113,0.605378045095,0.220603863891,0.282167732883,0.497641274358,0.574596110599,0.595117400263
T[T>C]T,1.50723233136,0.912068795386,0.332364052556,0.425116811409,0.749751467394,0.86569241596,0.896610002244
A[T>G]A,0.966185892009,0.584666334652,0.213056376187,0.272513969541,0.480615546282,0.554937537975,0.574756735759
A[T>G]C,0.228114363309,0.138038435233,0.0503021416527,0.0643399486255,0.11347227303,0.131019531746,0.135698800737
A[T>G]G,0.335345194176,0.20292683545,0.0739479146132,0.0945845419471,0.166812737616,0.192608521783,0.199487397561
A[T>G]T,0.613087890982,0.370996775056,0.135193740063,0.172922225662,0.304971925258,0.352132532256,0.364708694123
C[T>G]A,0.578539465863,0.350090548574,0.127575369395,0.163177798064,0.287786298404,0.332289334239,0.344156810462
C[T>G]C,0.340008965877,0.205749015248,0.0749763360651,0.0958999647344,0.169132665077,0.195287200914,0.202261743803
C[T>G]G,0.698695422372,0.422800306871,0.154071298267,0.197067939643,0.347556184462,0.401301986183,0.415634199975
C[T>G]T,1.64592481608,0.995995529728,0.362947523545,0.464235204534,0.818742087997,0.945351689234,0.979114249563
G[T>G]A,0.208295308391,0.126045366103,0.0459317859529,0.058749958777,0.103613563661,0.119636279691,0.123909003966
G[T>G]C,0.0493041547557,0.0298353346727,0.0108721982282,0.0139063000593,0.0245256564682,0.0283182837571,0.0293296510342
G[T>G]G,0.510539783458,0.308942022811,0.112580567634,0.143998400463,0.253960815361,0.293233106397,0.303705717339
G[T>G]T,0.626392332639,0.379047667956,0.138127540018,0.176674760488,0.311590032133,0.359774057721,0.372623131211
T[T>G]A,1.41106703477,0.853876462067,0.31115837177,0.397993266218,0.701915396784,0.810459014844,0.83940397966
T[T>G]C,0.377320605498,0.228327340763,0.083204030956,0.106423760525,0.187692814017,0.216717475978,0.224457385835
T[T>G]G,0.481616781438,0.291439898511,0.106202674881,0.135840630662,0.239573475895,0.276620920621,0.286500239214
T[T>G]T,1.59711533216,0.966459534332,0.352184406579,0.450468427019,0.794462498561,0.917317524112,0.950078864258
