,1,3,2,5,4,7,6
A[C>A]A,1.06101659174,0.897783269936,1.38748323536,0.861509198424,1.25145546718,3.28729219763,1.27866102082
A[C>A]C,0.884061512739,0.748052049241,1.15608043974,0.717827724019,1.04273922015,1.68097673998,1.06540746407
A[C>A]G,0.241891068333,0.20467705782,0.316319089358,0.196407277706,0.285307413931,0.437983914126,0.291509749016
A[C>A]T,0.883950770474,0.747958344247,1.15593562293,0.717737805086,1.04260860107,1.53536988634,1.06527400544
C[C>A]A,1.40850928304,1.19181554719,1.84189675474,1.14366138366,1.66131864153,4.20365092782,1.69743426417
C[C>A]C,0.9547613463,0.807874985331,1.24853406824,0.775233571782,1.12612876743,1.81174954473,1.15060982759
C[C>A]G,0.291961420909,0.247044279231,0.381795704265,0.237062692191,0.344364752867,0.834030876752,0.351850943147
C[C>A]T,1.41828970693,1.20009129048,1.85468653983,1.15160275349,1.67285452612,2.87267051366,1.70922092886
G[C>A]A,1.12305265155,0.950275320543,1.46860731357,0.911880358097,1.32462620439,5.075954663,1.35342242623
G[C>A]C,1.43075353457,1.21063760617,1.87098539136,1.16172295542,1.68755545103,1.99190647761,1.72424143909
G[C>A]G,0.397515742231,0.336359474195,0.519828278302,0.32276919241,0.468864721606,0.701443546668,0.479057432945
G[C>A]T,1.53732927894,1.30081708218,2.01035367246,1.24825881624,1.81326017516,3.17109942162,1.85267887462
T[C>A]A,1.16135853868,0.982687994272,1.51869962751,0.942983428847,1.36980750717,3.43737289905,1.39958593124
T[C>A]C,1.24426079888,1.05283606059,1.62711027545,1.01029722986,1.46758966021,2.72372028608,1.49949378326
T[C>A]G,0.262535605058,0.222145511973,0.34331579123,0.213169935731,0.309657380325,0.854234640296,0.316389062506
T[C>A]T,3.6316440685,3.07292959643,4.74907301266,2.94877082485,4.28347761926,6.86652054336,4.37659669794
A[C>G]A,0.744440082072,0.629910838676,0.973498568863,0.604459895699,0.8780575327,0.571787620155,0.897145739933
A[C>G]C,0.358785729715,0.303587925143,0.469181338858,0.291321746349,0.423183168381,0.377213904683,0.432382802477
A[C>G]G,0.133646322772,0.113085350038,0.17476826824,0.108516244986,0.157634124295,0.115954640005,0.161060953084
A[C>G]T,0.612004774508,0.517850193814,0.800313935895,0.49692695366,0.721851785317,0.747777490713,0.737544215433
C[C>G]A,0.571012281613,0.483164238288,0.746708368264,0.463642450883,0.673501665493,0.396238214244,0.688143006047
C[C>G]C,0.467702606231,0.395748359119,0.611611100456,0.379758526427,0.551649227862,0.513509465795,0.563641602381
C[C>G]G,0.135460568751,0.114620481251,0.177140743752,0.109989350696,0.159774004168,0.360546733584,0.163247352085
C[C>G]T,0.638183827905,0.540001700535,0.834548082645,0.518183450008,0.75272964317,0.779554777493,0.769093331065
G[C>G]A,0.401703190445,0.339902699607,0.52530417212,0.326169257199,0.473803763089,0.295733388541,0.484103844895
G[C>G]C,0.323212425014,0.27348743655,0.422662401941,0.262437439114,0.381224911555,0.363628518201,0.389512409632
G[C>G]G,0.0893329865404,0.0755894501496,0.116820059322,0.0725353309516,0.10536711233,0.0524147710457,0.107657701728
G[C>G]T,0.493967040816,0.41797211146,0.645956899529,0.401084349381,0.582627791732,0.358114913869,0.595293613292
T[C>G]A,0.740436798766,0.62652344511,0.968263506079,0.60120936652,0.873335711366,0.481861245849,0.892321270308
T[C>G]C,0.565100857474,0.478162264016,0.738978044389,0.458842576581,0.666529216508,0.752495033172,0.681018982084
T[C>G]G,0.109937692128,0.0930242010315,0.143764674321,0.0892656474545,0.129670098408,0.0750932649876,0.13248901359
T[C>G]T,1.37557637045,1.16394923653,1.79883063828,1.11692098455,1.62247469335,1.28983886327,1.65774588233
A[C>T]A,1.47209020231,1.24561478657,1.92504103379,1.19528691641,1.73631152067,1.7072214106,1.7740574233
A[C>T]C,1.29727943278,1.09769798159,1.69644233518,1.05334654799,1.53012445918,1.39733108401,1.56338803438
A[C>T]G,1.40243658918,1.18667711392,1.83395553969,1.13873056386,1.65415597698,3.68792718156,1.69011588952
A[C>T]T,0.956770384296,0.809574940558,1.25116127177,0.776864841949,1.12849840199,1.43831597704,1.15303097595
C[C>T]A,1.63634955449,1.38460346918,2.1398417251,1.32865989467,1.93005332068,2.42660419228,1.97201100156
C[C>T]C,1.41255680942,1.19524037721,1.84718967386,1.14694783671,1.66609264701,1.95236509684,1.70231205238
C[C>T]G,1.10835679752,0.937840367129,1.44938965829,0.899947827043,1.30729263297,2.66975679517,1.33571203803
C[C>T]T,1.54930729724,1.31095232844,2.02601723486,1.25798455759,1.82738809418,2.31165071862,1.86711392232
G[C>T]A,1.80494311406,1.52725955805,2.36031022608,1.46555210116,2.12890726274,1.82322005565,2.17518785541
G[C>T]C,3.0592897868,2.5886298196,4.00060972121,2.48403871578,3.60839308187,2.39678239792,3.68683640974
G[C>T]G,3.48006061322,2.94466667272,4.55084849421,2.8256902415,4.10468687713,2.7433063951,4.19391920054
G[C>T]T,2.18796550376,1.85135542625,2.86118565876,1.77655318681,2.58067726084,2.01640859465,2.63677894042
T[C>T]A,3.81727343781,3.23000060122,4.99181911098,3.09949552643,4.50242508049,2.11477440513,4.60030388659
T[C>T]C,2.35574803894,1.99332526372,3.08059358938,1.91278686922,2.77857461003,1.95774366185,2.8389784059
T[C>T]G,2.58032902386,2.18335532788,3.37427641582,2.095138951,3.0434650025,3.29434359998,3.10962728517
T[C>T]T,2.92129456232,2.47186462966,3.82015442765,2.37199131129,3.44562948376,2.09385561461,3.52053447254
A[T>A]A,1.93793372685,1.63979007657,2.53422102742,1.57353593206,2.28576798552,1.94507995901,2.3354585939
A[T>A]C,0.727076349633,0.615218449689,0.95079214952,0.590361138591,0.8575772329,1.32636434349,0.876220216224
A[T>A]G,1.96146273251,1.6596992352,2.56498972713,1.59264068024,2.31352014604,2.3429637203,2.36381406226
A[T>A]T,0.912872228251,0.772430346981,1.19375599079,0.741221040033,1.07672108973,1.23815496872,1.10012806994
C[T>A]A,3.22304854966,2.72719492663,4.21475579571,2.61700523263,3.80154444319,2.49149157295,3.88418671369
C[T>A]C,2.00282638525,1.69469924905,2.61908065763,1.62622655212,2.36230804414,2.24584389795,2.41366256683
C[T>A]G,6.2354905871,5.27618434293,8.15410307544,5.06300517756,7.3546812053,6.07693514032,7.51456557933
C[T>A]T,2.73305743662,2.31258706176,3.57399818635,2.21914920068,3.2236062073,2.25145082129,3.29368460311
G[T>A]A,2.02945480079,1.71723098528,2.6539024318,1.64784791517,2.39371591888,1.61910970262,2.44575322146
G[T>A]C,0.545859430028,0.461881056177,0.713816177728,0.443219195321,0.64383419952,0.755059477222,0.657830595161
G[T>A]G,1.91323261935,1.61888913945,2.50191957915,1.55347947725,2.2566333459,1.63633161317,2.30569059255
G[T>A]T,0.812016181391,0.687090615023,1.06186731413,0.659329378052,0.957762675487,0.69011386487,0.978583603214
T[T>A]A,1.53418155089,1.29815361998,2.0062374127,1.24570296867,1.80954747028,1.69500552617,1.84888545876
T[T>A]C,0.995956086815,0.842732073459,1.30240411353,0.808682292713,1.17471743573,1.40659425437,1.20025477129
T[T>A]G,2.02150882672,1.71050746876,2.64351154263,1.64139605588,2.38434374433,2.11569146591,2.43617730399
T[T>A]T,1.13708104352,0.962145498365,1.48695213384,0.923270932775,1.34117251287,1.27207284257,1.37032843707
A[T>C]A,1.32488898368,1.12105990927,1.7325471325,1.0757645594,1.56268957049,6.31873719015,1.5966610829
A[T>C]C,0.673790279846,0.570130236793,0.881110365953,0.54709467167,0.794726996742,2.08330063249,0.812003670584
A[T>C]G,0.946091613603,0.800539057664,1.23719672548,0.768194045233,1.11590292886,4.04176642962,1.14016168819
A[T>C]T,0.909260517575,0.769374284102,1.18903298452,0.738288454441,1.07246112329,4.32621569421,1.09577549554
C[T>C]A,0.566724585775,0.479536187963,0.741101381398,0.46016098845,0.668444383222,2.24219578225,0.682975782857
C[T>C]C,1.18389311611,1.00175571363,1.54816792106,0.961280735302,1.39638675233,2.07555687157,1.42674298608
C[T>C]G,1.04969718971,0.88820531437,1.37268094039,0.852318230961,1.23810437761,2.9521136299,1.26501969016
C[T>C]T,1.98601840379,1.6804771109,2.59710098957,1.61257904581,2.3424832455,2.40326848523,2.39340679431
G[T>C]A,0.832575254851,0.704486754105,1.08875225634,0.676022642828,0.982011839055,4.86280324116,1.00335992251
G[T>C]C,1.20297295258,1.01790019064,1.57311847645,0.976772910214,1.41889117484,2.37701698262,1.44973663516
G[T>C]G,0.724329622735,0.612894296161,0.947200275885,0.588130890255,0.854337503739,2.98977038101,0.872910058168
G[T>C]T,0.834918572679,0.706469561497,1.09181659504,0.67792533679,0.98477575239,3.4499541754,1.00618392092
T[T>C]A,0.695883907654,0.588824844938,0.910002033086,0.565033942112,0.820786147489,2.77198596018,0.838629324609
T[T>C]C,0.794504538549,0.67227307108,1.03896747349,0.645110522753,0.937107917262,2.65491432883,0.957479828507
T[T>C]G,0.478039466889,0.404494933522,0.625128533624,0.388151703884,0.563841422485,1.89610161686,0.576098844713
T[T>C]T,0.701843423261,0.59386751199,0.917795245803,0.569872865041,0.827815319744,2.07677283634,0.845811304955
A[T>G]A,0.178566899134,0.151095068498,0.233510560406,0.144990217245,0.210617368209,0.376929530202,0.215196006648
A[T>G]C,0.18568822431,0.157120805185,0.242823062559,0.150772489824,0.219016879955,0.381090422905,0.223778116476
A[T>G]G,0.414195814995,0.350473381919,0.541640681148,0.336312841235,0.488538653584,0.561340161587,0.499159059097
A[T>G]T,0.780962169787,0.660814143666,1.02125822203,0.634114582306,0.921134866928,0.861031166882,0.941159537948
C[T>G]A,0.104017835979,0.0880150919825,0.136023323973,0.0844589266499,0.122687703976,0.114188085753,0.125354827975
C[T>G]C,0.546675943408,0.462571952114,0.714883925995,0.443882176271,0.644797266583,0.767526968916,0.658814598466
C[T>G]G,0.719984878634,0.609217974228,0.941518687444,0.584603106583,0.849212933773,0.918071324004,0.867674084507
C[T>G]T,4.30360768612,3.64151419595,5.62779466647,3.49438230924,5.07605009132,1.84520221843,5.18639900635
G[T>G]A,0.158503144915,0.134118045698,0.207273343351,0.12869913476,0.186952427336,0.0525523206525,0.191016610539
G[T>G]C,0.284237397035,0.240508566722,0.371695057661,0.230791048875,0.335254365734,0.247508312929,0.342542504119
G[T>G]G,0.658706806902,0.557367298148,0.861385824411,0.534847407314,0.776936233782,0.493006323768,0.793826151908
G[T>G]T,1.42303098627,1.20410314222,1.86088667435,1.15545251022,1.67844680431,0.725162107395,1.71493477832
T[T>G]A,0.258679893363,0.218882986692,0.338273706706,0.210039229654,0.305109617813,0.498218108548,0.311742435591
T[T>G]C,0.368662315883,0.311945036516,0.482096874616,0.299341196657,0.434832475144,0.722847578587,0.444285355038
T[T>G]G,0.536279495918,0.453774958085,0.701288571585,0.435440616344,0.632534790057,0.502734589975,0.646285546363
T[T>G]T,1.71426292043,1.45053016344,2.24172843441,1.39192288411,2.02195113692,2.25250626542,2.06590659642
