,1,3,2,5,4,7,6
A[C>A]A,1.27887887881,0.48198952719,1.10536264902,1.06601271562,1.89944083873,0.239815674788,1.15677486526
A[C>A]C,0.915795783431,0.34514916461,0.791542084172,0.744644232658,1.32682063274,0.119373360493,0.828357995063
A[C>A]G,0.282593214665,0.106504980401,0.24425142172,0.248926654151,0.443542038305,0.0265700213659,0.255611952963
A[C>A]T,1.04360613661,0.393318895708,0.902011334157,0.637613036063,1.13611050062,0.128797658235,0.943965349699
C[C>A]A,1.91154992512,0.720433388865,1.65219390513,1.19137081722,2.12280618341,0.381273548371,1.72904013328
C[C>A]C,1.45181991992,0.547168311527,1.25483932777,0.714008392722,1.27223313612,0.235822446956,1.31320394766
C[C>A]G,0.594788684617,0.22416658968,0.514088712332,0.27877318619,0.496723131756,0.0946264596194,0.537999815231
C[C>A]T,2.61876371821,0.986971250581,2.263454068,0.951435451058,1.69528498552,0.366845342809,2.36873100139
G[C>A]A,1.98079229106,0.746529757936,1.7120415782,1.36622810449,2.4343700771,0.412040276706,1.79167141905
G[C>A]C,1.90355511566,0.717420269722,1.64528381856,1.1418331747,2.03453911129,0.198009508841,1.72180864733
G[C>A]G,0.599933219913,0.226105484892,0.518535245352,0.36075606756,0.642801720379,0.0693156840706,0.54265316374
G[C>A]T,1.98874049895,0.749525313675,1.71891138603,1.04031951463,1.85366022607,0.295704825025,1.79886075282
T[C>A]A,1.30099891351,0.490326223684,1.12448147298,1.07335457764,1.91252270198,0.256181434746,1.17678293684
T[C>A]C,1.63953664591,0.617915821324,1.41708695024,0.982971447918,1.75147639811,0.228462211633,1.48299797118
T[C>A]G,0.348200936983,0.131231508913,0.300957593775,0.238941732398,0.425750723181,0.0671935762899,0.314955621392
T[C>A]T,2.14942639958,0.810085326475,1.85779568205,2.55014917815,4.54390217198,0.4276508666,1.94420478354
A[C>G]A,0.827409275321,0.311837666578,0.715147715353,0.304740135068,0.542991513394,0.0544461067695,0.748410399788
A[C>G]C,0.495275978874,0.186661801083,0.428077730484,0.182098175636,0.324465840223,0.0373357350656,0.447988322599
A[C>G]G,0.151208848511,0.0569882594892,0.130693075095,0.0422747574997,0.0753259315449,0.00588083091325,0.136771822774
A[C>G]T,0.745801684272,0.281081036786,0.644612511029,0.238567095921,0.425083189095,0.0695299420176,0.674594488286
C[C>G]A,0.69885717048,0.263388380834,0.60403735338,0.223078671771,0.397485633338,0.0393296155837,0.632132114002
C[C>G]C,0.539358697191,0.203275890901,0.466179376466,0.209895926653,0.373996378401,0.0476378995916,0.487862138163
C[C>G]G,0.184918003325,0.0696927148209,0.159828625989,0.0735560423562,0.131063493653,0.0223695479084,0.16726251557
C[C>G]T,0.712318556743,0.268461767617,0.615672320401,0.196723343063,0.350525229458,0.0469292366513,0.64430824228
G[C>G]A,0.44139600421,0.166355277969,0.381508104141,0.129293557519,0.230377611579,0.0289799819658,0.399252667125
G[C>G]C,0.475528552327,0.179219303641,0.411009603016,0.176577179004,0.314628428044,0.0325014199435,0.430126328738
G[C>G]G,0.0980968893713,0.0369711894615,0.0847872611651,0.0472436704427,0.0841796309707,0.00463382338127,0.0887308547077
G[C>G]T,0.63410499423,0.238984294308,0.548070648279,0.154255151524,0.274854633625,0.0351622348147,0.573562306339
T[C>G]A,1.23717852638,0.466273313961,1.06932013335,0.171942083398,0.306369530417,0.0374824718736,1.11905595351
T[C>G]C,0.86352032212,0.325447357583,0.746359273391,0.198663816569,0.353982800432,0.0586612293004,0.781073658199
T[C>G]G,0.131175688569,0.0494380735813,0.11337798208,0.0431264657784,0.0768435208416,0.00517203798861,0.118651376595
T[C>G]T,1.82999123686,0.689695189773,1.58170096855,0.258992763116,0.461478014279,0.109147210173,1.65526845546
A[C>T]A,3.31924436011,1.2509714925,2.86889462281,0.912869678094,1.62656779006,0.298022796574,3.00233158201
A[C>T]C,5.85561050123,2.20688837986,5.06113068448,0.862948045036,1.53761651661,0.232377154767,5.29653211167
A[C>T]G,3.38277650478,1.27491576813,2.92380682825,2.44841156525,4.36262424353,0.386508696374,3.05979784352
A[C>T]T,3.87558647159,1.46064816769,3.34975313123,0.695731671454,1.23966734186,0.231431898836,3.50555560245
C[C>T]A,3.43986803837,1.29643267778,2.97315227437,0.827096443983,1.47373548201,0.41561010421,3.11143842666
C[C>T]C,7.41937657791,2.79624745399,6.41272749448,1.0469339383,1.86544592642,0.506441273109,6.71099388957
C[C>T]G,3.58181321685,1.34992960434,3.09583855929,1.57498981148,2.80634548227,0.379484769874,3.23983105042
C[C>T]T,4.76707600866,1.79663668668,4.12028680145,0.894914648493,1.59457519186,0.640313968178,4.31192804803
G[C>T]A,4.03638298022,1.52124986692,3.48873302813,0.874521074833,1.55823755152,0.424601339821,3.6509996806
G[C>T]C,7.12486547055,2.68525080548,6.15817518058,1.16321412726,2.07263608131,0.601123833829,6.44460193316
G[C>T]G,4.2973120826,1.61958998088,3.71425968949,1.60336238223,2.8569002447,0.291168202698,3.88701595411
G[C>T]T,4.28257640943,1.61403633521,3.70152332876,0.879947385,1.56790624964,0.583322333966,3.87368720451
T[C>T]A,3.78507999451,1.42653768637,3.27152642742,0.745659569579,1.32862977852,0.369329997123,3.4236904473
T[C>T]C,8.56268849036,3.2271439034,7.40091668514,1.18427210683,2.11015757217,0.428188911199,7.74514536817
T[C>T]G,2.14447432249,0.808218965761,1.85351549481,1.97629001989,3.52138948998,0.226407262636,1.93972551783
T[C>T]T,5.79734964228,2.1849307697,5.01077456518,0.999071846336,1.78016438074,0.336146637012,5.24383384729
A[T>A]A,3.5794271477,1.34903033205,3.09377622816,0.540986114363,0.963938894684,0.67366118177,3.23767279692
A[T>A]C,0.651321738068,0.24547301686,0.562951451998,0.298500403272,0.53187344583,0.141762315454,0.589135240463
A[T>A]G,0.456255096899,0.17195543853,0.394351139028,0.301603711337,0.537402976565,0.184469483079,0.412693052471
A[T>A]T,0.755723980862,0.284820595802,0.653188566374,0.450982586506,0.803568972319,0.121993508716,0.683569429926
C[T>A]A,7.64341503819,2.88068405962,6.60636877672,0.72375989393,1.28960853827,1.42979606897,6.91364174308
C[T>A]C,1.50252690721,0.566278985129,1.29866647256,0.287356266313,0.512016619975,0.266564287524,1.35906956431
C[T>A]G,1.2493118631,0.47084617956,1.07980723846,0.640662237051,1.14154362238,0.483493251822,1.13003083094
C[T>A]T,2.0001049705,0.753808405967,1.72873394435,0.460545533958,0.820608405962,0.241476091341,1.80914017432
G[T>A]A,2.75153682164,1.03701136494,2.37821273026,0.473487112975,0.843667946756,0.528342664486,2.48882727585
G[T>A]C,0.545771159758,0.20569264815,0.471721806424,0.183252282319,0.326522248496,0.0817227633246,0.49366235556
G[T>A]G,0.655341539532,0.246988017412,0.566425853264,0.35265314405,0.628363783944,0.132887659408,0.592771241788
G[T>A]T,0.587716894694,0.221501342222,0.507976411495,0.271258544791,0.483333407082,0.0773449170582,0.531603221332
T[T>A]A,1.53598442668,0.578888603018,1.32758452959,0.471058326825,0.839340291435,0.321364808299,1.38933264724
T[T>A]C,0.757431369202,0.28546408387,0.654664299009,0.209687982068,0.373625858958,0.148766748577,0.685113801289
T[T>A]G,0.418648243449,0.1577820013,0.361846722981,0.26659785085,0.475028897878,0.178862044818,0.37867680312
T[T>A]T,1.11385775696,0.419795637043,0.96273132762,0.361006167453,0.643247352916,0.185581923741,1.0075095289
A[T>C]A,1.08873083874,0.410325692993,0.941013589264,0.846383368568,1.5081012749,0.380810467196,0.984781663183
A[T>C]C,1.09862444051,0.414054437377,0.949564843052,0.411541847658,0.733292746735,0.174125281483,0.993730649706
A[T>C]G,1.46067348078,0.550505080696,1.26249165173,0.744560778669,1.3266719329,0.334908807733,1.32121219367
A[T>C]T,0.951639954864,0.358658274446,0.822522976064,0.687770752132,1.22548243107,0.273849513906,0.860779858671
C[T>C]A,1.42508579806,0.537092637458,1.23173244857,0.368421954093,0.656460936384,0.247940469972,1.2890223299
C[T>C]C,3.16755957379,1.19380385947,2.73779018438,0.378901537062,0.675133647856,0.367019249175,2.86512926272
C[T>C]G,2.98703856189,1.12576830222,2.58176197309,0.543454285087,0.968336726155,0.434814107316,2.70184392533
C[T>C]T,3.76635572762,1.41948080187,3.25534263895,0.50282834931,0.895948695134,0.257154323344,3.40675392448
G[T>C]A,1.57063456481,0.591947700306,1.3575333927,0.90283327565,1.6086847457,0.381596258502,1.42067448073
G[T>C]C,1.40073471038,0.527915091852,1.21068527731,0.53514828812,0.953536949741,0.222463455167,1.26699622044
G[T>C]G,1.50803126329,0.568353491189,1.30342400646,0.652459038282,1.1625633773,0.334117552695,1.36404837885
G[T>C]T,1.43893687862,0.542312893951,1.24370423679,0.827536004059,1.47451869814,0.309691174348,1.30155094548
T[T>C]A,1.02104412348,0.384815624426,0.882510498684,0.553754018283,0.986688978031,0.22551079594,0.923557498622
T[T>C]C,1.93624252495,0.729739645081,1.67353625272,0.459211334221,0.818231104612,0.292103505814,1.75137514819
T[T>C]G,1.25357323975,0.472452226036,1.08349043838,0.390442676333,0.695697859648,0.232522701683,1.13388534249
T[T>C]T,1.33094865228,0.501613813675,1.15036767936,0.572029477535,1.01925252361,0.206847593883,1.20387315282
A[T>G]A,0.322096069379,0.121392990972,0.278394592629,0.20058975805,0.357414477979,0.0528271426403,0.291343178332
A[T>G]C,0.825611678872,0.311160180479,0.7135940139,0.0916384101259,0.163282985315,0.100233032818,0.746784433151
A[T>G]G,0.612172152732,0.230718148015,0.529113619447,0.171800163852,0.306116655591,0.0615223951373,0.553723555235
A[T>G]T,3.77728557299,1.42360009032,3.26478954047,0.204112809454,0.363691915027,0.423726409704,3.41664021677
C[T>G]A,0.354686202337,0.133675704398,0.306562948754,0.114275430154,0.203618039184,0.043659910981,0.320821690556
C[T>G]C,1.88895100462,0.71191620777,1.63266116982,0.126278269518,0.225004916596,0.207317751831,1.70859889865
C[T>G]G,1.45093820208,0.546836005811,1.25407723999,0.263952523769,0.470315405989,0.156633474286,1.31240641395
C[T>G]T,11.7725522454,4.43689154977,10.1752712875,0.458451588684,0.816877376201,0.773864967507,10.6485397194
G[T>G]A,0.142321644986,0.0536388109243,0.123011673053,0.0753485565843,0.134257428096,0.00303154141982,0.128733146218
G[T>G]C,0.426748499404,0.160834861584,0.368847949234,0.0250962145396,0.0447168913615,0.0209571444885,0.386003667803
G[T>G]G,0.926791010882,0.349293094553,0.801045496842,0.213385331555,0.380213863499,0.0900653929082,0.838303426928
G[T>G]T,3.15328807893,1.18842515538,2.72545502299,0.187604433533,0.334276990659,0.224509215702,2.8522203729
T[T>G]A,0.49805451316,0.187708987372,0.430479277706,0.263367141822,0.469272361792,0.0764096374934,0.450501569693
T[T>G]C,1.40932985285,0.531154467155,1.21811424467,0.142853599241,0.254539140465,0.17242587912,1.27477072117
T[T>G]G,0.94221714342,0.3551069636,0.814378636524,0.19682502747,0.350706412584,0.0912804241438,0.852256712641
T[T>G]T,9.13952505595,3.44454461908,7.89948899308,0.665144165978,1.18516596847,1.09460930258,8.26690708578
