,1,3,2,5,4,7,6
A[C>A]A,1.3067909264,0.888617829955,1.77723565991,4.33854587566,0.578786073424,4.02491605332,3.73742204952
A[C>A]C,0.716622611382,0.48730337574,0.974606751479,2.37918706979,0.35125501803,2.20719764306,2.04954066855
A[C>A]G,0.288545604485,0.19621101105,0.392422022099,0.957971406889,0.0416323932279,0.888720461813,0.825240428826
A[C>A]T,0.65435697209,0.444962741021,0.889925482042,2.17246514734,0.342265891903,2.01541947404,1.87146094018
C[C>A]A,1.79009326145,1.21726341778,2.43452683557,5.943109628,0.564880776709,5.51348724526,5.11966672774
C[C>A]C,1.06710620421,0.725632218862,1.45126443772,3.54279259797,0.369468429819,3.28668710896,3.05192374404
C[C>A]G,0.359427001243,0.244410360846,0.488820721691,1.19329764413,0.0525078828073,1.10703516383,1.02796122356
C[C>A]T,1.08879568849,0.740381068175,1.48076213635,3.6148016858,0.560548103006,3.35349072056,3.11395566909
G[C>A]A,2.05640193848,1.39835331817,2.79670663634,6.82725443577,0.512945380245,6.33371797053,5.88130954407
G[C>A]C,0.951954440177,0.647329019321,1.29465803864,3.16048874139,0.444481278594,2.93201967575,2.72258969891
G[C>A]G,0.422998333065,0.287638866484,0.575277732968,1.40435446578,0.0380120830926,1.30283486584,1.20977523257
G[C>A]T,1.26980581173,0.863467951978,1.72693590396,4.21575529495,0.377312089057,3.91100190014,3.63164462156
T[C>A]A,1.28452275395,0.873475472686,1.74695094537,4.26461554312,1.21522511284,3.95633008217,3.6737350763
T[C>A]C,1.30302855888,0.886059420041,1.77211884008,4.32605481549,0.475878091441,4.01332796136,3.72666167841
T[C>A]G,0.347788825449,0.236496401305,0.47299280261,1.15465890049,0.0681748283304,1.07118958238,0.994676040783
T[C>A]T,1.93461438615,1.31553778258,2.63107556516,6.42291976202,1.91115742193,5.95861230934,5.53299714439
A[C>G]A,0.26331272267,0.179052651416,0.358105302832,0.874198239266,0.226524075493,0.811003185825,0.753074386837
A[C>G]C,0.150249666694,0.102169773352,0.204339546704,0.498828893426,0.11427358205,0.462768973419,0.429714046746
A[C>G]G,0.061695544539,0.0419529702866,0.0839059405731,0.20482920787,0.00294437429006,0.19002227718,0.176449257382
A[C>G]T,0.238393300558,0.162107444379,0.324214888759,0.791465757853,0.223858155085,0.734251365719,0.681804839596
C[C>G]A,0.208944766886,0.142082441483,0.284164882965,0.693696626062,0.116399239448,0.643549882009,0.597582033294
C[C>G]C,0.234693504058,0.15959158276,0.319183165519,0.779182433473,0.133407967129,0.722855992499,0.671223421607
C[C>G]G,0.154296181178,0.104921403201,0.209842806402,0.51226332151,0.0389796989553,0.475232238027,0.441287078168
C[C>G]T,0.267406470752,0.181836400111,0.363672800222,0.887789482896,0.228251041173,0.823611929915,0.76478250635
G[C>G]A,0.142700072956,0.0970360496102,0.19407209922,0.473764242215,0.0720563780183,0.439516224705,0.408122208655
G[C>G]C,0.160815133811,0.109354290991,0.218708581983,0.533906244252,0.163321619157,0.495310612137,0.459931282699
G[C>G]G,0.069294441624,0.0471202203043,0.0942404406086,0.230057546192,0.00113791661087,0.213426880202,0.198182103045
G[C>G]T,0.140689445192,0.0956688227307,0.191337645461,0.467088958038,0.184028514109,0.433323491192,0.40237181325
T[C>G]A,0.154387534378,0.104983523377,0.209967046753,0.512566614133,1.01515075894,0.475513605883,0.44154834832
T[C>G]C,0.296781275432,0.201811267294,0.403622534587,0.985313834434,0.296291546773,0.91408632833,0.848794447735
T[C>G]G,0.055392315375,0.037666774455,0.07533354891,0.183902487045,0.0402311939125,0.170608331355,0.158422021972
T[C>G]T,0.322386134029,0.21922257114,0.438445142279,1.07032196498,1.53503399297,0.992949292809,0.922024343322
A[C>T]A,0.596714175211,0.405765639144,0.811531278287,1.9810910617,1.07975448113,1.83787965965,1.7066025411
A[C>T]C,0.723191655729,0.491770325896,0.983540651792,2.40099629702,3.02395160843,2.22743029965,2.06832813539
A[C>T]G,0.388136383291,0.263932740638,0.527865481276,1.28861279253,0.902457533296,1.19546006054,1.11007005621
A[C>T]T,0.578181042382,0.39316310882,0.78632621764,1.91956106071,1.54002687511,1.78079761054,1.65359778121
C[C>T]A,0.886726952127,0.602974327446,1.20594865489,2.94393348106,3.84522917134,2.73111901255,2.53603908308
C[C>T]C,1.02169311729,0.694751319755,1.38950263951,3.39202114939,7.28002983604,3.14681480124,2.92204231544
C[C>T]G,0.476024891204,0.323696926019,0.647393852037,1.5804026388,1.38316734465,1.46615666491,1.36143118884
C[C>T]T,1.00584821725,0.683976787732,1.36795357546,3.33941608128,6.04083643601,3.09801250914,2.87672590134
G[C>T]A,0.559059372384,0.380160373221,0.760320746442,1.85607711631,1.71046619739,1.72190286694,1.59890980502
G[C>T]C,0.755947086894,0.514044019088,1.02808803818,2.50974432849,4.8580542128,2.32831702763,2.16200866852
G[C>T]G,0.330256092661,0.224574143009,0.449148286018,1.09645022763,0.752027423301,1.01718876539,0.944532425009
G[C>T]T,0.608930401711,0.414072673163,0.828145346326,2.02164893368,3.44012402692,1.87550563727,1.74154094889
T[C>T]A,0.673760046168,0.458156831394,0.916313662788,2.23688335328,7.62766522814,2.0751809422,1.92695373204
T[C>T]C,1.05156055081,0.715061174553,1.43012234911,3.4911810287,9.68124215089,3.2388064965,3.00746317533
T[C>T]G,0.308221239754,0.209590443033,0.419180886066,1.02329451598,3.46669577747,0.949321418443,0.881512745697
T[C>T]T,0.841590248063,0.572281368683,1.14456273737,2.79407962357,5.66458038202,2.59209796403,2.40694810946
A[T>A]A,0.325733864979,0.221499028186,0.442998056371,1.08143643173,0.562277442884,1.00326030413,0.931598853839
A[T>A]C,0.24191571268,0.164502684623,0.329005369245,0.803160166099,0.413448611339,0.745100395056,0.691878938266
A[T>A]G,0.376045837066,0.255711169205,0.511422338409,1.24847217906,0.352145117296,1.15822117816,1.07549109401
A[T>A]T,0.282592266413,0.192162741161,0.384325482322,0.938206324492,0.819915538356,0.870384180553,0.808213881942
C[T>A]A,0.305730112636,0.207896476592,0.415792953184,1.01502397395,0.254769123556,0.941648746917,0.874388122138
C[T>A]C,0.427136167728,0.290452594055,0.580905188111,1.41809207686,0.36122723326,1.3155793966,1.2216094397
C[T>A]G,0.913925426911,0.6214692903,1.2429385806,3.03423241735,0.318307284848,2.81489031489,2.61382672097
C[T>A]T,0.459567870888,0.312506152204,0.625012304408,1.52576533135,0.389005695396,1.41546904234,1.31436411074
G[T>A]A,0.295489941221,0.20093316003,0.40186632006,0.981026604853,0.136989741436,0.91010901896,0.845101231892
G[T>A]C,0.177097507602,0.120426305169,0.240852610338,0.587963725238,0.230467277811,0.545460323413,0.506498871741
G[T>A]G,0.369037627077,0.250945586412,0.501891172825,1.2252049219,0.172329423814,1.1366358914,1.05544761344
G[T>A]T,0.212465714811,0.144476686071,0.288953372143,0.705386173172,0.209125855444,0.654394401617,0.607651944359
T[T>A]A,0.338563396303,0.230223109486,0.460446218972,1.12403047572,0.84014511134,1.04277526061,0.968291313425
T[T>A]C,0.314058433125,0.213559734525,0.42711946905,1.04267399798,0.28099393965,0.967299974026,0.898207118738
T[T>A]G,0.305675799567,0.207859543706,0.415719087412,1.01484365456,0.554840141785,0.941481462668,0.874232786763
T[T>A]T,0.310829804895,0.211364267329,0.422728534658,1.03195495225,0.694034045134,0.957355799078,0.888973242001
A[T>C]A,1.35140835414,0.918957680817,1.83791536163,4.48667573575,1.88213538842,4.16233773076,3.86502789285
A[T>C]C,0.536108258414,0.364553615721,0.729107231443,1.77987941793,0.79273873799,1.65121343591,1.53326961906
A[T>C]G,1.00390186895,0.682653270885,1.36530654177,3.33295420491,1.33940999447,3.09201775636,2.87115934519
A[T>C]T,0.900465970207,0.612316859741,1.22463371948,2.98954702109,1.53563844712,2.77343518824,2.57533267479
C[T>C]A,0.510156406698,0.346906356555,0.693812713109,1.69371927024,0.994358725637,1.57128173263,1.45904732316
C[T>C]C,0.615279037988,0.418389745832,0.836779491663,2.04272640612,0.833772917366,1.895059437,1.75969804864
C[T>C]G,0.737819108529,0.5017169938,1.0034339876,2.44955944032,1.10077892974,2.27248285427,2.11016265039
C[T>C]T,0.66340775063,0.451117270428,0.902234540856,2.20251373209,1.5125261576,2.04329587194,1.8973461668
G[T>C]A,0.850995557136,0.578676978853,1.15735395771,2.82530524969,1.64050729608,2.62106631598,2.43384729341
G[T>C]C,0.444238658945,0.302082288083,0.604164576166,1.4748723477,0.97775298112,1.36825506955,1.27052256458
G[T>C]G,0.699195976458,0.475453263991,0.950906527983,2.32133064184,1.16022179385,2.15352360749,1.99970049267
G[T>C]T,0.694188839823,0.47204841108,0.94409682216,2.30470694821,1.56744792603,2.13810162666,1.98538008189
T[T>C]A,0.789121123623,0.536602364064,1.07320472813,2.61988213043,1.23381563421,2.43049306076,2.25688641356
T[T>C]C,0.60517057656,0.41151599206,0.823031984121,2.00916631418,1.05781805935,1.8639253758,1.73078784896
T[T>C]G,0.521786598436,0.354814886937,0.709629773873,1.73233150681,0.81669552227,1.60710272318,1.49230967153
T[T>C]T,0.606795517179,0.412620951682,0.825241903364,2.01456111704,1.58624565869,1.86893019291,1.73543517913
A[T>G]A,0.0875188047959,0.0595127872612,0.119025574522,0.290562431922,1.15812483185,0.269557918771,0.250303781716
A[T>G]C,0.0703106247879,0.0478112248558,0.0956224497115,0.233431274296,0.225135790327,0.216556724347,0.201088386893
A[T>G]G,0.153664839666,0.104492090973,0.208984181946,0.510167267692,0.260902234365,0.473287706172,0.439481441446
A[T>G]T,0.112052000935,0.0761953606358,0.152390721272,0.372012643104,0.747620905415,0.34512016288,0.320468722674
C[T>G]A,0.0229397095641,0.0155990025036,0.0311980050071,0.0761598357527,0.731301224047,0.0706543054573,0.0656075693532
C[T>G]C,0.166530926807,0.113241030229,0.226482060458,0.552882677001,0.331881664923,0.512915254567,0.476278450669
C[T>G]G,0.258270392351,0.175623866799,0.351247733597,0.857457702605,0.539305906761,0.795472808441,0.738653322124
C[T>G]T,0.324193519671,0.220451593377,0.440903186753,1.07632248531,1.95789290907,0.998516040588,0.92719346626
G[T>G]A,0.0332686056428,0.0226226518371,0.0452453036742,0.110451770734,0.240760930419,0.10246730538,0.0951482121384
G[T>G]C,0.0344669332398,0.0234375146031,0.0468750292062,0.114430218356,0.058156009092,0.106158154379,0.0985754290659
G[T>G]G,0.187047816732,0.127192515378,0.254385030755,0.620998751549,0.232077584465,0.576107275534,0.534956755853
G[T>G]T,0.130111344651,0.0884757143629,0.176951428726,0.431969664243,0.714761384065,0.400742941526,0.372118445703
T[T>G]A,0.101337167303,0.0689092737661,0.137818547532,0.336439395446,1.73716120035,0.312118475293,0.289824298487
T[T>G]C,0.138097777296,0.0939064885612,0.187812977122,0.458484620623,0.385004472276,0.425341154071,0.394959643066
T[T>G]G,0.137839507913,0.093730865381,0.187461730762,0.457627166272,0.372626267996,0.424545684373,0.394220992632
T[T>G]T,0.286311640301,0.194691915405,0.38938383081,0.9505546458,2.09267133779,0.881839852128,0.818851291262
