,1,3,2,5,4,7,6
A[C>A]A,3.82814540348,1.34205097478,1.03403927565,1.38605264609,1.73806601652,1.43005431739,2.72810362087
A[C>A]C,3.21195034699,1.12602856992,0.867595783383,1.16294753943,1.45829929547,1.19986650893,2.28897610935
A[C>A]G,0.935105316814,0.327824277734,0.252585918909,0.338572614708,0.424559310507,0.349320951683,0.666396892442
A[C>A]T,2.9904986294,1.04839319766,0.807778365412,1.08276674513,1.35775512484,1.11714029259,2.13115994279
C[C>A]A,3.79435025758,1.33020325122,1.02491070176,1.37381647257,1.72272224338,1.41742969392,2.70401972379
C[C>A]C,2.57866499453,0.904014739461,0.696535946798,0.933654566985,1.17077318717,0.963294394508,1.83766930645
C[C>A]G,0.813515400357,0.285197927711,0.219742665614,0.294548679439,0.369354693265,0.303899431168,0.579746607151
C[C>A]T,6.178503243,2.16602699898,1.6689060484,2.23704427764,2.80518250688,2.30806155629,4.40307127662
G[C>A]A,4.16809022747,1.46122703377,1.12586345225,1.50913611684,1.89240878144,1.55704519992,2.97036315061
G[C>A]C,4.49649492059,1.57635741469,1.21457046706,1.62804126435,2.04151206165,1.67972511401,3.20439867904
G[C>A]G,1.16903865248,0.409835389662,0.315774808428,0.423272615552,0.530770422677,0.436709841443,0.833108005214
G[C>A]T,5.4218583213,1.90076642298,1.46452494886,1.96308663357,2.46164831829,2.02540684416,3.86385305656
T[C>A]A,2.7497035863,0.963976544623,0.742736026185,0.995582332971,1.24842863976,1.02718812132,1.95955887759
T[C>A]C,3.16157712824,1.10836899323,0.853989224294,1.14470896022,1.43542869615,1.18104892721,2.25307795346
T[C>A]G,0.698701758035,0.244947168047,0.188729785216,0.252978222737,0.317226660257,0.261009277427,0.497925390783
T[C>A]T,4.88447282918,1.7123726585,1.31936909754,1.76851602436,2.21766295118,1.82465939021,3.48088868286
A[C>G]A,0.868620994151,0.304516555421,0.234627509914,0.314500704779,0.394373899643,0.324484854137,0.6190172602
A[C>G]C,0.405124320692,0.142026342312,0.109430132601,0.146682943699,0.183935754797,0.151339545086,0.288709286011
A[C>G]G,0.0417590980122,0.0146396837859,0.0112797563596,0.0151196734182,0.0189595904768,0.0155996630505,0.0297593572041
A[C>G]T,0.560015824961,0.196327386912,0.151268642375,0.202764350417,0.254260058459,0.209201313922,0.399091737329
C[C>G]A,0.630407214842,0.221004828192,0.170282408607,0.228250888132,0.286219367658,0.235496948073,0.449255716324
C[C>G]C,0.481735472998,0.168884275016,0.130123949603,0.174421464361,0.21871897912,0.179958653706,0.343305739378
C[C>G]G,0.120088064379,0.0420998386616,0.0324375806081,0.0434801612406,0.0545227418732,0.0448604838197,0.0855799999022
C[C>G]T,0.464109660711,0.162705110939,0.12536295433,0.16803970474,0.210716455151,0.173374298542,0.330744815679
G[C>G]A,0.308570835595,0.108177132019,0.0833495935228,0.111723923233,0.140098252943,0.115270714446,0.219901055252
G[C>G]C,0.314029249038,0.110090713743,0.0848239925561,0.113700245341,0.142576498126,0.117309776939,0.223790959084
G[C>G]G,0.0965388854765,0.0338440920349,0.0260765955023,0.0349537343967,0.043830873291,0.0360633767585,0.0687978264315
G[C>G]T,0.485937306963,0.170357331752,0.131258927743,0.175942818038,0.220626708334,0.181528304325,0.34630014979
T[C>G]A,3.12810793874,1.09663554174,0.844948696095,1.1325908054,1.42023291471,1.16854606907,2.22922634714
T[C>G]C,0.967323842933,0.33911927827,0.26128862424,0.350237943131,0.439187262021,0.361356607992,0.6893572214
T[C>G]G,0.152139476303,0.0533362531866,0.0410951458978,0.0550849827992,0.0690748197006,0.0568337124119,0.108421235986
T[C>G]T,3.81264882417,1.33661826594,1.02985341802,1.38044181565,1.73103021327,1.42426536535,2.71706008159
A[C>T]A,2.36646343613,0.829622239103,0.639217135047,0.856822968254,1.07442880146,0.884023697405,1.68644520736
A[C>T]C,2.48849583688,0.872403712928,0.672179909961,0.901007113352,1.12983431674,0.929610513776,1.77341082628
A[C>T]G,4.2977779602,1.5066922734,1.16089404672,1.55609202007,1.95128999342,1.60549176674,3.06278429348
A[C>T]T,2.05597466811,0.720772728477,0.555349479318,0.744404621213,0.933459763109,0.76803651395,1.46517734969
C[C>T]A,2.33227235948,0.817635712231,0.629981614342,0.844443440501,1.05890526666,0.871251168771,1.66207915273
C[C>T]C,2.89399760909,1.0145623802,0.781711997856,1.04782672053,1.31394144321,1.08109106087,2.06238910073
C[C>T]G,2.80024892862,0.981696463483,0.756389078422,1.01388323278,1.27137738713,1.04607000207,1.99557969626
C[C>T]T,3.12833954789,1.09671673805,0.845011257189,1.13267466389,1.42033807059,1.16863258973,2.22939140195
G[C>T]A,3.34527905094,1.172770242,0.903609858587,1.21122172534,1.51883359209,1.24967320868,2.38399196734
G[C>T]C,4.84275477117,1.69774736231,1.3081004267,1.75341121025,2.19872199381,1.8090750582,3.45115857256
G[C>T]G,6.30964263742,2.2120011545,1.70432875838,2.28452578252,2.86472280665,2.35705041053,4.49652693701
G[C>T]T,3.94041738041,1.38141069083,1.06436561425,1.42670284463,1.78904007501,1.47199499843,2.80811353547
T[C>T]A,3.64784027471,1.27884055608,0.985336166157,1.32076975464,1.65620334311,1.3626989532,2.59961031071
T[C>T]C,3.6723002422,1.28741560215,0.99194316887,1.32962594976,1.66730873065,1.37183629737,2.61704155191
T[C>T]G,2.43558495764,0.853854496643,0.657887890856,0.881849726041,1.10581156123,0.909844955439,1.73570422268
T[C>T]T,2.99657689243,1.05052408298,0.809420195081,1.08496749553,1.36051479599,1.11941090809,2.13549157851
A[T>A]A,1.11544654677,0.391047352604,0.301298779875,0.403868577279,0.506438374683,0.416689801955,0.794915929883
A[T>A]C,0.837915172967,0.293751870983,0.22633340879,0.303383079868,0.380432750945,0.313014288752,0.59713495085
A[T>A]G,0.733256372167,0.257061141967,0.198063502827,0.265489376129,0.332915249432,0.273917610292,0.522550518096
A[T>A]T,1.24907923804,0.437895594944,0.337394966596,0.452252827565,0.567110688534,0.466610060186,0.890148422508
C[T>A]A,1.62202123065,0.568639626838,0.438132171498,0.587283549029,0.736434926561,0.605927471221,1.15592317587
C[T>A]C,1.10702349906,0.388094445071,0.299023588825,0.400818853106,0.502614117387,0.413543261142,0.788913298178
C[T>A]G,1.6839488169,0.590349872591,0.454859737898,0.609705606118,0.764551474339,0.629061339646,1.20005547871
C[T>A]T,1.86751626133,0.654703976672,0.504444047599,0.676169680825,0.84789531405,0.697635384978,1.3308736575
G[T>A]A,1.10889761869,0.388751464024,0.299529816543,0.401497413664,0.503465010785,0.414243363304,0.790248877688
G[T>A]C,0.544720890118,0.190965369524,0.147137251928,0.197226529181,0.247315806433,0.203487688837,0.388191898705
G[T>A]G,0.902129495146,0.316263788528,0.243678656735,0.32663309307,0.409587529405,0.337002397612,0.642896881598
G[T>A]T,0.894146747924,0.313465239215,0.241522397428,0.323742788042,0.405963178655,0.334020336868,0.637208027256
T[T>A]A,0.95669288667,0.335392333833,0.2584170441,0.346388803794,0.434360563488,0.357385273756,0.681781137627
T[T>A]C,0.71124329173,0.249343912618,0.19211744087,0.257519122868,0.322920804866,0.265694333118,0.506863035486
T[T>A]G,0.612183346162,0.214616000666,0.165359869366,0.221652590852,0.277945312338,0.228689181037,0.436268591518
T[T>A]T,1.10390418996,0.38700089418,0.298181016827,0.399689448088,0.501197879348,0.412378001995,0.786690342268
A[T>C]A,2.05681487849,0.721067284987,0.555576432695,0.744708835315,0.933841237934,0.768350385642,1.4657761203
A[T>C]C,1.25404387112,0.439636069761,0.338735988176,0.45405036713,0.569364746084,0.468464664499,0.893686436891
A[T>C]G,1.97516173503,0.692441757684,0.533520698543,0.715144766133,0.896768833722,0.737847774581,1.40758652382
A[T>C]T,1.74817296755,0.612865235751,0.472207640661,0.632959177907,0.793710715153,0.653053120063,1.24582441366
C[T>C]A,0.944444913635,0.331098504205,0.255108683568,0.341954192868,0.428799702168,0.35280988153,0.673052697073
C[T>C]C,1.73241923431,0.607342375248,0.467952321913,0.62725524001,0.786558158108,0.647168104773,1.23459761526
C[T>C]G,1.80735084462,0.633611502998,0.488192469523,0.654385650637,0.820578831751,0.675159798276,1.28799715363
C[T>C]T,2.57122797342,0.901407507923,0.694527096269,0.930961852445,1.16739660862,0.960516196967,1.83236936037
G[T>C]A,2.14364423816,0.751507462803,0.579030340193,0.776147051748,0.973263763303,0.800786640692,1.52765451455
G[T>C]C,1.95170142403,0.684217165895,0.527183717985,0.706650515596,0.886117313208,0.729083865298,1.39086768149
G[T>C]G,1.51719601465,0.531890556859,0.409817314301,0.54932959151,0.688841868719,0.566768626161,1.08122014837
G[T>C]T,1.98486753411,0.695844365407,0.536142379904,0.718658934764,0.901175489625,0.741473504122,1.41450330017
T[T>C]A,1.3784452783,0.483248057335,0.372338667127,0.499092255936,0.625845844746,0.514936454538,0.982340313272
T[T>C]C,1.30682290803,0.458139065458,0.352992394697,0.473160018424,0.593327642151,0.48818097139,0.931299083882
T[T>C]G,0.750931212425,0.263257494011,0.202837741287,0.271888887257,0.340940033227,0.280520280504,0.535146381268
T[T>C]T,1.27279481042,0.446209674917,0.343800897068,0.460839500325,0.577878103582,0.475469325732,0.907049175242
A[T>G]A,0.257671355045,0.0903330612514,0.0696008832593,0.0932948009645,0.11698871867,0.0962565406777,0.183627862216
A[T>G]C,0.212479189349,0.0744898307487,0.0573938040195,0.0769321202814,0.0964704365434,0.0793744098142,0.15142195103
A[T>G]G,0.4878048575,0.171012047744,0.131763381049,0.176619000129,0.22147461921,0.182225952514,0.347631047874
A[T>G]T,0.796784684732,0.279332561889,0.215223449324,0.288491006541,0.361758563758,0.297649451193,0.56782356843
C[T>G]A,0.147608334443,0.0517477494311,0.0398712167748,0.0534443969534,0.0670175771321,0.0551410444758,0.105192146385
C[T>G]C,0.561112908649,0.19671199671,0.151564981072,0.203161570373,0.254758159674,0.209611144035,0.399873567083
C[T>G]G,0.72342771865,0.253615464584,0.195408636647,0.261930725718,0.328452814789,0.270245986852,0.515546190302
C[T>G]T,4.62042900742,1.61980557157,1.2480469158,1.67291395096,2.09778098613,1.72602233036,3.29271952253
G[T>G]A,0.111562252826,0.0391109047265,0.0301346315106,0.0403932294716,0.0506518274327,0.0416755542167,0.0795041341981
G[T>G]C,0.253557932313,0.0888909992591,0.0684897863144,0.0918054582512,0.115121130188,0.0947199172433,0.18069645751
G[T>G]G,0.598488602203,0.209814969738,0.161660714388,0.216694149074,0.271727583759,0.223573328409,0.426509118812
G[T>G]T,1.74253040874,0.610887097316,0.470683501211,0.630916182474,0.791148863738,0.650945267632,1.24180327979
T[T>G]A,0.194014136458,0.0680164501376,0.0524061173191,0.0702464976831,0.0880868780471,0.0724765452286,0.138262947821
T[T>G]C,0.319844235769,0.112129301046,0.086394707363,0.115805671572,0.14521663578,0.119482042098,0.227934972617
T[T>G]G,0.439496750689,0.154076447081,0.118714639554,0.15912813387,0.199541628186,0.16417982066,0.313204580951
T[T>G]T,1.61522760371,0.566257953024,0.436297111346,0.584823787549,0.733350463752,0.603389622074,1.15108174057
