,1,3,2,5,4,7,6
A[C>A]A,1.63527171478,0.853433736015,0.747417122845,0.434668113995,0.662603832309,3.19375545997,0.791163762482
A[C>A]C,1.37224977343,0.669418443498,0.586260872878,0.340946039546,0.519734816381,1.42650370266,0.483619620576
A[C>A]G,0.54219398979,0.278915839019,0.244267908706,0.142056514283,0.216549564456,0.299696101629,0.0854245368674
A[C>A]T,1.88388485781,0.762311283282,0.667614229458,0.388257920678,0.591856586399,1.82068771879,0.494128261292
C[C>A]A,2.4393127818,1.30672344259,1.1443975491,0.665536163309,1.01453683431,4.65481125722,0.959973745567
C[C>A]C,1.63091266567,0.949049822324,0.831155434458,0.483366990252,0.736839924165,2.02563569574,0.84482789548
C[C>A]G,0.562971689146,0.357618805468,0.313194109136,0.182141254959,0.277654352071,0.871905597683,0.304501305358
C[C>A]T,2.6410054195,1.41931848387,1.24300562873,0.722882706069,1.10195534462,3.63102826309,1.35974258848
G[C>A]A,1.96658812453,0.981524824273,0.859596274674,0.499907053356,0.762053434995,5.80638701044,1.20889598305
G[C>A]C,2.67422885853,1.55265389115,1.35977763138,0.790792665057,1.20547662356,1.5606257303,0.540430626569
G[C>A]G,0.916853712057,0.479413020276,0.41985860782,0.244173091072,0.372215077854,0.586970516969,0.160524150674
G[C>A]T,2.3431853642,1.21285353597,1.06218850044,0.617726645648,0.941656472025,4.06300297886,0.877104169207
T[C>A]A,4.77786263106,3.37236540941,2.95343802936,1.71760225821,2.61829612532,3.65694233224,0.78324099305
T[C>A]C,2.86856048972,2.04532838086,1.79125032112,1.04172004491,1.58798787334,2.79988230179,0.656525665155
T[C>A]G,0.583092395959,0.339792410323,0.297582173016,0.173061972959,0.26381398317,0.75594858277,0.249632341294
T[C>A]T,23.9687324194,2.87255300516,2.51571412253,1.46303941878,2.23024301643,6.30605848924,1.30710276265
A[C>G]A,0.634673230775,0.778676618166,0.681946603487,0.396593060184,0.604562591744,0.897758542572,0.23306457201
A[C>G]C,0.318194253502,0.369279112452,0.323405930781,0.188080044851,0.286707385444,0.537071440898,0.185613204765
A[C>G]G,0.0311573663489,0.175277375429,0.153503788419,0.0892717067404,0.136084918812,0.258392782863,0.0451498980619
A[C>G]T,0.4099019229,0.717004170025,0.627935329028,0.365182248087,0.556680256231,0.962554503758,0.277816503718
C[C>G]A,0.592605690963,0.725141956903,0.635062210704,0.369326959416,0.562998413744,0.609651773541,0.130669256061
C[C>G]C,0.490376018083,0.475974209491,0.416846978498,0.24242164707,0.369545193704,0.660685094871,0.109675154752
C[C>G]G,0.0836619260429,0.181482786637,0.158938341092,0.0924322267342,0.140902784656,0.394517160714,0.0541281588735
C[C>G]T,0.464591629832,0.91655780067,0.802699688785,0.466818258726,0.711613199278,1.03794269672,0.137850914699
G[C>G]A,0.28269328453,0.479902108191,0.420286939472,0.24442219175,0.372594804496,0.445212867692,0.124826265693
G[C>G]C,0.378569957018,0.475551942915,0.416477167397,0.242206579621,0.369217346984,0.435498264612,0.166379855503
G[C>G]G,0.135704448711,0.110454896372,0.0967337912325,0.0562565310714,0.085756907121,0.106817363342,0.0100101963588
G[C>G]T,0.313213181614,0.521938707713,0.457101601165,0.265832136848,0.405231915926,0.657750082097,0.1530150634
T[C>G]A,5.12211328941,15.1268326782,13.2477230288,7.70434956283,11.7444353092,0.565639544332,0.169342227897
T[C>G]C,1.40264068876,3.85924325167,3.37983415208,1.9655773083,2.99630687241,0.994137575125,0.154793831292
T[C>G]G,0.234449799097,0.598299005249,0.523976147454,0.304723716959,0.464517861218,0.150347536278,0.0263191081841
T[C>G]T,6.06601060592,18.0854752786,15.8388323869,9.21123585621,14.0415180735,1.17168267754,0.483267123664
A[C>T]A,1.14676115307,2.0250909909,1.77352689265,1.03141280282,1.57227561406,1.72123893722,1.99151971132
A[C>T]C,1.06410118693,2.11715344684,1.85415301866,1.07830175553,1.64375267611,1.92007803116,1.31836138175
A[C>T]G,2.26159555289,1.28661587526,1.12678781622,0.655295042058,0.998925368991,1.77648087169,5.67301547028
A[C>T]T,1.0526084658,1.15800282227,1.01415154,0.589790257304,0.899070514183,1.82558055709,1.17298050887
C[C>T]A,1.09366237145,4.44589683516,3.89361151402,2.26436981667,3.45178325711,1.78165135392,2.27698307798
C[C>T]C,1.17993272407,4.76640943665,4.17430888551,2.42761225966,3.7006284446,2.43033270966,2.19000217685
C[C>T]G,1.84959970467,1.70894976301,1.49665786699,0.870396773709,1.32682435017,1.88220571235,4.2657330527
C[C>T]T,1.62436877478,3.84078322168,3.36366729352,1.95617530545,2.98197455099,2.1582870916,2.59156522941
G[C>T]A,1.36542809912,2.21015658153,1.93560296892,1.12566981171,1.71596007883,1.90215353599,2.37939752134
G[C>T]C,3.03475247509,2.96181165125,2.59388473805,1.50850034411,2.29954320749,2.51445706069,3.1506355587
G[C>T]G,3.39083203076,2.00263001422,1.75385609941,1.01997305072,1.55483696756,2.32311114954,4.63843926501
G[C>T]T,2.58560131606,2.10007213614,1.83919360991,1.06960195754,1.63049078893,1.93550802389,2.55997979986
T[C>T]A,3.30215709994,11.9651390322,10.4787863574,6.09404596669,9.28970421751,1.5298337468,2.52983886981
T[C>T]C,2.5721004327,12.1789405917,10.666028717,6.20293868647,9.45569921718,2.8172062619,2.08066293345
T[C>T]G,15.9404614729,4.69059124069,4.10790909899,2.38899678097,3.64176338563,1.03513373487,2.98154527243
T[C>T]T,4.13955362099,5.58736034329,4.89327831307,2.84573632391,4.33801268889,1.9613155759,2.12333272563
A[T>A]A,1.07095924002,0.55333485949,0.484597609864,0.281822723467,0.429607810163,1.34585632696,0.572656576531
A[T>A]C,0.94167427234,0.489462509529,0.428659713314,0.24929146448,0.380017476342,0.563327701271,0.526207654734
A[T>A]G,0.570971533198,0.437052409106,0.382760184372,0.222598121408,0.339326404585,1.29014324589,0.422791225054
A[T>A]T,0.952121422793,0.710983743297,0.622662781397,0.362115943791,0.552006011876,0.951469984469,0.547247787375
C[T>A]A,1.47858469603,0.349282669986,0.305893518435,0.17789552136,0.271182197194,1.75332537832,0.842752588254
C[T>A]C,1.11259906941,0.603140349435,0.528216082424,0.307189494743,0.468276668816,1.23703066709,0.973355286828
C[T>A]G,1.78314229596,0.564518327105,0.494391826843,0.287518651072,0.438290626634,2.85566418347,1.00649170421
C[T>A]T,1.39405450912,0.491095246756,0.430089626041,0.250123044931,0.381285129469,1.46638613874,1.52508390378
G[T>A]A,1.01764644306,0.219938938524,0.192617331254,0.112018589807,0.170760045438,1.02004277845,0.379595884726
G[T>A]C,0.621699129845,0.327052094367,0.286424505005,0.166573116386,0.253922433515,0.45989147598,0.33229974765
G[T>A]G,0.912573641353,0.316306759688,0.277013994509,0.161100337232,0.245579782366,0.928373877686,0.392035403748
G[T>A]T,0.761124251497,0.383928258974,0.336235307549,0.195541100844,0.298080946409,0.644739515272,0.389602437277
T[T>A]A,0.784922622376,0.497135231498,0.435379302119,0.253199310452,0.385974558616,1.26234925439,0.434877316985
T[T>A]C,0.772335792453,0.610402658484,0.534576241281,0.310888310532,0.473915107519,0.769490614197,0.473733046882
T[T>A]G,0.58440655351,0.438447341583,0.383981833312,0.223308583912,0.340409426695,1.18305704867,0.342489153296
T[T>A]T,1.23858775982,0.600564883951,0.525960550541,0.305877766981,0.466277083813,1.10132268006,0.63880604906
A[T>C]A,1.64113456755,1.53228780386,1.34194149282,0.78041987526,1.18966444399,1.89282484182,0.959230644426
A[T>C]C,1.21805989022,0.922222977669,0.807661117089,0.469703628378,0.716011628625,0.769506609521,0.810311099147
A[T>C]G,1.43089375921,1.47358721552,1.29053290304,0.750522681198,1.14408945305,1.40826296191,1.13129248259
A[T>C]T,1.45060460938,1.2296569103,1.07690449908,0.626284885993,0.954702570111,1.66018740268,0.733415823624
C[T>C]A,1.17104619233,0.835545276891,0.731750832556,0.42555722177,0.648715277089,0.734716864223,0.960425425577
C[T>C]C,1.70164432167,0.905560436406,0.793068456728,0.461217116679,0.703074872986,0.973621580872,2.30282301754
C[T>C]G,1.71088265636,1.09248305156,0.956770871241,0.556419939303,0.848201126986,1.0580683334,2.24846768924
C[T>C]T,1.05550428901,1.0068448433,0.881770949724,0.512802963669,0.781711834861,1.14974669368,3.97504004819
G[T>C]A,3.36603132179,1.50634564214,1.31922195988,0.767207097237,1.16952301408,0.783995450257,1.5184299513
G[T>C]C,2.40444873296,1.04447749178,0.914728735041,0.531969902648,0.810929729646,0.667865103899,1.19447415088
G[T>C]G,2.39018700122,1.09950217561,0.962918054417,0.559994896895,0.853650757462,0.907467729121,1.28574276238
G[T>C]T,3.01737843867,1.48149736853,1.29746042834,0.754551454779,1.15023087619,0.915483778524,1.43886190075
T[T>C]A,1.57357648023,1.05611286771,0.924918722655,0.537895994736,0.819963406609,0.864786131841,0.804025695544
T[T>C]C,2.13442171529,1.13938423959,0.997845824732,0.580307500908,0.884615092847,1.02170392378,1.2421476059
T[T>C]G,1.40043067646,0.823432904507,0.721143102705,0.419388187388,0.639311261263,0.683987190612,1.00427273456
T[T>C]T,2.03732862014,0.965509013243,0.845570005387,0.491749932211,0.749618799102,1.02754439714,0.904445212641
A[T>G]A,0.277984759446,0.354381873349,0.310359280387,0.180492631147,0.275141206017,0.550580208358,0.160312309116
A[T>G]C,0.686889309848,0.163342377944,0.143051399317,0.0831930123687,0.126818616416,0.220360883436,0.545173886557
A[T>G]G,0.506864011879,0.383013845097,0.335434485458,0.195075374522,0.297370997746,0.500530845812,0.316083268026
A[T>G]T,2.71495232289,0.537744887791,0.470944280612,0.273882489434,0.417503794869,0.54849762538,2.41598004834
C[T>G]A,0.381295386658,0.240146907587,0.210314993601,0.122310847343,0.186449462413,0.331012904746,0.162969886443
C[T>G]C,0.921310145802,0.413751635874,0.362353917131,0.210730646842,0.321235742138,0.435810934424,1.29443117512
C[T>G]G,0.952769955255,0.529963662084,0.464129666794,0.269919380689,0.411462470562,0.824766952838,0.907625062377
C[T>G]T,3.88446721387,0.935362723293,0.819168596176,0.47639592118,0.726213294482,1.25114842828,10.8742427809
G[T>G]A,0.0990106894824,0.162359037182,0.142190212688,0.0826921804283,0.126055153092,0.243612631621,0.0242266112688
G[T>G]C,0.185805548633,0.179799504704,0.157464162505,0.091574903017,0.139595888745,0.157963866369,0.353935092531
G[T>G]G,0.464962140394,0.463862097796,0.406239476952,0.236252745461,0.360141380276,0.931728644721,0.398385903191
G[T>G]T,1.06589208531,0.509907117703,0.446564618609,0.259704246283,0.395890619334,0.611808809586,2.75998055227
T[T>G]A,0.60823847716,0.585479104363,0.51274878084,0.298194326446,0.454564522021,0.819924825657,0.245616529837
T[T>G]C,1.31177314352,0.369136277175,0.323280839016,0.188007296449,0.28659648849,0.48510639347,0.861204959903
T[T>G]G,0.68704647829,0.466865079841,0.408869417749,0.237782214577,0.362472888075,0.54402067052,0.450669672774
T[T>G]T,9.1787811643,0.901817152751,0.789790177254,0.459310599538,0.700168596856,1.33080950982,5.42297795258
