,1,3,2,5,4,7,6,9,8
A[C>A]A,0.25360762085,0.894671329108,1.21168085517,1.18350223063,0.204295027907,0.827314752027,1.24542005681,0.713606346058,1.11666178226
A[C>A]C,0.194217924234,0.685157677159,0.927930082452,0.906350313092,0.156453327855,0.655632886926,0.986974238383,0.588827889914,0.921406605513
A[C>A]G,0.0492586919582,0.173773718852,0.2353470838,0.229873895805,0.0396806129663,0.0644957563714,0.0970903859355,0.0789802119261,0.123589405699
A[C>A]T,0.163769406768,0.577742073876,0.782453832336,0.764257231584,0.131925355452,0.703179584266,1.0585499118,0.671256497655,1.05039211207
C[C>A]A,0.26850284328,0.947218363794,1.28284691789,1.25301326864,0.216293957087,1.08244214535,1.62948279945,0.79099411382,1.23775930774
C[C>A]C,0.227690946191,0.803243060172,1.08785674291,1.06255774889,0.183417706653,0.875957893357,1.31864629108,0.614076340393,0.960915754874
C[C>A]G,0.0408337475976,0.144052387358,0.195094571855,0.190557488789,0.0328938522314,0.130533928606,0.196502688223,0.126575283342,0.198066878563
C[C>A]T,0.311402515395,1.09855887375,1.487812018,1.45321173851,0.25085202629,1.16620093766,1.755571304,1.08804998585,1.70259673712
G[C>A]A,0.288391822629,1.01738226316,1.37787204145,1.3458285056,0.232315634896,0.695946435862,1.0476613013,0.733482069752,1.14776360915
G[C>A]C,0.290522301093,1.02489811775,1.38805099411,1.35577073843,0.234031853658,0.555930878555,0.836885193524,0.609518135242,0.953783007926
G[C>A]G,0.0642400409912,0.226624589052,0.306924640291,0.299786857959,0.0517489219095,0.077274935981,0.116327860617,0.14375871831,0.22495577217
G[C>A]T,0.229747228286,0.810497166453,1.09768120181,1.072153732,0.185074156119,1.18022393455,1.7766811918,0.761521118698,1.19163952833
T[C>A]A,0.35375192759,1.247958189,1.69014809849,1.65084232875,0.284966830559,1.02162276969,1.53792675008,0.812445932714,1.27132743175
T[C>A]C,0.270678185818,0.954892488859,1.29324022113,1.26316486715,0.218046316354,0.751808349161,1.13175450411,0.613265180456,0.959646439788
T[C>A]G,0.0479583666142,0.16918646,0.229134418268,0.223805710866,0.0386331286614,0.171737453335,0.258529499645,0.169408565334,0.26509303279
T[C>A]T,0.482956131063,1.70376190681,2.30745707063,2.25379527829,0.389047994467,2.51737515543,3.78959700817,1.04469184901,1.63474928225
A[C>G]A,0.0840740592414,0.296594597879,0.401687171931,0.392345609793,0.0677263255,0.316202593081,0.476003903563,0.25894212708,0.405196476634
A[C>G]C,0.0592527816051,0.209030646218,0.283096623225,0.276512980824,0.0477314074041,0.115725117347,0.17420985407,0.190413137556,0.297961298584
A[C>G]G,0.00751474870627,0.0265103634916,0.0359037993744,0.0350688272959,0.00605354756894,0.0221195538097,0.0332982530469,0.0211177084367,0.0330453030167
A[C>G]T,0.0740880051028,0.261366018001,0.35397602438,0.345744023813,0.0596820041106,0.320134651865,0.48192313184,0.289484491049,0.452989620252
C[C>G]A,0.0815762818336,0.287782994246,0.389753346539,0.380689315224,0.0657142270327,0.167767601696,0.252553378898,0.248212623992,0.388406791247
C[C>G]C,0.0560316355138,0.197667158618,0.267706703011,0.261480965731,0.045136595275,0.193479376872,0.291259277011,0.172946635631,0.270629457607
C[C>G]G,0.0165932918419,0.0585374462202,0.0792790610226,0.077435361929,0.0133668184282,0.0455572991207,0.0685808803968,0.0260118475479,0.0407037244037
C[C>G]T,0.0642586428393,0.226690212239,0.307013515788,0.299873666583,0.0517639067316,0.182234010953,0.274330769176,0.260095218087,0.407000850525
G[C>G]A,0.0390681951771,0.137823910764,0.186659154735,0.18231824416,0.0314716016704,0.168316545945,0.253379746585,0.165857288915,0.259535942839
G[C>G]C,0.0647445600882,0.228404420311,0.309335120421,0.302141280412,0.052155340071,0.0839246559763,0.126338191792,0.171251726905,0.267977239323
G[C>G]G,0.0106310546485,0.0375039983432,0.0507928166537,0.0496115883594,0.00856390513348,0.0187308262869,0.0281969427975,0.0200096749289,0.0313114357684
G[C>G]T,0.0781865210478,0.275824671474,0.373557822784,0.364870431556,0.0629835863996,0.131860925685,0.198500318236,0.212945445703,0.333220188183
T[C>G]A,0.105570902889,0.37243068519,0.504394313801,0.49266421348,0.0850432273269,0.556454053412,0.837672768577,1.23970711368,1.93991205752
T[C>G]C,0.0796774695641,0.281084406518,0.380681243473,0.371828191299,0.0641846282599,0.188084575655,0.283138070878,0.434897024536,0.680533306913
T[C>G]G,0.0108673323703,0.0383375336398,0.0519216991027,0.0507142177282,0.00875423996498,0.0352393609538,0.0530485003605,0.0388875553494,0.0608518227226
T[C>G]T,0.157672411387,0.556233229061,0.753323743295,0.735804586475,0.127013886951,1.19122742403,1.79324558456,1.65235542314,2.58563024547
A[C>T]A,0.53478489812,1.88660227948,2.55508340213,2.49566285789,0.430798945707,1.43034177728,2.15320267548,1.05245519177,1.64689747601
A[C>T]C,0.766916101966,2.70550958194,3.66415470939,3.57894180917,0.617793526584,2.06092124915,3.1024620955,0.743571501662,1.16355170167
A[C>T]G,1.24960236032,4.40831943779,5.97032238818,5.83147768148,1.00662412359,1.8748244502,2.82231637665,2.16959539845,3.39501502165
A[C>T]T,0.479162163428,1.69037763209,2.28933033638,2.236090096,0.385991742762,1.43622830753,2.16206411886,0.892419330498,1.39647098939
C[C>T]A,0.711429395399,2.50976481155,3.3990515558,3.3200038452,0.573095901849,2.24081516268,3.37327013736,1.28081552244,2.00423910456
C[C>T]C,1.26990524176,4.47994349176,6.06732504396,5.92622446154,1.02297922253,4.29993748476,6.47302417061,0.631075533506,0.987516344098
C[C>T]G,0.830267645887,2.92899975077,3.96683430813,3.87458234747,0.668826714743,1.26278943159,1.90097333788,1.66795829292,2.61004584725
C[C>T]T,1.04167689238,3.67480459255,4.97690070802,4.86115883109,0.839128607747,5.02217158057,7.56025829333,1.01327000887,1.58557992129
G[C>T]A,0.619779039093,2.18644272124,2.96116652011,2.89230218243,0.499266448158,2.61309418848,3.93369017621,1.04357798855,1.63300629689
G[C>T]C,1.23604164826,4.36048025913,5.90553231945,5.76819435854,0.995700216652,6.14684787404,9.25331938027,2.00076281756,3.13082329785
G[C>T]G,0.884371313099,3.11986546566,4.22532960703,4.1270661278,0.712410224441,4.54247051849,6.83812766224,2.59897357956,4.0669123606
G[C>T]T,0.813503685994,2.86986022559,3.88673983308,3.79635053464,0.655322413717,5.04241095224,7.59072616466,1.37699964738,2.15474944821
T[C>T]A,0.744349359388,2.62589912895,3.55633582819,3.47363034381,0.599614761729,5.32037845066,8.0091718612,1.70934136352,2.67480268921
T[C>T]C,0.883086121327,3.11533159468,4.21918924634,4.12106856619,0.711374931069,2.60758950228,3.92540355182,1.31345068519,2.05530709071
T[C>T]G,0.61945551857,2.18530141273,2.95962081095,2.89079241999,0.499005834404,1.85551013361,2.79324106134,1.41449969592,2.21343007973
T[C>T]T,0.771949951444,2.72326788426,3.68820532356,3.60243310674,0.621848571996,3.74558427407,5.63851396096,1.41376555529,2.2122812856
A[T>A]A,1.17888300239,4.15883725842,5.63244101141,5.50145401114,0.949655751923,0.427644335704,0.643765666651,0.711862737295,1.11393335743
A[T>A]C,0.156728244009,0.552902416365,0.748812721377,0.731398472042,0.126253307674,0.516509786322,0.777541613819,0.938515436978,1.46860285972
A[T>A]G,0.321435519383,1.13395308227,1.53574748149,1.50003242379,0.258934168392,0.353220179134,0.531729301922,0.328786708075,0.51449031171
A[T>A]T,0.264188413953,0.931998015888,1.26223353333,1.23287926511,0.212818444573,0.645850205819,0.972247621663,0.655038426521,1.02501383409
C[T>A]A,2.3836259492,8.40890265411,11.3884350906,11.1235877629,1.92014312574,0.480653473082,0.723564368081,0.8962950334,1.40253574671
C[T>A]C,0.303663958011,1.07125896298,1.4508389105,1.41709847072,0.244618188398,0.568493476313,0.855796631009,0.908389214256,1.42146090009
C[T>A]G,0.881341007836,3.10917522209,4.21085148188,4.11292470323,0.709969145201,0.839010723985,1.26302689632,0.561884665669,0.879245449056
C[T>A]T,0.397813739483,1.40339846984,1.9006656442,1.85646411759,0.320461067917,0.669472366814,1.00780786402,1.59262707296,2.49216643825
G[T>A]A,0.916229378886,3.23225364218,4.37754036579,4.27573710147,0.738073666325,0.441745302306,0.664992928202,0.374341529462,0.585775171103
G[T>A]C,0.0970432622852,0.342347064173,0.463651142029,0.452868557331,0.078173739063,0.231722643067,0.348829785262,0.523675805136,0.819455658037
G[T>A]G,0.261458259627,0.922366638128,1.24918946266,1.22013854492,0.210619153588,0.507426157888,0.763867334455,0.351081550132,0.549377610855
G[T>A]T,0.110842125374,0.391026386737,0.529579043455,0.517263251747,0.0892894898849,0.534599015432,0.804772711402,0.514986071467,0.805857834054
T[T>A]A,0.656180164174,2.31485780139,3.13508300661,3.06217409948,0.528589576696,0.508250958143,0.765108969248,0.410880123135,0.642951303794
T[T>A]C,0.160805159069,0.567284866716,0.768291315552,0.750424075655,0.12953748925,0.349329016548,0.525871637814,0.542163641779,0.84838569871
T[T>A]G,0.349516483614,1.23301648386,1.66991208838,1.63107692353,0.281554945134,0.343495577588,0.517090116799,0.166420940842,0.260417953725
T[T>A]T,0.24004538485,0.846826774332,1.14688350539,1.12021179597,0.193369893351,0.628998847845,0.946879986003,0.661483875708,1.03509976847
A[T>C]A,0.561553885321,1.98103731766,2.68297967431,2.62058479816,0.452362852064,1.39690903065,2.10287380958,2.25744676484,3.53248614128
A[T>C]C,0.259860699863,0.916730802296,1.24155667712,1.21268326603,0.209332230445,0.602213677729,0.906558224539,1.41757569533,2.21824344917
A[T>C]G,0.451897145874,1.59419270906,2.1590641414,2.10885334741,0.364028256398,1.02251045188,1.53926304584,2.01609272621,3.15481176601
A[T>C]T,0.387636642034,1.36749593162,1.85204173416,1.80897099616,0.312262850527,1.1449154936,1.72352870004,1.7362586232,2.71692321593
C[T>C]A,0.327541579841,1.15549390666,1.56492088146,1.52852737259,0.263852939316,0.508939312581,0.766145201735,1.68726717944,2.64026067894
C[T>C]C,0.325983329818,1.14999674686,1.55747590913,1.52125553915,0.262597682354,0.657067316805,0.98913359519,2.58536816031,4.04562239901
C[T>C]G,0.418752929229,1.47726727811,2.00070843965,1.9541803364,0.337328748546,0.744347659381,1.12052335821,2.84710798796,4.45519675893
C[T>C]T,0.506873625476,1.78813751209,2.42172954394,2.36541025222,0.408314864966,0.636618732151,0.958350779583,4.65455226689,7.28351234356
G[T>C]A,0.572860699526,2.02092524555,2.73700111996,2.67334993112,0.461471119062,0.931070525558,1.40161154385,4.16882292759,6.52343587743
G[T>C]C,0.311032458703,1.09725339598,1.48604396936,1.45148480728,0.250553925066,1.29011780313,1.94211282192,2.51560412651,3.93645460537
G[T>C]G,0.340327449276,1.20059961272,1.62600892432,1.58819476329,0.274152667472,0.801417135866,1.20643439808,2.47199116545,3.86820839778
G[T>C]T,0.446896530069,1.57655164774,2.13517231033,2.08551714032,0.359999982556,0.839997672563,1.26451262536,2.95250772675,4.62012783168
T[T>C]A,0.348108888237,1.22805080017,1.66318691047,1.62450814511,0.280421048858,0.703662209082,1.05927644378,1.50276691218,2.35155192739
T[T>C]C,0.314657667743,1.11004232787,1.50336441255,1.46840244947,0.253474232349,0.611777942724,0.92095604281,2.00506102344,3.13754919408
T[T>C]G,0.244597034274,0.862883982024,1.16863027487,1.14145282661,0.197036499832,0.465195151527,0.700293776492,1.19140756035,1.86433220092
T[T>C]T,0.386533232612,1.36360334838,1.84676988915,1.80382175219,0.311373992938,0.691923939833,1.04160593093,1.4746651246,2.30757783387
A[T>G]A,0.233336515394,0.823159373751,1.11483001799,1.08890373851,0.18796552629,0.212459352026,0.31983128262,0.113392256955,0.177437883569
A[T>G]C,0.061706992664,0.217688557453,0.294822298283,0.287965965765,0.0497084107571,0.0704204995214,0.106009354118,0.39271155428,0.614520858086
A[T>G]G,0.0641761951323,0.22639935505,0.306619598965,0.299488910617,0.0516974905232,0.216300027659,0.325612944863,0.319844318568,0.500497128129
A[T>G]T,0.194342108796,0.685595772697,0.928523408692,0.906929841048,0.156553365419,0.255644568901,0.384841286518,1.72521218683,2.69963758865
C[T>G]A,0.140055024752,0.494083003988,0.669151784929,0.653590115512,0.112822103273,0.0835591258605,0.125787931403,0.092475022987,0.14470628597
C[T>G]C,0.107726734178,0.380035978907,0.51469439663,0.502724759499,0.0867798691993,0.180697691365,0.272018030012,1.06289941087,1.66324074478
C[T>G]G,0.159063768617,0.561141628175,0.759971338946,0.742297586877,0.128134702497,0.287281824182,0.43246726221,0.824315695789,1.28990141286
C[T>G]T,0.756740109156,2.66961094063,3.61553607708,3.53145384273,0.609596199042,0.534428497967,0.804516018444,10.2690930349,16.0692289157
G[T>G]A,0.0499963193286,0.176375904298,0.238871303459,0.233316156867,0.0402748127925,0.0726451701005,0.109358320581,0.0143938415552,0.0225236965077
G[T>G]C,0.0255479078735,0.0901273416647,0.122062226507,0.119223570076,0.0205802591203,0.0730877979222,0.110024642033,0.414954820087,0.649327449951
G[T>G]G,0.0975147999842,0.344010544389,0.465904044369,0.455069066593,0.0785535888762,0.312386196845,0.47025879095,0.33497728101,0.524177411951
G[T>G]T,0.249241988567,0.879270348557,1.19082283427,1.16312927998,0.200778268568,0.569451333152,0.857238566036,2.82797992638,4.4252648848
T[T>G]A,0.333003154268,1.17476112756,1.59101507039,1.55401471992,0.268252540938,0.266605380244,0.401341432625,0.106803883328,0.167128298912
T[T>G]C,0.0847057633107,0.298823109457,0.404705313596,0.395293562117,0.0682351982225,0.166633112177,0.250845545213,0.648207605734,1.01432486453
T[T>G]G,0.113455433077,0.400245555578,0.542064846925,0.529458687694,0.0913946544233,0.227341046488,0.342233833423,0.3698609023,0.57876381934
T[T>G]T,0.460854404208,1.62579192596,2.20185993122,2.15065388631,0.371243825612,0.659300547083,0.992495447222,3.57382406063,5.59237283561
