,1,3,2,5,4,7,6,9,8
A[C>A]A,2.90468326651,2.67536616652,1.68165873324,2.06385389989,2.98112229984,0.580936653303,1.19244891994,3.95722252637,1.15325262205
A[C>A]C,2.39109566385,2.20232495354,1.38431854223,1.69893639273,2.45401923395,0.47821913277,0.98160769358,2.22063728344,0.928779523208
A[C>A]G,0.825869539184,0.760669312406,0.47813499637,0.586802040999,0.84760294811,0.165173907837,0.339041179244,1.47650394483,0.207568655995
A[C>A]T,1.81794881093,1.67442653639,1.05249668001,1.29170047093,1.86578956911,0.363589762187,0.746315827646,2.56676692445,0.688904931553
C[C>A]A,3.14859987876,2.90002620412,1.82287361402,2.23716307175,3.2314577703,0.629719975752,1.29258310812,7.01795323741,1.01181635624
C[C>A]C,3.10032690512,2.85556425472,1.79492610297,2.20286385364,3.18191445526,0.620065381025,1.2727657821,3.44231287489,0.757593742288
C[C>A]G,0.655888336075,0.604107677964,0.379724826149,0.466025923001,0.673148555446,0.131177667215,0.269259422178,2.13617539525,0.200973478817
C[C>A]T,3.79289585802,3.49345671134,2.1958870757,2.69495232017,3.89270890692,0.758579171604,1.55708356277,4.11623017262,1.51026805908
G[C>A]A,2.84466896789,2.62008983884,1.64691361299,2.02121216139,2.91952867757,0.568933793578,1.16781147103,7.36846720073,1.00165975832
G[C>A]C,2.79144687402,2.57106948923,1.6161008218,1.98339646312,2.86490600228,0.558289374804,1.14596240091,7.85595930949,1.00256055965
G[C>A]G,1.00735616236,0.927828044281,0.583206199262,0.715753062731,1.03386553506,0.201471232472,0.413546214022,3.24723263996,0.165246997444
G[C>A]T,2.71811778494,2.50352953876,1.57364713865,1.93129421561,2.78964720033,0.543623556987,1.11585888013,5.80470781901,0.993365581089
T[C>A]A,2.13937327777,1.97047538742,1.23858452924,1.52008101315,2.19567257455,0.427874655554,0.878269029822,4.53833791616,0.676469281585
T[C>A]C,2.71712416914,2.50261436632,1.5730718874,1.93058822544,2.78862743675,0.543424833828,1.1154509747,5.57909719964,0.786427899359
T[C>A]G,0.650893669831,0.599507327476,0.37683317727,0.462477081195,0.668022450616,0.130178733966,0.267208980246,1.38111384437,0.160303598607
T[C>A]T,2.98512998975,2.74946183267,1.72823315196,2.12101341377,3.06368604211,0.59702599795,1.22547441685,8.23729560958,0.996447257179
A[C>G]A,0.721119850061,0.664189335582,0.417490439509,0.512374630306,0.74009668822,0.144223970012,0.296038675288,1.1431484706,0.606622473807
A[C>G]C,0.401249073017,0.369571514621,0.232302094905,0.285098025565,0.411808259149,0.0802498146035,0.16472330366,0.813660279902,0.340126177237
A[C>G]G,0.122108811773,0.112468642422,0.0706945752367,0.0867615241542,0.125322201556,0.0244217623545,0.0501288806224,0.121576314643,0.145973678973
A[C>G]T,0.600626178748,0.553208322531,0.347730945591,0.426760705952,0.61643213082,0.12012523575,0.246572852328,0.742072812735,0.599883157995
C[C>G]A,0.576389391828,0.530884966157,0.333699121584,0.409539831035,0.591557533718,0.115277878366,0.236623013487,1.04070672353,0.430027859468
C[C>G]C,0.529170766457,0.487394127,0.306362022685,0.375989755114,0.543096312942,0.105834153291,0.217238525177,1.27324851709,0.337079235982
C[C>G]G,0.281706925571,0.259466905131,0.163093483225,0.200160183958,0.289120265717,0.0563413851141,0.115648106287,0.280567061008,0.127533520249
C[C>G]T,0.63585588308,0.585656734416,0.368127090204,0.451792337978,0.652588932635,0.127171176616,0.261035573054,1.05342852357,0.563228217824
G[C>G]A,0.409464226369,0.377138103235,0.237058236319,0.29093510821,0.420239600747,0.0818928452738,0.168095840299,0.50534765447,0.341612818654
G[C>G]C,0.443235457374,0.408243184424,0.256610001638,0.314930456555,0.454899548358,0.0886470914748,0.181959819343,0.88374699906,0.324611996791
G[C>G]G,0.194259609895,0.178923324904,0.112466089939,0.138026564926,0.199371704893,0.0388519219791,0.079748681957,0.381692743256,0.0498043601018
G[C>G]T,0.471259648015,0.434054938962,0.272834533062,0.334842381485,0.4836612177,0.0942519296031,0.19346448708,0.447077891855,0.454621976728
T[C>G]A,0.362688901388,0.334055567068,0.209977785014,0.257700008881,0.372233346161,0.0725377802776,0.148893338464,0.780044195082,0.483099857638
T[C>G]C,0.636351632912,0.586113346103,0.368414103265,0.452144581279,0.653097728515,0.127270326582,0.261239091406,0.918831457954,0.524053033353
T[C>G]G,0.0999411544261,0.0920510632872,0.0578606683519,0.0710108202501,0.102571184806,0.0199882308852,0.0410284739223,0.165676020001,0.0648246224663
T[C>G]T,0.818852793005,0.754206519873,0.474072669635,0.581816458188,0.840401550716,0.163770558601,0.336160620286,0.785251420515,0.932529239628
A[C>T]A,2.13684957486,1.96815092422,1.23712343808,1.51828785582,2.19308245841,0.427369914972,0.877232983365,1.71375804265,1.45042584383
A[C>T]C,2.15420166226,1.98413310998,1.24716938342,1.53061697056,2.21089117969,0.430840332453,0.884356471877,1.20275889738,1.76093550579
A[C>T]G,2.93166978976,2.70022217478,1.69728250986,2.08302853483,3.00881899475,0.586333957952,1.2035275979,2.35983029332,1.86071502058
A[C>T]T,1.77776127581,1.6374117014,1.02923021231,1.26314616965,1.82454446728,0.355552255162,0.729817786911,1.17933697351,1.33744528019
C[C>T]A,2.33979583656,2.15507511263,1.35461864222,1.66248651545,2.40136941121,0.467959167313,0.960547764484,1.71157311241,1.7370589668
C[C>T]C,2.63043120981,2.42276558798,1.52288122673,1.86899059644,2.69965308375,0.526086241962,1.0798612335,1.22651837166,2.33783473223
C[C>T]G,2.12109980449,1.95364455677,1.22800514997,1.50709722951,2.1769182204,0.424219960898,0.870767288159,2.55793025246,1.28328366009
C[C>T]T,2.71015372879,2.49619422388,1.5690363693,1.92563554414,2.78147356376,0.542030745758,1.1125894255,1.43903723819,1.93076313353
G[C>T]A,2.70748534684,2.49373650367,1.56749151659,1.92373958855,2.77873496124,0.541497069369,1.11149398449,3.31521020373,1.57619757044
G[C>T]C,4.6886122608,4.31845866126,2.71445972994,3.33138239583,4.81199679398,0.93772245216,1.92479871759,3.78106865877,2.35839143391
G[C>T]G,4.85017367563,4.46726522755,2.80799528589,3.44617603268,4.97780982498,0.970034735125,1.99112392999,2.34385193639,1.64516841803
G[C>T]T,3.43821691653,3.16677873891,1.99054663588,2.44294359859,3.52869630907,0.687643383306,1.41147852363,3.04210594712,1.72279609169
T[C>T]A,1.95988489987,1.80515714462,1.13467020519,1.39254979728,2.01146081829,0.391976979975,0.804584327317,2.89613994672,1.84655920643
T[C>T]C,2.63251897309,2.42468852785,1.52408993179,1.8704740072,2.70179578817,0.526503794618,1.08071831527,2.16808659595,2.72853444532
T[C>T]G,1.43527186733,1.32196093043,0.830946870557,1.01979843205,1.47304217962,0.287054373465,0.589216871849,3.23811374118,1.14943405063
T[C>T]T,2.42844362562,2.23672439202,1.40594104641,1.72547310241,2.49235003682,0.485688725124,0.996940014727,1.71005112542,1.6278236232
A[T>A]A,1.43889101313,1.3252943542,0.833042165498,1.02236993038,1.47675656611,0.287778202627,0.590702626444,0.722009005839,1.17050464459
A[T>A]C,1.10461460536,1.01740818915,0.639513718895,0.784857745917,1.13368341077,0.220922921073,0.453473364307,1.27220300847,0.684919364328
A[T>A]G,1.42197091176,1.30971005031,0.823246317338,1.0103477531,1.45939119892,0.284394182353,0.583756479567,0.968751532037,0.329094069189
A[T>A]T,1.30704761853,1.20385964865,0.75671177915,0.928691728956,1.34144360849,0.261409523706,0.536577443397,0.781117433844,0.543737668147
C[T>A]A,2.31477971362,2.13203394676,1.34013562367,1.64471190178,2.37569496924,0.462955942724,0.950277987697,0.409079607777,2.0753182421
C[T>A]C,2.39014768579,2.20145181586,1.38376971283,1.69826282938,2.4530463091,0.478029537158,0.98121852364,1.00178331061,0.586570203392
C[T>A]G,3.86641759464,3.56117410033,2.23845229164,2.74719144883,3.96816542608,0.773283518929,1.58726617043,1.22266932427,0.491232070525
C[T>A]T,2.21502306987,2.04015282751,1.28238177729,1.57383218122,2.27331315066,0.443004613974,0.909325260263,0.839938179626,0.544787328258
G[T>A]A,1.22966359143,1.13258488684,0.711910500302,0.87370834128,1.26202315963,0.245932718286,0.504809263851,0.391839075036,0.805875596273
G[T>A]C,0.74035478149,0.681905719793,0.428626452441,0.526041555269,0.759837802055,0.148070956298,0.303935120822,0.995224204885,0.347774139516
G[T>A]G,1.24654842395,1.14813670627,0.721685929657,0.885705459124,1.27935232985,0.24930968479,0.511740931938,0.418913792708,0.286094470059
G[T>A]T,0.762077725841,0.701913694854,0.441202893908,0.541476278887,0.782132402837,0.152415545168,0.312852961135,0.4380446326,0.357796745618
T[T>A]A,1.06296945336,0.979050812309,0.615403367737,0.755267769496,1.09094233372,0.212593890673,0.436376933487,0.546871197811,0.568434253647
T[T>A]C,1.29783438945,1.19537377976,0.751377804419,0.922145487242,1.33198792602,0.25956687789,0.532795170406,1.13160986625,0.51103657948
T[T>A]G,1.28110823258,1.17996810896,0.741694239916,0.910261112624,1.31482160712,0.256221646516,0.525928642849,1.03067210266,0.218779780586
T[T>A]T,1.67454400699,1.54234316433,0.96947284615,1.18980758391,1.71861095454,0.334908801397,0.687444381815,0.766624510821,0.513230506491
A[T>C]A,3.51696968762,3.23931418597,2.03614034547,2.49889951489,3.60952152151,0.703393937524,1.4438086086,2.99306670497,2.4060225725
A[T>C]C,1.73735852275,1.60019863937,1.00583914475,1.23443895037,1.78307848387,0.34747170455,0.71323139355,1.53282237473,1.36463582085
A[T>C]G,2.96371175818,2.72973451412,1.71583312316,2.1057951966,3.04170417287,0.592742351637,1.21668166915,2.72228845705,2.34883381272
A[T>C]T,2.4308785764,2.23896710984,1.40735075476,1.72720319902,2.49484906525,0.48617571528,0.997939626102,2.42410676323,1.85342441761
C[T>C]A,2.31330606441,2.13067663827,1.33928245834,1.64366483524,2.37418253979,0.462661212882,0.949673015917,1.82500648365,1.61357314301
C[T>C]C,3.49348399872,3.2176826304,2.02254336768,2.48221231488,3.58541778816,0.698696799745,1.43416711527,2.13604781248,1.35959254772
C[T>C]G,4.2855023444,3.94717321195,2.48108030465,3.04496219207,4.39827872189,0.85710046888,1.75931148875,2.82295873893,2.08582672651
C[T>C]T,2.42160622914,2.23042679,1.40198255371,1.72061495228,2.48533270885,0.484321245828,0.994133083541,1.74757673924,1.13409889583
G[T>C]A,2.76115448865,2.54316860797,1.59856312501,1.96187292615,2.83381644888,0.55223089773,1.13352657955,5.33467631963,3.65111109309
G[T>C]C,2.36371694094,2.17710770877,1.36846770265,1.67948308962,2.42592001834,0.472743388189,0.970368007335,3.25543811163,1.70263277786
G[T>C]G,2.17131402699,1.99989449854,1.25707654194,1.54277575602,2.2284538698,0.434262805397,0.891381547921,3.92728806954,1.87196086596
G[T>C]T,1.80633800293,1.66373237112,1.04577463327,1.28345068629,1.85387321353,0.361267600585,0.741549285412,4.221191563,2.32875994717
T[T>C]A,1.9194953278,1.76795622298,1.11128676873,1.36385194344,1.97000836275,0.383899065561,0.788003345099,2.36576602733,1.43948732253
T[T>C]C,2.77800289489,2.55868687687,1.60831746546,1.97384416216,2.85110823423,0.555600578978,1.14044329369,2.53003378284,1.76296477246
T[T>C]G,1.82295092693,1.67903374848,1.0553926419,1.29525460597,1.87092331974,0.364590185385,0.748369327896,1.89741317586,0.999613115821
T[T>C]T,1.93685956989,1.78394960384,1.12133975099,1.37618969439,1.98782955857,0.387371913977,0.795131823427,2.02168604298,1.22762540937
A[T>G]A,0.464219698315,0.427570774764,0.268758772709,0.329840311961,0.476436006165,0.092843939663,0.190574402466,0.299911935001,0.131843196265
A[T>G]C,0.919178631853,0.846611897759,0.53215605002,0.653100606843,0.943367543217,0.183835726371,0.377347017287,0.611845058368,0.129636135884
A[T>G]G,0.672032209333,0.618977034912,0.389071279087,0.477496569789,0.689717267473,0.134406441867,0.275886906989,0.4818162471,0.328896715095
A[T>G]T,4.41848129611,4.06965382536,2.5580681188,3.13944723671,4.53475711969,0.883696259222,1.81390284788,1.85051540033,0.606127647106
C[T>G]A,0.499346873078,0.45992475152,0.289095558098,0.354799094029,0.512487580265,0.0998693746157,0.204995032106,0.276734343733,0.124981356127
C[T>G]C,2.07408435354,1.91034085195,1.20078567837,1.47369151436,2.12866552074,0.414816870709,0.851466208297,1.01446596304,0.435087791982
C[T>G]G,1.57693862893,1.45244347402,0.912964469383,1.12045639424,1.61843701391,0.315387725787,0.647374805562,0.890841349249,0.552470095947
C[T>G]T,8.17843036724,7.53276481193,4.73488073893,5.81098999778,8.39365221901,1.63568607345,3.3574608876,2.94444684904,0.956040373063
G[T>G]A,0.0200114574028,0.0184316055026,0.0115855806016,0.014218667102,0.0205380747029,0.00400229148057,0.00821522988116,0.0814108371355,0.103514855801
G[T>G]C,0.232813057444,0.214433079225,0.134786506941,0.165419803973,0.23893971685,0.0465626114888,0.0955758867401,0.163390957476,0.182185417614
G[T>G]G,0.58494933956,0.538769128542,0.338654880798,0.415621899161,0.600342743232,0.116989867912,0.240137097293,0.701837318597,0.454035505035
G[T>G]T,2.67883949017,2.467352162,1.55090707326,1.90338595354,2.74933526623,0.535767898034,1.09973410649,0.964265780222,0.627543604606
T[T>G]A,0.612770329588,0.564393724621,0.354761769762,0.435389444707,0.628895864577,0.122554065918,0.251558345831,0.466076252009,0.217206459434
T[T>G]C,1.66953677238,1.53773123772,0.966573920853,1.18624981196,1.7134719506,0.333907354477,0.685388780241,0.888979439028,0.36944069487
T[T>G]G,0.952659191677,0.877449255492,0.551539532023,0.676889425665,0.977729170405,0.190531838335,0.391091668162,0.531606464053,0.398809147846
T[T>G]T,11.630796219,10.7125754649,6.73361886364,8.2639867872,11.9368698037,2.3261592438,4.77474792149,4.96967553295,1.27619458807
