,1,3,2,5,4,7,6,9,8
A[C>A]A,0.267831353826,0.840259808524,0.330682892387,0.189736085796,0.330682892387,0.260209489091,0.542103102273,1.13828325376,2.03551828908
A[C>A]C,0.147689584817,0.653649696035,0.257242783601,0.147598318459,0.257242783601,0.20242055103,0.421709481313,0.62768073547,1.12244084461
A[C>A]G,0.0753637151324,0.240141984643,0.0945074907303,0.0542256094354,0.0945074907303,0.0743665500829,0.154930312673,0.320295789313,0.572764235007
A[C>A]T,0.179612460659,0.714152581456,0.281053596573,0.161260260329,0.281053596573,0.221156928451,0.460743600939,0.7633529578,1.36505470101
C[C>A]A,0.475628515079,1.75377750908,0.690196310025,0.396014276244,0.690196310025,0.543105293135,1.1314693607,2.02142118908,3.6147767146
C[C>A]C,0.251489956651,2.26630975243,0.89190254773,0.511747363452,0.89190254773,0.701824955591,1.46213532415,1.06883231577,1.91132367055
C[C>A]G,0.127596378195,0.802698064528,0.315900528621,0.181254401668,0.315900528621,0.248577465144,0.51786971905,0.542284607327,0.969732474279
C[C>A]T,0.415349761355,4.8694937166,1.91638139815,1.0995630973,1.91638139815,1.50797224772,3.14160884942,1.76523648576,3.1566581863
G[C>A]A,0.526142961882,0.991841812237,0.390337745461,0.223964280183,0.390337745461,0.307151012822,0.639897943379,2.236107588,3.99868651031
G[C>A]C,0.443720937944,1.31712656508,0.51835303529,0.297415675986,0.51835303529,0.407884355638,0.849759074246,1.88581398626,3.37227912837
G[C>A]G,0.169205697405,0.510849469307,0.201043984695,0.115353105972,0.201043984695,0.158198545334,0.329580302778,0.71912421397,1.28596330028
G[C>A]T,0.436139388911,1.33936260026,0.527103991069,0.302436716187,0.527103991069,0.414770353628,0.864104903392,1.85359240287,3.31465935572
T[C>A]A,0.343169216171,1.06611726428,0.419568729814,0.240736156451,0.419568729814,0.330152443132,0.687817589859,1.45846916873,2.6080860429
T[C>A]C,0.364686346131,1.21211980189,0.477027793,0.273704471394,0.477027793,0.375366132197,0.782012775411,1.54991697106,2.7716162306
T[C>A]G,0.0880201990454,0.302753317023,0.119148079603,0.068363652231,0.119148079603,0.0937558659168,0.19532472066,0.374085845943,0.668953512745
T[C>A]T,0.619990671171,2.2433952181,0.882884569702,0.506573113764,0.882884569702,0.694728841733,1.44735175361,2.63496035248,4.7119291009
A[C>G]A,0.0839295590417,0.400999300992,0.157812628132,0.0905482292561,0.157812628132,0.124180428694,0.258709226446,0.356700625927,0.637864648717
A[C>G]C,0.0608335523974,0.290742989255,0.114421434481,0.065651642735,0.114421434481,0.090036538608,0.1875761221,0.258542597689,0.462334998221
A[C>G]G,0.0151544025285,0.139694887221,0.0549766975516,0.0315440067919,0.0549766975516,0.0432603521718,0.0901257336912,0.0644062107463,0.115173459217
A[C>G]T,0.0698412105878,0.388387162195,0.152849141251,0.0877003269474,0.152849141251,0.120274734099,0.250572362707,0.296825144998,0.530793200467
C[C>G]A,0.0878629216582,0.283433888269,0.111544949577,0.0640012005769,0.111544949577,0.0877730750769,0.182860573077,0.373417417047,0.667758204602
C[C>G]C,0.0828312319112,0.304416487183,0.119802617536,0.0687392067832,0.119802617536,0.0942709121598,0.196397733666,0.352032735623,0.629517362525
C[C>G]G,0.0246986156478,0.14337204116,0.0564238355534,0.0323743318749,0.0564238355534,0.0443990837141,0.0924980910711,0.104969116503,0.187709478924
C[C>G]T,0.0861248370982,0.343329685147,0.135116843832,0.0775260579364,0.135116843832,0.106321450884,0.221503022675,0.366030557668,0.654548761947
G[C>G]A,0.0449706746759,0.388957064856,0.153073425524,0.0878290146449,0.153073425524,0.120451220084,0.250940041843,0.191125367373,0.341777127537
G[C>G]C,0.0616395898582,0.415326780016,0.163451184393,0.0937834664552,0.163451184393,0.128617325424,0.267952761301,0.261968256898,0.468460882923
G[C>G]G,0.0219238016303,0.076661445791,0.0301699883435,0.0173106490496,0.0301699883435,0.0237403186966,0.0494589972845,0.0931761569287,0.16662089239
G[C>G]T,0.0628353781068,0.231122704397,0.0909579675369,0.0521889977671,0.0909579675369,0.071573482652,0.149111422192,0.267050356954,0.477548873612
T[C>G]A,0.145222168024,1.66288987524,0.65442762832,0.375491262151,0.65442762832,0.514959445236,1.07283217757,0.617194214104,1.10368847699
T[C>G]C,0.106212930741,0.616484920184,0.242616646008,0.1392062723,0.242616646008,0.190911459154,0.397732206571,0.451404955648,0.807218273629
T[C>G]G,0.0146051893851,0.122726034183,0.0482986328075,0.0277123302994,0.0482986328075,0.0380054815534,0.0791780865696,0.0620720548865,0.110999439326
T[C>G]T,0.181016827015,2.16570119989,0.852308214149,0.4890293032,0.852308214149,0.670668758675,1.39722658057,0.769321514815,1.37572788532
A[C>T]A,0.249003190785,3.83844948345,1.51061560317,0.866746657554,1.51061560317,1.18868113036,2.47641902158,1.05826356083,1.89242424996
A[C>T]C,0.337747684694,3.24542814088,1.27723301028,0.732838612458,1.27723301028,1.00503581137,2.09382460702,1.43542765995,2.56688240368
A[C>T]G,0.346971474121,3.70322659244,1.45739885251,0.836212456357,1.45739885251,1.14680565443,2.38917844673,1.47462876501,2.63698320332
A[C>T]T,0.219755129354,2.10146070947,0.827026472761,0.47452338601,0.827026472761,0.650774929386,1.35578110289,0.933959299755,1.67013898309
C[C>T]A,0.328724542938,4.95473926678,1.94992964692,1.1188120925,1.94992964692,1.53437086971,3.19660597857,1.39707930749,2.49830652633
C[C>T]C,0.565578223489,5.59238061415,2.20087237073,1.26279562255,2.20087237073,1.73183399664,3.607987493,2.40370744983,4.29839449852
C[C>T]G,0.344346054518,3.95047786625,1.55470419252,0.892043389153,1.55470419252,1.22337379084,2.54869539758,1.4634707317,2.61703001434
C[C>T]T,0.511156380661,4.88403945939,1.92210585176,1.10284761986,1.92210585176,1.51247673581,3.1509931996,2.17241461781,3.88478849302
G[C>T]A,0.4764980725,4.6643419268,1.83564424216,1.0532384996,1.83564424216,1.44444137088,3.009252856,2.02511680813,3.621385351
G[C>T]C,0.859829532175,5.31498881312,2.09170527484,1.20015876425,2.09170527484,1.64593201955,3.42902504072,3.65427551174,6.53470444453
G[C>T]G,0.580481416005,2.25132376755,0.88600483755,0.508363431381,0.88600483755,0.697184134466,1.4524669468,2.46704601802,4.41165876164
G[C>T]T,0.585842437866,4.33339738814,1.70540155275,0.978509087644,1.70540155275,1.3419553202,2.79574025041,2.48983036093,4.45240252779
T[C>T]A,0.319525553448,6.44392439234,2.53599605118,1.4550797015,2.53599605118,1.99553787634,4.1573705757,1.35798360215,2.42839420621
T[C>T]C,0.300328137988,9.50360156337,3.74012706688,2.14597454657,3.74012706688,2.94305080672,6.13135584734,1.27639458645,2.28249384871
T[C>T]G,0.276610434552,4.81700843388,1.89572589979,1.08771158184,1.89572589979,1.49171874081,3.1077473767,1.17559434685,2.10223930259
T[C>T]T,0.225545323914,4.30163776298,1.6929026035,0.971337559383,1.6929026035,1.33212008144,2.77525016967,0.958567626634,1.71414446175
A[T>A]A,0.599752836442,0.526871638576,0.207349483569,0.118971015162,0.207349483569,0.163160249365,0.339917186178,2.54894955488,4.55812155696
A[T>A]C,0.0843503174528,0.512268160577,0.201602308356,0.115673455614,0.201602308356,0.158637881985,0.330495587469,0.358488849174,0.641062412641
A[T>A]G,0.0534281861371,0.509131828052,0.20036800975,0.114965251496,0.20036800975,0.157666630623,0.32847214713,0.227069791083,0.406054214642
A[T>A]T,0.0584797328403,0.987725081882,0.38871761287,0.223034695909,0.38871761287,0.305876154389,0.637241988311,0.248538864571,0.444445969586
C[T>A]A,1.31817921959,0.319557550639,0.125761358639,0.0721581565959,0.125761358639,0.0989597576172,0.206166161703,5.60226168327,10.0181620689
C[T>A]C,0.0683595189026,0.851853137277,0.335245428219,0.192353934224,0.335245428219,0.263799681221,0.549582669211,0.290527955336,0.51953234366
C[T>A]G,0.0896818891076,0.615994096093,0.242423482978,0.139095441053,0.242423482978,0.190759462016,0.397415545866,0.381148028707,0.681582357217
C[T>A]T,0.0798342391001,0.697100239124,0.274342674752,0.157409731415,0.274342674752,0.215876203084,0.449742089757,0.339295516175,0.606740217161
G[T>A]A,0.452518539804,0.233584297836,0.0919267236644,0.0527448414468,0.0919267236644,0.0723357825556,0.150699546991,1.92320379417,3.43914090251
G[T>A]C,0.0582480769771,0.43665366704,0.171844346383,0.098599215138,0.171844346383,0.135221780761,0.281712043251,0.247554327153,0.442685385026
G[T>A]G,0.0350863628669,0.349342709227,0.13748325976,0.0788838375674,0.13748325976,0.108183548664,0.22538239305,0.149117042184,0.266656357788
G[T>A]T,0.038309481828,0.48931060728,0.192567400284,0.110489491967,0.192567400284,0.151528446126,0.315684262761,0.162815297769,0.291152061893
T[T>A]A,0.232510991995,0.559427324624,0.220161721304,0.126322299109,0.220161721304,0.173242010206,0.360920854596,0.988171715977,1.76708353916
T[T>A]C,0.0626985597112,0.707335149165,0.278370607091,0.159720840134,0.278370607091,0.219045723612,0.456345257526,0.266468878773,0.476509053805
T[T>A]G,0.0483871981128,0.392215964369,0.154355960171,0.0885648951801,0.154355960171,0.121460427676,0.253042557657,0.205645591979,0.367742705657
T[T>A]T,0.0440320572862,0.686798248139,0.270288342816,0.155083475386,0.270288342816,0.212685909101,0.443095643961,0.187136243466,0.334643635375
A[T>C]A,0.255776421812,2.53914886339,0.999277939787,0.57335619496,0.999277939787,0.786317067373,1.63816055703,1.0870497927,1.94390080577
A[T>C]C,0.132342088747,1.91047294848,0.751863547465,0.431397117398,0.751863547465,0.591630332431,1.23256319257,0.562453877176,1.00579987448
A[T>C]G,0.25787819444,3.94381256478,1.55208107388,0.89053832108,1.55208107388,1.22130969748,2.54439520309,1.09598232637,1.95987427774
A[T>C]T,0.199117462562,1.60117591185,0.630140197567,0.361555851063,0.630140197567,0.495848024315,1.03301671732,0.846249215889,1.51329271547
C[T>C]A,0.169138606745,1.51118483344,0.594724353804,0.341235284969,0.594724353804,0.467979819386,0.974957957055,0.718839078668,1.28545341126
C[T>C]C,0.149704882752,2.05530267807,0.808861053949,0.464100604725,0.808861053949,0.636480829337,1.32600172778,0.636245751695,1.13775710891
C[T>C]G,0.245967130979,4.25028795508,1.67269396942,0.959742441471,1.67269396942,1.31621820545,2.74212126134,1.04536030666,1.86935019544
C[T>C]T,0.146017926205,2.17880255979,0.857464233209,0.491987674792,0.857464233209,0.674725954,1.40567907083,0.620576186369,1.10973623915
G[T>C]A,0.430387890277,1.52995651641,0.602111919359,0.345474052091,0.602111919359,0.473792985725,0.987068720261,1.82914853368,3.2709479661
G[T>C]C,0.246413878306,1.06683997289,0.41985315062,0.240899348716,0.41985315062,0.330376249668,0.688283853475,1.0472589828,1.87274547513
G[T>C]G,0.242015290606,2.34478545986,0.922786535815,0.529467684484,0.922786535815,0.72612711015,1.51276481281,1.02856498508,1.83931620861
G[T>C]T,0.289779410643,1.61811297102,0.636805749885,0.365380348295,0.636805749885,0.50109304909,1.04394385227,1.23156249523,2.20232352088
T[T>C]A,0.145998114245,1.60904017812,0.633235166872,0.363331653123,0.633235166872,0.498283409997,1.03809043749,0.62049198554,1.10958566826
T[T>C]C,0.191654344706,1.71046195003,0.673149541625,0.386233343555,0.673149541625,0.52969144259,1.10352383873,0.814530965,1.45657301976
T[T>C]G,0.113449168256,2.05887292317,0.810266118149,0.464906789102,0.810266118149,0.637586453625,1.32830511172,0.482158965087,0.862213678744
T[T>C]T,0.121859611809,1.33534246524,0.525521873416,0.301528943764,0.525521873416,0.41352540859,0.861511267896,0.51790335019,0.926133049751
A[T>G]A,0.00917768145949,0.236405376457,0.0930369546058,0.0533818592,0.0930369546058,0.0732094069029,0.152519597714,0.0390051462028,0.0697503790921
A[T>G]C,0.0225768275587,0.215998698908,0.0850059395703,0.0487738997534,0.0850059395703,0.0668899196618,0.139353999296,0.0959515171245,0.171583889446
A[T>G]G,0.0286384283141,0.382312267957,0.150458376422,0.0863285766355,0.150458376422,0.118393476529,0.246653076102,0.121713320335,0.217652055187
A[T>G]T,0.0426954493366,0.675731742898,0.265933137528,0.152584587106,0.265933137528,0.209258862317,0.43595596316,0.181455659681,0.324485414958
C[T>G]A,0.00434126872557,0.160135530664,0.0630210798098,0.0361596359564,0.0630210798098,0.0495903578831,0.10331324559,0.0184503920837,0.0329936423144
C[T>G]C,0.0456145528728,0.848444907577,0.333904124917,0.191584333969,0.333904124917,0.262744229443,0.54738381134,0.193861849709,0.346670601833
C[T>G]G,0.0582855733131,1.12250871883,0.441761495798,0.253469710704,0.441761495798,0.347615603251,0.724199173439,0.247713686581,0.44297035718
C[T>G]T,0.143025314467,2.41842165716,0.951765942494,0.546095212906,0.951765942494,0.7489305777,1.56027203688,0.607857586486,1.08699238995
G[T>G]A,0.00850492666188,0.0957748669343,0.0376920444064,0.0216265828561,0.0376920444064,0.0296593136313,0.0617902367318,0.036145938313,0.0646374426303
G[T>G]C,0.0234915409047,0.277512561869,0.109214621123,0.0626641268737,0.109214621123,0.0859393739982,0.179040362496,0.0998390488451,0.178535710876
G[T>G]G,0.0790829143486,0.412361877609,0.162284351833,0.0931139723632,0.162284351833,0.127699162098,0.266039921038,0.336102385982,0.60103014905
G[T>G]T,0.0847336959999,0.86513405914,0.340472113597,0.195352852064,0.340472113597,0.267912482831,0.558151005897,0.360118207999,0.643976089599
T[T>G]A,0.0160855505239,0.377057032288,0.148390186901,0.0851419105167,0.148390186901,0.116766048709,0.243262601476,0.0683635897267,0.122250183982
T[T>G]C,0.0359229576863,0.396507527169,0.156044897789,0.0895339577478,0.156044897789,0.122789427768,0.255811307851,0.152672570167,0.273014478416
T[T>G]G,0.0391322847759,0.424675665136,0.167130423054,0.0958945050308,0.167130423054,0.131512464042,0.273984300088,0.166312210298,0.297405364297
T[T>G]T,0.0880497781034,0.953525249467,0.375258323984,0.215312153105,0.375258323984,0.295285238545,0.615177580301,0.374211556939,0.669178313586
