,1,3,2,5,4,7,6,9,8
A[C>A]A,0.87607454432,0.952476394116,1.01359787395,0.152803699591,0.213925179427,1.97089260412,0.467669431487,0.833855430269,1.86841941984
A[C>A]C,0.6962900741,0.757013045678,0.805591422941,0.121445943157,0.17002432042,1.01759527911,0.241463286568,0.65994145501,1.54547169923
A[C>A]G,0.230316162477,0.250401874321,0.266470443796,0.0401714236879,0.0562399931631,0.428684257793,0.10172168829,0.354429791951,0.519136800838
A[C>A]T,0.541291722892,0.5884973964,0.626261935207,0.0944113470161,0.132175885823,1.18808959231,0.281919564277,0.598036104699,2.31013742957
C[C>A]A,1.11262129915,1.2096522264,1.2872769682,0.194061854502,0.271686596303,3.16451304972,0.750901401629,1.65297242521,2.93198715691
C[C>A]C,1.08323942179,1.17770797601,1.25328281939,0.188937108451,0.264511951832,1.84644125982,0.438138604026,1.66251540937,2.06017018124
C[C>A]G,0.426644610243,0.463851989043,0.493617892083,0.0744147576005,0.104180660641,1.01847169855,0.241671250502,0.737551629785,0.673640800455
C[C>A]T,1.71435434357,1.86386198981,1.9834681068,0.299015292483,0.418621409476,3.72090284255,0.882926098233,3.41902913498,5.49586514961
G[C>A]A,0.977496054667,1.06274280362,1.13094020278,0.170493497907,0.23869089707,3.34055428182,0.792673897381,1.16185016571,2.52044502135
G[C>A]C,1.14573549008,1.24565428282,1.32558931701,0.199837585479,0.27977261967,2.40247093783,0.570077849654,1.92535642394,3.21658662438
G[C>A]G,0.243610472618,0.264855571974,0.281851651459,0.0424901987124,0.0594862781973,0.972751125013,0.230822300851,0.796270761503,1.04654731569
G[C>A]T,1.08054146581,1.17477473317,1.25016134707,0.188466534734,0.263853148627,2.70161155303,0.641060368517,1.34638645068,4.18123596033
T[C>A]A,1.02088957136,1.10992063863,1.18114549245,0.17806213454,0.249286988356,2.56933627402,0.609673014173,0.674484664002,1.95736749231
T[C>A]C,0.952518246824,1.03558669858,1.10204145999,0.166136903516,0.232591664922,2.37711277289,0.564060657974,1.18517899974,2.6105873738
T[C>A]G,0.279206175711,0.303555551499,0.32303505213,0.0486987515774,0.0681782522084,0.639131466356,0.151658314051,0.275474804979,0.408695276845
T[C>A]T,1.72474111319,1.87515458237,1.99548535771,0.300826938348,0.421157713687,3.81665572619,0.905647121468,1.07557015321,4.94396791275
A[C>G]A,0.274138309481,0.298045720192,0.317171648761,0.0478148214212,0.0669407499897,0.860361331899,0.204153536383,0.270770827147,0.612397577997
A[C>G]C,0.184967542323,0.201098432642,0.214003144897,0.0322617806378,0.0451664928929,0.581225765135,0.137917978168,0.221921433167,0.338598299399
A[C>G]G,0.152076076573,0.165338525111,0.175948483942,0.0265248970766,0.0371348559073,0.166573481247,0.0395259108043,0.0079742522921,0.0368132488583
A[C>G]T,0.354009969971,0.384882932469,0.409581302467,0.061745924995,0.086444294993,0.787274291523,0.186810848836,0.171689268214,0.406724188721
C[C>G]A,0.139220584543,0.151361914591,0.161074978629,0.0242826600948,0.0339957241327,0.629328147352,0.149332102762,0.21875217513,0.584999165644
C[C>G]C,0.153362978662,0.166737657033,0.177437399731,0.0267493567433,0.0374490994406,0.697939852385,0.165612846329,0.265580018448,0.570818026554
C[C>G]G,0.137736865231,0.149748801152,0.159358349889,0.0240238718426,0.0336334205797,0.23097380902,0.0548073445132,0.0326574608304,0.0778105877372
C[C>G]T,0.178275314153,0.193822579922,0.206260392538,0.0310945315383,0.0435323441537,0.688000980256,0.163254469891,0.193471645425,0.426907707821
G[C>G]A,0.332703315102,0.361718139093,0.384929998286,0.0580296479828,0.0812415071759,0.452250738542,0.107313734569,0.129132807919,0.305810377775
G[C>G]C,0.481680648253,0.523687681531,0.557293308153,0.0840140665557,0.117619693178,0.59043538176,0.140103310926,0.239998125838,0.344704044614
G[C>G]G,0.0617699403075,0.0671568537064,0.0714663844256,0.0107738267978,0.015083357517,0.144509943189,0.0342904949941,0.0757958372472,0.131924981663
G[C>G]T,0.136559560749,0.148468824768,0.157996235983,0.0238185280377,0.0333459392528,0.415107206539,0.098500015111,0.121977205535,0.306978883613
T[C>G]A,0.974159363881,1.05911512236,1.12707972914,0.169911516956,0.237876123738,1.32731310287,0.314955651528,0.167262767977,0.730845548473
T[C>G]C,0.206411431364,0.224412428286,0.238813225823,0.0360019938426,0.0504027913797,0.645124237007,0.153080327425,0.154367191931,0.366174589293
T[C>G]G,0.0987443873269,0.107355816454,0.114244959756,0.0172228582547,0.0241120015566,0.173724538428,0.0412227718303,0.0269151945249,0.0856175047826
T[C>G]T,1.8586997913,2.02079570334,2.15047243296,0.324191824065,0.45386855369,2.3139463574,0.54907201701,0.194940739663,1.04157424986
A[C>T]A,3.3512785934,3.64354126143,3.87735139585,0.584525336058,0.818335470481,2.79596785753,0.663450000092,1.34334053154,2.42887538765
A[C>T]C,2.65409783616,2.88555985675,3.07072947323,0.46292404119,0.648093657667,2.48264144353,0.589101359482,0.990040082864,1.96841507717
A[C>T]G,4.63604220942,5.04034821605,5.36379302136,0.808612013271,1.13205681858,2.89408218675,0.686731366348,2.21305432866,3.13977590741
A[C>T]T,1.67239954992,1.81824834788,1.93492738625,0.291697595917,0.408376634283,1.90232646468,0.451399500093,0.816320291571,1.85734270847
C[C>T]A,3.76308081295,4.09125646524,4.35379698707,0.656351304584,0.918891826417,2.93753838551,0.697043006731,0.778812918597,1.54509546192
C[C>T]C,3.71472442983,4.03868295569,4.29784977637,0.647917051715,0.907083872401,3.64616673014,0.865192105457,1.02147124316,1.83412983771
C[C>T]G,3.84977950747,4.18551609242,4.45410536039,0.671473169907,0.94006243787,3.1408524243,0.745287015937,2.12861905037,2.19532319304
C[C>T]T,3.48340786423,3.78719343379,4.03022188943,0.60757113911,0.850599594754,3.45324200849,0.819413357946,0.901298630524,2.4542406055
G[C>T]A,3.83168902787,4.16584795472,4.4331750962,0.668317853699,0.935644995178,3.89169967304,0.923454159705,2.33230682386,3.37610401368
G[C>T]C,5.44271963049,5.91737541222,6.2971000376,0.949311563457,1.32903618884,5.37363755098,1.27510043583,2.4214216207,4.12305097944
G[C>T]G,3.08895324111,3.35833869818,3.57384706384,0.538770914147,0.754279279806,1.75094279205,0.415477950655,0.925734728201,4.91932691648
G[C>T]T,3.63365505586,3.95054357817,4.20405439602,0.633777044626,0.887287862476,4.05339106387,0.961821608376,2.09097323857,3.61796421654
T[C>T]A,12.7706650601,13.8843858502,14.7753624823,2.22744158025,3.11841821235,12.3711829064,2.93553492695,0.975123226471,4.51191726973
T[C>T]C,5.66655007602,6.16072595474,6.55606665772,0.988351757445,1.38369246042,4.4864830601,1.0645892007,0.817892449198,2.46061044213
T[C>T]G,3.64516506175,3.96305736365,4.21737120517,0.635784603794,0.890098445312,2.83743695123,0.673290124021,1.26050208196,2.12307605865
T[C>T]T,7.54098209875,8.19862588643,8.72474091658,1.31528757536,1.84140260551,7.24880662236,1.7200558087,0.728878442675,3.2925890026
A[T>A]A,1.22275924529,1.32939522598,1.41470401053,0.213271961387,0.298580745942,0.988746667281,0.234617853253,0.367096825707,2.42700864088
A[T>A]C,1.83299825203,1.99285275075,2.12073634973,0.319708997447,0.447592596426,1.37673367248,0.326682566352,0.437942895093,0.597658660711
A[T>A]G,0.580347119521,0.630958786921,0.671448120841,0.1012233348,0.14171266872,0.886469379144,0.210348666238,0.475826832146,0.887530717435
A[T>A]T,0.897587746796,0.97586574797,1.03848814891,0.156556002348,0.219178403287,1.07412145022,0.254876276324,0.437130081939,1.023131331
C[T>A]A,1.24145591019,1.34972241399,1.43633561702,0.216533007592,0.303146210628,0.617877521576,0.14661500512,0.450107070209,4.68175099884
C[T>A]C,0.903708706743,0.982520512563,1.04556995722,0.157623611641,0.220673056298,0.853685518198,0.202569444996,0.584570587023,1.17234397771
C[T>A]G,0.716577069562,0.779069255861,0.8290630049,0.124984372598,0.174978121637,1.54483071781,0.366570000837,1.14483537411,2.47999576447
C[T>A]T,0.411781447314,0.447692620044,0.476421558229,0.0718223454617,0.100551283646,1.10456853223,0.262101007647,0.493871823765,1.65164970151
G[T>A]A,0.528918145118,0.575044727541,0.611945993479,0.0922531648461,0.129154430785,0.805042597148,0.19102705695,0.296036781174,2.21586299947
G[T>A]C,0.933725454458,1.01515499991,1.08029863626,0.162859090894,0.228002727251,0.858810373378,0.203785512327,0.368085885404,0.529275346499
G[T>A]G,0.447136056518,0.486130480051,0.517326018878,0.0779888470671,0.109184385894,0.915287377731,0.217186835394,0.306426320769,1.06594675207
G[T>A]T,0.582395279524,0.63318556553,0.673817794334,0.10158057201,0.142212800814,0.715482453479,0.169775497436,0.177409544569,0.870763586531
T[T>A]A,0.746729440194,0.811851193699,0.863948596503,0.130243507011,0.182340909815,0.871302894632,0.206749839404,0.289357862259,1.4729129809
T[T>A]C,0.857021447492,0.931761690005,0.991553884017,0.149480485028,0.209272679039,0.70855328085,0.168131286981,0.383191312513,0.709806653648
T[T>A]G,0.323112846898,0.351291292849,0.373834049609,0.0563568919009,0.0788996486612,0.659390410628,0.156465521166,0.50417063283,0.895096157918
T[T>A]T,0.541172932094,0.588368245939,0.626124497016,0.0943906276908,0.132146878767,0.836836998768,0.198571491233,0.337236194436,1.1110374755
A[T>C]A,3.39978040514,3.69627288233,3.93346686408,0.592984954384,0.830178936138,3.17280122009,0.752868086124,1.18909864944,1.19265065312
A[T>C]C,2.16073871258,2.34917522821,2.49992444072,0.376873031264,0.527622243769,1.72158300579,0.408511221712,0.858458533239,0.669965367644
A[T>C]G,3.37516224145,3.66950778576,3.90498422121,0.588691088624,0.824167524074,3.45441898834,0.819692641302,2.04553545619,1.15424309538
A[T>C]T,2.31840024988,2.52058631818,2.68233517283,0.404372136607,0.56612099125,2.37759274924,0.564174550667,0.749362697877,1.13391263902
C[T>C]A,2.25650938962,2.45329799918,2.61072888683,0.39357721912,0.551008106768,1.82394049442,0.432799439355,0.851418135758,0.53828518849
C[T>C]C,1.95911554185,2.12996864143,2.2666511211,0.34170619916,0.478388678825,1.65651082228,0.393070364609,1.02509110053,0.940827455217
C[T>C]G,3.00787079042,3.27018510353,3.48003655403,0.524628626235,0.734480076729,3.32427656585,0.788811388508,2.59607717994,0.945043210113
C[T>C]T,2.04705789365,2.22558038438,2.36839837696,0.357044981451,0.499862974031,1.88289947611,0.446789706195,0.686325200505,0.65268295842
G[T>C]A,8.45987789357,9.19765794243,9.78788198151,1.47556009772,2.0657841368,5.15465921167,1.22313947395,1.51648653749,0.87521190659
G[T>C]C,4.38494901239,4.76735735649,5.07328403177,0.764816688207,1.07074336349,2.69291920499,0.638997777455,0.856598357555,0.95069543135
G[T>C]G,5.67136815837,6.16596421869,6.56164106695,0.989192120646,1.3848689689,4.04553122235,0.959956561234,1.69496828316,0.845499470024
G[T>C]T,6.2127249211,6.75453232701,7.18797825174,1.08361481182,1.51706073655,3.97610063279,0.943481506086,1.14845572721,0.946751348206
T[T>C]A,3.24322077314,3.52605979406,3.75233101079,0.565678041827,0.791949258558,2.27522114891,0.539882984486,0.775021086016,0.575109540011
T[T>C]C,3.02028964725,3.28368700021,3.49440488257,0.526794705915,0.737512588282,2.16383216745,0.513451700752,0.896326913962,0.717787263035
T[T>C]G,2.4743995759,2.69019023659,2.86282276514,0.431581321378,0.60421384993,1.95197300428,0.463180034913,1.0895749134,0.461765776074
T[T>C]T,2.43489963382,2.64724553212,2.81712225076,0.424691796597,0.594568515236,2.0202892806,0.479390676752,0.615881218903,0.721459425783
A[T>G]A,0.27635597849,0.300456790568,0.31973744023,0.0482016241553,0.0674822738174,0.270854853768,0.0642706432671,0.0721002301899,0.229786666217
A[T>G]C,0.399754299264,0.434616592804,0.462506427637,0.0697245870809,0.0976144219133,0.314961928463,0.0747367287879,0.176970204091,0.179031253541
A[T>G]G,0.421625262951,0.458394907975,0.487810623995,0.0735392900495,0.102955006069,0.497690254177,0.118095992517,0.130736406418,0.363815298959
A[T>G]T,1.15592046796,1.25672748551,1.33737309956,0.201614035109,0.282259649152,0.648396542593,0.153856806717,0.60035100425,0.52262080983
C[T>G]A,0.227458907533,0.247295440167,0.263164666274,0.0396730652674,0.0555422913743,0.152456556441,0.0361761320369,0.0727803599788,0.0988134562581
C[T>G]C,0.681468361325,0.740898741673,0.788443045952,0.118860760696,0.166405064975,0.595780545768,0.141371654928,0.508089793973,0.350029653046
C[T>G]G,0.65426881888,0.711327146108,0.756973807891,0.114116654456,0.159763316238,0.966319117956,0.229296061888,0.602717561891,0.53361176912
C[T>G]T,1.63140917876,1.77368323505,1.88750248008,0.284548112574,0.398367357604,1.36108440803,0.322969181567,0.921870152234,0.892544647219
G[T>G]A,0.0897800738443,0.097609731447,0.103873457529,0.0156593152054,0.0219230412876,0.17060817288,0.0404832952597,0.00369092268261,0.121027152791
G[T>G]C,0.155396394229,0.168948405353,0.179790014253,0.0271040222492,0.0379456311489,0.112791965668,0.0267641952432,0.105583908583,0.117156711234
G[T>G]G,0.291789420303,0.317236172073,0.33759357349,0.0508935035411,0.0712509049576,0.660090599223,0.156631667612,0.189733972967,0.519165805189
G[T>G]T,0.726167903642,0.78949649989,0.840159376888,0.126657192496,0.177320069494,0.514491641368,0.122082762358,0.353112023174,0.508770413416
T[T>G]A,0.436416695696,0.474476291251,0.504923967695,0.0761191911098,0.106566867554,0.334432677464,0.0793569065168,0.0989683468781,0.163580926007
T[T>G]C,0.574061937688,0.624125478765,0.664176311627,0.100127082155,0.140177915017,0.489610854987,0.116178846946,0.239530900978,0.242942307641
T[T>G]G,0.446884526258,0.485857014013,0.517035004217,0.0779449755101,0.109122965714,0.524590498944,0.124479101444,0.155508918068,0.422327233049
T[T>G]T,2.06217292989,2.24201359238,2.38588612237,0.35968132498,0.503553854972,1.72784833476,0.409997909944,1.52237883326,1.1143157468
