,1,3,2,5,4,7,6,9,8
A[C>A]A,0.272680976015,0.363346036533,2.37659292131,0.250421304504,1.27790791363,0.189207207847,0.973860628627,0.517537362642,0.52310228052
A[C>A]C,0.21558869806,0.276458948529,1.90890450938,0.197989620667,0.836105195566,0.149592157837,0.769959635928,0.409178549379,0.413578318727
A[C>A]G,0.0349169989756,0.0575605744888,0.794849489877,0.0320666317123,0.207392031838,0.0242281217382,0.12470356777,0.0662710388721,0.0669836306879
A[C>A]T,0.226217836516,0.296080099021,1.40281626993,0.207751074351,0.771078910408,0.156967478399,0.807920844699,0.429352220326,0.433968910867
C[C>A]A,0.470953357549,0.429126538712,2.54420494405,0.432508185504,1.45980210202,0.326783962381,1.68197627696,0.893850250041,0.903461543052
C[C>A]C,0.443762755815,0.542059901059,2.356971833,0.407537224728,1.15978362301,0.307917014239,1.58486698505,0.842243597771,0.851299980543
C[C>A]G,0.122955232386,0.157769039575,0.535753935535,0.112918070559,0.3789399158,0.0853158755332,0.43912582995,0.233364012488,0.235873302945
C[C>A]T,0.838878925662,0.916220674447,2.24594155601,0.770399013363,2.03989485475,0.582079254541,2.99599616308,1.59215796095,1.60927793903
G[C>A]A,0.203082713454,0.388176232452,2.59001703038,0.186504532764,1.05618432738,0.140914535866,0.725295405192,0.385442701045,0.389587246217
G[C>A]C,0.29110819365,0.307309658189,2.61361452275,0.267344259474,1.08437680303,0.201993440492,1.03967212018,0.55251146958,0.558452453124
G[C>A]G,0.0806551901727,0.0971719855,0.974584908968,0.0740710930158,0.366776308346,0.0559648258341,0.288054250617,0.153080258899,0.154726283189
G[C>A]T,0.521583965845,0.392651758059,2.15334471697,0.479005682919,0.91216345411,0.361915404872,1.86279987802,0.989945078033,1.00058964876
T[C>A]A,0.312879337737,0.588825836087,1.94946974012,0.28733816731,1.41141753393,0.217099948634,1.1174262062,0.59383221244,0.600217505047
T[C>A]C,0.338516920179,0.399067058564,2.46057368435,0.310882885879,1.32443327425,0.234889291553,1.20898900064,0.642491297483,0.649399806059
T[C>A]G,0.0995576122907,0.125654361726,0.57356866447,0.091430460267,0.337174629577,0.0690807922017,0.355562901038,0.188956284552,0.190988072558
T[C>A]T,0.487597154518,1.18640195881,4.15541581397,0.447793305169,1.67890467102,0.338332719461,1.74141840899,0.92543949735,0.935390459687
A[C>G]A,0.119082104525,0.245309488923,0.680395356749,0.1093611164,0.643149297227,0.0826283990579,0.425293230445,0.226012973894,0.228443220925
A[C>G]C,0.0650162360057,0.137097500289,0.367484011359,0.0597087881685,0.398051268251,0.0451133066162,0.232200842877,0.123398162215,0.124725024174
A[C>G]G,0.0123097260565,0.0275339539402,0.143009279057,0.0113048504601,0.0744494185202,0.00854144256984,0.0439633073448,0.0233633576175,0.0236145765166
A[C>G]T,0.146170404845,0.240752757068,0.498372785554,0.134238126899,0.709328888243,0.101424362546,0.522037160161,0.277425462257,0.280408531744
C[C>G]A,0.0795667241099,0.169420254667,0.58043836607,0.0730714813254,0.496814742967,0.0552095636681,0.284166871821,0.151014394739,0.152638205435
C[C>G]C,0.0885795282872,0.113633773936,0.47571469351,0.0813485463862,0.504083358566,0.0614633461585,0.316355458169,0.168120329198,0.169928074673
C[C>G]G,0.0375220901269,0.0297746154577,0.258933234114,0.0344590623615,0.188367730891,0.0260357360065,0.134007464739,0.0712153955471,0.0719811524884
C[C>G]T,0.134964034426,0.191639296041,0.560205741331,0.123946562228,0.688751863568,0.093648513683,0.482014408663,0.256156228604,0.258910596653
G[C>G]A,0.0842306899882,0.113347674024,0.358722999686,0.0773547152953,0.340131948704,0.0584457848898,0.300823892815,0.15986641161,0.161585405283
G[C>G]C,0.0777089436474,0.100930774516,0.409664680143,0.0713653564109,0.359640784384,0.0539204915104,0.277531941598,0.147488403249,0.149074300058
G[C>G]G,0.00994290839041,0.0129497773288,0.193793496362,0.00913124239936,0.0515208680452,0.00689916092396,0.0355103871086,0.018871234292,0.0190741507898
G[C>G]T,0.0763859370295,0.1724929399,0.480549789916,0.0701503503332,0.391407848419,0.0530024869185,0.272806917963,0.144977390689,0.146536287363
T[C>G]A,0.164224874215,1.76979465833,0.340267112032,0.150818762034,1.45867124261,0.113951953537,0.586517407909,0.311692108203,0.315043636248
T[C>G]C,0.127449851346,0.515682814765,0.595600199679,0.117045781848,0.827750410554,0.08843459073,0.455178040522,0.24189461582,0.244495633195
T[C>G]G,0.00794317411116,0.0712461033518,0.114727934598,0.00729475173474,0.0897159118351,0.00551159019958,0.0283684789684,0.0150758202518,0.0152379258459
T[C>G]T,0.38006788709,2.27306881845,0.605288429199,0.349041937123,2.19667844319,0.263720574715,1.35738531104,0.721353336722,0.729109824213
A[C>T]A,0.656466719212,0.849575265503,1.12322081071,0.602877599276,1.9132010008,0.455507519453,2.34452399719,1.2459470385,1.25934431849
A[C>T]C,0.710175225304,0.625470445598,1.19957436298,0.652201737524,1.21040809309,0.492774646129,2.53634009037,1.34788359088,1.36237696283
A[C>T]G,0.801561828993,1.55780005591,1.79485218901,0.7361282103,1.42620996386,0.556185758893,2.86272081783,1.52133163462,1.53769003929
A[C>T]T,0.482571654208,0.652551319846,0.88951459064,0.443178049783,1.29704778441,0.334845637614,1.7234701936,0.915901302884,0.92574970399
C[C>T]A,0.805480007088,1.04403396981,1.42193070373,0.739726537121,2.45199316189,0.558904494714,2.87671431103,1.52876817672,1.54520654421
C[C>T]C,1.08520526118,0.930215196236,1.52632125511,0.996617076594,1.84827023362,0.752999568982,3.87573307564,2.05967529163,2.08182233777
C[C>T]G,0.68269774334,1.52868033641,1.31785165518,0.626967315312,1.34630237325,0.473708638236,2.43820622621,1.29573245165,1.30966505865
C[C>T]T,1.23134405525,1.24924453678,1.43912910012,1.13082617319,2.23686908196,0.854401997523,4.39765734019,2.33704075793,2.36217022845
G[C>T]A,1.28584781272,1.14966884622,1.3784301991,1.18088064434,2.06858598099,0.892220931277,4.59231361687,2.44048666496,2.46672845706
G[C>T]C,2.63715507371,1.46550506071,2.2497993898,2.42187710851,2.04339256983,1.82986270421,9.41841097753,5.00521269092,5.05903218222
G[C>T]G,2.2442960063,1.94296271343,2.4773800747,2.06108816905,0.945304331399,1.55726661661,8.01534287963,4.25958221603,4.30538417534
G[C>T]T,1.8516202671,1.34913626423,1.54357264706,1.70046759224,1.96267245564,1.28479773636,6.61292952537,3.51429969063,3.55208785934
T[C>T]A,1.53527357396,1.42134323852,1.01689154943,1.40994511894,2.54786239075,1.06529186765,5.483119907,2.91388657915,2.9452186929
T[C>T]C,0.869429370302,1.09600129689,1.53669358182,0.798455544155,2.7827062266,0.603277522251,3.10510489394,1.65014145792,1.66788491446
T[C>T]G,0.479477024166,1.41707335443,2.15742154446,0.440336042601,1.21886398591,0.332698343299,1.71241794345,0.910027821376,0.919813066767
T[C>T]T,1.08555978812,1.14449546698,1.50858791445,0.996942662562,1.94608806386,0.753245567269,3.8769992433,2.06034816929,2.08250245068
A[T>A]A,0.356183142101,0.129752011223,2.04124687606,0.327106967235,2.77121210257,0.247147486355,1.27208265036,0.676021065619,0.683290109336
A[T>A]C,0.405664076732,0.213555622739,0.339227827705,0.372548641897,0.971106948108,0.2814811961,1.44880027404,0.76993385992,0.778212718629
A[T>A]G,0.388368609828,0.156237664527,0.474615445799,0.356665049842,2.01689729907,0.269480259881,1.38703074939,0.737107769674,0.745033659671
A[T>A]T,0.333504384702,0.219278360563,0.404384232896,0.306279536971,1.24999382869,0.231411205712,1.19108708822,0.63297770974,0.639783921673
C[T>A]A,0.394664516651,0.146980318688,4.39785722726,0.362447005088,4.70851543218,0.273848848289,1.4095161309,0.749057143849,0.757111521739
C[T>A]C,0.490700897854,0.461679951014,0.563326581031,0.450643681703,2.16810801334,0.340486337287,1.75250320662,0.931330275519,0.941344579557
C[T>A]G,0.947121255651,0.379705723942,1.21595777285,0.869805234781,5.00833823185,0.65718617739,3.38257591304,1.79759748522,1.81692649043
C[T>A]T,0.438983434589,0.905463883337,0.628012801135,0.403148052174,2.12897153216,0.304600750531,1.56779798067,0.833172641159,0.842131486763
G[T>A]A,0.237931727565,0.0906135014651,1.63326441076,0.218508729397,2.2444059933,0.165095484433,0.849756169876,0.45158470742,0.456440456962
G[T>A]C,0.223826766881,0.151270056756,0.250568268879,0.205555194075,0.62808498302,0.155308368856,0.79938131029,0.424814067754,0.429381960956
G[T>A]G,0.298443828129,0.188913238869,0.502208899445,0.274081066649,1.41485853987,0.20708347258,1.06587081475,0.566434204409,0.572524894779
G[T>A]T,0.18539577066,0.207712741804,0.262871215524,0.170261422035,0.584525955812,0.128641963315,0.662127752357,0.351873605538,0.355657192695
T[T>A]A,0.298113676343,0.116646732172,0.9294265351,0.273777866029,1.88491363128,0.206854387666,1.06469170122,0.565807589793,0.571891542372
T[T>A]C,0.319035310088,0.21684590941,0.315502252522,0.292991611305,1.36667946918,0.221371439653,1.13941182174,0.605515996697,0.612026921392
T[T>A]G,0.350597855642,0.12968552268,0.370526263107,0.321977622528,1.89065404969,0.243271981466,1.25213519872,0.665420419892,0.67257547817
T[T>A]T,0.284368582376,0.290559407049,0.363661352093,0.261154820549,1.51363932755,0.197316975526,1.01560207991,0.539719962468,0.545523402924
A[T>C]A,1.37693944727,0.536508413985,1.05763621674,1.26453622708,5.03082358036,0.955427371574,4.9176408831,2.6133748693,2.64147567435
A[T>C]C,0.611670343791,0.46582885308,0.446021918676,0.561738070828,1.93179715488,0.424424320181,2.18453694211,1.16092534638,1.17340841462
A[T>C]G,1.07246438222,0.706144284822,0.871871428555,0.984916269386,3.77157431658,0.744158959092,3.8302299365,2.0354936234,2.05738065161
A[T>C]T,0.875172098254,0.434032469128,0.758121652768,0.803729477988,3.33380752101,0.607262272258,3.12561463662,1.66104092118,1.67890157624
C[T>C]A,0.576632797628,0.501538906435,0.389989416405,0.529560732516,2.23878455267,0.400112553456,2.05940284867,1.09442551387,1.10619353014
C[T>C]C,0.711069811413,1.26761808033,0.487350578466,0.653023296195,2.65568270427,0.493395379347,2.53953504076,1.3495814788,1.36409310761
C[T>C]G,1.05196002633,1.28093301867,0.724826106803,0.966085738466,3.55000265493,0.729931446841,3.75700009403,1.99657719283,2.0180457648
C[T>C]T,0.807986760475,2.5754436008,0.543151507534,0.742028657579,2.31624297899,0.560643874615,2.8856670017,1.53352589233,1.55001541805
G[T>C]A,1.33627797054,0.557998935676,0.687265814903,1.22719405458,2.70051947393,0.92721328568,4.77242132335,2.53620104612,2.56347202511
G[T>C]C,1.13247682808,0.522582380698,0.730053905206,1.04002974007,1.44523167427,0.785800248057,4.04456010029,2.14939479615,2.17250656816
G[T>C]G,1.06088294191,0.504516258026,0.506534156042,0.974280252776,2.19608274931,0.736122857653,3.78886764968,2.0135125224,2.03516319469
G[T>C]T,0.950304769771,0.571470998912,0.607902317184,0.872728870198,1.99732186932,0.659395146372,3.39394560633,1.80363966508,1.82303363997
T[T>C]A,0.82489595874,0.359650942539,0.551429638726,0.757557513129,2.46845145571,0.572376787697,2.9460569955,1.56561886047,1.58245347187
T[T>C]C,0.72506127696,0.583322924608,0.48990478034,0.66587260129,2.41839368448,0.503103743197,2.58950456057,1.37613670933,1.39093387825
T[T>C]G,0.629653529692,0.452066265551,0.380516016856,0.578253241554,1.99868518924,0.436902449174,2.24876260604,1.19505669921,1.20790677125
T[T>C]T,0.62042518081,0.438297024114,0.437376888499,0.569778227274,2.14577345292,0.430499105052,2.21580421718,1.1775416697,1.19020340808
A[T>G]A,0.0782108156826,0.0392891744998,0.0690731026428,0.0718262593004,0.540697333157,0.0542687292492,0.279324341724,0.148440935887,0.150037074983
A[T>G]C,0.102244613233,0.221214873844,0.0932100674346,0.0938981141936,0.543474452379,0.0709452418352,0.365159332975,0.194056102667,0.196142727427
A[T>G]G,0.120348797665,0.163309172242,0.219965295497,0.110524406019,0.561809210215,0.0835073289919,0.429817134517,0.228417105772,0.230873203683
A[T>G]T,0.303688578833,1.01500177105,0.233519189725,0.278897674439,2.02297793116,0.210722687354,1.08460206726,0.576388527174,0.582586253272
C[T>G]A,0.0298952450368,0.0422943729881,0.0484803360439,0.0274548168706,0.339327649604,0.0207436394133,0.106768732274,0.0567399548658,0.0573500619074
C[T>G]C,0.246258020369,0.628064295902,0.174441285497,0.226155324829,1.19440659233,0.170872912093,0.879492929891,0.467387671314,0.472413345199
C[T>G]G,0.230414806163,0.495953131606,0.330351169296,0.211605434232,1.13352437664,0.159879661419,0.822910022012,0.437317897412,0.442020240395
C[T>G]T,0.892545485235,6.48086698082,0.403815308187,0.819684629298,3.43238330417,0.619317275469,3.18766244727,1.69401490055,1.71223011453
G[T>G]A,0.00381650999637,0.0197327959763,0.0408501294219,0.00350495815993,0.0719571106489,0.00264819060972,0.0136303928442,0.00724358019718,0.00732146815629
G[T>G]C,0.0847354181257,0.257539032986,0.0885519975904,0.0778182411358,0.17121441832,0.0587960044137,0.302626493306,0.160824365014,0.162553659261
G[T>G]G,0.108169834396,0.243010006542,0.368166412508,0.099339643833,0.430637674007,0.075056619785,0.386320837128,0.205301930588,0.207509478229
G[T>G]T,0.44412012763,1.65193373142,0.358619287958,0.407865423334,1.0245571285,0.308164986519,1.58614331297,0.84292187489,0.851985550965
T[T>G]A,0.107982003299,0.0943568942071,0.135501701022,0.0991671458868,0.756451631812,0.0749262880034,0.385650011782,0.204945434833,0.207149149186
T[T>G]C,0.160694566212,0.378509040038,0.172489880778,0.14757664244,1.006219011,0.111502352066,0.573909165044,0.304991727709,0.308271208652
T[T>G]G,0.113071060071,0.214450633154,0.273124598784,0.103840769453,0.700454557575,0.0784574702535,0.40382521454,0.21460425687,0.216911829524
T[T>G]T,0.640763764386,2.15930685885,0.746265712894,0.588456518314,5.35319999548,0.444611591615,2.28844201566,1.21614347118,1.2292202827
