,1,3,2,5,4,7,6,9,8
A[C>A]A,0.768364671937,0.758365326817,1.76036879295,2.95566475993,0.374125206755,0.667793379799,4.0640390449,0.56722208766,0.309759579786
A[C>A]C,0.678359178017,0.559963491151,1.16310851821,2.28875256262,0.330300542176,0.58956870969,3.1470347736,0.500778241363,0.273474642447
A[C>A]G,0.167659366552,0.159876538501,0.627938698568,1.49464656242,0.0816351889495,0.145714423286,2.05513902333,0.12376948002,0.0675904252593
A[C>A]T,0.886335987105,0.534082643664,1.29220919673,2.27242374017,0.431566737177,0.770323423348,3.12458264274,0.654310859591,0.357318696372
C[C>A]A,1.20458877301,1.00847048381,2.80758558411,4.58207397917,0.586527517747,1.04692008544,6.30035172136,0.889251397875,0.485619557705
C[C>A]C,1.11940385256,0.794594295081,2.27632965232,4.10503418513,0.545050043395,0.972885023695,5.64442200455,0.826366194825,0.451277992919
C[C>A]G,0.497759828002,0.206242827909,0.701959823951,1.26189292082,0.242364733006,0.432608018054,1.73510276613,0.367456208106,0.200667574639
C[C>A]T,3.01734466843,0.989950192055,3.38300769624,3.44026658567,1.46917829405,2.6224042668,4.7303665553,2.22746386518,1.21641643701
G[C>A]A,0.737318994461,0.810367825578,2.59708897618,3.86046070814,0.359008725052,0.640811272673,5.30813347369,0.544303550885,0.297243783107
G[C>A]C,1.17872394492,0.712179835732,2.49793405255,5.82311517896,0.573933648572,1.02444070605,8.00678337107,0.87015746719,0.4751923757
G[C>A]G,0.278724585534,0.211842817756,1.05016403387,2.58052844979,0.135714065208,0.24224230994,3.54822661846,0.205760034347,0.112365408828
G[C>A]T,1.46713023806,0.816116553176,2.24670033357,3.28055031933,0.714361843662,1.27509748439,4.51075668908,1.08306473071,0.591460881312
T[C>A]A,3.32421269885,0.784816054597,2.50076763356,3.50380622323,1.618595712,2.88910632465,4.81773355694,2.45399995046,1.34012763252
T[C>A]C,1.68399279075,0.792233002392,2.50677285298,4.74883308527,0.819954604921,1.4635748862,6.52964549224,1.24315698165,0.67888714601
T[C>A]G,0.328953086317,0.216884884924,0.540819419078,0.954576863495,0.160170874489,0.285896399626,1.31254318731,0.242839712935,0.132614595007
T[C>A]T,10.3361041658,1.50963436359,6.93050327112,7.05452997484,5.03276276138,8.98321095041,9.69997871541,7.63031773499,4.1669111035
A[C>G]A,0.605775068838,0.211763113218,0.510511894475,1.03702788713,0.294958541371,0.526485138362,1.42591334481,0.447195207886,0.244212985867
A[C>G]C,0.321596631846,0.110919030792,0.341878456612,0.644949832642,0.156588935925,0.279502831866,0.886806019882,0.237409031886,0.129648903938
A[C>G]G,0.065297428209,0.08883250099,0.103731834423,0.143565546163,0.0317940357248,0.056750644412,0.197402625974,0.048203860615,0.0263240940947
A[C>G]T,0.643174870498,0.252704075796,0.401358140803,0.572917393871,0.313168916002,0.558989678025,0.787761416573,0.474804485551,0.259290392819
C[C>G]A,0.492311339722,0.179484034067,0.452905081114,1.01084918195,0.239711804158,0.427872682691,1.38991762519,0.363434025659,0.198471063658
C[C>G]C,0.297810702617,0.196834300683,0.502740351867,1.06864061377,0.145007305463,0.258830244159,1.46938084394,0.219849785701,0.12005981205
C[C>G]G,0.093674507182,0.143647180171,0.208722910318,0.304557555813,0.0456111474761,0.0814134460326,0.418766639244,0.0691523848831,0.0377640683404
C[C>G]T,0.598100168522,0.296940697698,0.532742670659,0.915323898283,0.291221548024,0.51981480615,1.25857036014,0.441529443778,0.241118916106
G[C>G]A,0.272980867465,0.238168198622,0.312565164684,0.536090164809,0.132917385729,0.23725038743,0.737123976613,0.201519907396,0.110049878507
G[C>G]C,0.486131099169,0.237815289282,0.454649981415,0.858071786454,0.236702577082,0.422501374147,1.17984870637,0.358871649125,0.195979553068
G[C>G]G,0.0426339719599,0.0540438766218,0.190610063817,0.454486920824,0.0207589496978,0.0370536091379,0.624919516134,0.031473246316,0.0171875174917
G[C>G]T,0.413416251206,0.142468775287,0.300956911172,0.517525146758,0.201296918126,0.359304176441,0.711597076792,0.305192101675,0.166665190277
T[C>G]A,10.4320141621,0.171021692154,0.433921900413,0.58713326206,5.07946239309,9.06656728229,0.807308235333,7.70112040242,4.20557638998
T[C>G]C,2.6593466991,0.249566913013,0.542801180458,0.818543746692,1.29486514668,2.31126467042,1.1254976517,1.96318264174,1.07209264833
T[C>G]G,0.389483772068,0.0467976690715,0.0963805750565,0.19081234618,0.189643930902,0.33850422075,0.262366975997,0.287524669432,0.157017018059
T[C>G]T,12.532214462,0.44682832156,0.673506929489,0.590289562805,6.1020730103,10.8918722549,0.811648148857,9.25153004787,5.05225399777
A[C>T]A,1.59330706121,1.5942432529,1.78630849556,1.50423407004,0.775798726141,1.38475901655,2.0683218463,1.17621097189,0.642327977557
A[C>T]C,1.51421050075,1.23921180888,3.07231438986,1.29768885439,0.737285741203,1.31601540903,1.78432217478,1.11782031731,0.610440882502
A[C>T]G,4.00906863236,1.00206674295,1.99930503321,1.70617380044,1.95205959586,3.48432142918,2.3459889756,2.95957422599,1.61622138582
A[C>T]T,1.19606174118,0.793068268156,2.18506544863,1.05803584957,0.582375612198,1.03950915726,1.45479929316,0.882956573332,0.482181958486
C[C>T]A,2.05442136371,1.85501532349,2.19306497498,2.09644164111,1.00032034987,1.78551804386,2.88260725653,1.516614724,0.828222225162
C[C>T]C,2.54097201594,1.48656314823,3.98836288185,2.13949035828,1.23722721195,2.20838405573,2.94179924263,1.87579609553,1.02437091742
C[C>T]G,4.22551624411,0.85126726454,1.83844217871,1.86995654668,2.05745031781,3.67243820168,2.57119025168,3.11936015926,1.70348037066
C[C>T]T,2.28072643471,1.39065675124,3.10536627975,2.46073083249,1.11051077711,1.98220203226,3.38350489467,1.68367762981,0.919455159543
G[C>T]A,3.08016671953,1.59564983812,2.35593090486,2.32229447826,1.49976704144,2.67700353634,3.19315490761,2.27384035316,1.24174260421
G[C>T]C,5.36938831983,2.34263267817,4.19456115683,2.98451826937,2.61441420809,4.66658880153,4.10371262039,3.96378928323,2.16462251637
G[C>T]G,4.5249183864,1.88903263229,2.50209976355,2.18610983011,2.20323251275,3.9326515819,3.00590101641,3.34038477739,1.82418175787
G[C>T]T,3.64392728544,1.44598624874,3.17586752767,2.55404668796,1.7742682594,3.16697345227,3.51181419594,2.69001961909,1.46901780617
T[C>T]A,6.69405223637,1.89300096929,2.10709227244,1.84281786221,3.25940763341,5.81786738867,2.53387456054,4.94168254098,2.69864933089
T[C>T]C,5.75172272125,1.9195475173,4.18271921207,2.33083227328,2.80057703181,4.99887943313,3.20489437575,4.24603614501,2.31875732741
T[C>T]G,9.03982701443,0.934354675485,3.91776505389,3.56313701315,4.40159116409,7.85660358322,4.89931339308,6.67338015201,3.64432816812
T[C>T]T,4.10225759003,1.39325504424,3.09556306774,1.74091714351,1.99743432394,3.5653128793,2.39376107233,3.02836816856,1.65378970907
A[T>A]A,1.12188777135,1.27723201552,0.684302577552,0.657124089054,0.54625949076,0.975043822217,0.903545622449,0.828199873088,0.452279363318
A[T>A]C,1.91859229897,0.739803962374,0.751991652198,0.626218242487,0.93418368484,1.66746765251,0.86105008342,1.41634300605,0.773463911104
A[T>A]G,0.395433558239,1.5401942435,0.674280202224,0.915338864431,0.192540947205,0.343675239098,1.25859093859,0.291916919956,0.159415622955
A[T>A]T,0.746500315976,0.792399611922,0.718537465391,0.732545322327,0.363479211444,0.648790850535,1.0072498182,0.551081385093,0.300945153561
C[T>A]A,1.09551902857,1.74808572864,0.617183619653,0.579663338436,0.533420259986,0.952126485566,0.797037090349,0.808733942559,0.441649032461
C[T>A]C,0.593558279955,1.49937942056,0.783287786655,0.842825662045,0.289010052544,0.515867405616,1.15888528531,0.438176531276,0.239287892966
C[T>A]G,0.652369564307,4.21128359283,1.44984512992,1.89634429941,0.317645913511,0.566980877879,2.60747341169,0.481592191452,0.262997154197
C[T>A]T,0.5272488945,1.47884547306,0.677895925693,0.984894449354,0.256723283709,0.458237259094,1.35422986786,0.389225623688,0.21255583705
G[T>A]A,0.525100405068,1.08819763984,0.437812631757,0.487381433336,0.255677160583,0.456369985557,0.670149470837,0.387639566045,0.211689692096
G[T>A]C,0.967703731772,0.476554098211,0.508959102829,0.646107686382,0.471185586674,0.841040939655,0.888398068775,0.714378147539,0.39012139972
G[T>A]G,0.463672994103,1.15539637221,0.512219508313,0.720245012931,0.225767478804,0.402982811629,0.99033689278,0.342292629155,0.186925762021
G[T>A]T,0.505058466124,0.508740396111,0.361265787599,0.413879014056,0.245918520155,0.43895133705,0.569083644327,0.372844207977,0.203609957548
T[T>A]A,0.546169337001,1.10023631254,0.666448976422,0.734853232746,0.265935855189,0.474681203885,1.01042319503,0.40319307077,0.220183449995
T[T>A]C,0.560748014842,0.897130820996,0.660859625231,0.704962650565,0.273034373719,0.487351677821,0.969323644527,0.4139553408,0.226060718025
T[T>A]G,0.228602917609,1.44053132954,0.70822981157,1.06800578721,0.111309274019,0.198681069754,1.46850795741,0.1687592219,0.092159291392
T[T>A]T,0.508210365705,0.76406346948,0.583914545937,0.698317701885,0.247453214715,0.44169068433,0.960186840091,0.375171002955,0.204880618635
A[T>C]A,2.8301039517,2.51869650643,3.543067019,1.75261068465,1.37800873041,2.45967149729,2.40983969139,2.08923904288,1.14093195959
A[T>C]C,1.66238743385,0.972288524563,1.78216749845,0.791387283636,0.809434719101,1.4447974556,1.088157515,1.22720747735,0.670177133019
A[T>C]G,2.68379276938,1.66252617817,3.28316166957,1.53487390835,1.30676820708,2.33251099329,2.11045162398,1.98122921719,1.08194787038
A[T>C]T,2.10233687611,1.58280585682,2.54984767837,1.42452830201,1.02365093967,1.82716189232,1.95872641526,1.55198690854,0.847538950053
C[T>C]A,1.83516517492,0.858106068546,2.12520106016,1.04223174074,0.893562100875,1.59496030909,1.43306864352,1.35475544326,0.739830986746
C[T>C]C,1.22914757934,0.937211983848,1.622396255,0.988786228029,0.598485470567,1.06826438832,1.35958106354,0.907381197311,0.495520228319
C[T>C]G,2.46610039346,1.20307030319,2.95480598583,1.46044477031,1.20077139577,2.14331238385,2.00811155918,1.82052437423,0.994187069616
C[T>C]T,1.78813741126,1.18762490998,1.79038942992,1.60413969751,0.87066376569,1.55408801188,2.20569208408,1.3200386125,0.720872150088
G[T>C]A,8.80903997987,1.88467939484,4.4952153023,2.15924233909,4.28921841952,7.6560242757,2.96895821626,6.50300857153,3.55128836885
G[T>C]C,4.51388794801,1.31390122807,2.22521068937,1.40828802422,2.19786167102,3.92306491816,1.9363960333,3.33224188832,1.81973493192
G[T>C]G,5.61163290109,1.41226617078,2.56487808993,1.51720425119,2.73236575812,4.87712597687,2.08615584539,4.14261905264,2.26228132662
G[T>C]T,6.45236148398,1.4458407449,2.98447115027,1.82350372989,3.14172574874,5.60781155152,2.5073176286,4.76326161906,2.60121379197
T[T>C]A,2.84848318396,1.23525234397,1.96823350357,1.18358462743,1.38695778067,2.47564507088,1.62742886272,2.10280695779,1.1483413883
T[T>C]C,2.59717775334,1.12992066601,2.24481885568,1.07679586048,1.26459440346,2.25723302123,1.48059430817,1.91728828911,1.04702977491
T[T>C]G,2.09638095311,0.904633873961,1.5187189847,0.93334347092,1.02075093528,1.8219855404,1.28334727252,1.54759012769,0.845137871149
T[T>C]T,2.3098576486,0.886177893959,1.90915050329,1.34672278693,1.12469508544,2.00752026004,1.85174383203,1.70518287148,0.931199156764
A[T>G]A,0.100594493463,0.231314963915,0.566424454272,0.658779918187,0.0489805648799,0.087427674947,0.905822387507,0.0742608564308,0.0405538010296
A[T>G]C,0.361455220258,0.166776740517,0.218723591756,0.279291797068,0.175996520858,0.314144327554,0.384026220969,0.26683343485,0.145717549528
A[T>G]G,0.334541954722,0.303906363984,0.280609901656,0.298995719936,0.162892155964,0.290753740753,0.411119114912,0.246965526785,0.134867699024
A[T>G]T,0.691432530624,0.424853969348,0.687828046684,0.738238060073,0.336666101299,0.60093089049,1.0150773326,0.510429250356,0.278745051613
C[T>G]A,0.0991068464138,0.108312646414,0.385241886148,0.450972234204,0.0482562131753,0.0861347460978,0.62008682203,0.0731626457819,0.0399540689731
C[T>G]C,0.334460131616,0.383911593408,0.486677906686,0.41120038674,0.162852315394,0.290682627477,0.565400531767,0.246905123339,0.134834712746
C[T>G]G,0.501621786567,0.451921917126,0.758189877535,0.632865864097,0.244245163093,0.435964484661,0.870190563134,0.370307182754,0.202224489873
C[T>G]T,1.195543825,1.1086189668,1.57237987897,2.30473823003,0.582123433113,1.03905903115,3.16901506629,0.8825742373,0.481973165051
G[T>G]A,0.0638829855391,0.0507303306754,0.130171818383,0.147178425746,0.0311053280374,0.0555213382172,0.2023703354,0.0471596908954,0.0257538737514
G[T>G]C,0.206730509216,0.142884545425,0.18691472133,0.121159901326,0.100659357891,0.179671542041,0.166594864324,0.152612574866,0.0833416188986
G[T>G]G,0.357067269124,0.187651199762,0.310770444816,0.369581899154,0.173859979207,0.310330715573,0.508175111336,0.263594162023,0.143948584935
G[T>G]T,0.472743198984,0.491335083659,0.73683571604,0.692615523815,0.230183861285,0.410865816918,0.952346345246,0.348988434852,0.190582336763
T[T>G]A,0.298111376674,0.312536886203,0.906423852495,1.03968819892,0.145153706967,0.259091562973,1.42957127352,0.220071749272,0.120181026198
T[T>G]C,0.545380364614,0.282263557769,0.460027212017,0.382302712245,0.265551695859,0.473995500135,0.525666229336,0.402610635657,0.219865382593
T[T>G]G,0.314984712674,0.322356665255,0.368835803565,0.447729669578,0.153369519784,0.273756347141,0.615628295669,0.232527981608,0.126983365842
T[T>G]T,2.28849030826,0.618538464593,1.94210563903,2.15290051077,1.11429109251,1.988949692,2.9602382023,1.68940907573,0.922585098096
