,1,3,2,5,4,7,6,9,8
A[C>A]A,1.12939160511,1.05977157465,1.1680693998,1.09844936935,1.24542498919,1.36145837328,1.02109377996,0.695203760556,1.26089610707
A[C>A]C,0.659960981176,0.61927845494,0.682562384641,0.641879858405,0.727765191571,0.795569401966,0.596677051475,0.586011599507,0.736805752957
A[C>A]G,0.0977591526374,0.0917329035022,0.101107068824,0.0950808196884,0.107802901196,0.117846649755,0.088384987316,0.0841818675826,0.109142067671
A[C>A]T,0.612091455183,0.574359790138,0.63305349132,0.595321826274,0.674977563592,0.737863672002,0.553397754001,1.06208464153,0.683362378047
C[C>A]A,1.31974891179,1.23839452682,1.36494579233,1.28359140736,1.45533955342,1.59093019504,1.19319764628,0.843555633716,1.47341830563
C[C>A]C,0.708864447171,0.665167323715,0.733140626868,0.689443503412,0.781692986263,0.854521525356,0.640891144017,0.941245415847,0.791403458142
C[C>A]G,0.208348067477,0.195504693454,0.215483275267,0.202639901245,0.229753690848,0.251159314219,0.188369485664,0.179702430961,0.232607773964
C[C>A]T,1.2566544465,1.17918944638,1.29969055768,1.22222555756,1.38576278005,1.51487111359,1.13615333519,3.55837024705,1.40297722452
G[C>A]A,1.56297633501,1.46662847874,1.61650292182,1.52015506555,1.72355609545,1.8841358559,1.41310189192,0.617824832895,1.74496673018
G[C>A]C,0.718325645924,0.674045297888,0.742925839278,0.698645491241,0.792126225985,0.865926806046,0.649445104534,0.735997090866,0.801966303327
G[C>A]G,0.129606448191,0.121617009604,0.134045025184,0.126055586597,0.14292217917,0.156237910148,0.117178432611,0.093329217608,0.144697609967
G[C>A]T,1.04504359876,0.980623102948,1.0808327631,1.01641226729,1.15241109179,1.25977858481,0.944833938607,1.96152496528,1.16672675752
T[C>A]A,1.93459578964,1.8153398848,2.0008490701,1.88159316526,2.13335563104,2.33211547244,1.74908660433,0.901015091173,2.15985694322
T[C>A]C,0.948836183992,0.890346282239,0.981330573855,0.922840672102,1.04631935358,1.14380252317,0.857851892377,0.799878424905,1.05931710953
T[C>A]G,0.194761589583,0.182755738171,0.201431507035,0.189425655622,0.214771341938,0.234781094292,0.176085820719,0.118453298685,0.217439308918
T[C>A]T,2.44746425957,2.29659317507,2.53128152873,2.38041044424,2.69891606706,2.95036787454,2.21277590591,2.91832983977,2.73244297472
A[C>G]A,0.263179304905,0.246955923096,0.272192294799,0.25596891299,0.290218274587,0.317257244269,0.237942933202,0.252423845576,0.293823470545
A[C>G]C,0.146452720796,0.13742481335,0.151468224933,0.142440317487,0.161499233207,0.176545745617,0.132409309213,0.129700556463,0.163505434861
A[C>G]G,0.0241145759713,0.0226280610141,0.0249404176141,0.023453902657,0.0265921008998,0.0290696258284,0.0218022193713,0.0547282746281,0.026922437557
A[C>G]T,0.250900203701,0.235433752788,0.259492676431,0.244026225518,0.27667762189,0.302455040078,0.226841280059,0.290446163742,0.280114610982
C[C>G]A,0.150657549198,0.141370440001,0.155817054308,0.146529945111,0.166136064527,0.181614579855,0.136210934892,0.121975388693,0.168199866571
C[C>G]C,0.155161273479,0.145596537442,0.160475015721,0.150910279685,0.171102500206,0.187043726933,0.1402827952,0.155883636592,0.173227997103
C[C>G]G,0.085256188625,0.0800006701481,0.0881759211121,0.0829204026352,0.0940153860864,0.102774583548,0.0770809376609,0.0687751359652,0.0951832790813
C[C>G]T,0.270201676868,0.253545409116,0.279455158953,0.262798891201,0.297962123122,0.325722569376,0.244291927032,0.215378300989,0.301663515956
G[C>G]A,0.0741359687404,0.0695659432701,0.0766748717795,0.0721048463092,0.0817526778576,0.0893693869747,0.067027040231,0.176942369556,0.0827682390732
G[C>G]C,0.164665247209,0.154514649778,0.170304468003,0.160153870573,0.181582909593,0.198500571977,0.148875428983,0.202910781731,0.183838597911
G[C>G]G,0.00541776531845,0.00508379348375,0.00560330522662,0.00526933339192,0.00597438504295,0.00653100476745,0.00489825357559,0.0198085996802,0.00604860100622
G[C>G]T,0.214147018214,0.200946174626,0.221480820208,0.208279976619,0.236148424195,0.258149830176,0.193612372632,0.164910666746,0.239081944993
T[C>G]A,2.61801142879,2.45662716263,2.70766935443,2.54628508827,2.88698520572,3.15595898265,2.36696923699,0.352204327159,2.92284837598
T[C>G]C,0.7406222558,0.69496745921,0.765986031684,0.720331235093,0.816713583451,0.892804911102,0.669603683326,0.162133999638,0.826859093804
T[C>G]G,0.116731345307,0.109535577446,0.120728994119,0.113533226258,0.128724291743,0.140717238178,0.105537928634,0.0300782016806,0.130323351268
T[C>G]T,3.29169709647,3.08878426176,3.40442644909,3.20151361437,3.62988515433,3.96807321218,2.97605490914,0.791510066699,3.67497689537
A[C>T]A,1.08309431094,1.01632822328,1.12018658186,1.0534204942,1.19437112371,1.30564793647,0.979235952356,2.26497017185,1.20920803208
A[C>T]C,3.04906228067,2.86110638665,3.15348222179,2.96552632777,3.36232210402,3.67558192738,2.75668644554,2.18865569737,3.40409008047
A[C>T]G,2.00922202512,1.88536587288,2.07803099858,1.95417484635,2.21564894551,2.42207586589,1.81655689942,2.94012538406,2.24317253489
A[C>T]T,1.4045363756,1.31795536615,1.45263693641,1.36605592695,1.54883805803,1.69313974045,1.26985480534,1.73878737135,1.56807828235
C[C>T]A,6.31519557363,5.92590269581,6.53146939465,6.14217651682,6.96401703668,7.61283849972,5.70962887479,2.40690104692,7.05052656508
C[C>T]C,9.73908838662,9.13873362306,10.0726188108,9.47226404726,10.7396796592,11.7402709318,8.80520319886,3.19389097532,10.8730918289
C[C>T]G,2.76827941963,2.59763205814,2.86308350934,2.69243614786,3.05269168877,3.33710395791,2.50282796843,2.29457416746,3.09061332465
C[C>T]T,7.91579827667,7.42783810893,8.18688725874,7.698927091,8.7290652229,9.54233216913,7.15674912685,3.38811224012,8.83750081573
G[C>T]A,1.48546212883,1.39389254555,1.53633411955,1.44476453626,1.63807810097,1.79069407311,1.34302055483,3.03748774751,1.65842689726
G[C>T]C,4.49053604438,4.21372217863,4.64432152535,4.3675076596,4.95189248729,5.41324893021,4.05993669766,4.07331596139,5.01340667968
G[C>T]G,1.37873262616,1.2937422588,1.42594949692,1.34095912956,1.52038323844,1.66203385072,1.24652538804,4.02738542102,1.53926998675
G[C>T]T,3.33213333009,3.12672785084,3.44624748523,3.24084200598,3.67447579551,4.01681826093,3.0126136957,3.5684866337,3.72012145757
T[C>T]A,11.2802446716,10.5848871233,11.6665544206,10.9711968724,12.4391739187,13.5981031657,10.1985773743,4.39408309682,12.5936978183
T[C>T]C,19.9644379514,18.7337534201,20.6481515798,19.4174670486,22.0155788368,24.0667197222,18.0500397916,3.95624524868,22.2890642882
T[C>T]G,7.38549599035,6.93022568957,7.63842393522,7.18315363445,8.14427982497,8.9030636596,6.6772977447,2.2678578458,8.24545100292
T[C>T]T,7.75141623177,7.27358920379,8.01687569177,7.53904866378,8.54779461175,9.34417299173,7.00812974379,3.39197337404,8.65397839575
A[T>A]A,0.549192392674,0.515338067098,0.568000351327,0.534146025752,0.605616268634,0.662040144594,0.496530108445,0.584198665853,0.613139452095
A[T>A]C,0.271081644494,0.254371132162,0.280365262456,0.263654750124,0.29893249838,0.326783352267,0.2450875142,0.481748290193,0.302645945565
A[T>A]G,0.386306768355,0.362493337429,0.399536452203,0.375723021277,0.425995819899,0.465684871442,0.349263653582,0.551325335456,0.431287693438
A[T>A]T,1.00788265007,0.945752897666,1.04239917918,0.980269426778,1.1114322374,1.21498182474,0.911236368554,0.78106301739,1.12523884905
C[T>A]A,0.243438920566,0.228432411764,0.2517758699,0.236769361098,0.268449768569,0.293460616572,0.220095462429,0.542700164319,0.271784548303
C[T>A]C,0.355761455803,0.333830955103,0.367945067303,0.346014566603,0.392312290303,0.428863124804,0.321647343603,0.738688460538,0.397185734903
C[T>A]G,0.327251089917,0.307078077525,0.338458319024,0.318285306632,0.360872777237,0.394494464558,0.295870848418,0.974293187412,0.36535566888
C[T>A]T,0.481664415827,0.451972773755,0.498159772533,0.468468130462,0.531150485946,0.580636556065,0.435477417049,0.694859422956,0.537748628628
G[T>A]A,0.150397782476,0.141126686296,0.155548391465,0.146277295285,0.165849609443,0.18130143641,0.135976077307,0.330618738644,0.167909853038
G[T>A]C,0.152744067374,0.143328337194,0.157975028586,0.148559298405,0.168436951008,0.184129834643,0.138097375982,0.311621694003,0.170529335493
G[T>A]G,0.181707348774,0.170506210836,0.187930203184,0.176729065246,0.200375912005,0.219044475235,0.164283356426,0.360728475051,0.202865053769
G[T>A]T,0.283731173097,0.266240895303,0.293447994093,0.275957716299,0.312881636086,0.342032099075,0.256524074306,0.402510070361,0.316768364485
T[T>A]A,0.871378513435,0.817663399593,0.901220243348,0.847505129506,0.960903703172,1.05042889291,0.787821669681,0.707732564622,0.972840395137
T[T>A]C,0.263479243257,0.247237372097,0.272502505013,0.256260633853,0.290549028523,0.317618813789,0.238214110342,0.477328285999,0.294158333225
T[T>A]G,0.566400223338,0.531485141077,0.58579749126,0.550882409,0.624592027105,0.682783830873,0.512087873155,0.579864951047,0.632350934274
T[T>A]T,0.903488508487,0.847794011388,0.934429895764,0.878735398665,0.996312670318,1.08913683215,0.816852624111,0.690277773591,1.00868922523
A[T>C]A,1.10650984832,1.03830033712,1.1444040212,1.07619451001,1.22019236698,1.33387488564,1.00040616423,1.90359207231,1.23535003613
A[T>C]C,0.511164686199,0.47965453431,0.528670326138,0.497160174249,0.563681606015,0.61619852583,0.462148894372,0.907707383876,0.57068386199
A[T>C]G,0.970137012831,0.910334046287,1.00336088313,0.943557916589,1.06980862374,1.16948023465,0.877110175984,1.58707771298,1.08309817186
A[T>C]T,1.0826145801,1.01587806489,1.11969042188,1.05295390667,1.19384210545,1.30506963081,0.978802223104,1.52994054461,1.20867244217
C[T>C]A,0.651890304632,0.611705285853,0.674215315065,0.634030296286,0.71886533593,0.785840367228,0.589380275421,0.908454836096,0.727795340103
C[T>C]C,0.590512264752,0.554110823774,0.610735287517,0.574333846539,0.651181333048,0.711850401344,0.533887801008,1.00719760171,0.659270542154
C[T>C]G,0.920893617546,0.864126202766,0.952431070202,0.895663655421,1.01550597551,1.11011833348,0.83258875011,1.30404035755,1.02812095658
C[T>C]T,1.29248258713,1.21280900299,1.33674568943,1.25707210529,1.42527189403,1.55806120093,1.1685459007,1.32506816179,1.44297713495
G[T>C]A,0.43858311977,0.411547174031,0.453603089626,0.426567143886,0.483643029336,0.528702938901,0.396527204176,1.43134278102,0.489651017278
G[T>C]C,0.431862951753,0.405241262946,0.446652778867,0.420031090061,0.476232433097,0.520601914441,0.390451435831,1.04333713909,0.482148363943
G[T>C]G,0.524721955062,0.49237608112,0.54269188503,0.510346011087,0.578631744965,0.632541534869,0.474406151152,1.10521343982,0.585819716952
G[T>C]T,1.09471475454,1.02723233817,1.13220498586,1.06472256949,1.2071854485,1.31965614246,0.989742106848,1.28577574236,1.22218154103
T[T>C]A,0.766556748235,0.719303250056,0.792808691667,0.745555193489,0.845312578533,0.924068408831,0.693051306623,0.908709182637,0.855813355906
T[T>C]C,0.695852570003,0.652957548565,0.719683137469,0.67678811603,0.767344272401,0.838835974798,0.629126981099,1.07687299196,0.776876499387
T[T>C]G,0.593317020461,0.556742683584,0.613636096505,0.577061759627,0.654274248591,0.715231476721,0.53642360754,0.81660235397,0.662401879008
T[T>C]T,1.24545911383,1.16868423695,1.2881118232,1.21133694632,1.37341724196,1.50137537009,1.12603152757,1.06545510995,1.39047832571
A[T>G]A,1.08994425236,1.02275590804,1.12727111032,1.060082766,1.20192482624,1.31390540011,0.985429050081,0.649465883192,1.21685556942
A[T>G]C,0.185887097331,0.17442830366,0.192253093815,0.180794300144,0.204985086783,0.224083076235,0.168062307176,0.261732358572,0.207531485376
A[T>G]G,0.280480121512,0.263190251008,0.290085605126,0.272795734622,0.309296572353,0.338113023193,0.253584767395,0.309349557795,0.313138765798
A[T>G]T,0.647653939256,0.607730066288,0.669833868682,0.629909995714,0.714193727535,0.780733515815,0.585550136861,0.937562293658,0.723065699306
C[T>G]A,0.697560024788,0.654559749287,0.721449066732,0.678448791232,0.769227150622,0.840894276456,0.630670707342,0.411001401797,0.7787827674
C[T>G]C,0.32022517875,0.300485270471,0.331191794461,0.311451886182,0.353125025882,0.386024873014,0.289518654761,0.495848321853,0.357511672166
C[T>G]G,0.585973065399,0.54985143808,0.606040636132,0.569919008812,0.646175777597,0.706378489796,0.529783867347,0.571448770567,0.65420280589
C[T>G]T,1.7598195753,1.65133754669,1.82008736897,1.71160534036,1.94062295632,2.12142633735,1.59106975301,2.32886504274,1.96473007379
G[T>G]A,0.240803630329,0.225959570925,0.249050329997,0.234206270594,0.265543729335,0.290283828341,0.217712871256,0.144391127817,0.268842409202
G[T>G]C,0.033210618468,0.0311633885625,0.0343479684156,0.03230073851,0.0366226683106,0.0400347181532,0.0300260386149,0.160007248053,0.0370776082896
G[T>G]G,0.379047246587,0.355681320428,0.392028316676,0.368662390516,0.417990456853,0.456933667119,0.342700250339,0.265587696883,0.423182884888
G[T>G]T,0.713584635612,0.669596541636,0.738022465599,0.694034371623,0.786898125572,0.860211615532,0.645158711649,0.840495787946,0.796673257567
T[T>G]A,1.60737583113,1.50829101962,1.66242294863,1.56333813712,1.77251718364,1.93765853615,1.45324390211,0.974427309737,1.79453603064
T[T>G]C,0.359332279314,0.337181659356,0.37163817929,0.349487559332,0.396249979243,0.433167679173,0.324875759379,0.445769571928,0.401172339234
T[T>G]G,0.387466158571,0.363581258385,0.400735547563,0.376850647377,0.427274325547,0.467082492523,0.350311869393,0.384568726777,0.432582081144
T[T>G]T,1.8999408517,1.78282121016,1.96500731923,1.84788767768,2.09514025427,2.29033965685,1.71775474263,1.98416133467,2.12116684128
