,1,3,2,5,4,7,6,9,8
A[C>A]A,0.319874239459,0.17770791081,0.675290061079,1.643798175,0.657519269998,0.844112576349,1.14621602473,0.374771437924,0.915195740673
A[C>A]C,0.219227406062,0.121793003368,0.462813412798,1.12658528115,0.450634112461,0.578516765997,0.785564871723,0.351828602407,0.627233967345
A[C>A]G,0.0987463160604,0.054859064478,0.208464445016,0.507446346421,0.202978538569,0.26058055627,0.353840965883,0.132045937385,0.282524182062
A[C>A]T,0.229658208925,0.127587893847,0.484833996619,1.18018801809,0.472075207234,0.606042495774,0.822941915314,0.531709648603,0.657077653313
C[C>A]A,0.502310287663,0.279061270924,1.06043282951,2.58131675605,1.03252670242,1.32554103689,1.79994519746,0.751063211608,1.43716554526
C[C>A]C,0.283706886645,0.157614937025,0.598936760695,1.45793816748,0.583175266992,0.748670950868,1.01661634381,0.882852569254,0.811716925678
C[C>A]G,0.128385264985,0.0713251472139,0.271035559413,0.659757611729,0.263903044692,0.338794449266,0.46004719953,0.290167478035,0.367324508152
C[C>A]T,0.343155495687,0.190641942048,0.724439379784,1.76343796395,0.705375185579,0.90554922473,1.22964052621,2.32319437333,0.981806001549
G[C>A]A,0.467328364392,0.259626869107,0.986582102606,2.40154853924,0.960619415696,1.23322762826,1.67459330574,0.558998871233,1.3370783759
G[C>A]C,0.544751135449,0.302639519694,1.15003017484,2.79941555717,1.11976622287,1.43753771855,1.95202490202,0.805178917523,1.55859352642
G[C>A]G,0.190394481867,0.105774712148,0.401943906164,0.978416087374,0.391366434949,0.502429882705,0.682246893358,0.20043901194,0.544739767565
G[C>A]T,0.390457855967,0.216921031093,0.824299918152,2.00651953761,0.802607815043,1.03037489769,1.39914065055,1.22398501906,1.11714331013
T[C>A]A,0.743710451113,0.413172472841,1.57005539679,3.82184537377,1.52873814951,1.96256924599,2.66496244982,0.373193457958,2.12783823513
T[C>A]C,0.543165014745,0.301758341525,1.14668169779,2.7912646591,1.11650586364,1.43335212224,1.94634130284,0.718813135116,1.55405545885
T[C>A]G,0.0991213822802,0.0550674346001,0.20925625148,0.509373770051,0.20374950802,0.26157031435,0.355184953171,0.151518120493,0.28359728819
T[C>A]T,0.629273136996,0.34959618722,1.32846551144,3.23376473178,1.29350589271,1.66058188929,2.25489540757,0.951557775153,1.80042036418
A[C>G]A,0.164166242919,0.0912034682886,0.346573179497,0.843632081669,0.337452832668,0.433216474371,0.588262370461,0.189541457741,0.469697861686
A[C>G]C,0.0808069370305,0.0448927427947,0.17059242262,0.415257870851,0.16610314834,0.213240528275,0.289558191026,0.102123778444,0.231197625393
A[C>G]G,0.0203757132732,0.0113198407073,0.0430153946878,0.104708526543,0.0418834106171,0.0537692433598,0.0730129725622,0.151963096348,0.0582971796427
A[C>G]T,0.13026398585,0.0723688810275,0.275001747905,0.669412149505,0.267764859802,0.343752184881,0.466779282628,0.198558881293,0.372699737292
C[C>G]A,0.159031329719,0.0883507387328,0.335732807185,0.817244333279,0.326897733312,0.419666008981,0.569862264827,0.0983608399113,0.455006304474
C[C>G]C,0.124620120928,0.0692334005156,0.263086921959,0.64040895477,0.256163581908,0.328858652449,0.446555433326,0.170469767956,0.356552012656
C[C>G]G,0.0319240091086,0.0177355606159,0.0673951303403,0.164053935697,0.0656215742787,0.0842439129254,0.114394365972,0.172798318168,0.0913381371718
C[C>G]T,0.151814799443,0.0843415552461,0.320497909935,0.780159386026,0.312063754411,0.400622387419,0.544003031337,0.147902884839,0.434359009517
G[C>G]A,0.0923072033485,0.051281779638,0.194870762625,0.474356461652,0.189742584661,0.243588453281,0.330767478665,0.294378608256,0.264101165136
G[C>G]C,0.103908434636,0.0577269081309,0.219362250897,0.533973900211,0.213589560084,0.274202813622,0.372338557444,0.30538793569,0.297293576874
G[C>G]G,0.0300727528389,0.0167070849105,0.0634869226598,0.154540535422,0.0618162141688,0.0793586533248,0.107760697673,0.0662237491982,0.086041487289
G[C>G]T,0.0769246124998,0.0427358958332,0.162396404166,0.395307036458,0.158122814583,0.202995505208,0.275646528124,0.0732729949512,0.220089863541
T[C>G]A,2.57886835508,1.43270464171,5.44427763851,13.2525179358,5.30100717434,6.80534704814,9.24094493905,0.100256755703,7.37842890482
T[C>G]C,0.653152381908,0.362862434393,1.37887725069,3.35647751814,1.34259100725,1.72359656337,2.34046270184,0.196978681602,1.86874153713
T[C>G]G,0.106669479345,0.0592608218582,0.225191123061,0.548162602188,0.219265040875,0.281488903827,0.382232300985,0.101057567587,0.30519323257
T[C>G]T,3.07649306821,1.70916281567,6.49481869956,15.809756045,6.323902418,8.11852337445,11.0241001611,0.33147521004,8.80218850072
A[C>T]A,0.467311748461,0.259617638034,0.986547024529,2.40146315181,0.960585260726,1.23318378066,1.67453376532,3.01155660449,1.33703083588
A[C>T]C,0.496517972956,0.275843318309,1.04820460957,2.55155069436,1.02062027774,1.31025576197,1.77918940309,4.89718036473,1.42059308929
A[C>T]G,0.394487592715,0.21915977373,0.832807140176,2.02722790701,0.810891162803,1.04100892522,1.41358054056,2.44760898538,1.12867283471
A[C>T]T,0.341951977135,0.18997332063,0.721898618396,1.75725321583,0.702901286333,0.902373272995,1.22532791807,2.12236617649,0.978362601247
C[C>T]A,0.566668804055,0.314816002253,1.19630080856,2.91204802084,1.16481920834,1.4953760107,2.03056321453,10.9106371295,1.6213024116
C[C>T]C,0.670813563095,0.372674201719,1.41616196653,3.4472363659,1.37889454636,1.77020245817,2.40374860109,14.6622553009,1.91927213885
C[C>T]G,0.329844102083,0.183246723379,0.696337548841,1.69503219126,0.678012876504,0.870421936052,1.1819413658,4.07298607402,0.943720625404
C[C>T]T,0.577121939173,0.32062329954,1.21836853825,2.96576552075,1.1863062083,1.52296067282,2.06802028204,11.9696560785,1.65120999263
G[C>T]A,0.473139092973,0.262855051651,0.998849196276,2.43140922778,0.97256369111,1.24856149534,1.69541508315,3.47064968897,1.35370351601
G[C>T]C,0.645705347901,0.358725193278,1.36315573446,3.31820803782,1.32728321513,1.70394466807,2.31377749664,6.7017791689,1.84743474538
G[C>T]G,0.33887207739,0.188262265217,0.715396607823,1.74142595325,0.696570381301,0.894245759779,1.21429161065,2.37042917635,0.969550665866
G[C>T]T,0.489530438842,0.271961354912,1.03345314867,2.51564253294,1.00625701317,1.29181643583,1.75415073918,5.22801771109,1.4006009778
T[C>T]A,1.66420708194,0.924559489966,3.51332606187,8.55217528218,3.42087011287,4.39165757734,5.96340871028,15.2501202793,4.76148137332
T[C>T]C,1.09815528624,0.610086270131,2.3183278265,5.64329799871,2.25731919948,2.89790978312,3.93505644234,32.8162116077,3.14194429117
T[C>T]G,0.384981349471,0.213878527484,0.812738404438,1.97837637922,0.79135055169,1.01592300555,1.37951650227,11.0918512286,1.10147441654
T[C>T]T,0.792456640196,0.440253688998,1.67296401819,4.07234662323,1.62893864929,2.09120502274,2.83963629404,10.6792726431,2.26730649834
A[T>A]A,0.240367907695,0.133537726497,0.507443360689,1.2352239701,0.494089588039,0.634304200862,0.861318335907,0.817357060032,0.68771929146
A[T>A]C,0.223771092336,0.12431727352,0.472405639377,1.14993478006,0.459973912025,0.590507049221,0.801846414206,0.419965793522,0.640233958629
A[T>A]G,0.182888576947,0.10160476497,0.386098106887,0.939844075975,0.37593763039,0.482622633609,0.655350734059,0.998573200049,0.523264539597
A[T>A]T,0.225976793507,0.125542663059,0.477062119625,1.1612696333,0.464507853319,0.596327649531,0.809750176732,0.911856835785,0.646544714755
C[T>A]A,0.23507952593,0.130599736628,0.496278999185,1.20804756381,0.483219025523,0.620348748982,0.842368301249,1.02870300804,0.672588643633
C[T>A]C,0.234824309369,0.130457949649,0.495740208667,1.20673603426,0.482694413702,0.619675260834,0.841453775238,1.00226514653,0.671858440694
C[T>A]G,0.502555127243,0.279197292913,1.06094971307,2.58257495944,1.03302998378,1.32618714134,1.80082253929,2.32037503156,1.4378660585
C[T>A]T,0.291397574061,0.161887541145,0.615172656352,1.49745975559,0.598983902237,0.76896582044,1.04417464039,0.860033610841,0.833720836898
G[T>A]A,0.230762711736,0.12820150652,0.487165724776,1.18586393531,0.474345574124,0.60895715597,0.826899717054,0.647221283118,0.660237758578
G[T>A]C,0.138337736569,0.0768542980939,0.292046332757,0.710902257368,0.284360902947,0.365057915946,0.495710222706,0.265288760527,0.395799635184
G[T>A]G,0.24097593579,0.133875519884,0.508726975558,1.23834855892,0.495339423569,0.635908719447,0.863497103249,0.709884620133,0.6894589274
G[T>A]T,0.174348654591,0.0968603636619,0.368069381915,0.895958363873,0.358383345549,0.460086727394,0.624749345619,0.504939594258,0.498830872859
T[T>A]A,0.220341987275,0.122412215153,0.465166417581,1.13231299016,0.452925196066,0.581458021976,0.789558787736,0.779149867125,0.630422908038
T[T>A]C,0.176210003136,0.0978944461869,0.37199889551,0.905523627229,0.362209450892,0.464998619388,0.631419177905,0.702915915021,0.504156397862
T[T>A]G,0.188656386331,0.104809103517,0.398274593365,0.969484207532,0.387793683013,0.497843241706,0.676018717684,0.958567464123,0.539766883112
T[T>A]T,0.201608197823,0.112004554346,0.425617306516,1.0360421277,0.414416851081,0.532021633145,0.722429375533,0.908658064378,0.576823454883
A[T>C]A,0.596591079474,0.331439488597,1.25947005667,3.06581526952,1.22632610781,1.57433757083,2.13778470145,0.64836774124,1.70691336627
A[T>C]C,0.297070240487,0.165039022493,0.627148285472,1.52661095806,0.610644383223,0.78393535684,1.06450169508,0.570717649089,0.849950965837
A[T>C]G,0.517031530321,0.287239739067,1.09151100846,2.65696758637,1.06278703455,1.36438876057,1.85269631698,1.11630986252,1.4792846562
A[T>C]T,0.459956572218,0.25553142901,0.971019430238,2.36366571834,0.945466287337,1.2137742878,1.64817771711,0.52231200563,1.3159868594
C[T>C]A,0.340331560029,0.189073088905,0.718477737839,1.74892607237,0.699570428949,0.898097172299,1.21952142344,0.3942877859,0.973726407861
C[T>C]C,0.310877108393,0.172709504663,0.656296117718,1.59756291813,0.639025167251,0.820370147147,1.11397630507,0.437752563813,0.889453949012
C[T>C]G,0.420264437785,0.233480243214,0.887224924212,2.15969224973,0.863876899891,1.10903115527,1.50594756873,0.85266081154,1.20242325255
C[T>C]T,0.300994358644,0.167219088135,0.635432534915,1.54677656525,0.618710626101,0.794290668643,1.07856311847,0.707143247346,0.861178303898
G[T>C]A,0.842395879927,0.467997711071,1.77839130207,4.3289788274,1.73159153096,2.22298912759,3.0185852364,0.268186750041,2.41018821201
G[T>C]C,0.420960542678,0.233866968154,0.888694478986,2.16326945543,0.865307782171,1.11086809873,1.50844194459,0.418817804103,1.20441488599
G[T>C]G,0.525955058444,0.292197254691,1.11034956783,2.70282460589,1.08112984236,1.38793695978,1.88467229276,0.67744437043,1.50481586166
G[T>C]T,0.621510024435,0.345283346908,1.31207671825,3.1938709589,1.27754838356,1.64009589781,2.22707758756,1.35918381933,1.77820923658
T[T>C]A,0.381869260634,0.212149589241,0.806168439116,1.96238370048,0.784953480192,1.0077105489,1.36836485061,0.462849500782,1.09257038459
T[T>C]C,0.390648155769,0.217026753205,0.824701662178,2.00749746714,0.802998986858,1.03087707772,1.39982255817,0.660286085978,1.117687779
T[T>C]G,0.254123577848,0.141179765471,0.536483108791,1.30591283061,0.522365132244,0.670603885989,0.91060948729,0.725279827102,0.727075792177
T[T>C]T,0.354116065392,0.19673114744,0.747578360272,1.81976311382,0.727905245528,0.93447295034,1.26891590099,0.40255631404,1.01316540932
A[T>G]A,0.102105194937,0.0567251082985,0.215555411534,0.524707251761,0.209882900705,0.269444264418,0.365876948526,0.195827187616,0.292134307737
A[T>G]C,0.0547336827528,0.0304076015294,0.115548885812,0.281270314147,0.112508125659,0.144436107264,0.196129029864,0.10439199639,0.156599147876
A[T>G]G,0.0992845994953,0.0551581108307,0.209600821157,0.510212525184,0.204085010074,0.262001026446,0.355769814858,0.333816451172,0.284064270778
A[T>G]T,0.182365701213,0.101314278452,0.384994258116,0.937157075678,0.374862830271,0.481242822645,0.653477096013,0.379099239477,0.521768534026
C[T>G]A,0.0560950893881,0.0311639385489,0.118422966486,0.288266431578,0.115306572631,0.148028708107,0.201007403641,0.148360953784,0.160494283527
C[T>G]C,0.120707484299,0.0670597134995,0.254826911298,0.620302349871,0.248120939948,0.318533639123,0.432535152072,0.392074065045,0.345357524523
C[T>G]G,0.162419930608,0.090233294782,0.342886520172,0.834657976734,0.333863190693,0.428608150215,0.582004751344,0.518033349052,0.464701468127
C[T>G]T,0.348570673397,0.19365037411,0.735871421616,1.79126596051,0.716506384205,0.919839277021,1.24904491301,0.557221247735,0.997299426664
G[T>G]A,0.0428964480459,0.0238313600255,0.0905591680969,0.220440080236,0.0881760320944,0.113198960121,0.153712272165,0.103121993958,0.122731504131
G[T>G]C,0.0251378236313,0.0139654575729,0.0530687387771,0.12918048255,0.0516721930199,0.0663359234714,0.0900772013454,0.107733018732,0.0719221065006
G[T>G]G,0.102255179742,0.0568084331901,0.215872046122,0.525478007008,0.210191202803,0.269840057653,0.366414394076,0.427871000407,0.292563430929
G[T>G]T,0.141024610856,0.0783470060309,0.297718622917,0.724709805786,0.289883922314,0.372148278647,0.505338188899,0.372976657711,0.403487081059
T[T>G]A,0.123086491091,0.0683813839396,0.25984925897,0.632527801441,0.253011120576,0.324811573713,0.44105992641,0.326599059318,0.352164127289
T[T>G]C,0.0982192137741,0.0545662298745,0.207351673523,0.504737626339,0.201895050536,0.259189591904,0.35195218269,0.28704012025,0.281016083854
T[T>G]G,0.121235246669,0.0673529148161,0.255941076301,0.623014462049,0.24920578482,0.319926345377,0.434426300564,0.420171454444,0.346867511303
T[T>G]T,0.430634288236,0.239241271242,0.909116830721,2.21298175899,0.885192703597,1.1363960384,1.54310619951,0.241104498152,1.2320925469
