,1,3,2,5,4,7,6,9,8
A[C>A]A,0.487431956537,0.385883632258,0.406193297114,0.558515783532,0.781922096944,1.77529331398,0.678364111844,0.881702865761,0.593602684291
A[C>A]C,0.472846784321,0.374337037587,0.394038986934,0.541803607034,0.758525049848,1.41229066593,0.539655782918,0.735445625768,0.528144627988
A[C>A]G,0.066680989116,0.0527891163835,0.05556749093,0.0764053000288,0.10696742004,0.872427171294,0.333366480088,0.140927841198,0.0974438082166
A[C>A]T,0.631960048959,0.500301705426,0.526633374133,0.724120889432,1.01376924521,1.19932155563,0.458277342394,0.807487782979,1.07541114845
C[C>A]A,0.959874851539,0.759900924135,0.799895709616,1.09985660072,1.53979924101,2.67527693137,1.02226029085,1.32134466653,0.914568242756
C[C>A]C,1.3816707255,1.09382265769,1.15139227125,1.58316437297,2.21643012216,2.03655087956,0.778194238532,1.4893251911,1.00602622084
C[C>A]G,0.418385309284,0.331221703183,0.348654424404,0.479399833555,0.671159766977,0.86499134515,0.330525148147,0.373369852096,0.220098642995
C[C>A]T,3.63274147575,2.87592033497,3.02728456313,4.1625162743,5.82752278402,1.75426218435,0.670327826541,3.4710456564,3.34081624481
G[C>A]A,0.456266211033,0.361210750401,0.380221842528,0.522805033476,0.731927046866,2.48100866758,0.948027702247,0.793259368517,0.538003844076
G[C>A]C,0.498065745726,0.3943020487,0.415054788105,0.570700333644,0.798980467102,3.86397341932,1.47647764803,0.842937760776,0.705257009646
G[C>A]G,0.138597624836,0.109723119662,0.115498020697,0.158809778458,0.222333689841,1.56914082993,0.59959039843,0.189746279735,0.101831176755
G[C>A]T,1.01262472452,0.801661240248,0.843853937103,1.16029916352,1.62441882892,2.11158079283,0.80686420539,1.47351832872,1.89898329074
T[C>A]A,1.29198478501,1.02282128813,1.07665398751,1.48039923283,2.07255892596,2.12564424575,0.812238045122,0.611340972186,1.9595241286
T[C>A]C,0.762339451907,0.60351873276,0.63528287659,0.873513955311,1.22291953743,2.8728291261,1.09774771485,0.934448208077,1.25879096471
T[C>A]G,0.13632734758,0.107925816834,0.113606122984,0.156208419103,0.218691786744,0.601899296334,0.229994040063,0.133131629608,0.24573408801
T[C>A]T,3.37280050545,2.67013373348,2.81066708787,3.86466724582,5.41053414415,1.97519900861,0.754750840687,1.63797790416,9.20843773678
A[C>G]A,0.202012463723,0.159926533781,0.168343719769,0.231472614683,0.324061660556,0.58815973436,0.224743963536,0.426335341354,0.282051561665
A[C>G]C,0.13595577076,0.107631651851,0.113296475633,0.155782653996,0.218095715594,0.371151979308,0.141822301036,0.17759869967,0.129332094019
A[C>G]G,0.0521042053957,0.0412491626049,0.0434201711631,0.0597027353492,0.0835838294889,0.0663697974553,0.0253608169138,0.00843766395491,0.0570336395841
A[C>G]T,0.210038682583,0.166280623712,0.175032235486,0.240669323793,0.33693705331,0.331030322815,0.126491261563,0.377779509025,0.322853782615
C[C>G]A,0.165700697553,0.131179718896,0.138083914627,0.189865382612,0.265811535657,0.567557042784,0.216871390332,0.235075412417,0.148442323067
C[C>G]C,0.108445877485,0.0858529863426,0.0903715645712,0.124260901285,0.1739652618,0.568532646445,0.217244181975,0.254469188603,0.151466523836
C[C>G]G,0.0437182024413,0.0346102435993,0.0364318353677,0.0500937736306,0.0701312830828,0.160426227068,0.0613010786357,0.0588403960068,0.0687314174618
C[C>G]T,0.194515896345,0.153991751273,0.162096580287,0.222882797895,0.312035917053,0.490615434124,0.187470938242,0.134709631039,0.204447450241
G[C>G]A,0.169175158046,0.133930333453,0.140979298372,0.193846535261,0.271385149366,0.271862748288,0.103882513573,0.188855419901,0.184509784656
G[C>G]C,0.19234712999,0.152274811242,0.160289274992,0.220397753114,0.308556854359,0.455160502442,0.173923118819,0.184250076879,0.159716098162
G[C>G]G,0.0195777583881,0.0154990587239,0.0163147986568,0.0224328481531,0.0314059874143,0.224740442238,0.0858764291477,0.0225145597274,0.0221512228713
G[C>G]T,0.156056132808,0.123544438473,0.13004677734,0.178814318842,0.250340046379,0.239439112083,0.0914929940481,0.136724110033,0.12145437908
T[C>G]A,3.91417692405,3.09872339821,3.26181410338,4.48499439215,6.278992149,3.36894379411,1.28731998637,0.335558499702,3.17300575193
T[C>G]C,0.959662056172,0.759732461136,0.799718380143,1.0996127727,1.53945788178,1.062778202,0.406102239789,0.226622198502,0.795224530768
T[C>G]G,0.150738203051,0.119334410748,0.125615169209,0.172720857662,0.241809200727,0.207462251944,0.0792741938322,0.0566662396107,0.135871323497
T[C>G]T,4.63979523804,3.67317123012,3.8664960317,5.31643204359,7.44300486102,3.97084166835,1.51731348303,0.793543337989,4.15692185267
A[C>T]A,2.03708536173,1.61269257804,1.69757113478,2.33416031032,3.26782443445,1.87119620425,0.715009931705,2.21161055267,2.51626250243
A[C>T]C,1.42166736265,1.1254866621,1.18472280221,1.62899385304,2.28059139425,4.51803293165,1.72640282754,3.20401782454,2.03203063883
A[C>T]G,2.23824459235,1.77194363561,1.86520382696,2.56465526207,3.5905173669,2.87631164844,1.09907843477,3.71090707435,3.95491388624
A[C>T]T,1.15602684844,0.915187921681,0.963355707032,1.32461409717,1.85445973604,2.72160567745,1.03996314504,2.27893299896,1.76517664773
C[C>T]A,1.43502426796,1.1360608788,1.19585355663,1.64429864037,2.30201809652,2.23756245315,0.855003539008,4.53735947519,2.75430352296
C[C>T]C,1.49895004559,1.18666878609,1.24912503799,1.71754692723,2.40456569813,6.07840766046,2.32264357757,7.07242767919,3.18524464682
C[C>T]G,2.27202108315,1.79868335749,1.89335090263,2.60335749111,3.64470048755,2.28996974897,0.875029091069,3.67786257204,2.80417376487
C[C>T]T,1.32228808337,1.04681139934,1.10190673615,1.5151217622,2.12117046708,3.64640035393,1.39333997264,6.86219740692,3.9588723856
G[C>T]A,2.65090927053,2.09863650584,2.20909105878,3.03750020582,4.25250028814,2.44553472175,0.934472617254,3.2471960184,3.21962769957
G[C>T]C,2.86383584375,2.2672033763,2.38652986979,3.28147857096,4.59406999934,4.82321348318,1.84301653422,5.41042460423,4.18946404538
G[C>T]G,2.01965092287,1.59889031394,1.68304243573,2.31418334912,3.23985668877,2.0908635812,0.798947872493,4.2080776479,4.65694905383
G[C>T]T,2.24551288107,1.77769769751,1.87126073423,2.57298350956,3.60217691338,2.9477158184,1.126362955,5.1483991863,4.1737454636
T[C>T]A,3.18008547497,2.51756766768,2.65007122914,3.64384794007,5.1013871161,5.08909590365,1.94461388188,5.59526454105,6.0501997713
T[C>T]C,2.20550825983,1.74602737237,1.83792354986,2.52714488106,3.53800283348,6.96504265552,2.66143906349,12.5678138949,3.82635156001
T[C>T]G,2.85777531653,2.26240545892,2.38147943045,3.27453421686,4.58434790361,1.84263949918,0.704098020011,4.90532046054,6.8657171176
T[C>T]T,1.82933045069,1.44821994013,1.52444204225,2.09610780809,2.93455093132,5.16441248086,1.973393387,5.05784111777,4.61877452266
A[T>A]A,0.481856979591,0.381470108843,0.401547482993,0.552127789115,0.772978904761,0.469669159643,0.179467077262,0.637278335521,1.80415878769
A[T>A]C,0.410563844089,0.325029709904,0.342136536741,0.470437738019,0.658612833227,0.390361583378,0.14916255625,0.706904690685,0.650227846349
A[T>A]G,0.272107220293,0.215418216065,0.226756016911,0.311789523252,0.436505332553,0.723989159549,0.276646264218,0.374738020017,1.53757254066
A[T>A]T,0.667854634339,0.528718252185,0.556545528616,0.765250101847,1.07135014259,0.34633511244,0.132339433209,0.814326052376,0.81695570278
C[T>A]A,0.588904538647,0.466216093095,0.490753782206,0.674786450533,0.944701030746,0.612512116931,0.234049345494,0.755192910105,3.26911289926
C[T>A]C,0.628543976691,0.49759731488,0.523786647243,0.720206639958,1.00828929594,0.589268080346,0.225167477856,0.756578896926,1.81601456018
C[T>A]G,0.393540514673,0.311552907449,0.327950428894,0.450931839729,0.631304575621,1.67175271763,0.638799818932,1.48759299123,4.25768570296
C[T>A]T,0.482836885994,0.382245868078,0.402364071661,0.553250598534,0.774550837948,0.614440563964,0.234786231758,1.05013074475,1.58737974466
G[T>A]A,0.266121569492,0.210679575848,0.221767974577,0.304930965043,0.42690335106,0.439754205445,0.168036159804,0.873562666445,1.59071843743
G[T>A]C,0.32464440671,0.257010155312,0.270537005592,0.371988382689,0.520783735764,0.37273829535,0.142428454321,0.348812328014,0.419646174836
G[T>A]G,0.207836625188,0.164537328274,0.173197187657,0.238146133028,0.33340458624,0.480414149547,0.183572886412,0.904880860758,1.09767558478
G[T>A]T,0.349603952497,0.276769795727,0.291336627081,0.400587862236,0.56082300713,0.198362859424,0.0757971901865,0.730175873227,0.520293351615
T[T>A]A,0.365418271789,0.289289465166,0.304515226491,0.418708436425,0.586191810995,0.382273358522,0.146071933744,0.660966042964,1.28418739518
T[T>A]C,0.436776780369,0.345781617792,0.363980650308,0.500473394173,0.700662751842,0.475753718771,0.1817920714,0.458070608475,1.12479491284
T[T>A]G,0.185193482388,0.14661150689,0.15432790199,0.212200865236,0.297081211331,0.740627656775,0.283004063971,0.423996478681,1.54314703743
T[T>A]T,0.58821310567,0.465668708655,0.490177588058,0.67399418358,0.943591857011,0.274947450727,0.10506122101,0.853179481274,1.21608512016
A[T>C]A,1.14220974558,0.904249381915,0.951841454648,1.30878200014,1.8322948002,0.82663540533,0.315868813419,2.25374882385,2.09741239579
A[T>C]C,1.06331127608,0.841788093561,0.886092730064,1.21837750384,1.70572850537,0.429694211621,0.164192097123,1.19746854584,1.22584441096
A[T>C]G,2.11874176138,1.67733722776,1.76561813448,2.42772493491,3.39881490887,0.792317148655,0.302755333226,2.5628132379,1.86175915702
A[T>C]T,0.742447693372,0.587771090586,0.618706411144,0.850721315322,1.19100984145,0.598444371145,0.228673865397,1.70975650982,1.37088942392
C[T>C]A,0.952569773181,0.754117737102,0.793808144318,1.09148619844,1.52808067781,0.398482507251,0.152265673503,1.37205393224,1.30746202904
C[T>C]C,1.32184645237,1.04646177479,1.10153871031,1.51461572667,2.12046201734,0.426987021218,0.163157642254,1.18873529304,1.89750125758
C[T>C]G,2.6556992857,2.10242860118,2.21308273808,3.04298876487,4.26018427081,0.654814340501,0.250213609785,2.23679623892,1.90943036254
C[T>C]T,0.79290100846,0.627713298364,0.660750840383,0.908532405527,1.27194536774,0.581007685554,0.222011066838,1.13213775218,1.0391730067
G[T>C]A,1.20448522686,0.953550804596,1.00373768905,1.38013932244,1.93219505142,1.34168905122,0.51267793014,2.76940317129,1.76868746583
G[T>C]C,0.79449850568,0.628977983663,0.662082088067,0.910362871092,1.27450801953,0.874418316075,0.334127324029,1.24862658511,1.3323614237
G[T>C]G,1.54851540433,1.22590802842,1.29042950361,1.77434056746,2.48407679444,0.948437547922,0.362411095548,1.80513523657,1.49758560712
G[T>C]T,0.993214138603,0.786294526394,0.827678448836,1.13805786715,1.59328101401,1.16737952661,0.446071851633,2.17125830062,1.63734568574
T[T>C]A,0.885148055351,0.700742210486,0.737623379459,1.01423214676,1.41992500546,0.583374351752,0.222915402702,1.3669706877,1.44221419985
T[T>C]C,1.15268428352,0.912541724454,0.960570236267,1.32078407487,1.84909770481,0.49939363873,0.190825211547,1.2480465297,1.76091893796
T[T>C]G,1.21903609647,0.965070243036,1.01586341372,1.39681219387,1.95553707141,0.467328562725,0.17857270283,1.07584352641,1.40453944089
T[T>C]T,0.875102370377,0.692789376549,0.729251975314,1.00272146606,1.40381005248,0.388513123601,0.148456234221,1.20415017073,1.40201113886
A[T>G]A,0.164924392566,0.130565144115,0.137436993805,0.188975866482,0.264566213074,0.0517149214972,0.0197609862632,0.159374703024,0.302713755868
A[T>G]C,0.2582750911,0.204467780454,0.215229242583,0.295940208552,0.414316291973,0.10211330897,0.0390189066795,0.0543523147775,0.545347226434
A[T>G]G,0.240158593343,0.190125553063,0.200132161119,0.275181721539,0.385254410155,0.129207809345,0.0493720897497,0.279080158133,0.359005696558
A[T>G]T,1.0817428978,0.856379794094,0.901452414836,1.2394970704,1.73529589856,0.159732880221,0.0610361412227,0.185330199382,2.38914921859
C[T>G]A,0.180813755656,0.143144223228,0.150678129713,0.207182428356,0.290055399698,0.0340435579295,0.0130085140056,0.0195723441754,0.332575245491
C[T>G]C,0.664774574266,0.526279871294,0.553978811888,0.761720866346,1.06640921288,0.179022573738,0.0684069997211,0.32921420038,1.00688830217
C[T>G]G,0.74543329728,0.59013469368,0.6211944144,0.854142319801,1.19579924772,0.242690689222,0.0927354666134,0.608297514098,0.792767988386
C[T>G]T,1.55106694939,1.2279280016,1.29255579116,1.77726421284,2.48816989798,0.594253698363,0.227072551407,0.625187491692,3.33269526279
G[T>G]A,0.0405016890286,0.0320638371476,0.0337514075238,0.0464081853453,0.0649714594834,0.0146203047873,0.00558662052847,0.115232482881,0.0359093801231
G[T>G]C,0.123208764653,0.0975402720168,0.102673970544,0.141176709498,0.197647393297,0.0596768683953,0.0228033562161,0.103832033841,0.140684523574
G[T>G]G,0.227916944526,0.18043424775,0.189930787105,0.261154832269,0.365616765177,0.210216039242,0.0803264540193,0.429383743091,0.338597151128
G[T>G]T,0.563079110236,0.44577096227,0.469232591864,0.645194813812,0.903272739337,0.196169991836,0.074959265173,0.433443664983,0.993240309931
T[T>G]A,0.25164636185,0.199220036464,0.209705301541,0.28834478962,0.403682705467,0.0648904999918,0.0247955569074,0.140695482276,0.580145060679
T[T>G]C,0.466080804684,0.368980637042,0.38840067057,0.534050922034,0.747671290847,0.0691129931299,0.0264090298951,0.197342681992,1.02664522002
T[T>G]G,0.302118763234,0.239177354227,0.251765636028,0.346177749539,0.484648849354,0.163940120492,0.0626437858792,0.325640804352,0.537513948371
T[T>G]T,2.75729514533,2.18285865672,2.29774595444,3.15940068735,4.4231609623,0.221710582863,0.0847186780045,0.46404538466,6.41763514237
