,1,3,2,5,4,7,6,9,8
A[C>A]A,0.712715293603,0.456583234964,1.54792852829,2.16041823373,0.690442940678,0.478855587889,1.03792168337,0.702928146171,1.45883911659
A[C>A]C,0.533584749143,0.34182772992,1.15887937705,1.61742877084,0.516910225733,0.358502253331,0.376305848053,0.524671400361,1.0921812834
A[C>A]G,0.189193538935,0.12120211088,0.410904717374,0.573492914895,0.183281240843,0.127114408972,0.0985467804931,0.147934409756,0.387255525007
A[C>A]T,0.541010138548,0.346584620008,1.17500639466,1.63993698247,0.524103571719,0.363491186837,0.592459600186,0.382960656304,1.10738012734
C[C>A]A,1.10643980605,0.708813000749,2.40304895376,3.35389566208,1.07186356211,0.743389244688,1.70379383152,0.621469829441,2.264743978
C[C>A]C,1.19890546178,0.768048811454,2.60387279981,3.63418218102,1.1614396661,0.805514607134,0.581860635224,0.343611239675,2.45400961708
C[C>A]G,0.411153211775,0.263395026293,0.892973381823,1.24630817319,0.398304673907,0.276243564161,0.367374764924,0.147528045966,0.841579230351
C[C>A]T,2.17581326262,1.39388037136,4.72559442974,6.5954339523,2.10781909816,1.46187453582,1.41231381614,0.764549128124,4.45361777192
G[C>A]A,0.667983990381,0.427927243838,1.45077772911,2.02482647084,0.647109490681,0.448801743537,2.31461580673,0.800009236131,1.36727973031
G[C>A]C,0.977728509109,0.626357326148,2.12350410572,2.96373954324,0.9471744932,0.656911342058,0.629638524314,0.649459835484,2.00128804208
G[C>A]G,0.390450970462,0.250132652952,0.848010701471,1.18355450421,0.378249377635,0.262334245779,0.246190198591,0.152605580076,0.799204330164
G[C>A]T,0.840956234819,0.538737587931,1.8264518225,2.54914858679,0.814676352481,0.565017470269,1.66576885593,0.770468550069,1.72133229314
T[C>A]A,0.758398009172,0.485848724626,1.64714567617,2.2988939653,0.734698071385,0.509548662412,1.42260066317,0.402824961426,1.55234592502
T[C>A]C,0.912236676674,0.584401620994,1.98126403215,2.76521742617,0.883729280528,0.61290901714,1.01726408136,0.441141599578,1.86723444757
T[C>A]G,0.185691073031,0.11895834366,0.403297799239,0.562876065125,0.179888226999,0.124761189693,0.310373093597,0.127711635964,0.38008641511
T[C>A]T,0.980721711351,0.628274846334,2.13000496684,2.97281268753,0.950074157872,0.658922399814,2.97851772126,0.875096209496,2.00741475292
A[C>G]A,0.517804051649,0.331718220587,1.12460567467,1.56959353156,0.501622675035,0.347899597201,0.106240449848,0.179967309277,1.05988016822
A[C>G]C,0.300171021892,0.1922970609,0.651933938172,0.909893410111,0.290790677458,0.201677405334,0.10152917877,0.0861631131735,0.614412560435
A[C>G]G,0.0752446002933,0.0482035720629,0.163421866262,0.228085194639,0.0728932065341,0.050554965822,0.0508260446622,0.0263721642344,0.154016291225
A[C>G]T,0.465337346807,0.298106737798,1.0106545501,1.41055383251,0.450795554719,0.312648529886,0.141317682378,0.146274470387,0.952487381746
C[C>G]A,0.359922231806,0.230575179751,0.781706097205,1.09101426516,0.348674662062,0.241822749495,0.0687501757216,0.0982033105911,0.736715818229
C[C>G]C,0.355687064414,0.22786202564,0.772507843023,1.078176414,0.344571843651,0.238977246403,0.106478421277,0.0779962519208,0.728046959972
C[C>G]G,0.0838104810756,0.053691089439,0.182025888586,0.25405052076,0.081191403542,0.0563101669726,0.0973768147757,0.0399106925211,0.171549578452
C[C>G]T,0.418742388573,0.268256842679,0.909456125181,1.26931286536,0.40565668893,0.281342542322,0.149812057139,0.123136532872,0.85711332661
G[C>G]A,0.25352792207,0.162416325076,0.550630955747,0.768506513776,0.245605174506,0.170339072641,0.054613669324,0.0590806318223,0.518939965488
G[C>G]C,0.253398992279,0.162333729429,0.550350936356,0.768115695345,0.24548027377,0.170252447937,0.0920072678408,0.0567644086493,0.518676062321
G[C>G]G,0.0674914319655,0.0432366986029,0.1465829538,0.204583403145,0.0653823247166,0.0453458058518,0.0182255098925,0.00750336673504,0.138146524804
G[C>G]T,0.283107282455,0.181365602823,0.614873629083,0.858168949943,0.274260179879,0.1902127054,0.0697665440707,0.117668294347,0.579485218776
T[C>G]A,1.28202938761,0.821300076438,2.78440757622,3.8861515812,1.24196596925,0.861363494801,0.486763450095,0.180545643485,2.62415390277
T[C>G]C,0.57351100716,0.367405488962,1.24559421868,1.73845524045,0.555588788186,0.385327707936,0.272315893964,0.129269291622,1.17390534278
T[C>G]G,0.0905755368711,0.0580249533081,0.196718744142,0.274557096141,0.0877450513439,0.0608554388353,0.0459140838481,0.0168578060832,0.185396802033
T[C>G]T,1.74034691227,1.11490974068,3.7798159501,5.27542657783,1.68596107127,1.16929558168,0.614282306807,0.298311461015,3.56227258606
A[C>T]A,1.30769666015,0.837743172908,2.84015368376,3.96395550108,1.26683113952,0.878608693538,0.683083668582,0.257515146758,2.67669160124
A[C>T]C,0.925337991131,0.592794650569,2.00971844949,2.80493078562,0.896421178909,0.621711462791,0.585544770719,0.223815581852,1.8940512006
A[C>T]G,1.39865945961,0.89601621631,3.03771351383,4.23968648693,1.35495135149,0.939724324423,1.80304325436,0.547645382184,2.86288108138
A[C>T]T,0.940811575182,0.602707415351,2.04332513985,2.85183508727,0.911411213458,0.632107777076,0.478564189067,0.210090541909,1.92572369295
C[C>T]A,1.15393154956,0.739237398937,2.5061950842,3.4978550096,1.11787118864,0.77529775986,0.911019104195,0.24424851309,2.36195364051
C[C>T]C,1.46834500562,0.940658519228,3.18906180909,4.4509207983,1.4224592242,0.986544300653,0.948243232157,0.204180218777,3.00551868339
C[C>T]G,1.36471922117,0.87427325106,2.96399955847,4.13680513916,1.32207174551,0.916920726722,1.46817718526,0.363181584853,2.79340965583
C[C>T]T,1.85001983818,1.18516895884,4.01801183606,5.6078726345,1.79220671824,1.24298207878,0.856496914879,0.21664906387,3.78675935628
G[C>T]A,1.93634712031,1.24047237395,4.20550390193,5.86955220845,1.8758362728,1.30098322146,0.830567809261,0.358200146231,3.96346051189
G[C>T]C,2.11517872626,1.35503637151,4.59390379611,6.41163551399,2.04907939107,1.42113570671,1.18802152282,0.288606655263,4.32950645532
G[C>T]G,0.992657654272,0.635921309768,2.15592834287,3.00899351451,0.961637102576,0.666941861464,1.42506320478,0.500451680626,2.03184613609
G[C>T]T,2.22029017776,1.42237339513,4.82219272981,6.73025460132,2.1509061097,1.49175746318,0.821889714448,0.28955885198,4.54465645759
T[C>T]A,1.19808798907,0.767525118,2.60209735127,3.63170421688,1.16064773941,0.804965367659,1.21625075062,0.389131096912,2.45233635263
T[C>T]C,0.990740526133,0.634693149554,2.1517645802,3.00318221984,0.959779884692,0.665653790996,1.51614046306,0.288060318591,2.02792201443
T[C>T]G,0.724577815274,0.46418266291,1.57369244255,2.19637650255,0.701934758547,0.486825719637,1.59952764614,0.404054712747,1.48312021564
T[C>T]T,0.819356016469,0.524899948051,1.77953884827,2.48367292492,0.793751140954,0.550504823565,0.918053836178,0.364570454488,1.67711934621
A[T>A]A,0.386276851463,0.247458607968,0.838945036771,1.170901706,0.374205699855,0.259529759577,0.309154353556,0.0593579606782,0.790660430338
A[T>A]C,0.298723221815,0.191369563975,0.648789497379,0.905504766126,0.289388121133,0.200704664657,0.352474898302,0.0779832611984,0.611449094652
A[T>A]G,0.469004427305,0.300455961242,1.01861899055,1.42166967027,0.454348038951,0.315112349595,0.331787910075,0.084262738232,0.959993437139
A[T>A]T,0.448805820291,0.287516228624,0.974750140944,1.36044264276,0.434780638407,0.301541410508,0.307031959387,0.11420779944,0.918649413408
C[T>A]A,0.460903278955,0.29526616308,1.00102430898,1.39711306433,0.446500051487,0.309669390548,0.256795497544,0.058414658065,0.94341139911
C[T>A]C,0.516831937647,0.331095460055,1.12249436458,1.56664681099,0.500680939595,0.347246458106,0.49313708024,0.12229196577,1.05789037237
C[T>A]G,1.00925925614,0.646556710968,2.19198494694,3.05931712019,0.97771990439,0.678096062722,0.734277230021,0.117240207345,2.06582753992
C[T>A]T,0.596222499252,0.381955038583,1.29492074056,1.80729945086,0.57759054615,0.400586991685,0.511893705063,0.12946376684,1.22039292816
G[T>A]A,0.386334137575,0.247495306884,0.839069455045,1.17107535452,0.374261195775,0.259568248683,0.180540963213,0.0486480737679,0.790777687848
G[T>A]C,0.233870349889,0.149823192898,0.507937166165,0.708919498101,0.226561901455,0.157131641332,0.234875831254,0.045458596377,0.478703372429
G[T>A]G,0.41438500019,0.265465390747,0.899992422287,1.25610453183,0.401435468934,0.278414922002,0.223586619847,0.0522776027636,0.848194297263
G[T>A]T,0.297050552443,0.190298010159,0.645156668588,0.900434487094,0.287767722679,0.199580839923,0.192378597276,0.0545585110475,0.608025349532
T[T>A]A,0.379481920745,0.243105605477,0.824187296618,1.15030457226,0.367623110722,0.2549644155,0.289002840521,0.06545465387,0.776752056525
T[T>A]C,0.347961808265,0.22291303342,0.755729552326,1.0547592313,0.337088001757,0.233786839928,0.330040719428,0.0940160072951,0.712234326293
T[T>A]G,0.454341760464,0.291062690297,0.986773511007,1.37722346141,0.440143580449,0.305260870311,0.281162791325,0.06472955768,0.929980790949
T[T>A]T,0.478109229716,0.306288725287,1.03839348329,1.44926860258,0.463168316287,0.321229638716,0.377035207231,0.114339101598,0.978629829575
A[T>C]A,1.06962621467,0.685229293772,2.32309443498,3.24230446321,1.03620039546,0.718655112981,0.678244105037,0.299489051223,2.18939115815
A[T>C]C,0.62414118835,0.399840448786,1.35555664345,1.89192797718,0.604636776214,0.419344860922,0.486387717047,0.165459600582,1.2775389949
A[T>C]G,1.50667278714,0.965212254259,3.27230495956,4.56710188601,1.45958926254,1.01229577886,0.663720911661,0.284031812828,3.08397086117
A[T>C]T,0.823838684772,0.527771657432,1.78927464349,2.49726101322,0.798093725873,0.553516616331,0.511831835964,0.248907502001,1.68629480789
C[T>C]A,0.607866282353,0.389414337132,1.32020958199,1.84259466838,0.588870461029,0.408410158456,0.578212248566,0.111497973948,1.24422629669
C[T>C]C,0.727014345754,0.465743565248,1.57898428218,2.20376223557,0.704295147449,0.488462763553,0.940901044648,0.219369888484,1.48810748896
C[T>C]G,1.57482007539,1.0088691108,3.42031235125,4.77367335354,1.52560694804,1.05808223816,0.972660570519,0.229836753282,3.22345984182
C[T>C]T,0.599925020403,0.384326966195,1.30296215369,1.8185227181,0.581177363515,0.403074623083,0.940800826222,0.155363992232,1.22797152614
G[T>C]A,0.444028140943,0.284455527792,0.964373618611,1.34596030223,0.430152261539,0.298331407196,1.42940819227,0.170460166285,0.908870100993
G[T>C]C,0.299109493387,0.191617019201,0.64962843095,0.906675651829,0.289762321719,0.200964190869,0.877192131938,0.161051772592,0.612239744277
G[T>C]G,0.758771874424,0.486088232053,1.64795766476,2.30002724435,0.735060253348,0.509799853128,1.10733381878,0.164931657367,1.55311118046
G[T>C]T,0.447955106245,0.286971239938,0.972902496375,1.3578639158,0.433956509174,0.300969837008,1.18303711052,0.199432481733,0.916908108094
T[T>C]A,0.511437053716,0.327639362537,1.11077735104,1.55029356908,0.495454645787,0.343621770465,0.68631183054,0.213759616137,1.04684771932
T[T>C]C,0.533808203926,0.34197088064,1.1593646929,1.61810611815,0.517126697553,0.358652387013,0.887198072544,0.19338579428,1.09263866741
T[T>C]G,0.671359792038,0.430089866774,1.45810954833,2.03505936961,0.650379798537,0.451069860275,0.620357024513,0.131409928599,1.37418957433
T[T>C]T,0.49944173079,0.319954858787,1.08472500906,1.51393274646,0.483834176703,0.335562412874,0.674475309918,0.163341120763,1.02229479271
A[T>G]A,0.103081735254,0.0660367366473,0.223880643755,0.31246650999,0.0998604310276,0.069258040874,0.134998358082,0.029618848105,0.210995426849
A[T>G]C,0.0831817686546,0.0532883205443,0.180660403797,0.252144736234,0.0805823383841,0.0558877508148,0.266079318279,0.0474808920077,0.170262682715
A[T>G]G,0.199587737857,0.127860894565,0.433479618158,0.605000330379,0.193350621049,0.134098011373,0.170790213643,0.0853794149874,0.408531150926
A[T>G]T,0.265502663464,0.170087643782,0.576638597211,0.804804948625,0.257205705231,0.178384602015,1.0646928718,0.191684434325,0.543450764278
C[T>G]A,0.0588361561949,0.0376919125624,0.127784776736,0.178347098466,0.0569975263138,0.0395305424434,0.137596644073,0.0325992745372,0.120430257211
C[T>G]C,0.304816408979,0.195273012002,0.662023138252,0.923974739719,0.295290896199,0.204798524783,0.507849671632,0.101600405176,0.62392108713
C[T>G]G,0.491349109481,0.314770523261,1.06714884715,1.48940198811,0.47599444981,0.330125182933,0.407362397463,0.115348594912,1.00573020847
C[T>G]T,0.501464991616,0.321251010254,1.08911927867,1.52006575584,0.485794210628,0.336921791242,2.56493642199,0.280693821771,1.02643615471
G[T>G]A,0.0687211919418,0.0440245135877,0.149253838749,0.208311113074,0.0665736546936,0.0461720508359,0.0357574636558,0.0186272288776,0.140663689756
G[T>G]C,0.0913028647189,0.0584908977106,0.198298409311,0.276761808679,0.0884496501964,0.061344112233,0.0677015575874,0.0305469492527,0.186885551222
G[T>G]G,0.336860822796,0.215801464603,0.731619599509,1.0211093691,0.326333922083,0.226328365316,0.26426743807,0.118784113734,0.68951199666
G[T>G]T,0.237800647765,0.152341039975,0.516473281866,0.720833213539,0.230369377523,0.159772310217,0.717437742177,0.144372570095,0.486748200895
T[T>G]A,0.164081494464,0.105114707391,0.356364495789,0.497372030094,0.158953947762,0.110242254093,0.195719623764,0.0518762617171,0.335854308981
T[T>G]C,0.186457180495,0.119449131254,0.404961688887,0.565198328374,0.180630393604,0.125275918145,0.444453884129,0.0955290551896,0.381654541325
T[T>G]G,0.245751903965,0.157434813478,0.533742416425,0.744935458895,0.238072156966,0.165114560477,0.206305691614,0.0792283471337,0.503023428429
T[T>G]T,0.673377653053,0.431382558987,1.46249209023,2.04117601082,0.652334601396,0.452425610645,2.68934902531,0.513241050968,1.37831988359
