,1,3,2,5,4,7,6,9,8
A[C>A]A,0.174391429138,0.408574205409,0.27404367436,0.301448041796,0.450926409629,0.939489652152,0.731414762749,0.142004449441,0.933702353099
A[C>A]C,0.232602435841,0.544954278255,0.365518113464,0.40206992481,0.601443441245,0.846909012912,0.659338560388,0.189404840613,0.671800556181
A[C>A]G,0.0312018446807,0.0731014646804,0.0490314702125,0.0539346172337,0.0806790555314,0.160629678418,0.125053977828,0.0254072163828,0.1271321103
A[C>A]T,0.861615806983,2.01864274779,1.35396769669,1.48936446636,2.22789230091,1.24376121294,0.968297320145,0.701601442829,0.602770306008
C[C>A]A,0.334476548189,0.783630770042,0.525606004296,0.578166604726,0.864860788887,1.33927837065,1.04265967111,0.272359474954,1.11544791273
C[C>A]C,0.38994449581,0.913584247326,0.612769921987,0.674046914186,1.00828505345,1.93107078472,1.50338396663,0.317526232302,0.698640037024
C[C>A]G,0.0682597853671,0.159922925717,0.107265377005,0.117991914706,0.176500302164,0.465015418682,0.362025426625,0.0555829680846,0.233661008574
C[C>A]T,3.31097234048,7.75713519771,5.20295653505,5.72325218855,8.56122848039,5.39303251796,4.19860249721,2.69607747725,0.933045755378
G[C>A]A,0.225681581329,0.528739704828,0.354642484946,0.39010673344,0.583548088865,0.85059654328,0.662209389399,0.183769287654,1.28460062914
G[C>A]C,0.41530158558,0.972992286216,0.65261677734,0.717878455074,1.07385124271,0.996891880235,0.776103745686,0.338174148258,0.743080536321
G[C>A]G,0.0651043960832,0.152530299395,0.102306908131,0.112537598944,0.168341367015,0.199568003238,0.15536837836,0.0530135796678,0.126807723863
G[C>A]T,1.95508164754,4.5804770028,3.07227116042,3.37949827646,5.05528254578,2.49531353409,1.94266020104,1.59199505585,0.962303048383
T[C>A]A,0.539671582434,1.2643734217,0.848055343825,0.932860878207,1.39543652029,1.11991845418,0.871882823388,0.439446859982,1.04598375397
T[C>A]C,0.692470217969,1.62235879638,1.08816748538,1.19698423392,1.79053013503,1.37022398713,1.06675156045,0.56386860606,0.718811858476
T[C>A]G,0.0702809505003,0.164658226886,0.110441493643,0.121485643008,0.181726457722,0.209629414242,0.163201423168,0.0572287739788,0.198279611735
T[C>A]T,1.67437769312,3.92282773818,2.63116494634,2.89428144097,4.32946232079,2.58953444113,2.01601339041,1.36342183583,1.89066010616
A[C>G]A,0.142265207429,0.333307057405,0.223559611674,0.245915572842,0.36785717921,0.530305185204,0.412855043515,0.115844526049,0.315289289183
A[C>G]C,0.075555099922,0.177014805532,0.118729442735,0.130602387008,0.195363901227,0.265647813875,0.206813063151,0.0615234385079,0.162038797017
A[C>G]G,0.0164010658221,0.0384253542118,0.0257731034348,0.0283504137782,0.0424084701972,0.0672637161034,0.0523663830066,0.013355153598,0.159043832873
A[C>G]T,0.135586031407,0.317658702153,0.213063763639,0.234370140003,0.350586738352,0.522860701639,0.407059338189,0.110405768431,0.310471695967
C[C>G]A,0.115620340025,0.270881939486,0.181689105753,0.199858016328,0.298961164921,0.317012530534,0.246801701624,0.0941479911629,0.21292574145
C[C>G]C,0.0842990456562,0.197500621252,0.132469928888,0.145716921777,0.217973246625,0.260345971515,0.202685454334,0.0686435086058,0.211642594014
C[C>G]G,0.030208730504,0.070774740038,0.0474708622206,0.0522179484427,0.0781111460176,0.0832232226593,0.0647912337482,0.0245985376961,0.148199993593
C[C>G]T,0.150225116276,0.351955986705,0.236068039863,0.259674843849,0.388439229229,0.249278860766,0.19406944865,0.122326166111,0.319392474704
G[C>G]A,0.0654703625746,0.153387706603,0.102881998332,0.113170198165,0.1692876518,0.258891023156,0.201552742859,0.0533115809536,0.291604579985
G[C>G]C,0.0535960348237,0.125567853016,0.0842223404373,0.092644574481,0.138584032901,0.30654896497,0.238655570044,0.0436424854993,0.265812144215
G[C>G]G,0.0116552648122,0.0273066204172,0.0183154161335,0.0201469577468,0.0301371847287,0.0375075184938,0.0292004841965,0.0094907156328,0.0590575225662
G[C>G]T,0.095946561384,0.224789086671,0.150773167889,0.165850484678,0.248090394436,0.259035147474,0.201664947027,0.0781279142698,0.21756646639
T[C>G]A,1.79998423487,4.21710592169,2.82854665479,3.11140132027,4.65424495016,2.44161840287,1.90085728009,1.46570144839,0.32536624439
T[C>G]C,0.485937850928,1.13848296503,0.763616622886,0.839978285175,1.25649644311,0.755058865064,0.587831062735,0.395692250041,0.243570951974
T[C>G]G,0.0773115414374,0.181129897082,0.121489565116,0.133638521627,0.199905557145,0.139537911973,0.108633542207,0.0629536837419,0.0906412378906
T[C>G]T,2.16902404492,5.08171347666,3.4084663563,3.74931299193,5.608476459,3.28337744872,2.55618647014,1.76620529372,0.621976299481
A[C>T]A,1.13184912815,2.65176081453,1.77862005853,1.95648206438,2.92663845994,3.73295293227,2.90619154459,0.921648575783,2.33029537143
A[C>T]C,1.42628246016,3.34157604952,2.24130100882,2.4654311097,3.6879589327,2.60078690054,2.02477369438,1.16140143184,2.28141272169
A[C>T]G,1.52910855155,3.5824828922,2.40288486672,2.64317335339,3.95383782614,9.13524013506,7.11199903132,1.24513124912,1.84747283458
A[C>T]T,1.12883249805,2.64469328115,1.77387963979,1.95126760377,2.91883831639,2.34779021891,1.82780983486,0.919192176984,1.27835306991
C[C>T]A,0.890510070152,2.08633787864,1.39937296738,1.53931026412,2.30260460997,2.81576969942,2.19214285324,0.725129628553,2.88669543119
C[C>T]C,1.45862768522,3.41735629109,2.29212921963,2.52134214159,3.77159444321,3.43862043048,2.67704677809,1.18773968654,3.76316132328
C[C>T]G,1.10917037736,2.59862774124,1.74298202156,1.91728022372,2.86799769003,6.68748381767,5.2063632406,0.903181592991,1.52949690412
C[C>T]T,1.23041335068,2.88268270731,1.93350669393,2.12685736332,3.18149737819,4.43433423707,3.45223336577,1.00190801413,3.07701419704
G[C>T]A,1.72021918375,4.03022780192,2.70320157446,2.9735217319,4.44799531797,5.45469118986,4.24660522163,1.40074990676,2.16941028607
G[C>T]C,2.17361424781,5.0924676663,3.41567953227,3.7572474855,5.62034541219,6.54837365281,5.09806270957,1.76994303036,3.23032005503
G[C>T]G,2.70602434816,6.33982847283,4.25232397568,4.67755637324,6.99700581452,9.86541258456,7.68045543496,2.20347696921,1.52843396047
G[C>T]T,1.81244513142,4.2463000222,2.84812806367,3.13294087003,4.6864652684,5.9428103186,4.62661742924,1.47584817845,2.09047122523
T[C>T]A,1.49858105593,3.51096133103,2.35491308789,2.59040439668,3.87490244462,2.95507792197,2.30059757683,1.22027314554,4.12895666607
T[C>T]C,2.17404100782,5.09346750404,3.41635015515,3.75798517067,5.62144889166,2.86108913465,2.22742509812,1.77029053494,3.19458315816
T[C>T]G,0.655659350297,1.53611619212,1.03032183618,1.1333540198,1.69534774862,3.78488544622,2.94662222658,0.533894042384,1.45936931684
T[C>T]T,1.52820215927,3.58035934458,2.401460536,2.6416065896,3.95149415469,2.43292879343,1.89409221502,1.24439318683,2.63702171444
A[T>A]A,0.892069292753,2.08999091445,1.40182317433,1.54200549176,2.30663631412,1.17279308341,0.913046964262,0.726399281241,2.3425706382
A[T>A]C,0.295235750851,0.691695187707,0.463941894194,0.510336083613,0.763395298628,0.550582901272,0.428641721795,0.240406254264,0.691323286201
A[T>A]G,1.19240080673,2.7936247472,1.87377269629,2.06114996592,3.08320780027,0.3903775714,0.303918109278,0.970954942625,2.70523828156
A[T>A]T,0.393011037851,0.92076871725,0.617588773765,0.679347651142,1.01621425501,0.839158892697,0.65330490975,0.320023273678,1.09148294599
C[T>A]A,1.43484224152,3.36163039442,2.25475209382,2.4802273032,3.71009208165,2.05015882253,1.59609680143,1.16837153952,3.83403671773
C[T>A]C,1.09104632776,2.55616568219,1.7145013722,1.88595150942,2.82113407608,0.821655498851,0.639678106488,0.888423438323,2.26782222764
C[T>A]G,3.53191811885,8.27477959273,5.5501570439,6.10517274829,9.13253113588,1.31967211824,1.02739574306,2.8759904682,7.77852269418
C[T>A]T,1.3686417435,3.20653208477,2.15072273978,2.36579501376,3.53891650819,1.05306233283,0.819833762471,1.11446541971,2.51808270878
G[T>A]A,0.912178218565,2.13710325492,1.43342291489,1.57676520638,2.35863225086,1.16651003259,0.908155461617,0.74277369226,2.26372222538
G[T>A]C,0.273780986439,0.641429739657,0.430227264404,0.473249990845,0.707919407792,0.333964112343,0.259998906254,0.2229359461,0.524955539368
G[T>A]G,0.887388528951,2.07902455354,1.39446768835,1.53391445719,2.29453319629,0.792501463338,0.616981005015,0.722587802146,2.01893543961
G[T>A]T,0.268914594672,0.630028478947,0.422580077342,0.464838085077,0.695336309081,0.674475281854,0.525094850302,0.218973312805,0.767168946197
T[T>A]A,0.760631710024,1.78205143491,1.19527840147,1.31480624161,1.96677627878,0.876110674754,0.682072740077,0.619371535305,1.95298648158
T[T>A]C,0.545372231669,1.27772922848,0.857013506908,0.942714857599,1.41017677046,0.41858410972,0.32587756193,0.444088817216,1.21612116342
T[T>A]G,1.19010498747,2.78824597064,1.87016498031,2.05718147834,3.0772714676,0.394277961785,0.306954654812,0.969085489797,2.65621714508
T[T>A]T,0.549877836015,1.28828521581,0.86409374231,0.950503116541,1.42182697598,0.737007586934,0.573777718687,0.44775766647,1.2262168611
A[T>C]A,0.706944671536,1.65627037331,1.11091305527,1.2220043608,1.8279569364,1.48179042024,1.15360864932,0.575654946822,1.10392058861
A[T>C]C,0.357561009609,0.837714365369,0.561881586528,0.618069745181,0.92455061056,0.871974406863,0.678852558363,0.29115682211,0.48745604813
A[T>C]G,0.497491216437,1.16555084994,0.781771911545,0.859949102699,1.28637014536,1.90951026198,1.48659859322,0.405099990528,0.817326329102
A[T>C]T,0.390349029632,0.91453201228,0.613405617993,0.674746179792,1.00933106233,1.11299274491,0.866490996037,0.317855638414,0.635672569189
C[T>C]A,0.30311133669,0.710146560244,0.476317814798,0.523949596278,0.78375931344,0.824419134494,0.641829661754,0.246819231304,0.365823180629
C[T>C]C,0.623490993175,1.46075032687,0.979771560703,1.07774871677,1.61216956807,1.15797479984,0.901510582427,0.507699808728,0.360087440213
C[T>C]G,0.51926953764,1.21657434533,0.815994987719,0.897594486491,1.34268266161,1.81772368738,1.41514058883,0.422833766364,0.409432416389
C[T>C]T,1.12250511233,2.62986912031,1.76393660509,1.94033026559,2.90247750473,1.19508366034,0.930400702011,0.914039877181,0.428299038584
G[T>C]A,0.481387620923,1.12782242616,0.756466261451,0.832112887596,1.24473084839,1.30213418653,1.01374205126,0.391987062752,0.411814188166
G[T>C]C,0.519868359039,1.21797729832,0.816935992775,0.898629592053,1.34423104266,0.916485394532,0.713505407824,0.423321378074,0.359829134952
G[T>C]G,0.445881221738,1.04463600521,0.700670491303,0.770737540433,1.15292144478,1.18985231279,0.92632797506,0.36307470913,0.471142152651
G[T>C]T,0.511464337765,1.19828787705,0.803729673631,0.884102640994,1.32250064479,1.17273186324,0.912999302925,0.416478103609,0.579654117224
T[T>C]A,0.355314253828,0.832450537541,0.558350970302,0.614186067332,0.918741142042,0.898938398565,0.699844659285,0.289327320975,0.431680674933
T[T>C]C,0.413111610896,0.967861488385,0.649175388551,0.714092927406,1.06818859389,0.802974738613,0.625134695833,0.336390883158,0.504239948241
T[T>C]G,0.311826348612,0.730564588176,0.490012833533,0.539014116886,0.806293844267,1.00679871933,0.783816452634,0.253915741012,0.391712475731
T[T>C]T,0.340704837487,0.798222762112,0.535393316051,0.588932647656,0.880965365502,0.832569972889,0.648175280907,0.277431081954,0.351600350274
A[T>G]A,0.0957945704273,0.224432993573,0.150534324957,0.165587757453,0.247697389248,0.220611584703,0.171751300842,0.0780041502051,0.339027825757
A[T>G]C,0.124180429807,0.290937006977,0.195140675411,0.214654742953,0.321095111359,0.259779956214,0.202244798127,0.101118349986,0.110014165486
A[T>G]G,0.111051931562,0.260178811087,0.174510178168,0.191961195985,0.287148565895,0.321395832267,0.250214204987,0.0904280014144,0.33789396729
A[T>G]T,0.435923393885,1.0213062371,0.685022476104,0.753524723715,1.12717334704,0.881593157989,0.686340982058,0.354966192163,0.379481682159
C[T>G]A,0.0610623530473,0.143060369997,0.0959551262173,0.105550638839,0.157889798594,0.0810371029162,0.0630892881764,0.0497222017671,0.241284845125
C[T>G]C,0.262813976493,0.61573560207,0.412993391632,0.454292730796,0.679561853504,0.579941423803,0.451498021216,0.214005666573,0.276803206245
C[T>G]G,0.261811576075,0.613387121091,0.411418190976,0.452560010073,0.676969932424,0.662953271546,0.516124694626,0.213189426233,0.529225116217
C[T>G]T,2.37915545356,5.57402134834,3.73867285559,4.11254014115,6.1518162442,2.45957334232,1.91483562221,1.9373122979,0.599603797196
G[T>G]A,0.0205171827989,0.0480688282716,0.0322412872554,0.0354654159809,0.0530515726656,0.120098272558,0.0934993262868,0.0167068488505,0.138588317007
G[T>G]C,0.122172268433,0.286232171757,0.191984993252,0.211183492577,0.315902579806,0.168695939432,0.131333751504,0.0994831328669,0.0795259676275
G[T>G]G,0.152740664181,0.357849556081,0.240021043713,0.264023148084,0.394943717383,0.472726092994,0.3680283677,0.124374540833,0.390356358098
G[T>G]T,0.641052244168,1.50189382919,1.00736781226,1.10810459349,1.65757794563,0.808930941456,0.629771739657,0.521999684537,0.313424736623
T[T>G]A,0.130870579385,0.306611071703,0.205653767606,0.226219144366,0.338393926697,0.287885837192,0.224125886673,0.106566043214,0.474232452615
T[T>G]C,0.164714511277,0.385902569277,0.258837089149,0.284720798064,0.425904664873,0.396500288772,0.308684788574,0.134124673468,0.2270773156
T[T>G]G,0.138437950254,0.324340340596,0.2175453504,0.23929988544,0.357960985658,0.433895924008,0.337798169026,0.112728045207,0.450025412977
T[T>G]T,0.685903524059,1.60697397065,1.07784839495,1.18563323445,1.77355054078,1.79291028018,1.39582276846,0.55852144102,0.474545470302
