,1,3,2,5,4,7,6,9,8
A[C>A]A,1.19809599465,1.45399999351,1.91927999144,1.29115199424,2.31476798967,0.360591998391,0.570189986164,0.470079157069,1.79132799201
A[C>A]C,0.709862449635,0.861483555383,1.13715829311,0.76499739718,1.37148182017,0.213647921735,0.42640919766,0.34557132526,1.06134774023
A[C>A]G,0.175472994426,0.212952663138,0.281097515342,0.189101964867,0.339020639716,0.0528122604583,0.232949437267,0.0896257121583,0.262357680986
A[C>A]T,0.680086742663,0.825347988669,1.08945934504,0.732909013938,1.31395399796,0.20468630119,0.438588753893,0.413089981159,1.01682872204
C[C>A]A,1.57161166113,1.90729570526,2.51763033094,1.69367858627,3.03641476277,0.473009334904,0.88205806184,0.542286634977,2.34978830888
C[C>A]C,0.96846734862,1.17532445221,1.55142827692,1.04368811356,1.87111652792,0.291480464148,0.610345119838,0.485757872403,1.44799972512
C[C>A]G,0.322267465613,0.39110129322,0.51625370705,0.347297948379,0.622633258806,0.0969931207185,0.262161312551,0.080120902127,0.481836793247
C[C>A]T,0.959802208744,1.16480850576,1.5375472276,1.03434995311,1.85437514117,0.288872509428,0.569512814205,0.951882172206,1.43504407909
G[C>A]A,1.40798230384,1.70871638816,2.25550563237,1.51734015268,2.72027648994,0.423761664263,0.896811268397,0.495416845476,2.10513859021
G[C>A]C,0.736962625692,0.894372118558,1.1805711965,0.79420244128,1.42384041274,0.221804285402,1.08616473976,0.403457187224,1.10186645006
G[C>A]G,0.198472312886,0.240864457386,0.31794108375,0.213887638159,0.383456216159,0.0597343854318,0.39554046141,0.116735270136,0.2967450115
G[C>A]T,0.904293754052,1.09744387628,1.44862591669,0.974530162134,1.74713065103,0.272166081317,0.782722810047,0.628456453101,1.35205085557
T[C>A]A,1.48829490196,1.80618313344,2.38416173615,1.6038906225,2.87544354844,0.447933417094,0.654061821115,0.592391422587,2.2252176204
T[C>A]C,1.2566646192,1.52507842136,2.0131035162,1.35426963817,2.42792484681,0.378219448498,0.817046635843,0.511853213777,1.87889661512
T[C>A]G,0.280535140719,0.340455267863,0.44940095358,0.302324277863,0.542004786438,0.0844329064301,0.184147420058,0.0891606508437,0.419440890008
T[C>A]T,1.55381731283,1.88570062236,2.48912482152,1.67450215266,3.0020353908,0.467653754346,1.05313522951,0.991908218221,2.32318316675
A[C>G]A,0.558280610618,0.677525012886,0.89433301701,0.601642211443,1.07861982051,0.168026203196,0.216823399176,0.232711329471,0.834710815876
A[C>G]C,0.290589714052,0.352657419966,0.465507794355,0.31315978893,0.561430612586,0.0874590401516,0.134507802947,0.125045669376,0.434473941398
A[C>G]G,0.0805098580546,0.0977061384157,0.128972102709,0.0867630509132,0.155548172358,0.0242311223271,0.101123003425,0.038982821342,0.120373962528
A[C>G]T,0.528557486995,0.641453260916,0.84671830441,0.569610495694,1.02119359138,0.159080408707,0.170623308893,0.210041108115,0.790270417449
C[C>G]A,0.375445860531,0.455638180256,0.601442397937,0.404606704067,0.725375982967,0.112998268703,0.192910331478,0.16981715772,0.561346238075
C[C>G]C,0.332318736464,0.403299437457,0.532355257443,0.358129900462,0.642052704431,0.100018260489,0.20269104782,0.149425204248,0.496864906947
C[C>G]G,0.108382477126,0.131532132434,0.173622414813,0.116800533601,0.209399154835,0.0326199688436,0.1040441563,0.0556479668277,0.162047587159
C[C>G]T,0.476603687956,0.578402533927,0.763491344784,0.513621450127,0.920816834012,0.143443828414,0.211344341914,0.233342683703,0.712591921798
G[C>G]A,0.240276847309,0.291598115666,0.38490951268,0.258939126712,0.464224200141,0.0723163326853,0.211780092168,0.11424901935,0.359248878501
G[C>G]C,0.211012812644,0.25608351049,0.338030233847,0.227402157315,0.407684948701,0.0635087106016,0.265089191753,0.127040975415,0.315494884924
G[C>G]G,0.0300633700066,0.0364846723381,0.0481597674863,0.0323983890363,0.0580835983623,0.00904819873986,0.0851738520316,0.032268765502,0.0449491163206
G[C>G]T,0.292639660943,0.355145219591,0.46879168986,0.315368954997,0.565391189589,0.0880760144586,0.121116689404,0.182742184448,0.437538910536
T[C>G]A,2.7438435534,3.32990722499,4.39547753699,2.95695761579,5.30121230219,0.825816991798,0.322920343534,0.318947630076,4.10244570119
T[C>G]C,0.995227310031,1.20780013353,1.59429617626,1.07252651858,1.92281781258,0.299534433116,0.19053185489,0.198117830631,1.48800976451
T[C>G]G,0.132163977972,0.16039317715,0.211718993838,0.142429141309,0.255345938023,0.0397775079333,0.0697134138684,0.0354027796317,0.197604394249
T[C>G]T,3.34646565069,4.06124472171,5.36084303265,3.60638531287,6.46550159696,1.00718869098,0.519924513805,0.609434253595,5.00345349714
A[C>T]A,1.44833438765,1.75768736365,2.32014732002,1.56082637892,2.79823828293,0.435906466186,1.30830592879,0.575871594487,2.16547083202
A[C>T]C,2.18685484071,2.65395004941,3.50321406522,2.35670764388,4.22508847866,0.658179612253,1.55450420382,0.371036653608,3.26966646087
A[C>T]G,0.657366620278,0.797775024609,1.05306303248,0.708424221853,1.27005783918,0.197848206103,0.75410589388,0.624797946011,0.982858830318
A[C>T]T,1.65218745918,2.00508186794,2.64670806568,1.78051269873,3.19209033376,0.497260303249,0.782978840411,0.395391717842,2.4702608613
C[C>T]A,2.02806786181,2.46124740511,3.24884657474,2.18558769574,3.91830586893,0.610389356467,2.24102499343,0.647650965825,3.03225680309
C[C>T]C,3.33583485259,4.0483432677,5.34381311336,3.59492882172,6.44496248218,1.00398913039,2.80483967396,0.394580417756,4.98755890581
C[C>T]G,0.805447122173,0.977484371569,1.29027937047,0.868006121954,1.55615511954,0.242416124149,0.980541413932,0.529433993159,1.20426074577
C[C>T]T,3.05044635046,3.70199799813,4.88663735753,3.28737422234,5.89358081302,0.918095503536,2.02086900571,0.545348180737,4.56086153369
G[C>T]A,1.56345020507,1.89739102556,2.50455615375,1.6848832307,3.0206465127,0.47055297434,1.28289315688,0.579854717572,2.3375857435
G[C>T]C,2.55276298262,3.09801332842,4.08937759352,2.75103583564,4.93203721885,0.768307305449,2.03609129665,0.572225815281,3.81675242062
G[C>T]G,0.63410310015,0.76954259727,1.0157962284,0.683353826375,1.22511181485,0.190846564123,0.633171860437,0.719749803616,0.948076479836
G[C>T]T,2.00841832433,2.43740087904,3.21736916034,2.16441198059,3.88034219943,0.604475418002,1.14865436216,0.538986866239,3.00287788298
T[C>T]A,2.43961297751,2.96069536105,3.90811787659,2.62909748062,4.7134270148,0.734252449541,4.94190965462,2.27291674083,3.64757668482
T[C>T]C,3.20115658073,3.88489876303,5.12806636719,3.44979010157,6.18475883074,0.96345489323,5.54489173486,0.874319023861,4.78619527605
T[C>T]G,0.447787944875,0.543431971936,0.717330202955,0.482567591079,0.865143699322,0.13477112904,1.95098390689,0.516086316403,0.669508189425
T[C>T]T,2.30585205195,2.79836414072,3.69384066575,2.48494735696,4.45499571203,0.693994306899,3.20436539467,1.53460866399,3.44758462137
A[T>A]A,0.526602718757,0.639080969365,0.843586879562,0.567503900796,1.01741690323,0.158492080403,0.294812016056,0.718109438698,0.787347754258
A[T>A]C,0.514518694259,0.624415891091,0.82422897624,0.554481311289,0.994070098617,0.154855140991,0.438162869781,0.286819825266,0.769280377824
A[T>A]G,0.495799194449,0.601698051516,0.794241428,0.534307869746,0.957903298013,0.149221116776,0.286612946803,0.725877230528,0.741291999467
A[T>A]T,0.58778856411,0.713335636055,0.941603039593,0.633442044817,1.1356303326,0.176907237742,0.365640949563,0.451745973602,0.87882950362
C[T>A]A,0.26907344227,0.326545439648,0.431039980336,0.289972350408,0.51986033992,0.0809832690328,0.19615905857,1.07419246258,0.402303981647
C[T>A]C,0.66245107852,0.803945483641,1.06120803841,0.713903589474,1.27988120996,0.199378479943,0.432316993814,0.849643386594,0.990460835846
C[T>A]G,0.513497944837,0.62317711752,0.822593795127,0.553381280358,0.992097971092,0.154547925145,0.463411418058,2.08760424753,0.767754208785
C[T>A]T,0.613086273778,0.744036740022,0.982128496829,0.66070462514,1.18450649012,0.184521111525,0.295852083755,1.01879174122,0.916653263707
G[T>A]A,0.269599990005,0.327184453889,0.431883479133,0.290539795053,0.520877650591,0.0811417445645,0.134494364467,0.609363738306,0.403091247191
G[T>A]C,0.310722770449,0.377090740837,0.497759777904,0.334856577863,0.600328459412,0.0935185037275,0.295575609696,0.231849282677,0.464575792711
G[T>A]G,0.311859837826,0.378470676974,0.499581293605,0.336081961153,0.602525317742,0.0938607278894,0.224751569866,0.59006276218,0.466275874031
G[T>A]T,0.354330212917,0.430012394317,0.567616360498,0.381851006153,0.684579731752,0.106643073791,0.255788086249,0.249764653243,0.529775269798
T[T>A]A,0.530076374843,0.643296571411,0.849151474263,0.571247355413,1.02412814169,0.15953754971,0.233842624169,0.662557276499,0.792541375979
T[T>A]C,0.834902330338,1.01323098342,1.33746489811,0.899749113277,1.6130637256,0.251281283888,0.348416431959,0.420320684524,1.24830057157
T[T>A]G,0.36420173962,0.441992402452,0.583429971236,0.392489253377,0.703651904703,0.109614115808,0.227017876208,0.796345126079,0.54453463982
T[T>A]T,0.781206073939,0.948065623712,1.2514466233,0.841882273857,1.50932047295,0.235120274681,0.322837004296,0.593704745781,1.16801684841
A[T>C]A,2.89475708796,3.5130547184,4.63723222828,3.11959258994,5.59278311169,0.871237570162,0.451637790874,0.814310890163,4.32808341306
A[T>C]C,1.82817274568,2.21865624476,2.92862624308,1.97016674534,3.53210074165,0.5502267487,0.410452623172,0.392371364053,2.73338449354
A[T>C]G,2.89378588379,3.51187607256,4.63567641578,3.11854595243,5.59090670752,0.870945265995,0.507604649696,0.581109611478,4.3266313214
A[T>C]T,1.78797521413,2.16987283268,2.86423213914,1.92684707542,3.45443754963,0.538128462506,0.405746758985,0.611027112857,2.67328332987
C[T>C]A,1.76137757749,2.13759414744,2.82162427463,1.89818360293,3.40304988273,0.530123348566,0.427310821832,0.559399091839,2.63351598965
C[T>C]C,2.1682801949,2.63140800352,3.47345856465,2.33669030713,4.1892015416,0.652589184873,0.513197186592,0.896088877618,3.24189466034
C[T>C]G,2.3448678169,2.84571337002,3.75634164843,2.52699347258,4.53037568508,0.705736915766,0.550171931196,0.870973333817,3.50591887187
C[T>C]T,1.93704313158,2.3507804995,3.10303025933,2.08749308355,3.7424425552,0.582993563875,0.381619480034,1.17724828101,2.89616157538
G[T>C]A,3.07362005063,3.73012142067,4.92376027529,3.31234782156,5.93835330171,0.925070112327,1.45224957693,0.531417186706,4.59550959027
G[T>C]C,1.54618916625,1.87644316292,2.47690497506,1.66628152868,2.98729751538,0.465357904405,0.9064748108,0.428914957333,2.31177797672
G[T>C]G,2.28964509851,2.7786955079,3.66787807043,2.46748161101,4.42368324857,0.689116485959,1.07521231531,0.449142648454,3.42335286573
G[T>C]T,2.31948323109,2.81490683385,3.71567702069,2.49963726846,4.48133167949,0.698096894796,1.26215236031,0.468169989842,3.46796521931
T[T>C]A,2.73953098609,3.3246735268,4.38856905538,2.9523100918,5.29288025467,0.824519034647,0.526052803771,0.473206405449,4.09599778502
T[T>C]C,1.96869823374,2.38919688561,3.153739889,2.12160683442,3.80360144189,0.592520827631,0.73349942046,0.636484198017,2.94349056307
T[T>C]G,1.77321668721,2.15196199904,2.84058983873,1.91094225514,3.42592350247,0.533686575761,0.494195098559,0.41384676146,2.65121718281
T[T>C]T,2.13671687855,2.59310300794,3.42289597049,2.30267547105,4.12821998865,0.64308954597,0.487549807328,0.65338929692,3.19470290579
A[T>G]A,0.138440227639,0.168009984999,0.221773180199,0.149192866679,0.267471896118,0.0416664762798,0.135665840008,0.416355668606,0.206988301519
A[T>G]C,0.0956314273816,0.116057557502,0.153195975903,0.103059111062,0.184763631543,0.0287822742605,0.195344070843,0.244473532735,0.142982910842
A[T>G]G,0.258416824799,0.313612651455,0.413968699921,0.278488034492,0.499271341117,0.0777759375609,0.220817822045,0.205473948848,0.386370786593
A[T>G]T,0.250698793555,0.304246108684,0.401604863463,0.270170544511,0.484359805025,0.0754530349536,0.774226271949,1.1075760855,0.374831205899
C[T>G]A,0.108196717895,0.131306696474,0.173324839346,0.116600346469,0.209040260787,0.0325640607257,0.143157431874,0.303031609233,0.161769850056
C[T>G]C,0.34081249085,0.413607391808,0.545961757186,0.367283363925,0.658462967758,0.102574633168,0.368961047511,0.519646227678,0.509564306707
C[T>G]G,0.451356126013,0.547762288851,0.723046221284,0.4864129125,0.872037563851,0.135845047635,0.32221574953,0.485966897771,0.674843139865
C[T>G]T,0.559861386085,0.679443429715,0.896865327223,0.603345765587,1.08167394011,0.168501970569,1.04478640498,3.20039099592,0.837074305408
G[T>G]A,0.0645008290366,0.0782777051415,0.103326570787,0.0695106021657,0.124618106585,0.0194128708751,0.0628475784496,0.0950851618275,0.0964381327343
G[T>G]C,0.0553275990955,0.0671451445334,0.0886315907841,0.0596248883456,0.106895070097,0.0166519958443,0.0574239823525,0.104716613792,0.0827228180651
G[T>G]G,0.33739338029,0.409457985789,0.540484541241,0.36359869138,0.651857113375,0.101545580476,0.209805390877,0.233089391898,0.504452238491
G[T>G]T,0.285879650537,0.346941323467,0.457962546976,0.308083895239,0.552330586959,0.0860414482198,0.372514836468,0.899535043398,0.427431710511
T[T>G]A,0.209201967714,0.253885883149,0.335129365756,0.225450664236,0.404186325972,0.0629636990208,0.208770618319,0.619827363557,0.312787408039
T[T>G]C,0.263387712385,0.31964528202,0.421931772267,0.283845010434,0.508875288976,0.079272029941,0.327757257548,0.424892686469,0.393802987449
T[T>G]G,0.237047643967,0.287679179572,0.379736517035,0.25545911146,0.457985253878,0.0713444365338,0.288026607696,0.315751515778,0.354420749232
T[T>G]T,0.468014883767,0.567979227873,0.749732580792,0.504365554351,0.904222930773,0.140858848512,1.69456601631,2.76646485926,0.699750408739
