,1,3,2,5,4,7,6,9,8
A[C>A]A,0.151206487223,0.247978639045,0.272171677001,1.14668478077,1.0342523726,0.985866296691,0.368943828823,0.689501581735,0.891902519797
A[C>A]C,0.118979915555,0.19512706151,0.214163847999,0.844839871002,0.813822622394,0.775749049417,0.290310993954,0.54254841493,0.7335956455
A[C>A]G,0.0206517015142,0.0338687904832,0.0371730627255,0.211846780803,0.141257638357,0.134649093872,0.0503901516946,0.0941717589046,0.200499095579
A[C>A]T,0.0899234469206,0.14747445295,0.161862204457,1.0195452576,0.615076376937,0.586300873922,0.219413210486,0.410050917958,0.864439028777
C[C>A]A,0.161624766711,0.265064617407,0.290924580081,1.31547587105,1.10551340431,1.05379347896,0.394364430776,0.737008936204,2.38596203327
C[C>A]C,0.163247878671,0.26772652102,0.293846181607,0.924358808689,1.11661549011,1.06437616893,0.398324823956,0.744410326738,3.23195401699
C[C>A]G,0.0346522842209,0.0568297461222,0.0623741115975,0.144868898171,0.237021624071,0.22593289312,0.0845515734989,0.158014416047,1.11417755532
C[C>A]T,0.142601900526,0.233867116863,0.256683420947,1.78568135656,0.975396999598,0.92976439143,0.347948637284,0.650264666399,8.23926123552
G[C>A]A,0.110428819345,0.181103263725,0.19877187482,1.37853787574,0.755333124317,0.719995902127,0.269446319201,0.503555416211,1.03598716519
G[C>A]C,0.0978598870796,0.160490214811,0.176147796743,1.3420754059,0.669361627624,0.638046463759,0.238778124474,0.446241085083,1.59309557363
G[C>A]G,0.0142419378425,0.0233567780617,0.0256354881165,0.276958845668,0.0974148548428,0.0928574347332,0.0347503283358,0.0649432365619,0.683440493485
G[C>A]T,0.0759365556638,0.124535951289,0.136685800195,1.46207707364,0.519406040741,0.495106342928,0.18528519582,0.346270693827,2.16460187433
T[C>A]A,0.157608891824,0.258478582591,0.283696005283,2.60775384965,1.07804482007,1.02760997469,0.38456569605,0.718696546716,1.37705040534
T[C>A]C,0.164167980574,0.269235488142,0.295502365034,1.46282068998,1.12290898713,1.07037523334,0.400569872601,0.748605991418,1.33056082176
T[C>A]G,0.0321582720785,0.0527395662087,0.0578848897413,0.297540702391,0.219962581017,0.209671933952,0.0784661838715,0.146641720678,0.305859621507
T[C>A]T,0.18175837561,0.298083736001,0.327165076098,11.9189798179,1.24322728917,1.18506460898,0.443490436489,0.828818192782,4.45934671755
A[C>G]A,0.0499027457985,0.0818405031096,0.0898249424374,0.45214855598,0.341334781262,0.325365902606,0.121762699748,0.227556520841,0.402192971076
A[C>G]C,0.0329126096137,0.0539766797664,0.0592426973046,0.241791805399,0.225122249757,0.214590214681,0.0803067674574,0.150081499838,0.345683952311
A[C>G]G,0.00613292047577,0.0100579895803,0.0110392568564,0.018552389933,0.0419491760543,0.039986641502,0.0149643259609,0.0279661173695,0.0286744143375
A[C>G]T,0.0606258618897,0.0994264134991,0.109126551401,0.367631629303,0.414680895325,0.395280619521,0.147927103011,0.276453930217,0.358110579816
C[C>G]A,0.0228765508874,0.0375175434554,0.0411777915973,0.485286590705,0.15647560807,0.149155111786,0.0558187841653,0.104317072047,0.270419556532
C[C>G]C,0.0274873073786,0.045079184101,0.0494771532815,0.305687040153,0.18801318247,0.179217244109,0.0670690300039,0.125342121647,0.331470941251
C[C>G]G,0.0131315375981,0.0215357216609,0.0236367676766,0.109507307714,0.0898197171711,0.0856176251397,0.0320409517394,0.0598798114474,0.0788990585363
C[C>G]T,0.0338765064529,0.0555574705828,0.0609777116153,0.308805257679,0.231715304138,0.220874822073,0.0826586757451,0.154476869425,0.368759371008
G[C>G]A,0.0202622667225,0.0332301174249,0.0364720801005,0.246352524813,0.138593904382,0.132109979031,0.0494399308029,0.0923959362547,0.264853875824
G[C>G]C,0.0317512502135,0.0520720503502,0.0571522503843,0.274071773461,0.21717855146,0.207018151392,0.077473050521,0.144785700974,0.347989018418
G[C>G]G,0.0014444964656,0.00236897420359,0.00260009363809,0.0415121698304,0.00988035582473,0.00941811695574,0.00352457137607,0.00658690388316,0.0606268560444
G[C>G]T,0.0164831825825,0.0270324194353,0.0296697286485,0.438373023414,0.112744968864,0.107470350438,0.0402189655013,0.0751633125762,0.321539299787
T[C>G]A,0.0321080122799,0.052657140139,0.0577944221038,0.926344428136,0.219618803994,0.209344240065,0.0783435499629,0.146412535996,0.250364572932
T[C>G]C,0.0431803625024,0.0708157945039,0.0777246525043,0.520423712331,0.295353679516,0.281535963516,0.105360084506,0.196902453011,0.333988421506
T[C>G]G,0.00591636545844,0.00970283935185,0.0106494578252,0.0640950361085,0.0404679397358,0.0385747027891,0.0144359317186,0.0269786264905,0.0328691474737
T[C>G]T,0.0726870401598,0.119206745862,0.130836672288,1.32926191595,0.497179354693,0.473919501842,0.17735637799,0.331452903129,0.482984819978
A[C>T]A,0.478119339271,0.784115716404,0.860614810687,1.60300734164,3.27033628061,3.11733809204,1.16661118782,2.18022418707,3.20898682486
A[C>T]C,0.85883494998,1.40848931797,1.54590290996,1.32503808335,5.87443105786,5.59960387387,2.09555727795,3.91628737191,2.66824241504
A[C>T]G,1.27436444133,2.08995768378,2.29385599439,1.5979579149,8.71665277867,8.30885615745,3.10944923684,5.81110185245,3.59190330985
A[C>T]T,0.570904306935,0.936283063373,1.02762775248,1.12488983783,3.90498545943,3.72229608122,1.39300650892,2.60332363962,1.99857122979
C[C>T]A,0.614830006118,1.00832121003,1.10669401101,1.89338431006,4.20543724185,4.00869163989,1.50018521493,2.8036248279,3.45424080582
C[C>T]C,1.3385602678,2.1952388392,2.40940848205,1.46097407226,9.15575223177,8.72741294608,3.26608705344,6.10383482118,4.25737411239
C[C>T]G,0.824737112754,1.35256886492,1.48452680296,1.29010742783,5.64120185124,5.37728597515,2.01235855512,3.76080123416,4.30169711877
C[C>T]T,1.02533984253,1.68155734176,1.84561171656,1.70084232376,7.01332452294,6.68521577333,2.50182921578,4.67554968196,3.65991243603
G[C>T]A,0.499663058843,0.819447416502,0.899393505917,1.48865696556,3.41769532248,3.25780314366,1.21917786358,2.27846354832,5.4048475774
G[C>T]C,1.0032830245,1.64538416018,1.80590944411,2.52044798977,6.8624558876,6.54140531976,2.44801057979,4.57497059173,7.03640214741
G[C>T]G,0.81470657931,1.33611879007,1.46647184276,2.36198910702,5.57259300248,5.3118868971,1.98788405352,3.71506200165,3.78808804362
G[C>T]T,0.718943350063,1.1790670941,1.29409803011,1.91877298599,4.91757251443,4.68751064241,1.75422177415,3.27838167629,5.80307177854
T[C>T]A,0.518220672209,0.849881902422,0.932797209976,1.89261705829,3.54462939791,3.3787987828,1.26445844019,2.36308626527,4.52178840226
T[C>T]C,1.40301094863,2.30093795575,2.52541970753,2.28902829987,9.5965948886,9.14763138504,3.42334671465,6.39772992574,8.30721203729
T[C>T]G,0.643671379695,1.0556210627,1.15860848345,7.45284285685,4.40271223711,4.19673739561,1.57055816645,2.93514149141,5.82528314676
T[C>T]T,0.843364379944,1.38311758311,1.5180558839,3.02509826332,5.76861235882,5.49873575724,2.05780908706,3.84574157255,3.70186352685
A[T>A]A,0.220806686712,0.362122966207,0.397452036081,6.76517874432,1.51031773711,1.43965959736,0.538768315577,1.00687849141,1.41985520139
A[T>A]C,0.122804441361,0.201399283832,0.22104799445,0.466572039917,0.839982378909,0.800684957674,0.299642836921,0.559988252606,0.707653652963
A[T>A]G,0.261726943261,0.429232186948,0.471108497869,0.499636054323,1.7902122919,1.70645967006,0.638613741556,1.19347486127,1.09457338772
A[T>A]T,0.157721452044,0.258663181353,0.28389861368,0.996497451328,1.07881473198,1.02834386733,0.384840342988,0.719209821323,1.53996038123
C[T>A]A,0.287027423108,0.470724973897,0.516649361594,14.5284115127,1.96326757406,1.87141879866,0.700346912383,1.30884504937,2.15350540528
C[T>A]C,0.240804747279,0.394919785538,0.433448545103,0.795117320546,1.64710447139,1.57004695226,0.587563583361,1.09806964759,1.71939140062
C[T>A]G,0.661562299339,1.08496217092,1.19081213881,1.62631263613,4.52508612748,4.31338619169,1.61421201039,3.01672408498,2.78496221874
C[T>A]T,0.234746042329,0.38498350942,0.422542876193,1.30192519413,1.60566292953,1.53054419599,0.572780343283,1.07044195302,1.43981086695
G[T>A]A,0.179048589526,0.293639686822,0.322287461146,5.28572989569,1.22469235236,1.16739680371,0.436878558443,0.816461568237,1.03289945936
G[T>A]C,0.0667623500923,0.109490254151,0.120172230166,0.2779099466,0.456654474631,0.435290522602,0.162900134225,0.304436316421,0.656993704543
G[T>A]G,0.176311419569,0.289150728093,0.317360555224,0.849511536448,1.20597010985,1.14955045559,0.430199863749,0.803980073235,0.813576882846
G[T>A]T,0.08074017847,0.132413892691,0.145332321246,0.492113737511,0.552262820735,0.526425963625,0.197006035467,0.368175213823,0.518404120615
T[T>A]A,0.212403882746,0.348342367704,0.382326988944,3.22928467618,1.45284255799,1.38487331551,0.518265473901,0.968561705324,1.21957239695
T[T>A]C,0.170192110484,0.279115061193,0.30634579887,0.325440774356,1.16411403571,1.10965256035,0.41526874958,0.776076023805,0.874129423763
T[T>A]G,0.249677559818,0.409471198102,0.449419607673,0.640042878369,1.70779450916,1.62789769001,0.609213245956,1.13852967277,1.25658538725
T[T>A]T,0.174612668594,0.286364776494,0.314302803469,0.895567938358,1.19435065318,1.13847459923,0.426054911369,0.796233768788,1.38009855197
A[T>C]A,0.478271182941,0.784364740023,0.860888129294,2.45050246429,3.27137489132,3.11832811277,1.16698168638,2.18091659421,3.12722897288
A[T>C]C,0.245073759502,0.401920965583,0.441132767103,0.985568434132,1.67630451499,1.59788091195,0.597979973184,1.11753634333,2.19022097873
A[T>C]G,0.400599148684,0.656982603841,0.72107846763,1.68031918503,2.740098177,2.61190644942,0.977461922788,1.826732118,5.09102297378
A[T>C]T,0.289192500904,0.474275701483,0.520546501628,1.89303163482,1.97807670619,1.8855351059,0.705629702206,1.31871780412,1.9983455547
C[T>C]A,0.240096600001,0.393758424001,0.432173880001,1.03361910423,1.64226074401,1.56542983201,0.585835704002,1.094840496,2.2581860158
C[T>C]C,0.258853968101,0.424520507685,0.465937142582,1.26468901909,1.77056114181,1.68772787202,0.631603682166,1.18037409454,3.07333810517
C[T>C]G,0.300438733289,0.492719522593,0.54078971992,1.36935541856,2.05500093569,1.95886054104,0.733070509224,1.3700006238,7.02012577985
C[T>C]T,0.266084385179,0.436378391693,0.478951893322,1.94503402519,1.82001719462,1.73487019137,0.649245899836,1.21334479641,2.04100221143
G[T>C]A,0.500260625694,0.820427426138,0.900469126249,1.23063846899,3.42178267974,3.26169927952,1.22063592669,2.28118845316,1.13619085103
G[T>C]C,0.256093192619,0.419992835895,0.460967746714,1.05597365723,1.75167743751,1.66972761588,0.62486738999,1.16778495834,1.53405593001
G[T>C]G,0.334335632209,0.548310436822,0.601804137976,0.983734511687,2.28685572431,2.179868322,0.815778942589,1.52457048287,2.85141623919
G[T>C]T,0.398782680731,0.654003596399,0.717808825316,1.38519685158,2.7276735362,2.60006307837,0.973029740984,1.81844902413,1.08876282749
T[T>C]A,0.359737207382,0.589969020107,0.647526973288,1.19242238362,2.4606024985,2.34548659213,0.877758786013,1.64040166566,1.56675360572
T[T>C]C,0.25453418357,0.417436061055,0.458161530426,1.28265849774,1.74101381562,1.65956287688,0.621063407911,1.16067587708,2.37420422989
T[T>C]G,0.258756661578,0.424360924988,0.46576199084,0.891484582065,1.76989556519,1.68709343349,0.63136625425,1.17993037679,2.67861278081
T[T>C]T,0.272039724068,0.446145147471,0.489671503322,1.7245237088,1.86075171262,1.77369900092,0.663776926725,1.24050114175,1.91317156605
A[T>G]A,0.0494437842771,0.0810878062145,0.0889988116988,1.04413804447,0.338195484456,0.322373473487,0.120642833636,0.225463656304,0.891063415175
A[T>G]C,0.0245946522711,0.0403352297246,0.044270374088,0.395554668623,0.168227421534,0.160357132808,0.0600109515415,0.112151614356,0.658142359546
A[T>G]G,0.0345758105828,0.0567043293558,0.0622364590491,0.404618988677,0.236498544386,0.225434285,0.0843649778221,0.157665696258,0.482924969213
A[T>G]T,0.0598306686806,0.0981222966362,0.107695203625,1.20074005275,0.409241773775,0.390095959797,0.145986831581,0.272827849183,2.86975074291
C[T>G]A,0.0264122183217,0.0433160380476,0.0475419929791,0.614035999526,0.18065957332,0.172207663457,0.064445812705,0.120439715547,0.69799426577
C[T>G]C,0.05519753576,0.0905239586464,0.0993555643679,0.505487051609,0.377551144598,0.359887933155,0.134681987254,0.251700763065,1.77694623413
C[T>G]G,0.0698297130729,0.11452072944,0.125693483531,0.81000279588,0.477635237419,0.455289729235,0.170384499898,0.318423491612,2.00689763832
C[T>G]T,0.112286101315,0.184149206157,0.202114982367,3.49293284633,0.768036932995,0.732105380574,0.273978087209,0.512024621997,4.69942759494
G[T>G]A,0.0065829711093,0.0107960726193,0.0118493479967,0.258603418692,0.0450275223876,0.0429209716327,0.0160624495067,0.0300183482584,0.148687944492
G[T>G]C,0.00783694139747,0.0128525838918,0.0141064945154,0.179607707632,0.0536046791587,0.0510968579115,0.0191221370098,0.0357364527725,0.297662262135
G[T>G]G,0.0396520772464,0.0650294066841,0.0713737390435,0.532887206754,0.271220208365,0.258531543646,0.0967510684812,0.180813472244,0.603958740686
G[T>G]T,0.0460249664819,0.0754809450303,0.0828449396674,1.09165729991,0.314810770736,0.300082781462,0.112300918216,0.209873847157,1.82199402093
T[T>G]A,0.0679619704296,0.111457631504,0.122331546773,1.60274234086,0.464859877738,0.443112047201,0.165827207848,0.309906585159,1.34656665801
T[T>G]C,0.0381965889047,0.0626424058036,0.0687538600284,0.66881608825,0.261264668108,0.249041759658,0.0931996769274,0.174176445405,1.15373470777
T[T>G]G,0.0429568807359,0.0704492844069,0.0773223853246,0.637685754296,0.293825064233,0.280078862398,0.104814788996,0.195883376156,0.717656119711
T[T>G]T,0.0901363604798,0.147823631187,0.162245448864,4.00093956678,0.616532705682,0.587689070328,0.219932719571,0.411021803788,7.85133568857
