,1,3,2,5,4,7,6,9,8
A[C>A]A,1.43266204322,0.587758786962,1.03868463935,2.13062560274,2.77348677598,2.4796073825,2.11225814064,1.35919219485,0.955108028813
A[C>A]C,1.14809013553,0.471011337654,0.756864489447,1.70741609899,2.22258474955,1.98707908073,1.69269699469,1.08921371832,0.765393423687
A[C>A]G,0.39271466488,0.161113708669,0.186953435121,0.584037193924,0.760255312781,0.679698458446,0.579002390528,0.372575451296,0.261809776587
A[C>A]T,0.625829198666,0.256750440478,0.630704139421,0.930720346735,1.21154114101,1.08316592077,0.92269689547,0.593735393607,0.417219465778
C[C>A]A,1.21785668115,0.499633510214,1.42873329821,1.81117147453,2.35764562632,2.10782887122,1.79555792733,1.15540249237,0.811904454098
C[C>A]C,0.755088823427,0.309780030124,0.694676837285,1.1229526092,1.46177451715,1.30688450209,1.11327198326,0.716366319661,0.503392548951
C[C>A]G,0.349653661212,0.143447655882,0.314490856474,0.519997752571,0.676893626192,0.605169798251,0.515515013325,0.331722704226,0.233102440808
C[C>A]T,1.12477801191,0.461447389501,1.52137224785,1.67274678694,2.17745486921,1.94673117446,1.65832655602,1.06709708822,0.74985200794
G[C>A]A,1.65014761702,0.676983637753,1.57934947931,2.45406568685,3.19451654065,2.85602472177,2.43290994817,1.5655246623,1.10009841135
G[C>A]C,1.68209768822,0.690091359271,1.17507168214,2.50158117736,3.25636860156,2.91132292192,2.48001582238,1.59583626831,1.12139845881
G[C>A]G,0.443519460724,0.181956701836,0.268702442025,0.659593044154,0.858608186787,0.767629835869,0.653906897222,0.420774872995,0.295679640483
G[C>A]T,1.30443871938,0.535154346413,2.08125834886,1.93993450575,2.52525957214,2.25768239893,1.92321093242,1.23754442608,0.869625812921
T[C>A]A,1.82352868409,0.748114331936,1.06994468362,2.71191445327,3.53016450382,3.15610733785,2.68853588039,1.7300143926,1.2156857894
T[C>A]C,1.24169987023,0.509415331377,0.869493417947,1.84663057624,2.40380359493,2.14909592925,1.83071134714,1.17802295381,0.827799913487
T[C>A]G,0.349350866294,0.143323432326,0.312266842088,0.519547442181,0.676307446288,0.604645730125,0.515068584921,0.331435437254,0.23290057753
T[C>A]T,2.10768937022,0.864693074962,3.10826024679,3.13451239674,4.08027044748,3.64792391,3.10749073814,1.99960273585,1.40512624681
A[C>G]A,0.286922511088,0.117711799421,0.173993817187,0.4267052729,0.555452553516,0.496596653806,0.423026779168,0.27220853616,0.191281674058
A[C>G]C,0.121939624396,0.0500265125726,0.0719529455877,0.181346108076,0.236062606202,0.211049349916,0.179782779558,0.115686310324,0.0812930829305
A[C>G]G,0.0120628145897,0.00494884701118,0.0381884074565,0.0179395704155,0.023352371834,0.0208779483284,0.0177849189464,0.0114442087133,0.00804187639316
A[C>G]T,0.180194281723,0.0739258591684,0.141748268047,0.267981239485,0.348837647951,0.311874718367,0.265671056386,0.170953549327,0.120129521149
C[C>G]A,0.213714345399,0.0876776801638,0.0865773415428,0.317831590594,0.413729053273,0.369890213191,0.315091663089,0.202754635379,0.142476230266
C[C>G]C,0.0917918139698,0.0376581800902,0.0693196989822,0.136510902827,0.1776995373,0.158870447255,0.135334084699,0.0870845414585,0.0611945426465
C[C>G]G,0.0474798667961,0.0194789197112,0.072301342157,0.0706110839531,0.0919161523872,0.0821766925316,0.0700023677121,0.0450450018322,0.0316532445307
C[C>G]T,0.154969349366,0.0635771689705,0.118070006911,0.230467237518,0.30000476608,0.268216181594,0.228480450988,0.147022203244,0.103312899577
G[C>G]A,0.0584177774249,0.0239662676615,0.103229128602,0.086877720273,0.113090825528,0.101107691697,0.0861287744086,0.0554219939672,0.03894518495
G[C>G]C,0.0821469493845,0.033701312568,0.0806901607522,0.122167258059,0.15902806868,0.142177412396,0.121114092041,0.0779342853135,0.054764632923
G[C>G]G,0.0208351753862,0.00854776426102,0.0248141650522,0.0309856454462,0.0403347626067,0.0360608804762,0.030718527813,0.0197667048536,0.0138901169242
G[C>G]T,0.191625831707,0.0786157258285,0.131788989142,0.284982006128,0.370967956253,0.331660093339,0.282525264696,0.181798865978,0.127750554471
T[C>G]A,5.5480975422,2.27614258141,0.137871145218,8.25101685762,10.740547806,9.60247651534,8.17988740196,5.26357971952,3.6987316948
T[C>G]C,1.17996912553,0.484089897653,0.171337823566,1.75482587899,2.28429920455,2.04225425572,1.73969806969,1.11945788832,0.786646083686
T[C>G]G,0.202710577709,0.0831633139318,0.0197916916336,0.301467013003,0.392426887616,0.35084523065,0.298868159442,0.192315163467,0.135140385139
T[C>G]T,6.89570654691,2.82900781412,0.26338379339,10.2551533262,13.3493806229,11.9348767158,10.166746832,6.54208057015,4.59713769794
A[C>T]A,0.676587854663,0.277574504477,0.652801889891,1.00620757873,1.309804693,1.17101744076,0.997533375464,0.641891041603,0.451058569775
A[C>T]C,1.14766617932,0.470837406901,1.16476239125,1.70678560002,2.22176401381,1.98634531036,1.69207193105,1.08881150346,0.765110786214
A[C>T]G,1.12940914284,0.463347340653,1.70736050653,1.67963410987,2.18642026371,1.95474659338,1.66515450547,1.07149072526,0.752939428561
A[C>T]T,0.581426001132,0.238533744054,0.575052747856,0.864684822196,1.12558110475,1.00631423273,0.857230642694,0.551609283125,0.387617334088
C[C>T]A,1.27635057065,0.523631003344,0.955293650867,1.89816238712,2.47088379703,2.20906829536,1.88179891827,1.21089669523,0.850900380434
C[C>T]C,2.1836827441,0.895869843735,1.4706831636,3.24752818354,4.22738582512,3.77945090326,3.21953225092,2.07169901364,1.45578849607
C[C>T]G,1.00433195041,0.412033620679,1.28084892991,1.49362187496,1.94428364758,1.73826683724,1.48074582432,0.952827747821,0.669554633604
C[C>T]T,1.87597359633,0.769630193367,1.16408204939,2.78990945095,3.63169247495,3.24687737827,2.76585850741,1.77976982216,1.25064906422
G[C>T]A,1.27752567541,0.524113097604,1.97043566169,1.89990997882,2.47315867932,2.21110213052,1.88353144452,1.21201153821,0.851683783607
G[C>T]C,2.25502124168,0.925136919663,5.31947451974,3.35362133378,4.36548983966,3.90292137983,3.32471080504,2.13937912672,1.50334749445
G[C>T]G,1.16547194171,0.47814233506,6.54328118834,1.73326596459,2.25623414356,2.01716297603,1.71832401662,1.10570414983,0.776981294472
G[C>T]T,1.57260261092,0.645170301917,3.21548585198,2.33874234445,3.04439736217,2.72181221121,2.31858077252,1.49195632318,1.04840174062
T[C>T]A,9.19642934923,3.77289409199,2.07900908635,13.6767410835,17.8033439966,15.9168969506,13.5588381431,8.72481758773,6.13095289948
T[C>T]C,2.14907434675,0.881671526873,2.94710544876,3.19605928492,4.16038751743,3.719551754,3.1685070497,2.03886540589,1.43271623117
T[C>T]G,1.80034398283,0.738602659621,2.36225283117,2.67743464113,3.48528130009,3.11597997028,2.65435330801,1.70801865037,1.20022932188
T[C>T]T,4.7950167874,1.96718637432,1.77144865526,7.13105060691,9.28266070382,8.29906751666,7.06957603271,4.54911849061,3.19667785827
A[T>A]A,1.04480243375,0.428636895897,0.221535175896,1.55380874763,2.02263035251,1.80831190457,1.54041384463,0.991222821762,0.696534955833
A[T>A]C,0.107524112102,0.044112456247,0.601796725868,0.159907653895,0.208155652915,0.186099424792,0.158529139638,0.102010055071,0.0716827414014
A[T>A]G,0.119719804984,0.0491158174295,0.157473441029,0.178044838182,0.231765263496,0.207207354781,0.176509968887,0.113580327806,0.079813203323
A[T>A]T,0.160693259998,0.0659254399994,0.440747896916,0.238979719998,0.311085669997,0.278122949997,0.236919549998,0.152452579999,0.107128839999
C[T>A]A,2.39861915549,0.984048884302,0.140647949888,3.56717720559,4.6434806728,4.15145623065,3.53642567796,2.27561304495,1.59907943699
C[T>A]C,0.0875473260598,0.0359168517168,0.263763643961,0.130198587473,0.169482644039,0.15152421818,0.129076185857,0.0830577195952,0.0583648840398
C[T>A]G,0.186561366798,0.0765379966352,0.340405476007,0.277450237802,0.361163671622,0.322894673305,0.275058425408,0.176994117219,0.124374244532
C[T>A]T,0.131764057159,0.0540570490907,0.186905407253,0.195956802954,0.255081700397,0.228053175851,0.19426752017,0.125006926022,0.0878427047723
G[T>A]A,0.848268420973,0.348007557322,0.12211305755,1.26152739529,1.64216066111,1.46815688245,1.25065215913,0.804767476307,0.565512280648
G[T>A]C,0.0398023486717,0.0163291686858,0.269178868844,0.0591932364862,0.0770532647363,0.0688886803934,0.0586829499647,0.037761202586,0.0265348991145
G[T>A]G,0.0524761036191,0.021528657895,0.220616179242,0.0780413848695,0.101588354442,0.0908240254946,0.0773686143102,0.0497850213822,0.0349840690794
G[T>A]T,0.0234718932276,0.00962949465747,0.254280787989,0.0349069181333,0.0454391779149,0.0406244305862,0.0346059964253,0.0222682063954,0.0156479288184
T[T>A]A,0.411453989219,0.168801636603,0.159294521303,0.611905932685,0.796532722719,0.712131904418,0.606630881541,0.390353784644,0.274302659479
T[T>A]C,0.0767132496,0.0314721024,0.170151663205,0.1140863712,0.1485089832,0.132772932,0.113102868,0.0727792368,0.0511421664
T[T>A]G,0.0844639763914,0.0346518877503,0.0983337553299,0.125613093095,0.163513595322,0.146187651447,0.124530221603,0.0801324904226,0.0563093175943
T[T>A]T,0.0515659137301,0.0211552466585,0.129455241078,0.0766877691371,0.0998263201698,0.0892486968406,0.076026667679,0.0489215078978,0.0343772758201
A[T>C]A,0.316830200963,0.129981620908,0.933789622879,0.471183375792,0.61335077366,0.548359963206,0.467121450138,0.30058249835,0.211220133976
A[T>C]C,0.180786483586,0.0741688137788,0.531675827231,0.268861949948,0.349984090019,0.312899683129,0.266544174517,0.171515381863,0.12052432239
A[T>C]G,0.428369503197,0.175741334645,0.721691198233,0.637062338088,0.829279422856,0.741408755533,0.63157042138,0.406401836366,0.285579668798
A[T>C]T,0.22739195683,0.0932890079301,0.63919264535,0.338172653747,0.44020750617,0.393563002205,0.335257372249,0.215730830838,0.151594637886
C[T>C]A,0.096453789866,0.039570785586,0.344827994681,0.143444097749,0.186724644484,0.166939251691,0.1422075107,0.0915074416677,0.0643025265773
C[T>C]C,0.163411965856,0.0670408065052,0.372466453595,0.243022923581,0.316348805696,0.282828402444,0.240927898378,0.155031865043,0.108941310571
C[T>C]G,0.322320091531,0.132233883705,0.761013763261,0.47934782843,0.623978638732,0.55786169688,0.475215519564,0.305790856068,0.21488006102
C[T>C]T,0.123153718717,0.0505246025505,0.433939947364,0.183151684246,0.238412968285,0.21315066701,0.181572790416,0.116838143398,0.0821024791446
G[T>C]A,0.254724249345,0.104502256142,1.93080217503,0.378820678514,0.493120021169,0.440868893098,0.375554983009,0.241661467328,0.16981616623
G[T>C]C,0.219797426237,0.0901733030715,2.34193275283,0.326878223634,0.425505273869,0.380418622333,0.324060307913,0.208525763353,0.146531617491
G[T>C]G,0.188214026367,0.0772160108173,1.37885357505,0.279908039213,0.364363051044,0.325755045635,0.277495038875,0.178562025015,0.125476017578
G[T>C]T,0.31115241457,0.127652272644,1.39626146238,0.462739488335,0.60235916154,0.538533025218,0.458750354815,0.29519588049,0.207434943047
T[T>C]A,0.277709599804,0.113932143509,0.754094351988,0.413004020222,0.537617302185,0.48065123043,0.409443640737,0.263468081865,0.185139733203
T[T>C]C,0.16486648462,0.0676375321519,0.761570402326,0.245186054051,0.319164604842,0.285345838766,0.243072381171,0.156411793101,0.109910989747
T[T>C]G,0.116258059736,0.0476956142505,0.443141831652,0.172896601658,0.225063679745,0.201215872619,0.171406113713,0.110296107954,0.0775053731571
T[T>C]T,0.141768031245,0.0581612435877,0.556282137351,0.210834508005,0.274448368179,0.245367746386,0.209016969143,0.134497875797,0.09451202083
A[T>G]A,0.0207724046255,0.00852201215407,0.026180779185,0.0308922940585,0.040213244852,0.035952238775,0.0306259811787,0.0197071531063,0.0138482697504
A[T>G]C,0.0401109111303,0.0164557584124,0.0803042680438,0.0596521242451,0.0776506100087,0.0694227308025,0.0591378817947,0.0380539413288,0.0267406074202
A[T>G]G,0.0732473871381,0.0300502101079,0.136340294036,0.108932011641,0.141799428947,0.126774323893,0.107992942575,0.0694911108746,0.0488315914254
A[T>G]T,0.123384321659,0.0506192088856,0.196430512756,0.18349463221,0.238859391929,0.213549787486,0.181912781933,0.117056920548,0.0822562144392
C[T>G]A,0.0353630336404,0.0145079112371,0.023252652518,0.0525911782344,0.06845920615,0.0612052505315,0.0521378060083,0.0335495447358,0.0235753557603
C[T>G]C,0.059847628,0.0245528730257,0.117103453215,0.089004164718,0.11585886959,0.103582433077,0.0882368874359,0.0567785188718,0.0398984186667
C[T>G]G,0.095919835038,0.0393517271951,0.144633485342,0.142650011082,0.185690962702,0.166015099104,0.141420269607,0.0910008691386,0.063946556692
C[T>G]T,0.218101518362,0.0894775459947,0.35868481281,0.324356104231,0.422222170162,0.377483397165,0.321559930918,0.206916825113,0.145401012241
G[T>G]A,0.00183100029368,0.000751179607665,0.020015580671,0.00272302607778,0.00354462877367,0.00316903896983,0.00269955171504,0.00173710284272,0.00122066686245
G[T>G]C,0.0140467832036,0.00576278285278,0.0943260740797,0.0208900878413,0.0271931315865,0.0243117401602,0.0207100008772,0.0133264353471,0.00936452213577
G[T>G]G,0.119187474432,0.048897425408,0.254141939035,0.177253167104,0.230734726144,0.20628601344,0.17572512256,0.113075296256,0.079458316288
G[T>G]T,0.177259110189,0.0727216862315,0.748828186724,0.263616112589,0.343155456905,0.306794613789,0.261343559894,0.16816889941,0.118172740126
T[T>G]A,0.0407417803179,0.0167145765407,0.0463286400609,0.06059033996,0.0788719080513,0.070514619781,0.0600680094431,0.0386524582503,0.0271611868786
T[T>G]C,0.0585753204908,0.0240309007142,0.114002204743,0.087112015089,0.113395812745,0.101380362388,0.0863610494416,0.0555714579016,0.0390502136606
T[T>G]G,0.0552870528826,0.0226818678493,0.0906528829004,0.0822217709536,0.107030063914,0.0956891299892,0.0815129625834,0.0524518194015,0.0368580352551
T[T>G]T,0.483025419139,0.198164274518,0.549273917562,0.718345495129,0.935087670384,0.836005533124,0.71215286155,0.458254884824,0.322016946092
