,1,3,2,5,4,7,6,9,8
A[C>A]A,1.39619132225,1.28174941059,0.783761131337,1.05286558727,0.434879264308,3.13682169674,1.26679337753,1.60218676324,2.02562183638
A[C>A]C,1.04433101353,0.958730110783,0.342186936967,0.787528305286,0.325283430444,0.918549741333,0.370952780154,1.19841263848,1.51513597865
A[C>A]G,0.465267298656,0.427130634832,0.179741748955,0.350857307184,0.144919322532,0.25512617016,0.103031722565,0.53391329354,0.67501894969
A[C>A]T,0.934011053743,0.857452770649,0.57301941721,0.704336204462,0.290921475756,1.89882600062,0.766833577172,1.07181596331,1.35508161076
C[C>A]A,1.69788397183,1.55871315447,1.47689936519,1.28037151974,0.52884910598,5.59627262696,2.26003317627,1.94839144308,2.46332346733
C[C>A]C,1.05138742648,0.965208129225,0.681434766986,0.792849534721,0.327481329559,1.70917083559,0.690242068218,1.20651016153,1.52537356137
C[C>A]G,0.455782432425,0.418423216653,0.400655936279,0.343704785108,0.141965019936,1.21541055743,0.490838878963,0.523029020816,0.661258119174
C[C>A]T,1.44151824212,1.32336100916,1.292161064,1.08704654324,0.448997485251,5.23852916115,2.11555985354,1.65420126145,2.0913830234
G[C>A]A,1.65706463107,1.52123966131,1.9575260611,1.24958972179,0.516134885087,7.92003652779,3.19847629007,1.90154957664,2.40410196475
G[C>A]C,2.25799001535,2.07290886655,1.14358830589,1.70274656895,0.703308365435,1.80836810499,0.73030250394,2.59113608318,3.27593633374
G[C>A]G,0.807124542167,0.740966792809,0.408083141285,0.608651294093,0.25139944756,0.704687481382,0.28458532902,0.926208491011,1.17099216364
G[C>A]T,1.68845634235,1.5500582815,1.75776413013,1.2732621598,0.525912631223,6.10090724178,2.46382792456,1.93757285187,2.44964567701
T[C>A]A,1.21071088617,1.11147228894,1.24973922302,0.912995094489,0.377106669463,4.25142205064,1.71692044353,1.38934036118,1.75652317092
T[C>A]C,1.65576338758,1.52004507713,1.03130182261,1.24860845621,0.515729579739,3.08437952755,1.2456148092,1.90005634641,2.4022140951
T[C>A]G,0.372800745667,0.342243307497,0.343898375215,0.281128431159,0.116118265044,0.977771704224,0.394869342091,0.427804134372,0.540866655599
T[C>A]T,1.64296423018,1.50829503098,1.93201174066,1.23895663259,0.51174295694,8.26725488115,3.33869908662,1.88536878873,2.38364482575
A[C>G]A,0.435357986691,0.399672905814,0.20156171463,0.328302744062,0.13560330733,0.18246892138,0.0736893720958,0.499591132268,0.63162593151
A[C>G]C,0.248644714792,0.228264000465,0.130518723568,0.187502571811,0.0774467144435,0.210438586714,0.0849848138651,0.285330000581,0.360738643592
A[C>G]G,0.0300732633479,0.027608241762,0.128630733726,0.0226781985902,0.0093670820264,0.286677629327,0.115773657997,0.0345103022025,0.0436308820704
A[C>G]T,0.339711098082,0.311865926108,0.16702104538,0.25617558216,0.105811653501,0.327680662529,0.132332575252,0.389832407635,0.492859543939
C[C>G]A,0.343939032132,0.315747308187,0.18156380795,0.259363860296,0.107128550992,0.101472918157,0.0409794477174,0.394684135233,0.498993513831
C[C>G]C,0.372823755482,0.342264431262,0.171536701904,0.281145782822,0.116125432035,0.283950673397,0.114672387333,0.427830539078,0.540900038691
C[C>G]G,0.0993087153746,0.0911686567373,0.131538163555,0.0748885394628,0.0309322228216,0.407927170526,0.164739818866,0.113960820922,0.14407903788
C[C>G]T,0.38404088014,0.352562119473,0.193616830046,0.289604598139,0.119619290536,0.376604265382,0.152090184097,0.440702649341,0.55717406381
G[C>G]A,0.181492263616,0.166615848565,0.261790456349,0.136863018464,0.0565303771917,0.305242036584,0.123270822467,0.208269810706,0.263312546393
G[C>G]C,0.234547259162,0.215322073985,0.226299409299,0.17687170363,0.0730557036733,0.353250275873,0.142658765256,0.269152592481,0.340285777636
G[C>G]G,0.0863156534829,0.0792405999188,0.0745177022387,0.0650904927904,0.0268852035439,0.0889124751546,0.0359069611201,0.0990507498985,0.125228448086
G[C>G]T,0.219842071631,0.201822229694,0.121171529457,0.16578254582,0.0684753993606,0.130968529944,0.0528911370926,0.252277787118,0.318951202285
T[C>G]A,0.940595257586,0.863497285653,1.67389652644,0.709301341786,0.292972293346,0.652952946708,0.263692536171,1.07937160707,1.36463410322
T[C>G]C,0.339758448056,0.311909394936,0.529305859318,0.256211288698,0.105826401853,0.504098436334,0.203578214673,0.38988674367,0.492928240212
T[C>G]G,0.0647591062103,0.0594509827504,0.122623544579,0.0488347358307,0.0201708691475,0.172579898593,0.0696957282779,0.074313728438,0.0939537852395
T[C>G]T,1.7150022503,1.57442829535,2.06557791383,1.29328038547,0.534181028781,1.16181242626,0.469193479834,1.96803536919,2.48815900248
A[C>T]A,1.1560879988,1.06132668742,2.07372616055,0.871804064667,0.360092983232,3.05899584882,1.23536370818,1.32665835928,1.67727521137
A[C>T]C,1.25914585338,1.15593717687,1.68411645903,0.949519823862,0.392192970725,2.64673865071,1.06887522432,1.44492147109,1.82679357417
A[C>T]G,1.03771806402,0.952659206309,1.70252385998,0.782541490897,0.323223659284,3.17200269891,1.28100108994,1.19082400789,1.5055417814
A[C>T]T,1.00750087993,0.924918840588,0.956447493545,0.759754761911,0.313811749485,1.74866389349,0.706191187757,1.15614855073,1.46170209629
C[C>T]A,1.38348596575,1.27008547675,2.46238288251,1.04328449876,0.430921858183,3.25553054976,1.31473349125,1.58760684594,2.00718865522
C[C>T]C,1.59929584658,1.46820602309,2.04575076366,1.20602637611,0.498141329262,3.1118237387,1.25669804832,1.83525752886,2.32028987577
C[C>T]G,0.715272815864,0.656643896531,1.55513932252,0.539386057864,0.222789893466,3.16649634681,1.27877737083,0.820804870663,1.0377318722
C[C>T]T,1.60001052171,1.46886211829,1.72866578209,1.20656531145,0.498363932991,2.25746524336,0.911668655973,1.83607764786,2.32132674051
G[C>T]A,1.44356058105,1.32523594326,2.20524703809,1.08858666768,0.449633623605,3.30109531723,1.33313464734,1.65654492907,2.0943460889
G[C>T]C,1.55773560523,1.4300523589,3.13087268152,1.17468586624,0.485196336054,3.99100770971,1.61175311354,1.78756544862,2.25999346004
G[C>T]G,1.0170076801,0.933646394844,3.29818783077,0.766923824336,0.316772883965,3.39941604633,1.37284109563,1.16705799355,1.47549474899
G[C>T]T,1.38710509797,1.27340795879,1.99333420766,1.04601368043,0.432049128875,2.42768862364,0.980412713393,1.59175994849,2.01243936344
T[C>T]A,8.53864094858,7.83875234624,3.46033348082,6.43897514155,2.6595766889,9.4748931997,3.8263991768,9.7984404328,12.3880282615
T[C>T]C,3.20415680656,2.94152100274,3.25302613931,2.41624939511,0.998016054502,5.9855268486,2.41723199655,3.67690125343,4.64865372755
T[C>T]G,1.27355409001,1.1691644105,1.34394020481,0.960385051485,0.396680782135,2.78819894777,1.12600342122,1.46145551313,1.84769732731
T[C>T]T,5.46085158032,5.01324079505,2.02742323928,4.11801922451,1.70092098403,5.51298053944,2.22639598708,6.26655099381,7.92271089932
A[T>A]A,0.533393758072,0.48967295823,0.406272131615,0.402231358546,0.166139039399,0.667968941402,0.269756687874,0.612091197788,0.773858157203
A[T>A]C,0.361198318574,0.331591899018,0.314191331996,0.272379059908,0.11250439431,0.849201726953,0.342946851269,0.414489873773,0.524033626127
A[T>A]G,0.393521703946,0.361265826573,0.423995472486,0.296754071828,0.122572334016,0.584240487767,0.235943273906,0.451582283216,0.570929029495
A[T>A]T,0.509954569877,0.468155014969,0.488556032101,0.384555905153,0.15883830865,0.692163003698,0.279527366878,0.585193768711,0.739852121871
C[T>A]A,1.00507612606,0.922692837041,0.417176543789,0.757926258998,0.313056498282,0.295601381718,0.119377481079,1.1533660463,1.45818421568
C[T>A]C,1.31969125523,1.21151984087,0.710453051763,0.99517701214,0.41105137458,0.6353643017,0.256589429533,1.51439980108,1.91463403423
C[T>A]G,0.881385918965,0.809141171509,1.02698283491,0.664651676596,0.274530040333,0.874244919899,0.353060448421,1.01142646439,1.27873202997
C[T>A]T,0.863306626314,0.792543788092,1.04902982398,0.651018111647,0.268898785245,0.483802917092,0.195381947287,0.990679735115,1.25250223654
G[T>A]A,0.391845733173,0.359727230454,0.327104625885,0.295490225016,0.122050310333,0.350187710679,0.141421960082,0.449659038067,0.568497498128
G[T>A]C,0.32685446361,0.300063114134,0.26873150628,0.246480415182,0.10180712801,0.591702047606,0.238956596149,0.375078892668,0.47420688573
G[T>A]G,0.259275824907,0.238023708111,0.447043889482,0.19551947452,0.0807580438233,0.439564047934,0.177516250127,0.297529635139,0.376162467282
G[T>A]T,0.211990243326,0.194613993873,0.410179824547,0.159861494967,0.0660297479213,0.613152053311,0.247619098452,0.243267492342,0.307559615318
T[T>A]A,0.312042276132,0.286465040383,0.404307683332,0.235310568886,0.0971934958443,0.658789050402,0.266049424201,0.358081300479,0.452717072748
T[T>A]C,0.809435069757,0.743087932892,0.402657705853,0.610393659161,0.252119120088,0.539284266938,0.217787877033,0.928859916114,1.17434432252
T[T>A]G,0.466668880627,0.428417333034,0.370140812623,0.35191423785,0.145355880851,0.305645506477,0.123433762231,0.535521666293,0.677052392385
T[T>A]T,1.0425709447,0.957114309886,0.321619436948,0.786201040264,0.324735212283,0.387834753049,0.156625573347,1.19639288736,1.51258243616
A[T>C]A,1.62996081916,1.49635747333,0.442066473551,1.22915078166,0.507692714164,0.986571363394,0.398423050601,1.87044684166,2.36477922124
A[T>C]C,0.806220833374,0.740137158507,0.563026252182,0.607969808773,0.251117964493,0.896291093177,0.361963710706,0.925171448134,1.16968104514
A[T>C]G,1.10392859829,1.01344264761,0.642750551516,0.832470746255,0.343846612583,1.26230444498,0.509776795088,1.26680330952,1.60160132703
A[T>C]T,1.2512244258,1.14866504664,0.375782253082,0.943546288308,0.389725640823,0.943496178775,0.381027302967,1.43583130829,1.8153010112
C[T>C]A,1.35219327128,1.24135775724,0.382123387454,1.01968672916,0.421174953349,0.619500022666,0.250182701461,1.55169719655,1.96178859849
C[T>C]C,2.63178283758,2.41606293286,1.24836776235,1.98462312342,0.819735637934,0.70565977942,0.284977987843,3.02007866607,3.81824231353
C[T>C]G,2.26389069227,2.07832588143,1.10660519787,1.70719625975,0.705146281199,0.97591915617,0.394121197684,2.59790735179,3.2844971519
C[T>C]T,0.813895329375,0.747182597459,2.47585567295,0.613757133627,0.253508381281,0.68928502803,0.278365107474,0.933978246824,1.18081535491
G[T>C]A,0.603556061047,0.554084252764,0.359540899547,0.455140636199,0.187992871474,3.23916515421,1.3081243892,0.692605315955,0.875651006601
G[T>C]C,0.748125628768,0.686803855918,0.988033731694,0.564160310218,0.233022736829,2.00890905238,0.811290194232,0.858504819898,1.08539537944
G[T>C]G,0.782716814919,0.718559698942,0.633864950142,0.590245466988,0.243797040712,2.69907318068,1.09001032297,0.898199623678,1.13558095279
G[T>C]T,0.508195490062,0.466540122024,0.653920131163,0.383229385948,0.158290398544,2.88469529275,1.16497309899,0.58317515253,0.73730001427
T[T>C]A,1.05479465565,0.968336077322,0.268087869335,0.795418920657,0.328542597663,0.977807926684,0.394883970392,1.21042009665,1.53031683648
T[T>C]C,1.86846339712,1.71531065965,0.7763953236,1.40900518471,0.58198040238,1.51462986383,0.61167744501,2.14413832456,2.71080345319
T[T>C]G,1.12143222347,1.02951154942,0.463881116953,0.845670201306,0.349298561409,0.976524158217,0.394365525434,1.28688943677,1.62699593077
T[T>C]T,1.24214987332,1.14033430993,0.39699213813,0.936703183156,0.386899140869,0.849769558497,0.343176167855,1.42541788741,1.80213547194
A[T>G]A,0.410994940391,0.377306830523,0.193312171896,0.309930610786,0.128014817499,0.208802871712,0.0843242366529,0.471633538153,0.596279544665
A[T>G]C,0.918659513317,0.843359553209,0.297338457064,0.692759632993,0.28613984841,0.281494011085,0.113680273707,1.05419944151,1.33280929391
A[T>G]G,0.501027640474,0.459959801091,0.304291429407,0.377824122325,0.156057789656,0.419153854552,0.169273672031,0.574949751364,0.726900757082
A[T>G]T,4.44001261629,4.07607715594,1.28561484733,3.34820623523,1.38295474934,0.596940100141,0.241071963519,5.09509644492,6.44165764822
C[T>G]A,0.492008873179,0.451680277017,0.154337729434,0.371023084692,0.153248665416,0.154565157562,0.0624205444002,0.564600346271,0.713816152071
C[T>G]C,1.86169014374,1.70909259097,0.780943180429,1.40389748544,0.579870700509,0.438669536621,0.177155005174,2.13636573872,2.70097668395
C[T>G]G,1.09850666482,1.00846513492,0.657458413195,0.82838207511,0.342157813633,0.663880816393,0.268105714312,1.26058141865,1.59373507929
C[T>G]T,6.26037051902,5.74722539451,6.73353062518,4.72093514549,1.94995147314,0.841431948672,0.339809056194,7.18403174314,9.08266870383
G[T>G]A,0.0168628701219,0.0154806676529,0.102121334028,0.0127162627148,0.00525236938222,0.186058813653,0.0751391362829,0.0193508345661,0.0244649837014
G[T>G]C,0.0904938004491,0.0830762758221,0.28101168355,0.0682412265682,0.0281865935825,0.11369007325,0.0459132988127,0.103845344778,0.131290185897
G[T>G]G,0.379041550722,0.347972571155,0.390803453508,0.28583461202,0.118062122356,0.753834155554,0.304433024358,0.434965713943,0.549920938343
G[T>G]T,1.73776357417,1.59532393694,1.93009712218,1.31044466249,0.541270621462,0.505858095221,0.204288846147,1.99415492118,2.52118157891
T[T>G]A,0.601434284077,0.55213639194,0.288414689199,0.453540607665,0.187331990122,0.268445341808,0.108410618807,0.690170489925,0.872572690834
T[T>G]C,1.62562893385,1.49238066059,0.476115927597,1.22588411405,0.506343438413,0.438391185086,0.177042593977,1.86547582573,2.35849443682
T[T>G]G,0.781634302263,0.717565916831,0.38732255813,0.589429145969,0.243459864639,0.359995877907,0.145382950693,0.896957396039,1.13401042214
T[T>G]T,11.856537475,10.884690141,2.31548858349,8.94099547293,3.69301986925,0.641343424845,0.259004075418,13.6058626762,17.201697812
