,1,3,2,5,4,7,6,9,8
A[C>A]A,0.0691632708922,0.161380965415,0.278748940263,0.2661738001,0.159285108722,0.136230685091,0.165572678803,0.123655544929,0.205393955983
A[C>A]C,0.0593544940488,0.138493819447,0.239216597227,0.228424871036,0.136695198415,0.116910367066,0.142091061511,0.106118640875,0.176264861115
A[C>A]G,0.0235208558448,0.0548819969712,0.0947961765867,0.0905196573422,0.0541692437638,0.0463289584822,0.0563075033861,0.0420524392377,0.069849814327
A[C>A]T,0.0638576229547,0.149001120228,0.257365571302,0.245755094401,0.147066040744,0.125780166426,0.152871279195,0.114169689525,0.189637789381
C[C>A]A,0.145629143263,0.33980133428,0.586929577393,0.560451551346,0.335388329939,0.286845282185,0.348627342963,0.260367256137,0.432474425448
C[C>A]C,0.123064598338,0.287150729456,0.495987623605,0.473612242089,0.283421499203,0.242399966424,0.294609189961,0.220024584908,0.365464564762
C[C>A]G,0.0682664217654,0.159288317453,0.275134366509,0.262722289825,0.157219638005,0.134464164083,0.163425676348,0.122052087399,0.202730585849
C[C>A]T,0.186466119088,0.435087611204,0.751514964808,0.717612034065,0.429437122747,0.367281749718,0.446388588119,0.333378818975,0.553747868806
G[C>A]A,0.0869678731011,0.202925037236,0.350506882498,0.334694541935,0.200289647142,0.171300356108,0.208195817424,0.155488015544,0.258268229209
G[C>A]C,0.163197024268,0.380793056625,0.657733461442,0.628061275212,0.375847692253,0.321448684164,0.390683785368,0.291776497933,0.484645708431
G[C>A]G,0.0510617226342,0.11914401948,0.205794215465,0.196510265895,0.117596694551,0.10057612034,0.122238669336,0.0912921707702,0.151637842974
G[C>A]T,0.0996037898035,0.232408842875,0.401433455875,0.38332367591,0.229390546214,0.196189282946,0.238445436196,0.178079502982,0.29579307275
T[C>A]A,0.122485973922,0.285800605817,0.493655591866,0.471385414789,0.282088909638,0.241260251664,0.293223998176,0.218990074587,0.363746225585
T[C>A]C,0.138677305001,0.323580378336,0.55891156258,0.533697507125,0.31937803576,0.273152267426,0.331985063488,0.247938211972,0.411829572428
T[C>A]G,0.0263485443804,0.0614799368877,0.106192618261,0.101401973828,0.0606814961489,0.0518986480221,0.0630768183653,0.0471080035893,0.0782471924025
T[C>A]T,0.343205303248,0.800812374245,1.3832213737,1.32082040947,0.790412213541,0.676010445791,0.821612695654,0.613609481565,1.01921574904
A[C>G]A,0.0424835435574,0.0991282683005,0.171221554337,0.16349727369,0.0978408881927,0.0836797070069,0.101703028516,0.0759554263601,0.126163250564
A[C>G]C,0.0300362998277,0.070084699598,0.121055390215,0.115594244792,0.0691745086942,0.0591624087516,0.0719050814058,0.0537012633284,0.0891987085793
A[C>G]G,0.00251417406892,0.00586640616081,0.0101328833687,0.00967576081068,0.00579021906781,0.00495216104484,0.0060187803468,0.00449503848685,0.00746633511375
A[C>G]T,0.0466407410139,0.108828395699,0.187976319844,0.179496185114,0.107415039911,0.0918681262394,0.111655107276,0.0833879915096,0.138508867253
C[C>G]A,0.0295258003137,0.0688935340652,0.118997922476,0.113629595147,0.0679988128436,0.0581568794057,0.0706829765085,0.0527885520759,0.0876826797194
C[C>G]C,0.0308612139384,0.0720094991895,0.124380044055,0.118768914248,0.0710743108883,0.0607872395755,0.0738798757918,0.0551761097686,0.0916484535139
C[C>G]G,0.00890137396574,0.0207698725867,0.035875234468,0.0342568028378,0.0205001339817,0.0175330093265,0.0213093497968,0.0159145776963,0.0264343832922
C[C>G]T,0.0328236197242,0.076588446023,0.13228913404,0.126321203181,0.0755937908799,0.0646525843051,0.0785777563093,0.0586846534462,0.0974762040293
G[C>G]A,0.0192534775378,0.0449247809215,0.0775973488645,0.0740967165849,0.0443413422083,0.0379235163623,0.0460916583481,0.0344228840827,0.0571769939001
G[C>G]C,0.0584794572479,0.136452066912,0.235689933757,0.225057305166,0.134679962147,0.115186809731,0.139996276442,0.10455418114,0.173666266978
G[C>G]G,0.00535266451885,0.012489550544,0.0215728600305,0.0205996482998,0.0123273485889,0.0105431270826,0.0128139544542,0.00956991535188,0.0158957916014
G[C>G]T,0.0205062497466,0.0478479160754,0.0826464004939,0.078917991449,0.0472265145679,0.0403910979857,0.0490907190903,0.0366626889409,0.0608973477323
T[C>G]A,0.0596676195091,0.139224445521,0.240478587718,0.229629929626,0.137416335839,0.117527129336,0.142840664885,0.106678471244,0.177194748845
T[C>G]C,0.0381085815407,0.088920023595,0.153589131664,0.146660298657,0.0877652180937,0.0750623575802,0.0912296345974,0.0681335245728,0.113170939121
T[C>G]G,0.00636885109941,0.0148606525653,0.0256683998855,0.0245104269583,0.0146676570774,0.012544706711,0.015246643541,0.0113867337838,0.0189135578104
T[C>G]T,0.0972789583535,0.226984236158,0.392063680637,0.3743765973,0.224036388935,0.191610069484,0.232879930604,0.173922986147,0.288889027838
A[C>T]A,0.41069444418,0.95828703642,1.65522306291,1.58055134578,0.945841750232,0.808943602172,0.983177608794,0.734271885049,1.21963804635
A[C>T]C,1.38472951653,3.23103553856,5.58087956661,5.32911056361,3.18907403806,2.72749753255,3.31495853957,2.47572852955,4.11222704908
A[C>T]G,0.397922913889,0.928486799074,1.60374992567,1.53140030497,0.916428528956,0.78378755766,0.95260333931,0.711437936953,1.18171047155
A[C>T]T,0.713515738581,1.66487005669,2.87568464337,2.74595450908,1.64324836764,1.40540978811,1.70811343478,1.27567965383,2.11892552669
C[C>T]A,0.936889457772,2.18607540147,3.77594842072,3.60560488294,2.15768481184,1.84538832591,2.24285658073,1.67504478814,2.78227778369
C[C>T]C,2.58022299247,6.02052031576,10.3990805454,9.92994909223,5.94233174023,5.08225740941,6.17689746682,4.61312595623,7.66248040188
C[C>T]G,0.601476910095,1.40344612356,2.42413421341,2.31477477522,1.38521955052,1.18472724716,1.43989926962,1.07536780896,1.78620415725
C[C>T]T,1.89511396749,4.42193259082,7.63788356596,7.29331739005,4.36450489484,3.732800239,4.53678798279,3.3882340631,5.6279142065
G[C>T]A,0.777676777262,1.81457914694,3.13427307199,2.99287729431,1.791013184,1.53178759158,1.86171107284,1.39039181389,2.30946436884
G[C>T]C,2.20107677994,5.13584581987,8.87100641613,8.47081063796,5.0691465235,4.33545426352,5.26924441259,3.93525848535,6.53653104347
G[C>T]G,0.215958332772,0.503902776467,0.870377522989,0.831112371576,0.497358584565,0.425372473641,0.516991160272,0.386107322228,0.641330806413
G[C>T]T,1.34089292877,3.12875016712,5.40420483411,5.16040611979,3.08811704806,2.64115273848,3.21001640523,2.39735402416,3.98204566724
T[C>T]A,1.09419047598,2.55311111063,4.40991919108,4.21097546818,2.51995382348,2.15522366481,2.61942568493,1.95627994191,3.2494141408
T[C>T]C,2.22316133753,5.18737645423,8.96001387548,8.5558027232,5.12000792885,4.37895414967,5.32211350498,3.97474299739,6.6021154872
T[C>T]G,0.689472862002,1.60877001134,2.77878456504,2.65342586286,1.58787689431,1.35805260697,1.6505562454,1.23269390479,2.04752546897
T[C>T]T,1.31608513951,3.07086532553,5.30422192592,5.06493371874,3.03098395767,2.59228891117,3.15062806126,2.35300070398,3.90837405068
A[T>A]A,0.104398352608,0.243596156085,0.420756996875,0.401775478219,0.240432569643,0.205633118773,0.249923328971,0.186651600117,0.310031471382
A[T>A]C,0.298313776997,0.696065479659,1.20229491941,1.14805605087,0.687025668235,0.587587742569,0.714145102507,0.533348874025,0.885901519566
A[T>A]G,0.0589071106188,0.137449924777,0.237413506433,0.226703122685,0.135664860819,0.11602915728,0.141020052694,0.105318773531,0.174936267898
A[T>A]T,0.0836763621386,0.19524484499,0.337241095892,0.322027211867,0.192709197653,0.16481707694,0.200316139665,0.149603192914,0.248493439078
C[T>A]A,0.0190110857269,0.0443592000294,0.0766204364144,0.0731638753731,0.0437831065225,0.0374460779469,0.0455113870431,0.0339895169056,0.0564571636737
C[T>A]C,0.105160212557,0.2453738293,0.423827523337,0.40470748469,0.242187156192,0.207133752007,0.251747175516,0.18801371336,0.312293964564
C[T>A]G,0.0611390201841,0.142657713763,0.246408778318,0.23529259283,0.140805016181,0.120425342787,0.146363108925,0.109309157299,0.181564362971
C[T>A]T,0.0937745056065,0.218807179748,0.377939674111,0.360889764001,0.215965528063,0.184707359528,0.224490483119,0.167657449418,0.278481865134
G[T>A]A,0.0109634878555,0.0255814716628,0.0441861783267,0.0421928168984,0.0252492447581,0.0215947488063,0.0262459254723,0.019601387378,0.0325582366618
G[T>A]C,0.15881695135,0.370572886483,0.640080440288,0.611204630952,0.365760251593,0.31282126781,0.380198156261,0.283945458474,0.47163821916
G[T>A]G,0.0481192275089,0.112278197521,0.193935068445,0.185186117989,0.110820039111,0.0947802966083,0.115194514339,0.0860313461522,0.142899524117
G[T>A]T,0.0617910339674,0.144179079257,0.249036591444,0.237801857996,0.142306623682,0.12170961236,0.147923990407,0.110474878911,0.183500646327
T[T>A]A,0.0521926737019,0.121782905305,0.210352290981,0.200862713944,0.120201309132,0.102803751231,0.12494609765,0.0933141741944,0.154996424933
T[T>A]C,0.107525692246,0.250893281908,0.433361123296,0.413810997433,0.247634927598,0.211793030182,0.257409990529,0.192242904319,0.319318722428
T[T>A]G,0.0297918750466,0.0695143751087,0.120070284279,0.114653579725,0.0686115910164,0.0586809660009,0.0713199432934,0.0532642614469,0.0884728410475
T[T>A]T,0.0786013648382,0.183403184622,0.316787318893,0.30249616165,0.181021325082,0.154820870136,0.188166903703,0.140529712892,0.233422234974
A[T>C]A,0.433673262735,1.01190427972,1.74783466496,1.66898498083,0.998762665694,0.854204911448,1.03818750776,0.775355227315,1.28787817418
A[T>C]C,0.299105810181,0.697913557088,1.20548705315,1.15110417857,0.688849744658,0.589147807932,0.716041181948,0.534764933353,0.888253618112
A[T>C]G,0.422580468285,0.986021092666,1.70312734188,1.62629452946,0.97321562393,0.832355467835,1.01163203014,0.755522655419,1.25493593612
A[T>C]T,0.287982004276,0.671958009977,1.16065474451,1.10829438009,0.663231282574,0.567237281149,0.689411464781,0.514876916735,0.855219285425
C[T>C]A,0.3381522887,0.789022006966,1.36285619385,1.30137395954,0.778774967914,0.666057538348,0.809516085069,0.604575304039,1.00420982705
C[T>C]C,0.314798215756,0.734529170098,1.2687322029,1.21149616367,0.724989830226,0.620057091641,0.753607849841,0.562821052413,0.934855307397
C[T>C]G,0.434594091951,1.01405288122,1.75154588574,1.67252877811,1.00088336328,0.856018665964,1.04039191709,0.777001558337,1.29061275792
C[T>C]T,0.454849115934,1.06131460385,1.83317977028,1.75047993102,1.0475312973,0.895914925325,1.08888121693,0.813215086064,1.35076404126
G[T>C]A,1.5066966233,3.51562545437,6.07244396664,5.79849912604,3.46996798094,2.96773577317,3.60694040124,2.69379093257,4.47443239647
G[T>C]C,0.74226723099,1.73195687231,2.99156187035,2.85660419199,1.70946392592,1.46204151559,1.7769427651,1.32708383722,2.20430874658
G[T>C]G,0.984282899576,2.29666009901,3.96695835284,3.78799782564,2.26683334448,1.93873904462,2.35631360808,1.75977851742,2.9230219442
G[T>C]T,1.11548354347,2.60279493476,4.49573670549,4.29292151577,2.56899240314,2.19716455532,2.670399998,1.99434936559,3.31264809878
T[T>C]A,0.542650712699,1.2661849963,2.18704681179,2.08838304584,1.24974103531,1.06885746441,1.29907291828,0.970193698462,1.61150817711
T[T>C]C,0.4579930552,1.06865046213,1.84585079823,1.76257933365,1.0547718847,0.902107532969,1.09640761699,0.818836068387,1.36010058817
T[T>C]G,0.379212413484,0.884828964796,1.52834093919,1.45939322765,0.873337679539,0.746933541711,0.907811535311,0.677985830169,1.1261459552
T[T>C]T,0.414083313019,0.966194397044,1.66888123126,1.59359335616,0.953646417861,0.815618646855,0.991290355408,0.740330771761,1.22970195987
A[T>G]A,0.00811090088836,0.0189254354062,0.0326893884288,0.0312146791764,0.0186796505308,0.0159760169013,0.019417005157,0.0145013076489,0.0240869177897
A[T>G]C,0.0531628160879,0.124046570872,0.214262258779,0.204596292217,0.122435576445,0.104714637749,0.127268559726,0.0950486711875,0.157877453837
A[T>G]G,0.0373653553071,0.0871858290499,0.150593704723,0.143800003758,0.0860535455558,0.0735984271201,0.0894503960383,0.0668047261552,0.110963782427
A[T>G]T,0.123108186806,0.28725243588,0.496163298339,0.473779991647,0.283521884765,0.242485822496,0.294713538111,0.220102515804,0.365594009302
C[T>G]A,0.0118140554913,0.0275661294796,0.0476142236466,0.0454662135573,0.0272081277981,0.023270109301,0.0282821328427,0.0211220992117,0.0350841647922
C[T>G]C,0.0766078097447,0.178751556071,0.308752687759,0.294823995078,0.176430107291,0.150894170709,0.183394453631,0.136965478028,0.227501980454
C[T>G]G,0.0700603401446,0.163474127004,0.282364401189,0.269626157526,0.161351086394,0.137997639679,0.167720208225,0.125259396016,0.208057979824
C[T>G]T,0.471637409687,1.10048728927,1.90084168147,1.81508942516,1.08619524655,0.928982776657,1.12907137471,0.84323052035,1.40062018634
G[T>G]A,0.00193114671748,0.00450600900745,0.00778310646742,0.00743198888242,0.00444748940995,0.00380377383746,0.00462304820245,0.00345265625246,0.00573492055494
G[T>G]C,0.0244583091903,0.0570693881108,0.0985743976459,0.0941274323386,0.0563282272262,0.0481754574961,0.0585517098799,0.0437284921888,0.0726337666865
G[T>G]G,0.038858424189,0.0906696564411,0.156611224762,0.149546056728,0.0894921284354,0.0765393203724,0.0930247124526,0.069474152338,0.115397744561
G[T>G]T,0.124174936764,0.289741519116,0.500462623928,0.477885362698,0.285978642245,0.244586996657,0.297267272859,0.222009735427,0.368761933421
T[T>G]A,0.0175434592713,0.0409347382998,0.0707054570632,0.0675157371957,0.0404031183219,0.0345552985647,0.0419979782556,0.0313655786972,0.0520987578361
T[T>G]C,0.065058467545,0.151803090938,0.262205338894,0.250376526613,0.149831622225,0.128145466377,0.155746028365,0.116316654096,0.193203933922
T[T>G]G,0.0324069886941,0.075616306953,0.130609984737,0.124717804974,0.0746342769926,0.0638319474279,0.0775803668739,0.0579397676653,0.096238936122
T[T>G]T,0.264360347682,0.616840811258,1.06545231035,1.01738679259,0.608829891631,0.520709775737,0.632862650511,0.472644257977,0.785070123419
