,1,3,2,5,4,7,6,9,8
A[C>A]A,2.67634171556,2.39115776226,2.72021616991,3.2028351678,1.42591976649,2.28147162638,1.27235917625,3.04927457756,2.34728330791
A[C>A]C,2.06282941837,1.84301972625,2.09664629409,2.46863192691,1.09904846061,1.75847753698,0.980689395621,2.35027286192,1.80920285054
A[C>A]G,0.626752803822,0.559967668988,0.63702743995,0.75004843736,0.333925674167,0.534281078668,0.297964447718,0.714087210911,0.54969303286
A[C>A]T,1.14154284738,1.01990303578,1.16025666455,1.36610865343,0.608199058032,0.973118492851,0.542700697936,1.30061029333,1.00118921861
C[C>A]A,2.28213184186,2.03895385871,2.31954383926,2.73107581075,1.21588991574,1.94542386519,1.08494792482,2.60013381982,2.0015418613
C[C>A]C,1.53845048618,1.37451723766,1.56367098596,1.84109648347,0.81966624264,1.31146598822,0.731394493432,1.75282473426,1.34929673788
C[C>A]G,0.756812796013,0.676168809553,0.769219563161,0.905694001786,0.403219932302,0.645151891683,0.359796247285,0.862270316769,0.663762042405
C[C>A]T,2.9395538046,2.62632266149,2.98774321123,3.51782668419,1.56615571557,2.5058491449,1.39749279235,3.34916376098,2.57813325485
G[C>A]A,3.03857682772,2.714794051,3.0883895626,3.63632964629,1.61891388362,2.59026221379,1.44456931154,3.46198507421,2.66498131612
G[C>A]C,2.71877914111,2.42907316706,2.76334929097,3.25362093937,1.44852987027,2.31764779242,1.29253434578,3.09762541487,2.38450301721
G[C>A]G,0.670066943542,0.598666367591,0.681051647534,0.801883391452,0.357002879756,0.571204607609,0.318556415782,0.763436927478,0.587681663598
G[C>A]T,2.49805904592,2.23187242627,2.53901083356,2.98948049758,1.33093309824,2.12949295718,1.1876018415,2.84614924085,2.19092063864
T[C>A]A,1.48189049186,1.32398412797,1.50618377861,1.77340993288,0.789531819433,1.26325091109,0.704505315801,1.68838342925,1.29969084122
T[C>A]C,1.53456738175,1.37104790664,1.55972422407,1.83644948963,0.817597375521,1.30815580083,0.729548427388,1.7484005415,1.34589106432
T[C>A]G,0.542864158225,0.485017977431,0.551763570655,0.649657107384,0.289230903972,0.462769446356,0.258082960468,0.618509163879,0.476118565001
T[C>A]T,2.15197065042,1.92266230242,2.1872488578,2.57530913902,1.14654173998,1.83446678396,1.02306801413,2.45183541318,1.88738409504
A[C>G]A,0.577981868742,0.516393636827,0.587456981344,0.69168321997,0.307941159576,0.492705855321,0.274778265468,0.658520325862,0.506918524225
A[C>G]C,0.300599485984,0.268568393215,0.30552734641,0.359733811095,0.160155463844,0.25624874215,0.142907952353,0.342486299604,0.263640532789
A[C>G]G,0.0687023787859,0.0613816335055,0.0698286472906,0.0822176008422,0.0366037264023,0.0585659622437,0.0326617866359,0.0782756610758,0.0602553650008
A[C>G]T,0.435424709791,0.389026994813,0.442562819787,0.521082029749,0.231988574888,0.371181719821,0.2070051899,0.496098644761,0.381888884816
C[C>G]A,0.251967601155,0.225118594474,0.256098217567,0.301534998103,0.134245033402,0.214792053443,0.119787875959,0.28707784066,0.220987978062
C[C>G]C,0.210224684523,0.187823693549,0.213670990827,0.251580360167,0.112004954869,0.17920792779,0.0999428828059,0.239518288104,0.184377387245
C[C>G]G,0.143331971283,0.128058892375,0.14568167573,0.17152842465,0.0763653945358,0.122184631257,0.0681414289704,0.163304459084,0.125709187928
C[C>G]T,0.242417054238,0.216585728786,0.246391104307,0.290105655071,0.129156627258,0.206650603613,0.115247452015,0.276196479828,0.212611678717
G[C>G]A,0.151594432251,0.135440927175,0.154079586878,0.181416287775,0.0807675253794,0.129228040607,0.0720694841847,0.172718246581,0.132955772548
G[C>G]C,0.2231297333,0.199353614178,0.22678759778,0.267024107064,0.11888059561,0.190208952977,0.106078069929,0.254221581382,0.195695749697
G[C>G]G,0.0287325528641,0.025670887395,0.0292035783209,0.0343848583456,0.0153083273456,0.024493323753,0.0136597382469,0.0327362692468,0.0251998619382
G[C>G]T,0.316751396634,0.282999198632,0.32194404248,0.379063146791,0.16876099001,0.270017584016,0.150586729547,0.360888886328,0.277806552785
T[C>G]A,0.661306887567,0.590839760203,0.672147984084,0.791400045776,0.352335636818,0.563737018909,0.314391799007,0.753456207965,0.579998663685
T[C>G]C,0.368173374757,0.328941785643,0.374209003851,0.440600923889,0.196157945567,0.313852712907,0.175033243737,0.419476222059,0.322906156549
T[C>G]G,0.0676345821281,0.0604276184587,0.0687433457696,0.0809397458255,0.036034818347,0.0576557093551,0.0321541456019,0.0770590730804,0.0593188548173
T[C>G]T,0.901622710883,0.805548159723,0.916403411061,1.07899111302,0.480372755798,0.768596409277,0.428640305174,1.0272586624,0.790767459545
A[C>T]A,1.97012930772,1.76019749624,2.00242650949,2.35769572891,1.04965905739,1.67945449183,0.936618851212,2.24465552273,1.72790029448
A[C>T]C,3.72262475162,3.32595162235,3.78365138689,4.45494437489,1.98336564636,3.17338503417,1.7697724229,4.24135115144,3.26492498708
A[C>T]G,3.66474971342,3.27424359642,3.72482757757,4.38568408327,1.95253058502,3.12404893603,1.74225806048,4.17541155873,3.21416573226
A[C>T]T,2.37076223366,2.11814002844,2.40962718831,2.83714168947,1.26311102613,2.02097764181,1.12708368486,2.70111434819,2.07927507379
C[C>T]A,2.54150914287,2.27069259486,2.58317322718,3.04147815458,1.35408274005,2.16653238409,1.20825844497,2.8956538595,2.22902851055
C[C>T]C,5.30199233211,4.73702593607,5.38891023919,6.34500721712,2.82483198022,4.51973116836,2.52061930543,6.04079454232,4.65010802898
C[C>T]G,3.26682438368,2.91872014607,3.32037888177,3.90947836079,1.74052118802,2.78483390084,1.5530804447,3.72203761747,2.86516564798
C[C>T]T,3.31077627237,2.95798863679,3.36505129323,3.96207652268,1.7639381779,2.82230108465,1.5739756049,3.77211394967,2.90371361593
G[C>T]A,2.81328649386,2.51351006418,2.85940594457,3.36671990248,1.49888214837,2.39821143738,1.33746407085,3.20530182497,2.46739061346
G[C>T]C,4.68780057856,4.18828084478,4.76464976838,5.60999085631,2.49759866891,3.99615787025,2.22862650456,5.34101869197,4.11143165497
G[C>T]G,3.86129305362,3.44984379381,3.92459293975,4.62089168712,2.05724629906,3.2915940785,1.83569669762,4.39934208568,3.38654390768
G[C>T]T,3.11741685814,2.78523309457,3.16852205254,3.73067919089,1.66091881786,2.65747010858,1.48205063748,3.55181101051,2.73412790017
T[C>T]A,3.00392514524,2.68383476091,3.05316981975,3.59486123939,1.60045192164,2.56072307463,1.42809556085,3.42250487859,2.6345900864
T[C>T]C,6.89533182716,6.16058335377,7.00837005383,8.25179054725,3.67374236693,5.87798778708,3.27810857357,7.85615675389,6.0475451271
T[C>T]G,2.66909072317,2.3846794166,2.71284630879,3.19415775068,1.42205653284,2.27529045254,1.26891198315,3.04101320099,2.34092383098
T[C>T]T,3.86912823242,3.4568440765,3.9325565641,4.63026821257,2.06142077957,3.29827324731,1.83942161869,4.40826905169,3.39341574483
A[T>A]A,0.505020560013,0.451206893783,0.513299585587,0.604368866901,0.269068331155,0.430509329848,0.240091741646,0.575392277392,0.442927868209
A[T>A]C,0.457337061992,0.408604424239,0.464834390877,0.547305008613,0.243663188766,0.389861102026,0.217422537668,0.521064357515,0.401107095354
A[T>A]G,0.751104727509,0.671068977857,0.763417919763,0.89886303456,0.400178748263,0.640285997221,0.357082575373,0.85576686167,0.658755785602
A[T>A]T,0.685838981754,0.61275777878,0.69708224375,0.820758125705,0.365406014869,0.58464962379,0.326054597883,0.78140670872,0.601514516784
C[T>A]A,0.641501445703,0.573144734276,0.652017862846,0.767698451415,0.341783557137,0.546853691419,0.304976097137,0.730890991416,0.562628317133
C[T>A]C,0.59279849701,0.52963144405,0.602516505158,0.709414594783,0.315835264801,0.505336423681,0.281822236284,0.675401566266,0.519913435903
C[T>A]G,1.49316123826,1.3340538932,1.51763929134,1.78689787529,0.795536725301,1.27285876048,0.709863539499,1.70122468949,1.30957584011
C[T>A]T,0.665709341952,0.594773100596,0.676622609852,0.796668556762,0.354681206777,0.567489930844,0.316484769125,0.758472119109,0.583859832695
G[T>A]A,0.523204624318,0.467453311891,0.531781749307,0.626130124184,0.278756562137,0.446010499419,0.248736624676,0.596110186724,0.458876186902
G[T>A]C,0.234073139826,0.209130920008,0.237910404413,0.280120314873,0.124711099087,0.19953775854,0.111280673032,0.266689888818,0.205293655421
G[T>A]G,0.459563535054,0.410593650171,0.467097363497,0.549969476376,0.244849424414,0.391759079062,0.218481024862,0.523601076824,0.403059821728
G[T>A]T,0.249509486871,0.222922410401,0.253599806328,0.298593320353,0.132935382349,0.212696611759,0.11861926425,0.284277202254,0.218832090944
T[T>A]A,0.487705132589,0.435736552887,0.495700298697,0.583647125886,0.259842898511,0.415748637617,0.231859817133,0.555664044508,0.427741386779
T[T>A]C,0.41725304151,0.372791651841,0.424093255306,0.499335607053,0.222306948346,0.355691117353,0.198366200062,0.47539485877,0.365951438046
T[T>A]G,0.598799166923,0.534992698317,0.608615546709,0.716595724351,0.319032343033,0.510451748853,0.284675013783,0.682238395101,0.525176318531
T[T>A]T,0.458466485766,0.409613499578,0.465982329795,0.548656614113,0.244264930941,0.390823889505,0.217959476839,0.522351160012,0.402097655549
A[T>C]A,1.56668257336,1.39974098767,1.59236589423,1.87488242385,0.834707928428,1.33553268548,0.744816305366,1.78499080079,1.3740576668
A[T>C]C,0.840545113019,0.750978830484,0.854324541101,1.00589825001,0.447831412674,0.716530260278,0.399603414386,0.957670251718,0.737199402402
A[T>C]G,1.85318657025,1.65571587014,1.88356667796,2.21774786276,0.987353500542,1.57976560087,0.881023123561,2.11141748578,1.62533576243
A[T>C]T,1.07567880521,0.961057293178,1.09331288398,1.2872877505,0.573107560152,0.916972096244,0.511388284444,1.22556847479,0.943423214404
C[T>C]A,0.672994653954,0.601282108861,0.6840273532,0.805387044896,0.358562725468,0.573700360748,0.319948278109,0.766772597538,0.590249409616
C[T>C]C,0.705715783384,0.630516560564,0.717284894587,0.84454511782,0.375996114098,0.601593782557,0.335504224887,0.804053228609,0.618947449361
C[T>C]G,1.58819219877,1.41895860382,1.61422813646,1.90062345099,0.846167974755,1.35386875961,0.755042192859,1.80949766909,1.39292266614
C[T>C]T,0.741612677832,0.662588376095,0.753770262714,0.887503696421,0.395121508681,0.632194413889,0.352569961592,0.844952149333,0.650430791213
G[T>C]A,1.25136482996,1.11802267595,1.2718790075,1.49753496044,0.666710770061,1.0667372321,0.594911148669,1.42573533905,1.09750849841
G[T>C]C,0.857248229985,0.765902107117,0.871301479656,1.02588722605,0.456730614336,0.730768982938,0.407544240484,0.976700852196,0.751848857445
G[T>C]G,1.03936136236,0.928609741783,1.05640007322,1.24382589266,0.553758102898,0.886012964637,0.494122614893,1.18419040466,0.911571030924
G[T>C]T,1.15502364786,1.03194735752,1.17395846176,1.38224141465,0.615381451729,0.984610322767,0.549109603082,1.31596956601,1.01301254362
T[T>C]A,1.02441907615,0.915259666396,1.0412128315,1.22594414031,0.545797048768,0.873275278029,0.487018905055,1.1671659966,0.898465911049
T[T>C]C,0.807439084678,0.721400493687,0.820675790984,0.966279560352,0.430192954951,0.688308727922,0.38386448288,0.91995108828,0.708163787381
T[T>C]G,0.738340509092,0.659664881074,0.750444451864,0.883587822356,0.39337814009,0.629405024144,0.351014340388,0.841224022654,0.647560938302
T[T>C]T,0.713918843555,0.63784552416,0.725622431154,0.854361894746,0.380366596976,0.608586555162,0.339404040379,0.813399338149,0.62614193656
A[T>G]A,0.109988914264,0.0982687840558,0.111792011219,0.131626077726,0.0586006510424,0.0937610416679,0.0522898116994,0.125315238383,0.0964656871006
A[T>G]C,0.12836425886,0.114686100129,0.130468590973,0.15361624421,0.068390793655,0.109425269848,0.0610256312614,0.146251081816,0.112581768017
A[T>G]G,0.27230714142,0.243290806679,0.276771192919,0.325875759404,0.145081673707,0.232130677932,0.129457493462,0.310251579159,0.23882675518
A[T>G]T,0.394022742974,0.352036712985,0.400482132203,0.471535413723,0.209930149945,0.335888239912,0.187322287643,0.448927551421,0.345577323756
C[T>G]A,0.118994477323,0.106314737936,0.12094520646,0.14240322696,0.0633986969344,0.101437915095,0.0565711449569,0.135575674983,0.1043640088
C[T>G]C,0.302231289042,0.27002631562,0.307185900338,0.361686624592,0.161024867113,0.25763978738,0.143683727577,0.344345485056,0.265071704324
C[T>G]G,0.487713680971,0.435744190376,0.495708987216,0.583657355916,0.259847452976,0.415755924762,0.231863881117,0.555673784057,0.42774888413
C[T>G]T,0.814950164688,0.728111212713,0.828310003453,0.975268229872,0.434194759875,0.694711615799,0.387435324196,0.928508794193,0.714751373947
G[T>G]A,0.0412475185588,0.0368522911714,0.0419237073877,0.0493617845048,0.0219761369371,0.0351618190993,0.0196094760362,0.0469951236039,0.0361761023426
G[T>G]C,0.0585222147767,0.052286241071,0.0594815953468,0.070034781618,0.0311798685286,0.0498877896457,0.0278220365332,0.0666769496226,0.0513268605009
G[T>G]G,0.34836879179,0.311247527091,0.35407975559,0.416900357389,0.185606323495,0.296970117592,0.165617950195,0.396911984089,0.305536563292
G[T>G]T,0.503121531518,0.449510220783,0.511369425478,0.60209625903,0.268056553678,0.428890485885,0.23918892482,0.573228630173,0.441262326824
T[T>G]A,0.170464502101,0.152300251877,0.173259002136,0.203998502514,0.0908212511195,0.145314001791,0.0810405009989,0.194217752394,0.149505751843
T[T>G]C,0.247315856304,0.220962527354,0.251370214604,0.295968155905,0.131766644752,0.210826631604,0.117576390702,0.281777901855,0.216908169054
T[T>G]G,0.239713791237,0.2141705184,0.24364352552,0.286870602628,0.127716364184,0.204346182694,0.113962294195,0.273116532639,0.210240784118
T[T>G]T,1.23247586888,1.10114647301,1.25268039132,1.47493013816,0.656646979319,1.05063516691,0.585931150777,1.40421430962,1.08094195057
