,1,3,2,5,4,7,6,9,8
A[C>A]A,0.301856005826,0.201237337217,0.4549713711,0.271232932771,0.54643371459,0.214814696488,0.481219719433,0.857446045535,0.139991191108
A[C>A]C,0.231621941432,0.154414627621,0.349111332014,0.208124063316,0.523570554775,0.18511279587,0.369252370399,0.657940587257,0.107418871389
A[C>A]G,0.0303227774806,0.0202151849871,0.0457038964925,0.0272465536782,0.27665918085,0.0563760067046,0.0483406597517,0.0861342664667,0.0140627373823
A[C>A]T,0.420156739739,0.280104493159,0.633279723664,0.377532142954,1.37559221499,0.180948408558,0.669815092337,1.19348870998,0.194855299589
C[C>A]A,0.54415128379,0.362767522527,0.82017005093,0.488947530362,1.12475908387,0.253442171276,0.867487553868,1.54570509598,0.252360015671
C[C>A]C,0.59227663192,0.394851087947,0.892706807531,0.532190596797,0.887904319544,0.254233338558,0.94420912335,1.68240898342,0.274679017702
C[C>A]G,0.173634871921,0.11575658128,0.261710531591,0.156019739987,0.34074443883,0.0534001736158,0.276809216105,0.493223694151,0.0805263174125
C[C>A]T,1.85966511524,1.23977674349,2.80297350702,1.67100343688,4.56969020575,0.35723176183,2.96468351705,5.28252699401,0.862453386777
G[C>A]A,0.379607352311,0.253071568207,0.572161806381,0.341096461497,0.930500784955,0.215243203081,0.605171141365,1.0783049428,0.176049786579
G[C>A]C,0.274516268076,0.183010845384,0.413763650433,0.246666791604,1.77831632277,0.227006973732,0.437634630265,0.7797853412,0.127311892441
G[C>A]G,0.0738083222182,0.0492055481455,0.111247326242,0.0663205214135,0.5979444628,0.0681851106752,0.117665441217,0.209658422533,0.034229946536
G[C>A]T,0.863428951105,0.575619300737,1.30140015819,0.775834709689,3.17383938856,0.252174158476,1.37648093654,2.45263875966,0.400430817904
T[C>A]A,0.397491022266,0.264994014844,0.599116903126,0.357165846094,0.803002190551,0.249866683287,0.633681339845,1.12910493281,0.1843436625
T[C>A]C,0.460166904379,0.306777936252,0.693584899353,0.413483305384,1.52122282405,0.263026548634,0.733599412777,1.30714077186,0.213410738263
T[C>A]G,0.0808385727938,0.0538923818626,0.12184364595,0.0726375581626,0.213894783341,0.0419367678005,0.128873087063,0.229628409675,0.0374903526
T[C>A]T,0.873403760757,0.582269173838,1.31643465389,0.784797582129,2.90651847624,0.656247381161,1.392382807,2.48097300157,0.405056816583
A[C>G]A,0.198873003647,0.132582002431,0.299750614192,0.178697481538,0.283367128298,0.0914464336539,0.317043918857,0.564914619055,0.092230958213
A[C>G]C,0.116012596434,0.0773417309559,0.174859565639,0.104243202593,0.181377914504,0.0544876765678,0.184947617503,0.329543027551,0.0538029432737
A[C>G]G,0.03384721122,0.02256480748,0.0510160864765,0.0304134361687,0.0390929590076,0.016349986904,0.0539593222347,0.0961457014364,0.0156972573774
A[C>G]T,0.202517245688,0.135011497125,0.305243384805,0.181972017864,0.186665366709,0.0858875245016,0.322853580082,0.575266379056,0.0939210414784
C[C>G]A,0.137977217665,0.0919848117766,0.207965661408,0.123979528916,0.250953735267,0.0763250535703,0.219963680335,0.391935284961,0.0639894342794
C[C>G]C,0.113990873501,0.0759939156673,0.171812331074,0.102426581986,0.266070435813,0.0605928952408,0.181724580943,0.323800162408,0.0528653326381
C[C>G]G,0.041616556732,0.0277443711546,0.0627264043496,0.0373945872084,0.040782279237,0.0275473664737,0.0663452353698,0.118215146659,0.0193004321076
C[C>G]T,0.19069972653,0.12713315102,0.287431471871,0.171353377461,0.23143381957,0.0777161148397,0.304014056786,0.54169777391,0.0884404528833
G[C>G]A,0.101080805528,0.0673872036854,0.152353677897,0.0908262310542,0.153161341167,0.0507130385382,0.161143313161,0.287128085268,0.0468780547377
G[C>G]C,0.104936183759,0.0699574558396,0.158164682768,0.0942904839577,0.194014834117,0.0828529937763,0.167289568312,0.298079594447,0.0486660562362
G[C>G]G,0.0112399695541,0.00749331303609,0.016941403386,0.0100996827878,0.07872397564,0.0188645767829,0.0179187920428,0.0319280294581,0.00521273950337
G[C>G]T,0.148341944553,0.0988946297017,0.223587858456,0.133292761772,0.137675782066,0.0686182121463,0.236487157982,0.421377117859,0.0687962641403
T[C>G]A,0.872324395935,0.58154959729,1.31480778518,0.783827718086,0.742518056835,0.0843844264714,1.39066208048,2.47790697976,0.404556241593
T[C>G]C,0.340884913309,0.227256608873,0.513797550494,0.306302385872,0.201807748238,0.0867658688316,0.543439716869,0.968310768239,0.158091553998
T[C>G]G,0.0470554935978,0.0313703290652,0.0709242222344,0.0422817478705,0.0628642562415,0.0156989298908,0.0750160042863,0.133664880365,0.0218228376106
T[C>G]T,1.15145565484,0.767637103229,1.73552736382,1.03464131305,1.22884295407,0.152351184991,1.8356539425,3.27080157028,0.534008419637
A[C>T]A,0.891485227162,0.594323484775,1.34368787862,0.80104469687,1.83520555706,0.347076809552,1.42120833316,2.53233484817,0.413442424191
A[C>T]C,1.03197374148,0.687982494319,1.55543868281,0.927280753212,1.52858446679,0.535747616876,1.64517552989,2.93140367144,0.478596517787
A[C>T]G,1.28059747042,0.853731646945,1.93017589744,1.15068178501,2.62341016407,0.560622947046,2.04153219922,3.63763919133,0.593900276136
A[C>T]T,0.711419741842,0.474279827895,1.07228482828,0.639246724554,1.29200496899,0.350067655649,1.13414741453,2.02084448407,0.329933793318
C[C>T]A,1.81503948301,1.21002632201,2.73571168454,1.6309050427,1.11941899172,0.500108308939,2.8935412048,5.15576432855,0.841757441396
C[C>T]C,2.3599692798,1.5733128532,3.55705514636,2.12055210649,1.03619053254,0.854715053787,3.76226986635,6.70368085276,1.09447850657
C[C>T]G,1.50104614638,1.00069743092,2.26244636556,1.34876610254,1.72638282458,0.536199003989,2.39297211742,4.2638412274,0.696137343249
C[C>T]T,2.16644974898,1.44429983266,3.2653735347,1.94666499184,1.19472473871,0.626063613454,3.45376046939,6.15397320001,1.00473031837
G[C>T]A,1.41727032594,0.944846883958,2.13617556373,1.27348927838,2.80800918448,0.413215642876,2.25941646164,4.02586933165,0.65728478884
G[C>T]C,2.09953636942,1.39969091295,3.16451858579,1.88653992614,2.91613274551,0.87424195655,3.34708696574,5.96390041168,0.973698026397
G[C>T]G,1.72770352819,1.15180235212,2.60407488306,1.55242925721,4.27564904949,0.424452203567,2.75430997247,4.90767958731,0.801253810173
G[C>T]T,1.70171178105,1.1344745207,2.56489891637,1.52907435399,2.52233867072,0.513089865874,2.71287385385,4.83384795777,0.789199666575
T[C>T]A,2.5680836786,1.71205578573,3.87073481992,2.30755345034,7.32059870769,0.843062214535,4.09404644415,7.29484639139,1.19099532921
T[C>T]C,4.86624272186,3.24416181457,7.33462671121,4.37256592399,2.92674175664,1.36868505045,7.75777825224,13.8229503404,2.25680821883
T[C>T]G,2.01913923125,1.34609282083,3.04334029058,1.81429901938,1.81721689628,0.722382471933,3.21891761503,5.73552593224,0.9364123971
T[C>T]T,1.91601322221,1.27734214814,2.8879039871,1.72163506923,4.68011112748,0.87794719138,3.05451383251,5.44258828338,0.888585842185
A[T>A]A,0.234322752532,0.156215168355,0.353182119758,0.210550879087,0.179133188892,0.414052402166,0.373558011283,0.665612456467,0.108671421464
A[T>A]C,0.257292609414,0.171528406276,0.38780335332,0.231190460633,0.249327010989,0.302874490655,0.410176623703,0.730860165872,0.119324108714
A[T>A]G,0.255898051808,0.170598701206,0.385701411421,0.229937379886,0.242047544783,0.109387283487,0.407953415926,0.726898813832,0.11867735736
A[T>A]T,0.30957743009,0.206384953393,0.466609459846,0.278171024139,0.393444905141,0.196225957366,0.493529236375,0.879379366633,0.143572141491
C[T>A]A,0.256102886517,0.170735257678,0.386010147794,0.230121434262,0.237808688426,0.717242984461,0.408279964013,0.727480663151,0.118772353167
C[T>A]C,0.548981474256,0.365987649504,0.827450338009,0.493287701506,0.986204483285,0.33704291102,0.87518785751,1.55942563702,0.254600104003
C[T>A]G,0.648920354064,0.432613569376,0.978082852503,0.583087854377,0.651952760288,0.301974462979,1.03451070938,1.84330999125,0.300948570001
C[T>A]T,0.636259661716,0.42417310781,0.959000069832,0.571711580092,0.773628062442,0.27328396256,1.01432699694,1.80734628545,0.295076944564
G[T>A]A,0.152032281834,0.101354854556,0.229150105953,0.136608717011,0.175519410863,0.276624629868,0.242370304374,0.431859815066,0.0705077249087
G[T>A]C,0.196476363943,0.130984242629,0.296138287682,0.176543979195,0.322374994215,0.178839704621,0.313223188895,0.558106772939,0.091119473133
G[T>A]G,0.227836273047,0.151890848698,0.343405397056,0.204722448245,0.244055205045,0.141904989991,0.363217246887,0.647187094453,0.105663199094
G[T>A]T,0.195584691048,0.130389794032,0.294794316941,0.175742765869,0.234419871639,0.119389814778,0.31180168138,0.555573905005,0.0907059436743
T[T>A]A,0.195824050004,0.130549366669,0.295155089861,0.175957842032,0.142297894873,0.21177181984,0.312183268122,0.556253823199,0.0908169507263
T[T>A]C,0.327184482794,0.218122988529,0.49314762624,0.293991854105,0.584247325379,0.189201554119,0.521598450831,0.929393603299,0.151737731151
T[T>A]G,0.247144227847,0.164762818564,0.372507241972,0.222071625022,0.317731106281,0.10291867428,0.393998044393,0.702032879101,0.114617612914
T[T>A]T,0.443660559129,0.295773706086,0.668705770281,0.398651516898,0.746153741747,0.29059176414,0.707284949335,1.26025318245,0.205755621625
A[T>C]A,0.6166286258,0.411085750533,0.929411262075,0.554072098545,0.569971372566,0.378827416859,0.983031142579,1.75158276314,0.285972696023
A[T>C]C,0.52863251316,0.35242167544,0.796779440125,0.475003127767,0.622061818015,0.28082203228,0.842747484747,1.501622791,0.245162904654
A[T>C]G,0.861100572226,0.57406704815,1.29789071756,0.773742543159,0.646118401825,0.34206254135,1.37276902819,2.44602481386,0.399350990018
A[T>C]T,0.426329765491,0.284219843661,0.642583994364,0.383078919717,0.50906766074,0.296371710484,0.679656147885,1.21102368169,0.197718152112
C[T>C]A,0.59431640175,0.3962109345,0.895781243218,0.534023433457,0.910676971096,0.457801812078,0.947460930326,1.68820311222,0.275624997913
C[T>C]C,1.09959425866,0.733062839106,1.65735946233,0.988041217925,2.00760051638,0.641236370276,1.75297635438,3.12348514054,0.509956757639
C[T>C]G,1.32252292178,0.881681947852,1.9933678821,1.18835392971,1.66950835498,0.665891947208,2.1083698753,3.7567317778,0.613343963723
C[T>C]T,1.26576509163,0.84384339442,1.90781984825,1.13735414031,0.835616725994,0.382372009827,2.01788637796,3.59550663709,0.58702149177
G[T>C]A,0.793672920931,0.529115280621,1.19626063445,0.713155378228,0.586369909839,1.16960431962,1.26527567105,2.25449119569,0.368080195215
G[T>C]C,0.606055538869,0.404037025912,0.913475015106,0.544571643621,0.944677302812,0.659361563072,0.966175496747,1.72154906693,0.281069235417
G[T>C]G,0.78650316178,0.524335441187,1.18545404094,0.706712985947,0.750075090045,0.808329928456,1.25384562023,2.23412492332,0.364755089521
G[T>C]T,0.744339703928,0.496226469285,1.12190332186,0.668826980341,0.563413984843,0.850486203501,1.18662851351,2.11435626043,0.345201022111
T[T>C]A,0.587744523701,0.391829682467,0.885875803839,0.528118267673,0.583234350993,0.468782859465,0.936984023291,1.66953516877,0.272577170412
T[T>C]C,0.751600177732,0.501066785155,1.1328466447,0.675350884339,1.41867349238,0.626202291143,1.19820318189,2.13498021501,0.348568198368
T[T>C]G,0.635725836943,0.423817224629,0.958195464378,0.571231911456,0.824205647795,0.413081925801,1.01347597194,1.80582991364,0.294829373655
T[T>C]T,0.586100419425,0.39073361295,0.883397733627,0.526640956585,0.883468157889,0.502679970154,0.93436298749,1.66486495953,0.27181468727
A[T>G]A,0.0749033839994,0.0499355893329,0.112897854144,0.0673044899705,0.267736801917,0.131870891098,0.119411191883,0.21276903281,0.0347378012751
A[T>G]C,0.222498568107,0.148332378738,0.335360160625,0.199926249604,0.711891661458,0.221739161073,0.3547078622,0.632024918102,0.103187741731
A[T>G]G,0.171885749099,0.114590499399,0.259074172555,0.154448064408,0.35986067162,0.124431799749,0.274020759433,0.488255171353,0.0797151300168
A[T>G]T,1.01653277455,0.677688516369,1.53216534136,0.913406261193,3.39113746389,1.00838945517,1.62055949566,2.88754237409,0.471435489648
C[T>G]A,0.0938584080058,0.0625722720039,0.1414677454,0.0843365405269,0.361723059601,0.140924033906,0.149629346096,0.266612289408,0.0435285370462
C[T>G]C,0.562560734166,0.375040489444,0.847917628308,0.505489355338,1.40705791439,0.407319436578,0.896835953018,1.5979986072,0.260897731787
C[T>G]G,0.45682095157,0.304547301046,0.688541724105,0.410476797063,0.833347233895,0.277761200888,0.728265285111,1.2976363262,0.211858992032
C[T>G]T,3.16237407869,2.1082493858,4.76647687223,2.84155351999,5.54599344216,1.58045532702,5.04146592255,8.98297564382,1.46660826838
G[T>G]A,0.0253177105202,0.0168784736801,0.0381600274507,0.022749247134,0.039192030345,0.0218456968214,0.0403615674959,0.0719169748109,0.0117415469079
G[T>G]C,0.135021990967,0.0900146606445,0.203511406674,0.121324107825,0.137018465715,0.022467731172,0.215252449367,0.383540727963,0.0626188943614
G[T>G]G,0.244424888646,0.162949925764,0.368408527814,0.219628160812,0.337089038456,0.116465670497,0.389662865957,0.694308379341,0.113356470097
G[T>G]T,0.889452737068,0.592968491379,1.34062441529,0.799218401423,1.56629108523,0.448001184546,1.41796813156,2.52656139805,0.412499820089
T[T>G]A,0.126580674779,0.0843871165192,0.190788263435,0.113739157048,0.397713903604,0.19394843991,0.201795278633,0.359562496473,0.0587040810568
T[T>G]C,0.399198496998,0.266132331332,0.601690488229,0.358700098752,1.19242037964,0.375030253542,0.636403401011,1.13395515089,0.18513553484
T[T>G]G,0.232112168928,0.154741445952,0.349850225631,0.208564557588,0.583992842417,0.19905413763,0.370033892495,0.659333117536,0.107646223271
T[T>G]T,2.40324408873,1.60216272582,3.62228094534,2.15943671741,8.58978213724,2.69552720313,3.83125869218,6.82660639698,1.11454798318
