,1,3,2,5,4,7,6,9,8
A[C>A]A,0.380189534488,0.798398022425,0.620976239664,1.43204724657,1.35600933967,0.946056937449,1.15528106785,2.26846422245,1.40089200353
A[C>A]C,0.307900159934,0.646590335861,0.502903594559,1.15975726908,1.0981772371,0.572241391102,0.698794775673,1.83713762094,0.847357444517
A[C>A]G,0.175609609472,0.36878017989,0.286829028803,0.661462862343,0.626340940448,0.0930172472055,0.113588369184,1.04780400318,0.137737077593
A[C>A]T,0.38287476465,0.804037005766,0.625362115596,1.44216161352,1.36558666059,0.684061368795,0.83534417151,2.28448609575,1.01293702687
C[C>A]A,0.588169447454,1.23515583965,0.960676764175,2.21543825208,2.09780436259,1.4637882308,1.787510628,3.50941103648,2.16753257253
C[C>A]C,0.585089584808,1.2286881281,0.955646321853,2.20383743611,2.08681951915,1.12974619125,1.37959390662,3.49103452269,1.67289339858
C[C>A]G,0.146011404398,0.306623949237,0.238485293851,0.549976289901,0.520774009021,0.404532259959,0.493996125142,0.871201379577,0.5990189234
C[C>A]T,0.885296817008,1.85912331572,1.44598480111,3.33461801073,3.15755864733,2.60243486991,3.17797335076,5.28227100815,3.85360548044
G[C>A]A,0.508059717207,1.06692540613,0.829830871438,1.91369160148,1.81207965804,1.45020733409,1.77092626374,3.03142297934,2.14742239855
G[C>A]C,0.652252386668,1.369730012,1.06534556489,2.45681732312,2.32636684578,0.612855951022,0.748391401729,3.89177257378,0.907498235167
G[C>A]G,0.287054180543,0.60281377914,0.468855161553,1.08123741338,1.02382657727,0.19562462053,0.238887757762,1.71275661057,0.289674918861
G[C>A]T,0.679026586732,1.42595583214,1.10907675833,2.55766681002,2.42186149268,1.31579335532,1.60678611659,4.05152530083,1.94838631461
T[C>A]A,0.395762966645,0.831102229954,0.64641284552,1.49070717436,1.41155458103,1.12808317526,1.37756310825,2.36138570098,1.67043085567
T[C>A]C,0.648806313672,1.36249325871,1.059716979,2.44383711483,2.3140758521,0.879093133096,1.07350796061,3.87121100491,1.30173406247
T[C>A]G,0.1220386101,0.256281081211,0.199329729831,0.459678764712,0.435271042691,0.243070637432,0.296826643788,0.728163706932,0.359931520813
T[C>A]T,0.667245365069,1.40121526665,1.08983409628,2.51329087509,2.37984180208,2.89160316235,3.53109232325,3.98123067825,4.2817969904
A[C>G]A,0.124645503228,0.261755556779,0.203587655273,0.46949806216,0.444568961514,0.182546551732,0.222917423749,0.743718169262,0.270309316988
A[C>G]C,0.0731522668602,0.153619760406,0.119482035872,0.275540205173,0.260909751801,0.1428724085,0.17446919115,0.436475192266,0.211561066433
A[C>G]G,0.020672556195,0.0434123680096,0.0337651751186,0.0778666283346,0.0737321170956,0.0799109072717,0.0975835117644,0.123346251964,0.118329612691
A[C>G]T,0.0790177366357,0.165937246935,0.129062303172,0.297633474661,0.281829927334,0.251522348717,0.307147483529,0.47147249526,0.372446554831
C[C>G]A,0.112355582251,0.235946722728,0.183514117677,0.42320602648,0.40073491003,0.127310426478,0.155465616949,0.670388307433,0.188517362285
C[C>G]C,0.120904756112,0.253899987836,0.197477768317,0.455407914689,0.431226963467,0.164678226502,0.201097449671,0.721398378136,0.243850450782
C[C>G]G,0.0508569574584,0.106799610663,0.0830663638487,0.191561206427,0.181389814935,0.132962026623,0.162367090203,0.303446512835,0.196886077884
C[C>G]T,0.103912606039,0.218216472682,0.169723923197,0.391404149415,0.370621628207,0.236548700182,0.288862355029,0.620011882701,0.350274036807
G[C>G]A,0.0681244373603,0.143061318457,0.111269914355,0.256602047391,0.242977159918,0.190209158355,0.232274645299,0.406475809583,0.281655869103
G[C>G]C,0.0896687184593,0.188304308765,0.146458906817,0.337752172863,0.319818429172,0.192487870317,0.235057303175,0.535023353474,0.285030115661
G[C>G]G,0.0546823595087,0.114832954968,0.0893145205309,0.205970220816,0.195033748914,0.0258077451824,0.0315152272901,0.326271411735,0.0382153149817
G[C>G]T,0.0588743149687,0.123636061434,0.0961613811156,0.221759919716,0.209985056722,0.131405045949,0.160465777264,0.351283412647,0.194580548809
T[C>G]A,0.0774747560331,0.16269698767,0.126542101521,0.291821581058,0.276326629852,0.154649218828,0.188850488377,0.462266044331,0.228999804803
T[C>G]C,0.108032426507,0.226868095664,0.176452963294,0.406922139842,0.385315654541,0.228912377826,0.279537230615,0.644593478157,0.338966405627
T[C>G]G,0.0280528046767,0.0589108898211,0.0458195809719,0.105665564282,0.100055003347,0.0386058828201,0.0471437222899,0.167381734571,0.0571664034067
T[C>G]T,0.129118503767,0.27114885791,0.210893556152,0.486346364188,0.460522663434,0.399282123261,0.487584900521,0.770407072474,0.591244682521
A[C>T]A,0.494124101025,1.03766061215,0.807069365007,1.86120078053,1.76237596032,2.37087430639,2.895202278,2.94827380278,3.51071772292
A[C>T]C,1.14734471499,2.40942390148,1.87399636781,4.32166509312,4.09219615013,4.2922510483,5.24149887629,6.8458234661,6.35583328306
A[C>T]G,0.475232247629,0.99798772002,0.776212671127,1.79004146607,1.69499501654,2.16967401624,2.64950576983,2.83555241085,3.21278652404
A[C>T]T,0.762309350388,1.60084963581,1.2451052723,2.87136521979,2.71890334972,2.63376377007,3.21623075768,4.54844579065,3.89999635183
C[C>T]A,0.612937101772,1.28716791372,1.00113059956,2.30872975001,2.18614232965,2.72510399414,3.32777122361,3.6571913739,4.03525014516
C[C>T]C,1.58137114675,3.32087940817,2.58290620636,5.95649798609,5.64022375674,6.28112076954,7.67021478587,9.43551450894,9.30089037027
C[C>T]G,0.429145066607,0.901204639875,0.700936942125,1.61644641755,1.53061740423,2.02524883916,2.47314040935,2.56056556409,2.99892616567
C[C>T]T,1.17072521596,2.45852295352,1.9121845194,4.40973164679,4.17558660359,4.50714676734,5.50391961012,6.9853271219,6.67404425164
G[C>T]A,0.675674261109,1.41891594833,1.10360129314,2.54503971684,2.40990486462,2.96748025461,3.6237499263,4.03152309128,4.39415345394
G[C>T]C,1.33310898323,2.79952886479,2.17741133928,5.02137717018,4.75475537353,5.84512426959,7.13779598306,7.95421693329,8.65528016844
G[C>T]G,0.712022844298,1.49524797303,1.16297064569,2.68195271352,2.53954814466,1.96759600065,2.40273742387,4.24840297098,2.91355561635
G[C>T]T,0.990848738237,2.0807823503,1.61838627245,3.73219691403,3.53402716638,3.8452360955,4.69562484739,5.91206413815,5.69390729526
T[C>T]A,0.712899390408,1.49708871986,1.16440233767,2.68525437054,2.54267449245,2.38385893405,2.911058506,4.25363302943,3.52994496003
T[C>T]C,1.66115397661,3.48842335088,2.71321816179,6.25701331189,5.92478251657,5.174199263,6.31849333078,9.91155206043,7.66179506252
T[C>T]G,0.255423025094,0.536388352697,0.417190940987,0.962093394521,0.911008789502,2.05921515001,2.51461850049,1.52402404973,3.04922243366
T[C>T]T,1.17609735083,2.46980443674,1.92095900635,4.42996668812,4.19474721796,3.41943474177,4.17565588659,7.01738085995,5.06339375224
A[T>A]A,0.118800760919,0.249481597931,0.194041242835,0.447482866129,0.423722713946,0.370406377569,0.452323172608,0.708844540152,0.548486366784
A[T>A]C,0.0684702392283,0.143787502379,0.111834724073,0.25790456776,0.244210519914,0.398277597141,0.486358219585,0.408539094062,0.589757211151
A[T>A]G,0.195312882525,0.410157053304,0.319011041458,0.735678524179,0.696615947674,0.34959991274,0.426915278057,1.16536686574,0.517676793864
A[T>A]T,0.0838014153361,0.175982972206,0.136875645049,0.315651997766,0.298891714699,0.605411714052,0.739300843121,0.500015111505,0.896475038116
C[T>A]A,0.184165317713,0.386747167197,0.300803352265,0.693689363386,0.656856299843,0.267232587577,0.326332102138,1.09885306235,0.395709793143
C[T>A]C,0.214359177029,0.450154271761,0.350119989147,0.807419566809,0.764547731403,0.546450211404,0.667299777387,1.27900975627,0.809166659194
C[T>A]G,0.531131568104,1.11537629302,0.86751489457,2.00059557319,1.89436925957,0.484277942998,0.5913778727,3.16908502302,0.717103877132
C[T>A]T,0.269646211841,0.566257044866,0.440422146007,1.01566739793,0.961738155566,0.50090331883,0.611680014341,1.60888906398,0.741722222114
G[T>A]A,0.129245195445,0.271414910434,0.211100485893,0.486823569509,0.46097453042,0.179865317758,0.21964322457,0.771162999488,0.266339028219
G[T>A]C,0.082850336596,0.173985706852,0.13532221644,0.312069601178,0.295499533859,0.280926754026,0.343054786166,0.494340341689,0.415987693461
G[T>A]G,0.166752815749,0.350180913072,0.272362932389,0.628102272653,0.594751709503,0.244515182697,0.298590655793,0.9949584673,0.362070558993
G[T>A]T,0.0752253127162,0.157973156704,0.12286801077,0.283348677898,0.268303615354,0.348518376975,0.425594556498,0.448844365873,0.516075288982
T[T>A]A,0.120877112446,0.253841936136,0.197432616995,0.455303790213,0.431128367724,0.380631138077,0.464809178228,0.721233437594,0.563626877537
T[T>A]C,0.113130915723,0.237574923018,0.184780495681,0.426126449223,0.403500266078,0.359909236741,0.439504548713,0.675014463813,0.532942523636
T[T>A]G,0.199999241661,0.419998407488,0.326665428046,0.753330476922,0.71333062859,0.203099939933,0.248016272803,1.19332880858,0.300744141824
T[T>A]T,0.116712563547,0.245096383448,0.19063052046,0.439617322693,0.416274809984,0.424597321405,0.5184986521,0.696384962496,0.628730649004
A[T>C]A,0.179231661259,0.376386488644,0.292745046723,0.675105924076,0.639259591824,1.82654729341,2.23049525253,1.06941557885,2.70469503062
A[T>C]C,0.0957798369563,0.201137657608,0.156440400362,0.360770719202,0.341614751811,0.985991816295,1.20404769874,0.571486360506,1.46002634336
A[T>C]G,0.152354227354,0.319943877444,0.248845238012,0.573867589701,0.54339674423,1.92050330677,2.34522999962,0.909046889881,2.84382220426
A[T>C]T,0.137979430722,0.289756804517,0.225366403513,0.519722522387,0.492126636242,1.32158232683,1.61385534141,0.823277269975,1.95695844549
C[T>C]A,0.100119292218,0.210250513658,0.16352817729,0.377116000689,0.357092142245,0.784460153619,0.957946533746,0.597378443569,1.16160445824
C[T>C]C,0.197723020074,0.415218342155,0.322947599454,0.744756708944,0.70521210493,0.940013953376,1.1479016546,1.17974735311,1.39194373865
C[T>C]G,0.184961473893,0.388419095175,0.302103740692,0.69668821833,0.659695923551,1.87843313508,2.29385584764,1.10360346089,2.78152598848
C[T>C]T,0.386833908432,0.812351207708,0.631828717106,1.45707438843,1.37970760674,1.07308537253,1.31040232991,2.30810898698,1.58899180162
G[T>C]A,0.114773241142,0.241023806399,0.187462960533,0.432312541637,0.409357893408,1.21331262173,1.48164137461,0.68481367215,1.79663599756
G[T>C]C,0.159443108454,0.334830527753,0.260423743808,0.600569041843,0.568680420152,0.85168273739,1.04003565047,0.951343880441,1.2611455919
G[T>C]G,0.122390167469,0.257019351684,0.199903940199,0.461002964132,0.436524930638,1.22962903259,1.50156622249,0.730261332563,1.82079683672
G[T>C]T,0.148819709376,0.312521389689,0.24307219198,0.560554238648,0.530790296773,1.02596108071,1.25285631971,0.887957599274,1.51921160028
T[T>C]A,0.0756613038235,0.158888738029,0.123580129578,0.284990911068,0.269858650304,0.722226926818,0.881950189479,0.45144577948,1.06945141086
T[T>C]C,0.106229794764,0.223082569005,0.173508664782,0.400132226946,0.378886267993,1.00198138603,1.22357342333,0.633837775427,1.48370320624
T[T>C]G,0.0891108823702,0.187132852978,0.145547774538,0.335650990261,0.317828813787,0.881930471907,1.07697278781,0.531694931476,1.30593550648
T[T>C]T,0.0964970897525,0.20264388848,0.157611913262,0.363472371401,0.34417295345,0.665134711415,0.812231811055,0.575765968856,0.98491101498
A[T>G]A,0.0439765242877,0.0923507010042,0.0718283230032,0.16564490815,0.156849603293,0.16009810245,0.195504413569,0.262393261583,0.237068344013
A[T>G]C,0.0384318443069,0.0807068730444,0.0627720123679,0.144759946889,0.137073578028,0.141933306119,0.173322402665,0.229310004364,0.210170472522
A[T>G]G,0.0364110624654,0.0764632311773,0.0594714020268,0.137148335286,0.129866122793,0.254829185127,0.31118563953,0.21725267271,0.377343216438
A[T>G]T,0.139615992581,0.29319358442,0.228039454549,0.525886905388,0.497963706872,0.398654887378,0.48681894901,0.833042089066,0.590315890925
C[T>G]A,0.0263763197457,0.055390271466,0.0430813222514,0.0993508043756,0.0940755404264,0.0795559719215,0.0971500810965,0.157378707816,0.117804035345
C[T>G]C,0.0910925396704,0.191294333308,0.148784481462,0.343115232759,0.324896724824,0.424604337686,0.518507220058,0.543518820033,0.628741038496
C[T>G]G,0.102195788382,0.214611155601,0.16691978769,0.384937469571,0.364498311895,0.590537631999,0.721137300615,0.609768204011,0.874449955076
C[T>G]T,0.83738229057,1.7585028102,1.36772440793,3.15413996115,2.98666350303,1.27537504843,1.55742914568,4.9963810004,1.8885361294
G[T>G]A,0.00905873752772,0.0190233488082,0.0147959379619,0.0341212446877,0.0323094971822,0.051747732936,0.0631919431046,0.0540504672487,0.0766264506938
G[T>G]C,0.0372838009779,0.0782959820535,0.0608968749305,0.14043565035,0.132978890154,0.163215995476,0.199311840629,0.222460012501,0.24168522407
G[T>G]G,0.0695914810138,0.146142110129,0.113666085656,0.262127911819,0.248209615616,0.260333109111,0.317906777472,0.415229170049,0.385493257722
G[T>G]T,0.229806184872,0.482592988232,0.375350101958,0.865603296352,0.819642059378,0.521239476817,0.636513591883,1.37117690307,0.771835379134
T[T>G]A,0.0667308857606,0.140134860097,0.108993780076,0.251353003032,0.23800682588,0.210331104599,0.256846637347,0.398160951705,0.311451827964
T[T>G]C,0.0495049230666,0.10396033844,0.0808580410087,0.186468543551,0.176567558937,0.26777885202,0.326999175063,0.295379374297,0.396518684722
T[T>G]G,0.0549226140857,0.11533748958,0.0897069363399,0.206875179723,0.195890656906,0.253492490759,0.309553330061,0.327704930711,0.375363880547
T[T>G]T,0.247878546196,0.520544947012,0.40486829212,0.933675857339,0.8841001481,0.719924406374,0.879138457784,1.47900865897,1.06604190944
