,1,3,2,5,4,7,6,9,8
A[C>A]A,0.668923066336,0.903046139554,0.484050971243,2.692415342,1.60541535921,1.4883538226,0.969938446187,3.11049225846,3.32789225502
A[C>A]C,0.329376019636,0.444657626509,0.470455468886,1.32573847904,0.790502447127,0.732861643691,0.477595228473,1.53159849131,1.63864569769
A[C>A]G,0.0814624859407,0.10997435602,0.198838132635,0.327886505911,0.195509966258,0.181254031218,0.118120604614,0.378800559624,0.405275867555
A[C>A]T,0.403726113604,0.545030253366,0.850890445326,1.62499760726,0.96894267265,0.898290602769,0.585402864726,1.87732642826,2.00853741518
C[C>A]A,1.02581054408,1.38484423451,0.768059742062,4.12888743993,2.4619453058,2.28242846058,1.48742528892,4.77001902998,5.10340745681
C[C>A]C,0.400742001347,0.541001701819,0.969805783854,1.61298655542,0.961780803234,0.891650952998,0.581075901954,1.86345030627,1.9936914567
C[C>A]G,0.178036759528,0.240349625363,0.168641955537,0.7165979571,0.427288222867,0.39613178995,0.258153301316,0.827870931805,0.885732878652
C[C>A]T,0.771452311001,1.04146061985,3.05234552925,3.10509555178,1.8514855464,1.71648139198,1.11860585095,3.58725324616,3.83797524723
G[C>A]A,1.21809652074,1.644430303,0.530376015391,4.90283849597,2.92343164977,2.71026475864,1.76623995507,5.66414882143,6.06003019067
G[C>A]C,0.432679231838,0.584116962981,0.72631861614,1.74153390815,1.03843015641,0.962711290839,0.627384886165,2.01195842805,2.15257917839
G[C>A]G,0.138749209529,0.187311432864,0.266803552039,0.558465568354,0.332998102869,0.308716991202,0.201186353817,0.645183824309,0.690277317406
G[C>A]T,0.891260297592,1.20320140175,1.74673337675,3.58732269781,2.13902471422,1.98305416214,1.29232743151,4.1443603838,4.43401998052
T[C>A]A,0.901576528553,1.21712831355,0.48027174506,3.62884552743,2.16378366853,2.00600777603,1.3072859664,4.19233085777,4.48534322955
T[C>A]C,0.680384752398,0.918519415737,0.963235523976,2.7385486284,1.63292340576,1.51385607409,0.986557890977,3.16378909865,3.38491414318
T[C>A]G,0.154201753282,0.20817236693,0.147449454627,0.620662056959,0.370084207876,0.343098901052,0.223592542259,0.71703815276,0.767153722577
T[C>A]T,2.88222320252,3.8910013234,1.51929851486,11.6009483901,6.91733568605,6.41294662561,4.17922364365,13.4023378917,14.3390604325
A[C>G]A,0.206356304388,0.278581010924,0.151935588555,0.830584125161,0.495255130531,0.459142777263,0.299216641362,0.959556815403,1.02662261433
A[C>G]C,0.0830969652888,0.11218090314,0.0776702341121,0.334465285288,0.199432716693,0.184890747768,0.120490599669,0.386400888593,0.413407402312
A[C>G]G,0.0268282763003,0.0362181730054,0.0516509694488,0.107983812109,0.0643878631207,0.0596929147682,0.0389010006354,0.124751484796,0.133470674594
A[C>G]T,0.148060479543,0.199881647383,0.120898974211,0.595943430159,0.355345150902,0.329434566982,0.214687695337,0.688481229873,0.736600885724
C[C>G]A,0.164672867924,0.222308371697,0.142730815067,0.662808293392,0.395214883017,0.36639713113,0.238775658489,0.765728835845,0.81924751792
C[C>G]C,0.146877729125,0.198284934319,0.14107818432,0.591182859727,0.3525065499,0.326802947303,0.212972707231,0.68298144043,0.730716702396
C[C>G]G,0.0616300851511,0.083200614954,0.0961069724167,0.248061092733,0.147912204363,0.137126939461,0.0893636234691,0.286579895953,0.306609673627
C[C>G]T,0.113928301573,0.153803207124,0.158708495731,0.458561413833,0.273427923776,0.253490471001,0.165196037282,0.529766602317,0.566793300328
G[C>G]A,0.101328519122,0.136793500815,0.139375560197,0.407847289467,0.243188445893,0.225455955047,0.146926352727,0.471177613918,0.504109382633
G[C>G]C,0.0756412698504,0.102115714298,0.145601594757,0.304456111148,0.181539047641,0.168301825417,0.109679841283,0.351731904804,0.376315317506
G[C>G]G,0.0179121086224,0.0241813466402,0.0658661611595,0.072096237205,0.0429890606937,0.0398544416847,0.0259725575024,0.083291305094,0.0891127403962
G[C>G]T,0.0879801056064,0.118773142569,0.0956978586587,0.354119925066,0.211152253455,0.195755734974,0.127571153129,0.40910749107,0.437701025392
T[C>G]A,0.334984127763,0.45222857248,0.145009488858,1.34831111425,0.803961906631,0.745339684273,0.485726985256,1.5576761941,1.66654603562
T[C>G]C,0.15864113546,0.214165532871,0.158332950802,0.638530570225,0.380738725103,0.352976526398,0.230029646417,0.737681279888,0.789239648912
T[C>G]G,0.0508003497579,0.0685804721732,0.0469819840157,0.204471407776,0.121920839419,0.113030778211,0.073660507149,0.236221626374,0.252731740046
T[C>G]T,0.591123112046,0.798016201262,0.310707576339,2.37927052599,1.41869546891,1.3152489243,0.857128512467,2.74872247101,2.94083748243
A[C>T]A,0.492595801618,0.665004332184,1.2719866418,1.98269810151,1.18222992388,1.0960256586,0.714263912346,2.29057047752,2.45066411305
A[C>T]C,0.331313945642,0.447273826616,1.26370925528,1.33353863121,0.79515346954,0.737173529053,0.48040522118,1.54060984723,1.64828687957
A[C>T]G,0.532754279944,0.719218277925,1.29407927638,2.14433597678,1.27861027187,1.18537827288,0.772493705919,2.47730740174,2.65045254272
A[C>T]T,0.26980965987,0.364243040824,0.906921475892,1.08598388098,0.647543183687,0.60032649321,0.391224006811,1.25461491839,1.34230305785
C[C>T]A,0.492156525991,0.664411310088,1.18245235989,1.98093001712,1.18117566238,1.09504827033,0.713626962688,2.28852784586,2.44847871681
C[C>T]C,0.283730667742,0.383036401451,1.37337199785,1.14201593766,0.68095360258,0.631300735726,0.411409468226,1.319347605,1.41156007202
C[C>T]G,0.430486367324,0.581156595888,0.996234796687,1.73270762848,1.03316728158,0.957832167297,0.62420523262,2.00176160806,2.14166967744
C[C>T]T,0.473275137265,0.638921435307,1.30832725292,1.90493242749,1.13586032943,1.05303718041,0.686248949034,2.20072938828,2.35454380789
G[C>T]A,0.349216086193,0.47144171636,1.73218991212,1.40559474693,0.838118606863,0.777005791779,0.50636332498,1.6238548008,1.73735002881
G[C>T]C,0.345189367107,0.466005645595,2.11581336983,1.38938720261,0.828454481057,0.768046341813,0.500524582305,1.60513055705,1.71731710136
G[C>T]G,0.515957565771,0.696542713791,2.3078442853,2.07672920223,1.23829815785,1.14800558384,0.748138470368,2.39920268084,2.56688888971
G[C>T]T,0.393804273056,0.531635768626,1.71014116831,1.58506219905,0.945130255335,0.87621450755,0.571016195932,1.83118986971,1.95917625846
T[C>T]A,1.93337333327,2.61005399991,1.80225015535,7.7818276664,4.64009599984,4.30175566652,2.80339133324,8.99018599969,9.618532333
T[C>T]C,0.833418948188,1.12511558005,2.10087821874,3.35451126646,2.00020547565,1.85435715972,1.20845747487,3.87539810908,4.14625926724
T[C>T]G,1.58732386485,2.14288721755,0.699832958573,6.38897855603,3.80957727564,3.5317955993,2.30161960404,7.38105597156,7.89693622764
T[C>T]T,1.37538426504,1.85676875781,1.59214582216,5.5359216668,3.30092223611,3.06022998972,1.99430718431,6.39553683246,6.8425367186
A[T>A]A,0.367726054597,0.496430173706,0.611980741324,1.48009736975,0.882542531033,0.818190471479,0.533202779166,1.70992615388,1.82943712162
A[T>A]C,0.191098955174,0.257983589485,0.269461955806,0.769173294576,0.458637492418,0.425195175263,0.277093485003,0.88861014156,0.950717301992
A[T>A]G,0.181102446563,0.24448830286,0.787650171514,0.728937347414,0.43464587175,0.402952943602,0.262598547516,0.842126376516,0.900984671649
A[T>A]T,0.317082962734,0.428061999691,0.346549477385,1.27625892501,0.760999110563,0.705509592084,0.459770295965,1.47443577671,1.5774877396
C[T>A]A,0.425801734304,0.57483234131,0.932825430068,1.71385198057,1.02192416233,0.947408858826,0.61741251474,1.97997806451,2.11836362816
C[T>A]C,0.357866560798,0.483119857078,0.821007207898,1.44041290721,0.858879745916,0.796253097776,0.518906513157,1.66407950771,1.78038613997
C[T>A]G,1.02767249648,1.38735787025,2.40491921096,4.13638179835,2.46641399156,2.28657130468,1.4901251199,4.77867710865,5.11267067001
C[T>A]T,0.658007201303,0.88830972176,0.866927133954,2.64847898525,1.57921728313,1.4640660229,0.95411044189,3.05973348606,3.27358582648
G[T>A]A,0.561007806833,0.757360539224,0.628237684274,2.2580564225,1.3464187364,1.2482423702,0.813461319907,2.60868630177,2.79101383899
G[T>A]C,0.138056042716,0.186375657666,0.251107007938,0.555675571931,0.331334502518,0.307174695042,0.200181261938,0.641960598628,0.68682881251
G[T>A]G,0.597951699867,0.80723479482,0.691065966076,2.40675559196,1.43508407968,1.3304425322,0.867029964807,2.78047540438,2.97480970684
G[T>A]T,0.364442430941,0.49199728177,0.262020570835,1.46688078454,0.874661834257,0.810884408843,0.528441524864,1.69465730387,1.81310109393
T[T>A]A,0.397801215448,0.537031640855,0.538588991284,1.60114989218,0.954722917075,0.885107704372,0.5768117624,1.84977565183,1.97906104685
T[T>A]C,0.15952107379,0.215353449617,0.418905135809,0.642072322006,0.382850577097,0.354934389184,0.231305556996,0.741772993125,0.793617342107
T[T>A]G,0.21377598012,0.288597573162,0.765610215629,0.860448319983,0.513062352288,0.475651555767,0.309975171174,0.994058307558,1.0635355011
T[T>A]T,0.353275812587,0.476922346992,0.384502268618,1.42193514566,0.847861950208,0.786038683005,0.51224992825,1.64273252853,1.75754716762
A[T>C]A,0.594237779925,0.802221002899,0.904790931075,2.3918070642,1.42617067182,1.32217906033,0.861644780892,2.76320567665,2.95633295513
A[T>C]C,0.29656950754,0.400368835178,0.403726273808,1.19369226785,0.711766818095,0.659867154276,0.430025785932,1.37904821006,1.47543330001
A[T>C]G,0.512708914416,0.692157034462,0.714603973021,2.06365338053,1.2305013946,1.14077733458,0.743427925904,2.38409645204,2.55072684922
A[T>C]T,0.467009016835,0.630462172727,0.525731797143,1.87971129276,1.1208216404,1.03909506246,0.67716307441,2.17159192828,2.32336985875
C[T>C]A,0.260970227661,0.352309807343,0.309362071278,1.05040516634,0.626328546387,0.580658756546,0.378406830109,1.21351155863,1.29832688262
C[T>C]C,0.390363905967,0.526991273056,0.455572878821,1.57121472152,0.936873374322,0.868559690778,0.566027663653,1.81519216275,1.94206043219
C[T>C]G,0.396199825736,0.534869764744,0.604449419407,1.59470429859,0.950879581767,0.881544612263,0.574489747318,1.84232918967,1.97109413304
C[T>C]T,0.293209445496,0.395832751419,0.559917558743,1.18016801812,0.70370266919,0.652391016228,0.425153695969,1.36342392156,1.45871699134
G[T>C]A,0.438510724878,0.591989478585,0.498436100092,1.76500566763,1.05242573971,0.975686362854,0.635840551073,2.03907487068,2.18159085627
G[T>C]C,0.23309502916,0.314678289366,0.505847066567,0.938207492368,0.559428069984,0.518636439881,0.337987792282,1.08389188559,1.15964777007
G[T>C]G,0.386429754183,0.521680168147,0.524099474146,1.55537976059,0.927431410038,0.859806203056,0.560323143565,1.79689835695,1.92248802706
G[T>C]T,0.431030322639,0.581890935563,0.466101610363,1.73489704862,1.03447277433,0.959042467872,0.624993967826,2.00429100027,2.14437585513
T[T>C]A,0.392381735435,0.529715342838,0.394323058995,1.57933648513,0.941716165045,0.873049361344,0.568953516381,1.82457506977,1.95209913379
T[T>C]C,0.359924015939,0.485897421517,0.417401976588,1.44869416415,0.863817638253,0.800830935464,0.521889823111,1.67364667412,1.7906219793
T[T>C]G,0.232198597243,0.313468106279,0.382199941625,0.934599353905,0.557276633384,0.516641878866,0.336687966003,1.07972347718,1.15518802129
T[T>C]T,0.451789667704,0.609916051401,0.304314186067,1.81845341251,1.08429520249,1.00523201064,0.655095018171,2.10082195482,2.24765359683
A[T>G]A,0.107580828988,0.145234119134,0.0836624628783,0.433012836676,0.258193989571,0.239367344498,0.155992202032,0.500250854794,0.535214624215
A[T>G]C,0.0684364376332,0.0923891908049,0.089515040019,0.275456661474,0.16424745032,0.152271073734,0.0992328345682,0.318229434995,0.340471277225
A[T>G]G,0.175549720917,0.236992123238,0.13018808925,0.70658762669,0.4213193302,0.39059812904,0.254547095329,0.816306202263,0.873359861561
A[T>G]T,0.238575627758,0.322077097474,0.257510400729,0.960266901727,0.57258150662,0.530830771762,0.34593466025,1.10937666908,1.1869137481
C[T>G]A,0.0346639754055,0.0467963667974,0.0352277386652,0.139522501007,0.0831935409732,0.0771273452772,0.050262764338,0.161187485636,0.172453277642
C[T>G]C,0.152631295371,0.206052248751,0.207400034073,0.614340963869,0.366315108891,0.339604632201,0.221315378288,0.709735523476,0.759340694471
C[T>G]G,0.295361158123,0.398737563466,0.253812972276,1.18882866145,0.708866779495,0.657178576824,0.428273679278,1.37342938527,1.46942176166
C[T>G]T,0.477861509711,0.64511303811,0.762453088493,1.92339257659,1.14686762331,1.06324185911,0.692899189081,2.22205602016,2.37736101081
G[T>G]A,0.096258226403,0.129948605644,0.0245774054011,0.387439361272,0.231019743367,0.214174553747,0.139574428284,0.447600752774,0.478884676355
G[T>G]C,0.0269658095017,0.0364038428273,0.0893329269728,0.108537383244,0.0647179428042,0.0599989261414,0.0391004237775,0.125391014183,0.134154902271
G[T>G]G,0.24200649181,0.326708763944,0.11970702865,0.974076129536,0.580815580345,0.538464444278,0.350909413125,1.12533018692,1.20398229676
G[T>G]T,0.160282032188,0.216380743454,0.285526119206,0.645135179558,0.384676877252,0.356627521619,0.232408946673,0.745311449676,0.797403110137
T[T>G]A,0.0942621195054,0.127253861332,0.106829739336,0.379405031009,0.226229086813,0.2097332159,0.136680073283,0.4383188557,0.46895404454
T[T>G]C,0.150528197865,0.203213067117,0.11878150664,0.605875996405,0.361267674875,0.334925240249,0.218265886904,0.69995612007,0.748877784376
T[T>G]G,0.207531653973,0.280167732864,0.152924390939,0.835314907242,0.498075969535,0.46175793009,0.300920898261,0.965022190975,1.03246997852
T[T>G]T,0.854333345471,1.15335001639,0.280206385969,3.43869171552,2.05040002913,1.90089169367,1.23878335093,3.97265005644,4.25030839372
