,1,3,2,5,4,7,6,9,8
A[C>A]A,2.4642385436,0.60943533874,1.56333412981,1.22570490828,1.85480320486,1.37479980234,0.334975254436,0.715424093304,1.0996333286
A[C>A]C,1.44492106377,0.357346069534,0.916670352283,0.912727074855,1.08757499423,0.946544690042,0.249440939712,0.419493212062,0.644776603724
A[C>A]G,0.486134917496,0.12022691508,0.308408173465,0.35122931919,0.365908002417,0.298873463608,0.0959881369216,0.141135943789,0.216931172861
A[C>A]T,1.99542724221,0.493492758827,1.26591620743,1.00943113508,1.50193448339,0.851315532309,0.275869378531,0.579317586449,0.890432586579
C[C>A]A,3.27064064423,0.808868116315,2.07492255924,1.55367836457,2.46177252792,1.3810491552,0.424607751809,0.949540832196,1.45947942726
C[C>A]C,1.47288211299,0.36426116773,0.934409082437,0.96046038622,1.10862094526,1.18735539148,0.262486068284,0.427610936031,0.657253846121
C[C>A]G,0.806556603732,0.19947098802,0.511686447529,0.383348909502,0.607085615713,0.214466370374,0.104766161603,0.234161594632,0.359915043601
C[C>A]T,6.19054146261,1.53099412516,3.92733275585,1.90143532457,4.65954733744,1.41300415651,0.519646920999,1.79725397301,2.76244592149
G[C>A]A,4.70072309975,1.16254442252,2.98217917081,1.69984843244,3.53817867723,1.36947168053,0.464554851102,1.36472606122,2.0976345015
G[C>A]C,2.59734675919,0.642354574853,1.6477791268,1.59899931997,1.95499218433,1.19640823207,0.436993602974,0.754068413957,1.15903108071
G[C>A]G,0.607018161829,0.150122771205,0.385097543526,0.485912892177,0.456895390624,0.340693749005,0.132796069912,0.176231079241,0.27087369587
G[C>A]T,5.5087000559,1.36236668049,3.49476670213,1.73068621458,4.14633337541,1.16437680673,0.472982567961,1.59930001623,2.45818335828
T[C>A]A,2.40794520245,0.595513329638,1.52762114994,3.33971215538,1.81243187281,1.91322895014,0.912716365446,0.699080865227,1.07451318174
T[C>A]C,2.2881253239,0.565880456449,1.45160638828,2.00823638631,1.72224486745,1.33086629404,0.548834788804,0.664294448875,1.02104517142
T[C>A]G,0.693667567579,0.171552194132,0.440068671905,0.47572603308,0.522115373447,0.249543237012,0.130012083575,0.201387358329,0.309539828543
T[C>A]T,7.07380695959,1.74943612979,4.48768398512,10.6026045266,5.3243708298,2.50532236247,2.89760620602,2.05368589149,3.15659127767
A[C>G]A,0.291480738603,0.0720866342781,0.184917887931,0.344613815133,0.219394104325,0.688899899209,0.0941801730799,0.0846234402395,0.13006936185
A[C>G]C,0.189933603036,0.0469728265574,0.120495511604,0.183799601574,0.142960776479,0.357032773254,0.050230947014,0.0551420137848,0.084755317484
A[C>G]G,0.29706934639,0.0734687630857,0.188463348785,0.0467308198323,0.223600583304,0.112127029011,0.0127711557306,0.0862459392746,0.132563202959
A[C>G]T,0.297346802501,0.0735373812636,0.188639369328,0.266662544336,0.223809421237,0.577100283844,0.0728767201912,0.0863264910485,0.132687014019
C[C>G]A,0.1531212447,0.0378686949257,0.0971414348094,0.315648438448,0.115252549774,0.473213918477,0.0862641695138,0.0444545549128,0.068328297366
C[C>G]C,0.183022130787,0.0452635377215,0.116110814155,0.195752488236,0.137758593065,0.435249514665,0.0534975744249,0.0531354573252,0.0816711658887
C[C>G]G,0.320798117978,0.0793371689622,0.203517085599,0.0956189529304,0.241460949015,0.175697622228,0.0261318877574,0.0931349374774,0.143151848345
C[C>G]T,0.255389534576,0.0631608526371,0.162021317634,0.290541615798,0.192228681939,0.550312309207,0.0794026776094,0.0741453487479,0.11396414715
G[C>G]A,0.458636050303,0.113426119967,0.290962655569,0.148530316969,0.345209930336,0.348047644319,0.0405921363145,0.133152401701,0.204660172985
G[C>G]C,0.437067476921,0.108091956658,0.277279367079,0.186178983119,0.328975520263,0.410176916981,0.0508812127779,0.126890557816,0.195035487013
G[C>G]G,0.0934843501833,0.0231197855292,0.0593072759228,0.0525152936693,0.0703645646541,0.108084713539,0.0143520057233,0.0271406177952,0.0417161347592
G[C>G]T,0.206291389621,0.0510183006589,0.130873032125,0.217883597922,0.155273088962,0.426882504043,0.0595458280036,0.0598910485996,0.0920547598845
T[C>G]A,0.345528083554,0.0854531819543,0.219205988491,7.2388256277,0.2600749016,1.58005742041,1.9783125939,0.100314604903,0.154187263091
T[C>G]C,0.327631073904,0.0810270397828,0.207851971617,1.64335532108,0.246604034122,0.771825156119,0.449115739923,0.0951186988755,0.146200963086
T[C>G]G,0.135383976657,0.0334820587432,0.0858887593848,0.288830763995,0.101901917914,0.139246727258,0.078935115626,0.0393050254812,0.0604132799062
T[C>G]T,0.666482370088,0.164828973248,0.422822148766,9.00099215097,0.50165339684,2.10116056735,2.45989847604,0.193494881638,0.297408799555
A[C>T]A,4.72958051836,1.16968120346,3.00048656541,1.37275579028,3.55989931489,1.91343619971,0.375163073121,1.37310402146,2.11051173669
A[C>T]C,4.28711992288,1.0602554648,2.71978575752,2.06069254504,3.22686445808,2.47844902161,0.563170633426,1.24464771954,1.913069643
A[C>T]G,4.05935747107,1.0039271165,2.57529129885,2.25161915661,3.05543035457,1.53656770133,0.615349334724,1.17852313676,1.81143371021
A[C>T]T,2.61122521848,0.645786881991,1.65658374076,1.28853424818,1.96543833649,1.77722797614,0.352146005714,0.758097644076,1.16522415664
C[C>T]A,4.57399902209,1.13120405923,2.90178432584,3.35373767953,3.44279496286,2.38025338492,0.916549427946,1.32793519996,2.04108558513
C[C>T]C,4.25479208028,1.05226040695,2.69927669609,4.12142094341,3.20253167333,3.46179025434,1.12635106528,1.23526221686,1.89864377776
C[C>T]G,3.03622476563,0.750894296877,1.92620710938,2.18579730296,2.28533046876,1.23814780296,0.597360753603,0.881484609377,1.35487449219
C[C>T]T,2.98153517095,0.737368913246,1.89151156007,3.37826464703,2.24416625771,2.75517198476,0.923252450119,0.865606985115,1.33046999564
G[C>T]A,4.99910556135,1.23633793453,3.17147557118,1.53141562924,3.76276762683,1.7463049143,0.418523526004,1.45135322749,2.23078366447
G[C>T]C,5.63199644742,1.39285933646,3.57298699353,2.73652688451,4.23913711096,3.01908083532,0.747870701356,1.6350957428,2.51320271579
G[C>T]G,5.62824806997,1.39193231838,3.57060899063,2.38053158941,4.23631575159,1.89141147556,0.650580061702,1.63400750419,2.51153005273
G[C>T]T,3.72087169459,0.920215580383,2.36055301055,2.0726200097,2.80065611421,2.25547895191,0.566430313211,1.08025307262,1.660388982
T[C>T]A,7.04101820787,1.74132708367,4.46688251897,15.2386053769,5.29969112421,2.45971244761,4.16458780488,2.04416657648,3.14195973792
T[C>T]C,6.42967930981,1.59013574329,4.07904386321,10.6975668314,4.83954356652,4.5246957676,2.92355863714,1.86668108994,2.86915797158
T[C>T]G,3.41509049362,0.844592272615,2.16656278627,10.0074043002,2.570498221,1.15569435034,2.73494279012,0.991477885244,1.52393823102
T[C>T]T,4.82279331166,1.19273382976,3.05962156331,9.75690485513,3.63005948189,2.78073333187,2.66648331445,1.40016580016,2.15210669284
A[T>A]A,1.45020329851,0.358652428665,0.920021447444,1.38679282609,1.09155086985,1.09186170379,0.378999281665,0.421026764085,0.647133729982
A[T>A]C,0.818815841115,0.202502842426,0.519463813181,0.298833922783,0.616312998689,0.646603886214,0.0816688981518,0.237720728066,0.365385563508
A[T>A]G,0.860378818054,0.212781858228,0.545831723282,0.271545015054,0.647596959826,0.906484339504,0.0742110600146,0.24978739879,0.383932483325
A[T>A]T,0.951695637024,0.235365587651,0.603763898757,0.410659540744,0.716330049373,1.3522367912,0.112229936601,0.27629873333,0.424681386414
C[T>A]A,2.18067713769,0.539307249106,1.38344033466,2.76690298673,1.64136988858,0.896069124721,0.75617224482,0.633099814168,0.973097862517
C[T>A]C,1.12951406892,0.279342189087,0.71657344157,0.375170550175,0.850171879829,1.05113810334,0.102531082035,0.327923439362,0.504030471613
C[T>A]G,1.60892805392,0.397906938066,1.02071779765,0.374410673896,1.21102111585,1.97995636942,0.102323413984,0.467108144686,0.717962518684
C[T>A]T,0.745466285355,0.184362629711,0.472930224042,0.457544195839,0.561103655643,1.24520713935,0.125043134267,0.216425695748,0.332654310131
G[T>A]A,1.01736186501,0.251605622529,0.645423118662,0.990126814918,0.765756242481,0.817760346092,0.270593663704,0.2953631221,0.453984058042
G[T>A]C,0.550526914441,0.13615181755,0.349259010237,0.184569180306,0.414375096891,0.434138577651,0.0504412666676,0.159830394515,0.245665236014
G[T>A]G,0.584142021093,0.144465231023,0.370584723059,0.165997221973,0.43967679007,0.937570542094,0.0453657004149,0.169589619027,0.260665525542
G[T>A]T,0.598412870997,0.147994580999,0.379638272998,0.180800380686,0.450418289998,0.602059555139,0.0494112841627,0.173732768999,0.267033700499
T[T>A]A,0.982920621827,0.243087895721,0.623573297718,0.652941665171,0.739832726107,1.41407862595,0.178443684891,0.285364051498,0.438615116192
T[T>A]C,0.907894755887,0.224533111671,0.575976242982,0.40341748995,0.683361644216,0.602070380116,0.110250742595,0.263582348483,0.405135831928
T[T>A]G,0.600101912659,0.14841230098,0.380709815558,0.199746766396,0.451689611679,1.07912837651,0.0545891783939,0.174223135933,0.267787412638
T[T>A]T,0.497037088691,0.122923150967,0.315324604654,0.426322731992,0.374113937725,1.24837637509,0.116510560296,0.144301090265,0.221796120223
A[T>C]A,2.59489226288,0.641747548884,1.64622197323,1.18004082811,1.953144714,2.58707690359,0.322495630044,0.753355818256,1.15793579473
A[T>C]C,1.85238835486,0.458117550127,1.17517110685,0.891671928905,1.39427080474,1.15359014353,0.243686738334,0.537790167541,0.826603405664
A[T>C]G,2.79006456423,0.690015967499,1.77004096011,1.23475728141,2.10004859674,2.03121996027,0.337449194919,0.810018744455,1.24502881092
A[T>C]T,1.85553369496,0.458895429937,1.17716653766,0.80796725202,1.39663826502,2.09157952609,0.220810926018,0.538703330795,0.828006971407
C[T>C]A,1.47701243636,0.365282645552,0.937029395111,0.691436328568,1.11172979081,1.50135694414,0.188963965571,0.42881006217,0.659096947409
C[T>C]C,1.70704931235,0.42217348585,1.08296676805,1.03703915422,1.2848758265,1.56223194278,0.283414427239,0.49559496165,0.761747811424
C[T>C]G,2.19906017009,0.543853590453,1.39510268855,1.07355098155,1.65520657964,1.98886092346,0.293392814834,0.638436823576,0.981301043644
C[T>C]T,1.49839796183,0.370571538947,0.950596556431,1.33779677853,1.12782642288,1.87068450333,0.365609057487,0.435018763112,0.66863995071
G[T>C]A,3.56699444926,0.88215991756,2.26293196244,1.58569542992,2.6848345317,1.47505384169,0.433357757246,1.03557903366,1.59172332951
G[T>C]C,2.46424918343,0.609437970095,1.56334087981,1.13588219658,1.85481121333,1.16551473168,0.310427432606,0.715427182285,1.09963807647
G[T>C]G,2.60691719469,0.644721456751,1.65385069341,1.18661543749,1.96219573794,1.2746767819,0.324292417699,0.756846927491,1.16330175892
G[T>C]T,2.97427679672,0.735573831447,1.88690678502,1.69772482929,2.23870296527,1.36272913257,0.463974487507,0.863499715177,1.3272310437
T[T>C]A,1.6579880508,0.410040055573,1.05184188169,1.1723385638,1.24794799522,1.49132690749,0.320390663399,0.481351369586,0.739854882882
T[T>C]C,2.42650105893,0.600102412423,1.53939314491,1.13679410749,1.8263986465,1.56720233071,0.310676650495,0.704468049366,1.08279348328
T[T>C]G,1.48568429055,0.367427297662,0.942530894002,0.919693205311,1.11825699288,1.11404759767,0.251344726917,0.431327697255,0.662966645781
T[T>C]T,1.37671433743,0.340477739363,0.873399418367,1.09726848711,1.03623659806,2.12118145364,0.299874617594,0.399691259252,0.614340268851
A[T>G]A,0.365720808709,0.0904470817237,0.23201642703,0.0682402394704,0.275273726985,1.49798541958,0.0186495064391,0.10617700898,0.163197995284
A[T>G]C,0.42770168593,0.105775685768,0.271337628708,0.213018796476,0.321926000162,0.478295322035,0.0582163170494,0.124171457205,0.190856128668
A[T>G]G,0.583080941778,0.144202813558,0.369911565214,0.189948223421,0.43887812822,0.547441263989,0.0519113157174,0.169281563742,0.260192033159
A[T>G]T,1.59217301792,0.393763219486,1.01008825868,0.676882282578,1.19840979843,1.96903966695,0.184986462319,0.462243779396,0.710485809072
C[T>G]A,0.343089145282,0.084850003672,0.217658705072,0.112574927786,0.25823914161,0.993736277007,0.0307658187739,0.0996065260497,0.153098919669
C[T>G]C,0.908522586268,0.22468838155,0.576374543977,0.310297633806,0.683834204718,0.859984605246,0.0848018378104,0.26376462182,0.405415992797
C[T>G]G,0.939867528346,0.232440356473,0.596260044864,0.362381614069,0.707427171873,1.12234248331,0.0990359690623,0.272864766294,0.419403251896
C[T>G]T,2.88059698261,0.712405705377,1.8274755051,2.06813137737,2.16819127723,3.89582584641,0.565203606237,0.83630234979,1.28542768579
G[T>G]A,0.184776265393,0.0456973559575,0.117223652239,0.0198754731603,0.139078909436,0.371074954084,0.00543180632954,0.053644722211,0.0824539248799
G[T>G]C,0.276865585059,0.0684721339393,0.175645908801,0.131820022341,0.208393451119,0.0649471485277,0.0360253477205,0.0803803311461,0.123547546021
G[T>G]G,0.581757075624,0.143875405799,0.369071693138,0.248839111718,0.437881669824,0.537132933154,0.0680057199726,0.168897215504,0.259601275682
G[T>G]T,1.28588796438,0.31801530302,0.815778386007,0.593541542961,0.967872661364,1.33995919821,0.16221011112,0.373322312241,0.573810220666
T[T>G]A,0.586470609645,0.145041118514,0.372061999668,0.232791850296,0.441429491131,2.18778422866,0.0636201330002,0.170265660865,0.261704626885
T[T>G]C,0.766799973694,0.189638703172,0.48646449944,0.415515476371,0.577161270522,0.860408466285,0.113557024598,0.222619347201,0.34217418181
T[T>G]G,0.639220834517,0.158086873053,0.405527196092,0.211633215435,0.481133961465,0.817266352694,0.0578376489389,0.185580242279,0.285243705725
T[T>G]T,2.72968840763,0.675084229845,1.73173780699,2.22183395559,2.05460417779,5.42711069911,0.60720927979,0.792490182861,1.21808676255
