,1,3,2,5,4,7,6,9,8
A[C>A]A,0.321107678653,3.2589319655,1.40119714321,0.435764475518,1.25523910746,0.853854509146,0.415980401891,0.561938437643,1.28443071461
A[C>A]C,0.153443223795,1.96620883105,0.669570431105,0.243326773653,0.599823511198,0.408019481454,0.198778721734,0.268525641641,0.613772895179
A[C>A]G,0.0315175308218,0.363845254787,0.137531043586,0.0625752571245,0.123204893213,0.0838079796853,0.0408295285646,0.0551556789382,0.126070123287
A[C>A]T,0.156242917619,2.07189143415,0.681787276882,0.27815425704,0.610767768873,0.41546412185,0.202405597824,0.273425105833,0.624971670475
C[C>A]A,0.522580845463,3.95625480306,2.2803527802,0.647425513745,2.04281603226,1.38958997544,0.676979731622,0.91451647956,2.09032338185
C[C>A]C,0.3495670252,2.18581225011,1.52538338269,0.520744062635,1.36648928033,0.929530498827,0.452848191736,0.6117422941,1.3982681008
C[C>A]G,0.129753166179,0.56512860426,0.566195634238,0.207110110482,0.507216922338,0.345025464614,0.168089328914,0.227068040814,0.519012664718
C[C>A]T,0.64829150991,2.55598442092,2.82890840688,1.11666205676,2.53423044783,1.72386606044,0.839832183292,1.13451014234,2.59316603964
G[C>A]A,0.589790976746,4.3475235153,2.57363335307,0.746439066175,2.30554654546,1.56830782453,0.764047401694,1.03213420931,2.35916390698
G[C>A]C,0.181926113624,1.66145676285,0.793859404903,0.316770694075,0.711165716892,0.483758074863,0.235677010831,0.318370698841,0.727704454494
G[C>A]G,0.0656264492462,0.531273649535,0.286369960347,0.127386702779,0.256539756144,0.174506694586,0.085016081978,0.114846286181,0.262505796985
G[C>A]T,0.406617703922,2.77844130012,1.77433179893,0.570709383493,1.58950556988,1.08123343997,0.526754752808,0.711580981863,1.62647081569
T[C>A]A,0.413788763488,3.5093401675,1.80562369522,0.483925931948,1.61753789363,1.10030193927,0.536044534518,0.724130336104,1.65515505395
T[C>A]C,0.300720233745,2.55209502741,1.31223374725,0.391953054386,1.17554273191,0.799642439732,0.389569393715,0.526260409054,1.20288093498
T[C>A]G,0.0773338536776,0.620242204764,0.337456816048,0.13671699566,0.302305064376,0.205637747279,0.100182492264,0.135334243936,0.30933541471
T[C>A]T,0.676479531994,5.23434529428,2.95191068507,0.825440315662,2.6444199887,1.79882057371,0.876348484629,1.18383918099,2.70591812798
A[C>G]A,0.0775812215547,0.669561293762,0.338536239512,0.122048622541,0.303272047896,0.206295520952,0.100502946105,0.135767137721,0.310324886219
A[C>G]C,0.0471860144202,0.396295086246,0.205902608379,0.0970980003143,0.184454420006,0.125471901981,0.0611273368626,0.0825755252354,0.188744057681
A[C>G]G,0.0137011112583,0.115756731949,0.0597866673091,0.0428158057941,0.0535588894644,0.0364325003915,0.0177491668574,0.0239769447021,0.0548044450333
A[C>G]T,0.0827936127105,0.741954883894,0.3612812191,0.127003384092,0.323647758777,0.220155742889,0.10725536192,0.144888822243,0.331174450842
C[C>G]A,0.0467823175408,0.495958277371,0.204141021996,0.0839506692128,0.182876332205,0.124398435279,0.0606043659051,0.0818690556964,0.187129270163
C[C>G]C,0.0554423681338,0.570237733488,0.241930333675,0.0864894270582,0.21672925725,0.147426297083,0.0718230678097,0.0970241442342,0.221769472535
C[C>G]G,0.0311065937606,0.28402118108,0.135737863682,0.0565657740659,0.121598502882,0.0827152606815,0.0402971782807,0.054436539081,0.124426375042
C[C>G]T,0.0638953011907,0.785024014713,0.278815859741,0.103658316231,0.249772541018,0.16990341453,0.0827734583607,0.111816777084,0.255581204763
G[C>G]A,0.0354102281788,0.331873527787,0.154517359326,0.0971025771491,0.138421801062,0.094159015839,0.0458723410498,0.0619678993128,0.141640912715
G[C>G]C,0.0485452737325,0.371801006569,0.211833921742,0.104964795405,0.189767888227,0.129086296061,0.062888195517,0.0849542290318,0.19418109493
G[C>G]G,0.00906497905305,0.0805283485202,0.0395562722315,0.0197259287126,0.0354358272074,0.0241046033911,0.0117432683187,0.0158637133428,0.0362599162122
G[C>G]T,0.0459812070777,0.459393653157,0.200645267248,0.0873219826785,0.179744718576,0.122268209729,0.0595665637143,0.0804671123859,0.183924828311
T[C>G]A,0.286429847342,0.680245518273,1.24987569749,0.128870020644,1.11968031234,0.761643003159,0.371056847693,0.501252232848,1.14571938937
T[C>G]C,0.132585269485,0.659538270362,0.578553903206,0.102444623508,0.518287871622,0.352556284766,0.171758190014,0.232024221598,0.530341077939
T[C>G]G,0.0218552389822,0.0864461188344,0.0953683155586,0.0286099269494,0.0854341160212,0.0581150672935,0.0283124686815,0.0382466682188,0.0874209559287
T[C>G]T,0.403292146226,1.37700028031,1.75982027444,0.274652643368,1.57650566252,1.07239047974,0.522446643974,0.705761255895,1.6131685849
A[C>T]A,0.46067577412,1.62586684967,2.0102215598,0.853345668472,1.80082348065,1.224978763,0.596784525565,0.80618260471,1.84270309648
A[C>T]C,0.459140656479,1.1151387562,2.00352286464,0.813765113408,1.79482256624,1.22089674564,0.594795850439,0.803496148838,1.83656262592
A[C>T]G,0.811125567054,1.88258714122,3.53945701987,0.901685566778,3.1707635803,2.15685662149,1.05077630277,1.41946974234,3.24450226822
A[C>T]T,0.333310818571,1.47113353337,1.45444720831,0.542775661455,1.30294229078,0.886303767565,0.431789014968,0.5832939325,1.33324327429
C[C>T]A,0.776350519628,3.05307210365,3.38771135838,1.61348436773,3.03482475854,2.06438660901,1.00572680952,1.35861340935,3.10540207851
C[C>T]C,1.05582477215,2.75572326379,4.60723536936,1.7313668906,4.12731501839,2.8075340532,1.36777300028,1.84769335125,4.22329908858
C[C>T]G,0.807180472813,1.76900220895,3.52224206318,1.1527489667,3.15534184827,2.14636625725,1.04566561251,1.41256582742,3.22872189125
C[C>T]T,1.02805491938,3.28605548264,4.48605783004,1.48150571244,4.01876013941,2.73369149018,1.33179841829,1.79909610892,4.11221967754
G[C>T]A,0.661393817814,0.969698466854,2.8860821141,0.933505997281,2.58544856055,1.75870628828,0.856805627623,1.15743918117,2.64557527126
G[C>T]C,1.01775019895,1.25242644306,4.44109177722,1.25689320785,3.97847805043,2.70629030174,1.31844912136,1.78106284816,4.07100079578
G[C>T]G,0.919847859859,1.28026552919,4.01388157029,0.570671123181,3.59576890672,2.4459590819,1.19162109118,1.60973375475,3.67939143944
G[C>T]T,0.852867179391,1.32824839479,3.72160223734,0.959373027155,3.33393533762,2.26785136338,1.10485066421,1.49251756393,3.41146871756
T[C>T]A,0.97319252757,6.45745734438,4.24665830212,2.89279275253,3.80429806232,2.58780740286,1.26072668344,1.70308692325,3.89277011028
T[C>T]C,1.6017178984,6.74037577726,6.98931446573,3.76503350295,6.26126087555,4.25911350255,2.07495273201,2.80300632219,6.40687159359
T[C>T]G,0.794228139204,3.03449849846,3.46572278925,1.68358155915,3.10470999871,2.1119248247,1.02888645306,1.38989924361,3.17691255682
T[C>T]T,0.706241456086,4.5660338481,3.08178089929,1.98192623864,2.76076205561,1.8779602355,0.914903704475,1.23592254815,2.82496582435
A[T>A]A,0.293624199488,1.30817766273,1.28126923413,0.163464210359,1.14780368891,0.780773439548,0.380376803882,0.513842349104,1.17449679795
A[T>A]C,0.184699668238,0.893302881048,0.805962188675,0.217972611354,0.722007794021,0.491133208724,0.239270024763,0.323224419416,0.738798672952
A[T>A]G,0.211919330934,1.40102892974,0.924738898619,0.166889603634,0.828411930013,0.563512766346,0.274531860528,0.370858829134,0.847677323734
A[T>A]T,0.26179702807,1.62838841131,1.14238703158,0.287436838247,1.02338838245,0.696142097367,0.339146149999,0.458144799122,1.04718811228
C[T>A]A,0.486985084972,1.16345041237,2.12502582533,0.0825376688051,1.90366896853,1.29493761231,0.630867041896,0.852223898701,1.94794033989
C[T>A]C,0.506292155713,1.55467374454,2.20927486129,0.284468587103,1.97914206324,1.3462768686,0.655878474446,0.886011272497,2.02516862285
C[T>A]G,0.690447960052,2.54898748889,3.01286382568,0.239682465193,2.69902384384,1.83596389377,0.894443948249,1.20828393009,2.76179184021
C[T>A]T,0.412303083596,1.91314344701,1.79914072842,0.510520735697,1.61173023587,1.09635138138,0.534119903749,0.721530396293,1.64921233438
G[T>A]A,0.27157650664,0.799427781166,1.18506111989,0.0789840972673,1.06161725323,0.72214661993,0.351815019966,0.475258886621,1.08630602656
G[T>A]C,0.126967196705,0.596380321429,0.554038676532,0.157400285342,0.496326314393,0.337617318511,0.164480232095,0.222192594234,0.507868786821
G[T>A]G,0.229901567947,0.939348556429,1.00320684195,0.147720638689,0.898706129247,0.611329169313,0.297827031204,0.402327743907,0.919606271788
G[T>A]T,0.150016418916,0.941091933404,0.654617100723,0.179924517687,0.586427819398,0.398907295753,0.194339451777,0.262528733103,0.600065675663
T[T>A]A,0.226517017142,1.52620028123,0.988437892983,0.169346846916,0.885475612464,0.602329341037,0.293442499479,0.396404779998,0.906068068568
T[T>A]C,0.270124666937,1.01467199935,1.17872581936,0.158754655543,1.05594187985,0.718286046174,0.349934227623,0.47271816714,1.08049866775
T[T>A]G,0.24383563014,1.22291585041,1.06401002243,0.101037761356,0.953175645093,0.648381107418,0.315877975409,0.426712352745,0.97534252056
T[T>A]T,0.42381682304,1.74362172254,1.84938250054,0.231473108995,1.65673849007,1.12696746127,0.549035429848,0.74167944032,1.69526729216
A[T>C]A,0.487421084307,3.45769274963,2.12692836789,0.510261519653,1.90537332957,1.29609697418,0.631431859216,0.852986897538,1.94968433723
A[T>C]C,0.323808452889,1.21742408428,1.41298233988,0.426980879457,1.26579667948,0.861036113365,0.419479132152,0.566664792556,1.29523381156
A[T>C]G,0.551158485973,2.12577707257,2.40505521152,0.783634513588,2.15452862699,1.46558051952,0.71400076592,0.964527350453,2.20463394389
A[T>C]T,0.357921214377,2.8607841922,1.56183802637,0.395080166242,1.39914656529,0.951745047321,0.463670664079,0.62636212516,1.43168485751
C[T>C]A,0.582087647467,1.22412044811,2.54001882531,0.383228253516,2.27543353101,1.54782397167,0.754068088765,1.01865338307,2.32835058987
C[T>C]C,0.87768332066,1.65371484415,3.82989085379,0.733009496921,3.43094388985,2.33383973903,1.13699884722,1.53594581115,3.51073328264
C[T>C]G,1.02411841162,1.63113350455,4.4688803416,1.09310555314,4.00337197268,2.72322395816,1.32669885141,1.79220722033,4.09647364646
C[T>C]T,0.297012964143,2.41340729001,1.29605657081,1.49260803718,1.16105067801,0.789784472834,0.384766794458,0.51977268725,1.18805185657
G[T>C]A,0.531433380128,1.44134094177,2.31898202237,0.599196161945,2.07742139504,1.41312966988,0.688447787893,0.930008415223,2.12573352051
G[T>C]C,0.324834866823,1.00263468159,1.41746123705,0.441844506592,1.26980902485,0.863765441325,0.420808804748,0.56846101694,1.29933946729
G[T>C]G,0.445289605485,1.31514590751,1.94308191484,0.670102745025,1.74067754871,1.18406554186,0.576852443469,0.779256809598,1.78115842194
G[T>C]T,0.354851907783,1.6082274345,1.54844468851,0.662274480247,1.38714836679,0.943583482059,0.4596945169,0.62099083862,1.41940763113
T[T>C]A,0.386394073509,1.5614708346,1.68608322986,0.328618428531,1.51044956008,1.0274569682,0.500555958864,0.676189628641,1.54557629404
T[T>C]C,0.692495114727,1.46683056835,3.02179686426,0.481361493673,2.70702635757,1.84140746416,0.897095944078,1.21186645077,2.76998045891
T[T>C]G,0.446024730549,1.07633466229,1.9462897333,0.448238518997,1.74355121942,1.18602030623,0.577804764575,0.780543278461,1.7840989222
T[T>C]T,0.494136681266,1.77699578041,2.15623279098,0.369628937897,1.93162520858,1.313954357,0.640131609821,0.864739192215,1.97654672506
A[T>G]A,0.181908573966,0.931029839387,0.793782868215,0.074143909788,0.711097152776,0.483711435319,0.235654289001,0.31834000444,0.727634295864
A[T>G]C,0.287543701093,0.337307557873,1.25473615023,0.117011389708,1.12403446791,0.764604841544,0.372499794598,0.503201476913,1.15017480437
A[T>G]G,0.15629672513,0.610093082573,0.682022073293,0.135219303579,0.610978107325,0.415607200913,0.202475303009,0.273519268977,0.625186900518
A[T>G]T,1.43153632405,0.987751095802,6.2467039595,0.443215859161,5.59600563038,3.80658522532,1.85449023798,2.50518856709,5.7261452962
C[T>G]A,0.194648416958,0.520712518961,0.849374910364,0.0515537407506,0.760898357201,0.517587836003,0.252158176514,0.340634729677,0.778593667834
C[T>G]C,0.610121691232,0.654115364727,2.66234919811,0.355656998782,2.38502115664,1.6223690426,0.790384918187,1.06771295966,2.44048676493
C[T>G]G,0.430786130086,0.943684606947,1.87979402219,0.382715939851,1.68398214488,1.14549948227,0.558063850339,0.75387572765,1.72314452034
C[T>G]T,2.0871503185,3.11708137227,9.10756502618,3.16967138681,8.15886033595,5.54992243783,2.70380836715,3.65251305737,8.348601274
G[T>G]A,0.0294918903542,0.201149188796,0.128691885182,0.0324164563219,0.115286480476,0.0784216175329,0.0382054034134,0.0516108081199,0.117967561417
G[T>G]C,0.0189033427659,0.150641794713,0.0824873138878,0.137545764781,0.0738948853578,0.0502657069004,0.0244884213104,0.0330808498404,0.0756133710638
G[T>G]G,0.163908791495,0.625510093714,0.715238362886,0.184253972271,0.640734366752,0.435848377384,0.212336388982,0.286840385116,0.655635165979
G[T>G]T,0.608091832083,1.06558411309,2.65349163091,0.841419519799,2.37708625269,1.61697146258,0.787755327925,1.06416070614,2.43236732833
T[T>G]A,0.261728707025,1.21699741021,1.14208890338,0.106800023926,1.02312130928,0.695960425498,0.339057643191,0.458025237294,1.0469148281
T[T>G]C,0.53432410778,0.630687674445,2.33159610668,0.192830110044,2.08872151223,1.42081637751,0.69219259417,0.935067188615,2.13729643112
T[T>G]G,0.266914873102,0.626370188497,1.16471944626,0.150527326217,1.04339450394,0.709750912567,0.345776085609,0.467101027929,1.06765949241
T[T>G]T,3.88380546202,2.50144262441,16.9475147434,0.819347468234,15.1821486243,10.3273917967,5.03129343944,6.79665955854,15.5352218481
