,1,3,2,5,4,7,6,9,8
A[C>A]A,0.56056440188,0.740599684235,0.380529119524,0.290511478346,0.294603189309,0.597389800543,0.130934750804,0.49918873744,0.306878322197
A[C>A]C,0.446189246779,0.589490902679,0.302887590879,0.231236762929,0.234493618745,0.475500949122,0.104219386109,0.39733640954,0.244264186193
A[C>A]G,0.0781777348987,0.10328591253,0.053069557267,0.0405154684512,0.0410861088519,0.0833134985052,0.0182604928231,0.0696181288879,0.0427980300541
A[C>A]T,0.532795342062,0.703912094257,0.361678589867,0.276120213769,0.280009230865,0.56779649592,0.124448547051,0.474460085632,0.291676282151
C[C>A]A,0.783014125939,1.03449311529,0.531535136586,0.40579564191,0.411511073486,0.834453010125,0.182893810438,0.697282652296,0.428657368215
C[C>A]C,0.817104443669,1.07953214821,0.554676739133,0.423462886865,0.429427152877,0.870782837779,0.19085651239,0.727640453487,0.447319950914
C[C>A]G,0.254097682164,0.335705696873,0.172489667454,0.131685660099,0.133540387706,0.270790230627,0.0593512834251,0.226276768058,0.139104570528
C[C>A]T,1.85397490623,2.4494121024,1.25853771007,0.96081911199,0.974351775539,1.97576887818,0.433045233573,1.650984953,1.01494976619
G[C>A]A,0.477494717305,0.630850684906,0.324138749703,0.247460765902,0.250946128802,0.508862983405,0.111531612801,0.425214273804,0.261402217503
G[C>A]C,0.574662467821,0.759225596173,0.39009933947,0.297817775294,0.302012391848,0.612414016802,0.13422772971,0.51174321952,0.314596241508
G[C>A]G,0.160014846491,0.211406476021,0.108623216961,0.082927402196,0.0840953937763,0.170526770713,0.0373757305672,0.142494972788,0.0875993685169
G[C>A]T,0.771740921885,1.01959932015,0.523882523615,0.39995332448,0.405586469896,0.822439230622,0.180260653287,0.687243740657,0.422485906141
T[C>A]A,1.05019162458,1.38747944561,0.712903803546,0.54425989303,0.551925525326,1.11918231524,0.245300233478,0.935207140136,0.574922422215
T[C>A]C,0.807587247238,1.06695833394,0.548216160534,0.418530617182,0.424425414607,0.860640424063,0.188633517603,0.719165285861,0.442109806882
T[C>A]G,0.202799606585,0.267932326948,0.137666886222,0.10510052604,0.106580815139,0.216122208477,0.047369251173,0.180595270097,0.111021682437
T[C>A]T,4.8385548834,6.3925433131,3.28456645369,2.50757223884,2.5428901577,5.15641615311,1.13017340342,4.30878610054,2.64884391427
A[C>G]A,0.210773751574,0.278467511204,0.143079991944,0.10923311213,0.110771606667,0.224620202407,0.0492318251852,0.187696333519,0.115387090278
A[C>G]C,0.128137351855,0.169290953911,0.0869837497995,0.0664069487717,0.0673422579093,0.136555134094,0.0299298924041,0.114107714791,0.0701481853222
A[C>G]G,0.00727619451525,0.00961307450554,0.00493931452495,0.0037708745298,0.00382398543867,0.00775419269508,0.00169954908385,0.00647953088219,0.00398331816528
A[C>G]T,0.277465027223,0.366577882682,0.188352171765,0.143795744035,0.145821036205,0.295692656749,0.0648093494244,0.24708564468,0.151896912713
C[C>G]A,0.172867052959,0.228386398434,0.117347707483,0.089588034745,0.0908498380512,0.184223282715,0.0403777058005,0.153940003365,0.09463524797
C[C>G]C,0.176451112047,0.233121542194,0.119780681901,0.0914454668274,0.092733431149,0.188042790941,0.0412148582884,0.157131647225,0.0965973241135
C[C>G]G,0.107044658224,0.141423964515,0.0726653519331,0.0554756987877,0.0562570466579,0.114076789056,0.025003131848,0.0953244401704,0.0586010902687
C[C>G]T,0.26151743219,0.34550843231,0.177526432071,0.135530932011,0.137439818377,0.278697409487,0.0610843637233,0.232884136695,0.143166477476
G[C>G]A,0.110903923203,0.146522701457,0.0752851449477,0.0574757558203,0.0582852735079,0.118189582391,0.0259045660035,0.0987611578884,0.0607138265708
G[C>G]C,0.161252529321,0.213041662825,0.109463395816,0.0835688290641,0.0847458548256,0.171845761174,0.0376648243669,0.143597142899,0.08827693211
G[C>G]G,0.00629266199431,0.00831366292679,0.00427166106183,0.00326116059559,0.00330709243496,0.00670604854868,0.00146981885998,0.00560368440369,0.00344488795309
G[C>G]T,0.16720708639,0.220908632384,0.113505540396,0.0866547673994,0.0878752570811,0.178191493526,0.0390556698138,0.148899741165,0.0915367261261
T[C>G]A,0.166918042495,0.220526756872,0.113309328117,0.0865049709279,0.0877233508001,0.177883461345,0.0389881559112,0.148642344411,0.0913784904168
T[C>G]C,0.256288954769,0.338600735863,0.173977173675,0.132821283129,0.134692005426,0.273125455447,0.0598631135227,0.228228120305,0.140304172319
T[C>G]G,0.0184221837237,0.0243387974744,0.012505569973,0.0095472630977,0.00968173159203,0.0196324001727,0.00430299181868,0.0164051563087,0.010085137075
T[C>G]T,0.500377133671,0.661082198499,0.339672068842,0.259319536428,0.262971924265,0.533248624204,0.116876410784,0.445591316115,0.273929087776
A[C>T]A,2.07636022782,2.74322044697,1.40950000867,1.07606989909,1.09122581316,2.21276345447,0.484989250294,1.84902151674,1.13669355538
A[C>T]C,5.07110707897,6.69978380507,3.44243035288,2.62809198983,2.66510736997,5.40424550022,1.18449216443,4.5158763769,2.77615351039
A[C>T]G,2.51743190472,3.32595018069,1.70891362875,1.30465449077,1.32302990613,2.68281064299,0.588013291614,2.24180067428,1.37815615222
A[C>T]T,2.91277399701,3.8482634559,1.97728453811,1.50953980867,1.53080093273,3.1041241136,0.680355970104,2.59385713602,1.59458430493
C[C>T]A,3.69402139746,4.88042243022,2.5076203647,1.91441984832,1.94138350815,3.93669433598,0.862837114735,3.28956649993,2.02227448766
C[C>T]C,8.83419350164,11.6714527284,5.99693427483,4.57830466143,4.64278782568,9.41454197985,2.06346125586,7.86694603795,4.83623731841
C[C>T]G,2.72439327363,3.59938089436,1.8494056529,1.41191184254,1.43179792483,2.90336801423,0.636354633256,2.42610203929,1.49145617169
C[C>T]T,6.66018580195,8.79922357775,4.52114802614,3.45162913823,3.50024363314,7.09771625609,1.55566383695,5.93096837837,3.64608711785
G[C>T]A,3.35078785384,4.42695329595,2.27462241173,1.73653969067,1.76099799618,3.57091260336,0.782665776079,2.9839132713,1.83437291268
G[C>T]C,7.83893885191,10.3565542496,5.32132345422,4.06251575537,4.11973428714,8.3539056378,1.8309930165,6.98066087542,4.29138988243
G[C>T]G,3.58784760205,4.74014902168,2.43554618241,1.85939547259,1.88558414122,3.8235456197,0.838037396099,3.19501757263,1.96415014711
G[C>T]T,5.14482131402,6.79717268495,3.4924699431,2.66629425763,2.70384769788,5.48280227626,1.20171008795,4.5815197103,2.81650801863
T[C>T]A,3.04154870584,4.01839646537,2.0647009463,1.57627706653,1.59847815197,3.24135847483,0.71043473421,2.70853242417,1.6650814083
T[C>T]C,8.3471530091,11.0279904719,5.66631554632,4.32589681494,4.38682493909,8.89550612649,1.94969997293,7.43323114679,4.56960931155
T[C>T]G,4.89854017587,6.47179395498,3.32528639676,2.5386595072,2.57441527491,5.22034208524,1.14418456663,4.36220366027,2.68168257803
T[C>T]T,4.87665578407,6.44288099939,3.31043056875,2.52731796109,2.56291398871,5.19702003266,1.13907288387,4.34271536976,2.66970207157
A[T>A]A,1.97530549865,2.60971018434,1.34090081295,1.0236984701,1.03811675841,2.10507009345,0.461385225961,1.75903117398,1.08137162335
A[T>A]C,0.443221500437,0.585570011526,0.300872989348,0.229698733803,0.232933927237,0.472338241342,0.103526189883,0.394693598929,0.242639507539
A[T>A]G,1.13317904041,1.49711975412,0.769238326702,0.587267969848,0.595539349705,1.20762145912,0.264684155424,1.00910834256,0.620353489276
A[T>A]T,0.610696772276,0.806832961912,0.41456058264,0.316492487822,0.320950128495,0.650815538338,0.142644501554,0.543832162173,0.334323050516
C[T>A]A,3.79824101131,5.01811403684,2.57836798578,1.96843147302,1.99615585996,4.04776049381,0.887180382204,3.38237520715,2.07932902079
C[T>A]C,1.17245469863,1.54900949236,0.795899904912,0.607622508051,0.616180571545,1.24947727008,0.273858031798,1.04408374623,0.641854762026
C[T>A]G,3.15300792313,4.16565280355,2.14036304271,1.6340406025,1.65705525887,3.36013983049,0.736469003943,2.80778807753,1.72609922799
C[T>A]T,1.28642029731,1.69957718112,0.873263413503,0.666684971599,0.676074900776,1.37092965991,0.300477733678,1.14557135965,0.704244688309
G[T>A]A,1.61740354055,2.13686161197,1.09794546913,0.838216433424,0.850022298683,1.72365632789,0.377787688304,1.44031556166,0.885439894461
G[T>A]C,0.306232692563,0.404584798204,0.207880586923,0.158704534102,0.16093980923,0.326350168717,0.0715288041024,0.27270356564,0.167645634615
G[T>A]G,0.83652723341,1.10519291421,0.567861552607,0.433528712205,0.439634750405,0.891481577211,0.195393222402,0.744936660409,0.457952865006
G[T>A]T,0.303993126935,0.401625956024,0.206360297846,0.157543883302,0.159762811236,0.32396347834,0.0710056938826,0.270709207928,0.166419595037
T[T>A]A,1.1829706858,1.56290287686,0.803038494741,0.613072399211,0.621707221735,1.26068408852,0.276314320771,1.05344834794,0.647611689308
T[T>A]C,0.609019761412,0.804617349018,0.413422173805,0.315623380002,0.32006877972,0.649028358877,0.142252790987,0.542338765637,0.333404978875
T[T>A]G,1.07418498982,1.41917870918,0.729191270463,0.556694410784,0.564535177133,1.14475188696,0.25090452317,0.956573494586,0.58805747618
T[T>A]T,0.671899017929,0.887691403249,0.456106632608,0.348210439948,0.353114812342,0.716038369471,0.156939916596,0.598333432024,0.367827929523
A[T>C]A,2.32879792184,3.07673302083,1.58086282286,1.20689527336,1.22389379834,2.48178464664,0.543952799263,2.07382004719,1.27488937327
A[T>C]C,0.751944806812,0.993445328707,0.510444284916,0.389694023968,0.395182672193,0.801342640836,0.175636743197,0.669615083438,0.411648616868
A[T>C]G,1.50192069556,1.9842893861,1.01955200501,0.778367659743,0.789330584528,1.60058701863,0.350813593123,1.33747682378,0.822219358883
A[T>C]T,1.47688767404,1.95121656205,1.00255878603,0.76539434202,0.77617454402,1.57390949204,0.344966464009,1.31518464403,0.808515150021
C[T>C]A,0.639512207571,0.844902989565,0.434121425578,0.331426034581,0.336094006899,0.681523958434,0.149375114177,0.569492622801,0.350097923853
C[T>C]C,0.875420792592,1.15657783547,0.594263749715,0.453685228277,0.46007516107,0.932930187725,0.204477849364,0.779571800702,0.479244959448
C[T>C]G,1.24061282922,1.63905782547,0.842167832974,0.642945334851,0.652000902948,1.32211294209,0.289778179088,1.10477930777,0.679167607237
C[T>C]T,1.33384830393,1.76223754022,0.905459067629,0.69126444948,0.701000568487,1.42147337499,0.311555808216,1.18780651883,0.730208925507
G[T>C]A,0.870518722742,1.15010137822,0.590936067263,0.451144739523,0.457498890784,0.92770608409,0.203332840349,0.775206453829,0.476561344567
G[T>C]C,0.722705999146,0.954815955076,0.490596043216,0.374541065251,0.379816291522,0.770183035586,0.168807240676,0.643577605079,0.395641970335
G[T>C]G,0.805348466976,1.06400052936,0.546696404589,0.417370373396,0.42324882936,0.858254570646,0.188110590826,0.717171627526,0.44088419725
G[T>C]T,0.886558291169,1.17129234089,0.60182424145,0.459457216591,0.465928444994,0.944799346793,0.207079308886,0.789489865128,0.485342130202
T[T>C]A,0.896004116653,1.18377186215,0.608236371159,0.464352498412,0.470892674446,0.954865700959,0.209285633087,0.797901476144,0.490513202547
T[T>C]C,0.830220430604,1.0968605689,0.563580292308,0.43026022316,0.436320226303,0.884760458892,0.193920100579,0.739320383457,0.454500235732
T[T>C]G,0.810442227648,1.07073024237,0.550154212929,0.42001020557,0.425925842268,0.863682957932,0.189300374341,0.721707677176,0.443672752362
T[T>C]T,0.73428234225,0.97011024779,0.49845443671,0.38054048394,0.385900209066,0.782519868383,0.171511204029,0.653886465361,0.401979384443
A[T>G]A,0.165744208187,0.218975924685,0.112512491689,0.0858966334401,0.0871064451787,0.176632513835,0.038713975635,0.147597032108,0.0907358803945
A[T>G]C,0.224265315244,0.296292131819,0.152238498669,0.116225090382,0.117862063486,0.23899807318,0.0523831393271,0.199710718684,0.122772982798
A[T>G]G,0.234823693319,0.31024152183,0.159405864808,0.121696950552,0.123410992109,0.250250067333,0.0548493298264,0.209113069963,0.128553116781
A[T>G]T,0.563179095564,0.744054133556,0.382304057573,0.291866538577,0.295977334895,0.600176262426,0.131545482176,0.501517150794,0.308309723849
C[T>G]A,0.05394725838,0.0712733851589,0.036621131601,0.0279580682115,0.0283518438201,0.0574912388575,0.0126008194756,0.0480406242508,0.029533170646
C[T>G]C,0.418848505887,0.553369193909,0.284327817865,0.217067473854,0.220124762218,0.446364101164,0.0978332276524,0.372989180425,0.22929662731
C[T>G]G,0.465278140309,0.614710535736,0.315845744881,0.241129547167,0.244525737972,0.495843857555,0.108678105766,0.414335278231,0.254714310388
C[T>G]T,2.00820181975,2.65317174726,1.36323189224,1.04074692848,1.05540533593,2.14012748674,0.469069038189,1.7883257081,1.09938055826
G[T>G]A,0.00372651995473,0.00492335848034,0.00252968142912,0.00193126216632,0.0019584630419,0.00397132783497,0.000870428018623,0.003318506821,0.00204006566865
G[T>G]C,0.176796613626,0.233578007783,0.120015219469,0.0916245223901,0.092915008621,0.188410989704,0.0412955593871,0.157439320163,0.0967864673135
G[T>G]G,0.196737054382,0.259922677688,0.133551431077,0.101958619424,0.103394656318,0.209661386422,0.0459531805857,0.175196500983,0.107702766998
G[T>G]T,0.543495377429,0.718048637333,0.368942117525,0.281665487573,0.285632607116,0.579199453319,0.126947825385,0.48398858428,0.297533965746
T[T>G]A,0.284488966518,0.375857685692,0.193120247344,0.147435887757,0.149512449557,0.303178022713,0.0664499775808,0.253340539527,0.155742134955
T[T>G]C,0.379773230068,0.501744194469,0.257802265667,0.196816783466,0.199588850839,0.404721836423,0.0887061559283,0.338192219477,0.207905052957
T[T>G]G,0.271434484489,0.358610523302,0.184258445675,0.140670426268,0.142651699877,0.289265946973,0.063400755501,0.241715380347,0.148595520705
T[T>G]T,1.61455632259,2.13309995904,1.09601268614,0.83674086791,0.848525950557,1.72062206641,0.377122644692,1.43778008289,0.883881198497
