,1,3,2,5,4,7,6,9,8
A[C>A]A,0.83327062003,0.839352887329,0.389265107167,1.07656131201,0.377100572568,0.607824852274,1.07656131201,0.340606968771,1.66915340883
A[C>A]C,0.72283053904,0.728106674361,0.337672660573,0.933875951898,0.32712038993,0.480708515802,0.933875951898,0.295463578002,1.34852289507
A[C>A]G,0.236718071321,0.238445940455,0.110583624559,0.30583283667,0.107127886291,0.0790697658837,0.30583283667,0.0967606714888,0.395141888429
A[C>A]T,0.846169680636,0.852346101662,0.395290945699,1.0932265217,0.382938103645,0.539068803048,1.0932265217,0.345879577486,1.68569573856
C[C>A]A,1.23464846978,1.2436605024,0.576770088071,1.59512977482,0.558746022819,1.34124504197,1.59512977482,0.504673827062,2.16997118108
C[C>A]C,1.56058863255,1.57197979045,0.729034105718,2.01623494863,0.706251789914,2.11385034797,2.01623494863,0.637904842503,1.84139362251
C[C>A]G,0.360328654136,0.362958790298,0.168328714341,0.4655341006,0.163068442018,0.730328458554,0.4655341006,0.147287625048,0.610747509705
C[C>A]T,3.47786028587,3.50324612738,1.62469385617,4.49329394598,1.57392217317,5.89273357474,4.49329394598,1.42160712415,4.42976025397
G[C>A]A,0.907796430272,0.914422681588,0.424080084215,1.17284648291,0.410827581583,0.603847188344,1.17284648291,0.371070073688,1.71393935519
G[C>A]C,0.884051886547,0.890504820026,0.412987742621,1.14216922569,0.400081875664,0.66314929234,1.14216922569,0.361364274793,2.30201069391
G[C>A]G,0.330490451401,0.332902790462,0.154389699924,0.426984013853,0.149565021802,0.275971542418,0.426984013853,0.135090987434,0.670058022034
G[C>A]T,1.64561591253,1.65762770751,0.768754878845,2.12608771181,0.744731288881,1.17462280678,2.12608771181,0.67266051899,3.0797835447
T[C>A]A,0.948932302983,0.955858816143,0.443296842269,1.2259928294,0.429443815948,1.05355599834,1.2259928294,0.387884736986,1.30363539554
T[C>A]C,1.26559493404,1.27483285326,0.591226830499,1.6351117031,0.572750992046,0.644455208172,1.6351117031,0.517323476687,1.83127724941
T[C>A]G,0.230311892837,0.231993001544,0.107590957238,0.297556241111,0.104228739824,0.168983448702,0.297556241111,0.0941420875832,0.360242520003
T[C>A]T,1.7912077534,1.80428226255,0.836768585531,2.31418811936,0.810619567233,4.6504557456,2.31418811936,0.73217251234,2.8324095815
A[C>G]A,0.243004387921,0.244778142577,0.113520298007,0.313954574175,0.109972788694,0.289915787863,0.313954574175,0.099330260756,0.780959905075
A[C>G]C,0.186425497393,0.187786267447,0.0870892834539,0.240856299552,0.0843677433459,0.254192597223,0.240856299552,0.0762031230221,0.410372290867
A[C>G]G,0.0653175518761,0.0657943223278,0.0305133089056,0.0843883699421,0.0295597680023,0.0311163736643,0.0843883699421,0.0266991452924,0.0954684022215
A[C>G]T,0.242147454389,0.243914954056,0.113119978693,0.312847441072,0.109584979359,0.274827320139,0.312847441072,0.0989799813561,0.682928250466
C[C>G]A,0.196326323555,0.197759362413,0.0917144869161,0.253647877877,0.0888484091999,0.149018780505,0.253647877877,0.0802501760516,0.496907493623
C[C>G]C,0.181159022299,0.182481350928,0.0846290323146,0.234052167495,0.0819843750548,0.167006346464,0.234052167495,0.0740504032753,0.535255756131
C[C>G]G,0.104245897649,0.10500681661,0.0486988135005,0.134682656087,0.0471769755786,0.0406009205209,0.134682656087,0.0426114618129,0.120588249423
C[C>G]T,0.231228856622,0.232916658495,0.108019319882,0.298740931548,0.104643716135,0.193141097659,0.298740931548,0.0945169048965,0.445393799834
G[C>G]A,0.15021322672,0.151309673631,0.0701726022634,0.194071103135,0.0679797084427,0.164221955006,0.194071103135,0.0614010269805,0.402267499242
G[C>G]C,0.244112133252,0.245893973641,0.114037784877,0.3153857488,0.110474104099,0.232926516041,0.3153857488,0.0997830617673,0.433339883917
G[C>G]G,0.0705102935107,0.071024967186,0.0329391152167,0.0910972405211,0.0319097678662,0.014787678171,0.0910972405211,0.0288217258146,0.103866961427
G[C>G]T,0.172816454097,0.174077888069,0.0807317741769,0.223273812958,0.0782089062338,0.239324332008,0.223273812958,0.0706403024047,0.315871216847
T[C>G]A,0.313406728624,0.315694368979,0.146408982715,0.404912342821,0.141833702005,0.146786708057,0.404912342821,0.128107859876,0.361676050749
T[C>G]C,0.276983589443,0.279005367468,0.129393793608,0.357854710448,0.125350237558,0.164325901776,0.357854710448,0.113219569407,0.397595956035
T[C>G]G,0.0566940361993,0.057107861281,0.0264848052318,0.0732470394691,0.0256571550683,0.0211116202278,0.0732470394691,0.0231742045778,0.0872453826436
T[C>G]T,0.56784189632,0.57198672768,0.26526920704,0.73363515072,0.25697954432,0.295950099592,0.73363515072,0.23211055616,0.768714885827
A[C>T]A,2.41339906809,2.43101511968,1.12742730188,3.11804113176,1.0921951987,2.26745972356,3.11804113176,0.986498889144,2.93928002002
A[C>T]C,3.85018594183,3.87828948886,1.79862700932,4.97432782266,1.74241991528,1.80073382327,4.97432782266,1.57379863316,2.35951187581
A[C>T]G,5.79722129284,5.83953677673,2.70819096892,7.48984064841,2.62356000114,2.54424840548,7.48984064841,2.3696670978,3.99546900279
A[C>T]T,2.15063708753,2.16633516846,1.00467717957,2.77856032476,0.973281017713,1.49933474895,2.77856032476,0.879092532128,2.19284563235
C[C>T]A,3.58696890076,3.61315115551,1.675664304,4.63425909076,1.6232997945,1.53401786044,4.63425909076,1.466206266,2.60148082818
C[C>T]C,7.31036984866,7.36373021251,3.41506328696,9.44478440301,3.30834255925,2.22611307471,9.44478440301,2.98818037609,3.33041238156
C[C>T]G,4.42635066242,4.45865979135,2.06778425106,5.71871581933,2.00316599321,2.98991860312,5.71871581933,1.80931121968,3.06603270251
C[C>T]T,6.13033924077,6.17508624253,2.86380811248,7.92021931107,2.77431410896,1.92033814708,7.92021931107,2.50583209842,4.32374977714
G[C>T]A,4.06624325481,4.09592386251,1.89955889276,5.25346756278,1.84019767736,3.59402133923,5.25346756278,1.66211403116,4.19501263168
G[C>T]C,7.98601602278,8.04430811054,3.73069361648,10.3176995331,3.61410944097,4.09013671596,10.3176995331,3.26435691442,5.7527662639
G[C>T]G,5.89526048716,5.9382915856,2.75399030057,7.61650442501,2.66792810368,0.943452107601,7.61650442501,2.409741513,4.90675071922
G[C>T]T,5.49111039397,5.53119149174,2.56519025704,7.09435430462,2.48502806151,3.60208969426,7.09435430462,2.24454147491,5.35581757562
T[C>T]A,4.51336461044,4.54630887767,2.10843310269,5.83113529961,2.04254456823,1.81839599064,5.83113529961,1.84487896485,2.25477547639
T[C>T]C,6.42942879695,6.47635893415,3.00352878106,8.30663428511,2.90966850665,2.06366107625,8.30663428511,2.62808768342,2.85057482597
T[C>T]G,3.78466420604,3.81228949221,1.76801831523,4.88967565306,1.71276774288,3.97970844955,4.88967565306,1.54701602583,1.57915336915
T[C>T]T,3.84061670715,3.86865040574,1.79415670991,4.96196465085,1.73808931273,1.87031638393,4.96196465085,1.56988712117,2.18558729614
A[T>A]A,0.279150045453,0.281187637026,0.13040586065,0.360653708359,0.126330677504,0.954640901562,0.360653708359,0.114105128068,0.885194560107
A[T>A]C,0.470124803959,0.473556371871,0.219620346375,0.607387520444,0.212757210551,0.419002483843,0.607387520444,0.192167803078,1.23822326514
A[T>A]G,0.272269595799,0.274256965111,0.127191635994,0.351764368295,0.123216897369,0.424863095012,0.351764368295,0.111292681494,0.779230042942
A[T>A]T,0.574088208997,0.57827863388,0.268187192524,0.741705204325,0.259806342758,0.885862484034,0.741705204325,0.234663793459,1.0855246399
C[T>A]A,0.202110851946,0.203586113639,0.0944167483542,0.261121319667,0.0914662249681,1.47390924246,0.261121319667,0.0826146548099,0.772524417611
C[T>A]C,0.694831670845,0.699903434866,0.324592897329,0.897702231676,0.314449369288,0.518964415926,0.897702231676,0.284018785163,0.927402995205
C[T>A]G,0.623756551964,0.628309519497,0.291389922085,0.805875253267,0.28228398702,0.744429504274,0.805875253267,0.254966181825,1.52017102766
C[T>A]T,0.494168469168,0.497775538286,0.230852423553,0.638451233888,0.223638285317,0.520680687702,0.638451233888,0.201995870609,1.15478693712
G[T>A]A,0.119668182838,0.120541673223,0.0559033846833,0.154607798265,0.054156403912,0.635398513447,0.154607798265,0.0489154615979,0.844786933766
G[T>A]C,0.330805539347,0.33322017832,0.154536894294,0.427391098281,0.149707616347,0.370210220189,0.427391098281,0.135219782507,0.696029790481
G[T>A]G,0.273884095522,0.275883249504,0.127945854843,0.353850254799,0.123947546879,0.295918111249,0.353850254799,0.111952622987,0.924610968727
G[T>A]T,0.265287761016,0.267224168031,0.123930048942,0.342744041605,0.120057234912,0.262123379056,0.342744041605,0.108438792824,0.87651406964
T[T>A]A,0.252470702442,0.254313554284,0.117942517929,0.326184776147,0.114256814244,0.763701517895,0.326184776147,0.103199703188,0.871406462718
T[T>A]C,0.419498690785,0.422560725024,0.195970191316,0.541980060357,0.189846122837,0.251175077582,0.541980060357,0.171473917401,0.698047039222
T[T>A]G,0.210772701747,0.212311188621,0.0984631599401,0.272312176709,0.0953861861919,0.45394256965,0.272312176709,0.0861552649476,0.655857422472
T[T>A]T,0.571296358393,0.575466404805,0.266882970344,0.738098214859,0.258542877521,0.555013193834,0.738098214859,0.233522599051,0.972366685394
A[T>C]A,1.26043653932,1.26963680603,0.588817069463,1.62844720773,0.570416536042,1.89115451291,1.62844720773,0.51521493578,2.46061250914
A[T>C]C,0.883050740384,0.889496366226,0.412520053902,1.14087577407,0.399628802218,1.46744792573,1.14087577407,0.360955047164,1.31507978092
A[T>C]G,1.56389074498,1.5753060059,0.730576698386,2.02050118147,0.707746176562,3.62818271787,2.02050118147,0.639254611088,2.45797903363
A[T>C]T,0.790498538405,0.796268600729,0.369283988744,1.02130103137,0.357743864096,1.24850277721,1.02130103137,0.323123490151,2.03177477249
C[T>C]A,1.02122048519,1.02867464931,0.477066504028,1.3193870502,0.462158175778,1.29872424072,1.3193870502,0.417433191025,1.25007677614
C[T>C]C,1.3959779168,1.40616753664,0.652135669164,1.80356271003,0.631756429503,1.37048459664,1.80356271003,0.570618710519,1.21317514595
C[T>C]G,2.16654099881,2.18235516668,1.01210674397,2.79910771379,0.980478408219,4.42899322334,2.79910771379,0.885593400972,1.90184722171
C[T>C]T,0.804611273497,0.810484348486,0.375876799298,1.03953427306,0.36413064932,1.35670360014,1.03953427306,0.328892199386,1.37521630506
G[T>C]A,1.84098421256,1.85442205353,0.860021821926,2.37849785126,0.833146139991,1.1678030989,2.37849785126,0.752519094185,3.85166515917
G[T>C]C,1.34471018438,1.35452558719,0.628185779565,1.73732629661,0.608554973954,0.74894933967,1.73732629661,0.549662557119,2.40650976062
G[T>C]G,1.48584505657,1.49669064093,0.694117398691,1.91966843076,0.672426229982,2.16755492182,1.91966843076,0.607352723855,2.92513367617
G[T>C]T,1.36212557944,1.37206810191,0.636321438569,1.75982647854,0.616436393614,1.07020104326,1.75982647854,0.556781258748,3.15215504036
T[T>C]A,1.01596508994,1.02338089352,0.474611428877,1.31259723299,0.459779821725,0.981570024351,1.31259723299,0.415285000268,1.70443732553
T[T>C]C,1.26025464555,1.26945358456,0.588732097189,1.62821220629,0.570334219152,1.2185486416,1.62821220629,0.515140585041,1.4820155459
T[T>C]G,1.13039772319,1.13864880146,0.528069009372,1.46044085405,0.51156685283,1.71592143398,1.46044085405,0.462060383201,1.30992476369
T[T>C]T,0.94580773651,0.952711442616,0.441837190779,1.22195598075,0.428029778567,1.18963754413,1.22195598075,0.386607541931,1.49071439739
A[T>G]A,0.144963201843,0.146021327404,0.0677200358973,0.187288224279,0.0656037847755,0.542376821473,0.187288224279,0.0592550314102,0.260963492974
A[T>G]C,0.365247021531,0.367913058185,0.170626345825,0.471888487672,0.165294272518,0.180564756118,0.471888487672,0.149298052597,0.194062342551
A[T>G]G,0.228177708943,0.229843239665,0.106593966222,0.294798937831,0.103262904777,0.214294385924,0.294798937831,0.0932697204438,0.434146957321
A[T>G]T,1.5763116943,1.58781761907,0.736379185657,2.03654868533,0.713367336105,0.508481997677,2.03654868533,0.64433178745,0.386479241896
C[T>G]A,0.169631457694,0.170869643517,0.0792438926455,0.219158890598,0.0767675210003,0.370995713161,0.219158890598,0.0693384060648,0.106399117208
C[T>G]C,0.786562278521,0.792303609021,0.36744515201,1.01621549853,0.355962491009,0.601452518964,1.01621549853,0.321514508009,0.3508008521
C[T>G]G,0.62537392973,0.62993870294,0.292145485421,0.807964858119,0.283015939002,1.12504853452,0.807964858119,0.255627299744,0.618656867333
C[T>G]T,2.22994830858,2.24622530353,1.041727677,2.88102810671,1.0091736871,1.22067128491,2.88102810671,0.911511717376,0.801764120282
G[T>G]A,0.0146390731435,0.014745927692,0.00683869110352,0.0189132550832,0.00662498200654,0.126728199556,0.0189132550832,0.00598385471558,0.143015515308
G[T>G]C,0.0942694533585,0.0949575515582,0.0440382847806,0.121793381346,0.0426620883812,0.181890422456,0.121793381346,0.038533499183,0.117138780323
G[T>G]G,0.265827505909,0.267767852667,0.124182192541,0.343441376247,0.120301499024,0.334560465177,0.343441376247,0.108659418474,0.556125178274
G[T>G]T,0.805957447603,0.81184034868,0.376505668953,1.0412734907,0.364739866798,0.553868718201,1.0412734907,0.329442460334,0.545799496283
T[T>G]A,0.205478193899,0.20697803473,0.0959898132083,0.265471827154,0.0929901315455,0.860719692659,0.265471827154,0.0839910865573,0.298370491803
T[T>G]C,0.598159579787,0.602525708107,0.279432212455,0.772804712572,0.270699955816,0.309783007317,0.772804712572,0.244503185899,0.292938810234
T[T>G]G,0.348982296679,0.351529612713,0.163028226186,0.450874938045,0.157933594118,0.275242760386,0.450874938045,0.142649697913,0.445034690721
T[T>G]T,3.9629427634,3.99186935291,1.85130172889,5.12000634395,1.79344854986,1.67003491162,5.12000634395,1.61988901278,0.645894350249
