,1,3,2,5,4,7,6,9,8
A[C>A]A,1.03197147585,0.644982172407,1.20787570469,0.469077943569,0.445624046391,0.894892655144,1.37429943469,1.04369842444,1.40723383071
A[C>A]C,0.849880551761,0.531175344851,0.994746554902,0.386309341709,0.366993874624,0.75238354326,1.15544615572,0.859538285304,1.15892802513
A[C>A]G,0.153587897035,0.0959924356471,0.179767652212,0.0698126804706,0.0663220464471,0.234166922656,0.359613488365,0.155333214047,0.209438041412
A[C>A]T,0.914776925875,0.571735578672,1.07070481097,0.415807693579,0.3950173089,0.621802508866,0.954910995758,0.925172118214,1.24742308074
C[C>A]A,1.16445535241,0.727784595256,1.36294206021,0.529297887459,0.502832993086,1.06597177016,1.63702807561,1.1776877996,1.58789366238
C[C>A]C,1.1210498164,0.700656135251,1.31213785329,0.509568098364,0.484089693446,1.32171458737,2.02977597346,1.13378901886,1.52870429509
C[C>A]G,0.2154146368,0.134634148,0.2521330408,0.0979157440001,0.0930199568001,0.246382733617,0.378373483768,0.2178625304,0.293747232
C[C>A]T,1.77594255672,1.10996409795,2.07866003798,0.807246616692,0.766884285858,1.92408320587,2.95484206616,1.79612372214,2.42173985008
G[C>A]A,0.950651590858,0.594157244286,1.11269447566,0.432114359481,0.410508641507,0.819322350578,1.25824503839,0.961454449845,1.29634307844
G[C>A]C,0.732905382444,0.458065864027,0.85783243627,0.333138810202,0.316481869692,0.775024312386,1.19021590831,0.741233852699,0.999416430605
G[C>A]G,0.198715714934,0.124197321834,0.232587711798,0.09032532497,0.0858090587215,0.283444783885,0.435290203824,0.200973848058,0.27097597491
G[C>A]T,1.02894468724,0.643090429527,1.20433298621,0.467702130565,0.444317024037,0.728986896086,1.11951559042,1.04063724051,1.4031063917
T[C>A]A,1.16470419097,0.727940119354,1.36323331443,0.529410995894,0.502940446099,1.03771447018,1.59363293635,1.17793946586,1.58823298768
T[C>A]C,0.869923799197,0.543702374498,1.01820626497,0.395419908726,0.37564891329,0.986234582532,1.51457453746,0.879809296915,1.18625972618
T[C>A]G,0.203465462505,0.127165914066,0.238147075432,0.0924843011386,0.0878600860817,0.184030318813,0.282617989606,0.205777570033,0.277452903416
T[C>A]T,3.40542305292,2.12838940808,3.98589289149,1.54791956951,1.47052359104,1.73449476527,2.66368838951,3.44412104216,4.64375870853
A[C>G]A,0.371958335694,0.232473959808,0.435360324732,0.16907197077,0.160618372231,0.240101913044,0.368727937889,0.376185134963,0.507215912309
A[C>G]C,0.2028875105,0.126804694062,0.23747060888,0.0922215956816,0.0876105158975,0.176920708136,0.271699658923,0.205193050392,0.276664787045
A[C>G]G,0.0340895171079,0.0213059481924,0.0399002302513,0.015495235049,0.0147204732966,0.0591914471496,0.0909011509797,0.0344768979841,0.0464857051471
A[C>G]T,0.319861529001,0.199913455626,0.374383380536,0.145391604091,0.138122023887,0.218907616975,0.336179554641,0.323496319104,0.436174812274
C[C>G]A,0.279933604095,0.174958502559,0.327649559338,0.127242547316,0.12088041995,0.191122970871,0.293510276695,0.283114667778,0.381727641947
C[C>G]C,0.230313536548,0.143945960342,0.269571525732,0.104687971158,0.0994535726001,0.17842279431,0.274006434118,0.232930735827,0.314063913474
C[C>G]G,0.0551202133206,0.0344501333254,0.0645157042275,0.0250546424185,0.0238019102975,0.0918105757091,0.140994812696,0.0557465793811,0.0751639272554
C[C>G]T,0.256814579654,0.160509112283,0.300589792094,0.116733899843,0.11089720485,0.232856949823,0.357601744371,0.25973292715,0.350201699528
G[C>G]A,0.193220902884,0.120763064303,0.226156284057,0.0878276831291,0.0834362989726,0.148717872064,0.228388160669,0.195416594962,0.263483049387
G[C>G]C,0.15905087268,0.099406795425,0.186161816887,0.0722958512181,0.0686810586572,0.226705313219,0.348154588158,0.16085826896,0.216887553654
G[C>G]G,0.0369042321657,0.0230651451035,0.0431947262848,0.0167746509844,0.0159359184352,0.0716906489835,0.110096353796,0.0373235984403,0.0503239529532
G[C>G]T,0.235382695951,0.147114184969,0.275504746397,0.106992134523,0.101642527797,0.174452019894,0.267908459123,0.238057499314,0.320976403569
T[C>G]A,0.612457843519,0.382786152199,0.716854066846,0.278389928872,0.264470432429,0.156714823072,0.240669192575,0.61941759174,0.835169786616
T[C>G]C,0.305434645232,0.19089665327,0.357497368851,0.138833929651,0.131892233168,0.225817223251,0.346790735707,0.308905493473,0.416501788953
T[C>G]G,0.0448210771583,0.0280131732239,0.0524610334921,0.0203732168901,0.0193545560456,0.0470987108464,0.0723301630855,0.0453304075805,0.0611196506704
T[C>G]T,0.879356998682,0.549598124176,1.02924739618,0.399707726674,0.37972234034,0.26538281277,0.407552176754,0.889349691849,1.19912318002
A[C>T]A,1.21524601251,0.759528757821,1.42239021919,0.552384551143,0.524765323586,1.49460385491,2.29528449148,1.22905562629,1.65715365343
A[C>T]C,0.804328706714,0.502705441696,0.941430190813,0.365603957597,0.347323759717,1.2241875788,1.88000235315,0.813468805654,1.09681187279
A[C>T]G,1.53165005737,0.957281285856,1.79272677169,0.696204571531,0.661394342955,4.31062784392,6.61989276031,1.54905517166,2.08861371459
A[C>T]T,0.923573723936,0.57723357746,1.08100106324,0.419806238153,0.398815926245,0.979015652335,1.50348832323,0.93406887989,1.25941871446
C[C>T]A,1.46737743727,0.917110898294,1.71749859135,0.666989744214,0.633640257003,1.2622328417,1.9384290069,1.48405218088,2.00096923264
C[C>T]C,1.17741788053,0.735886175334,1.37811411017,0.535189945698,0.508430448413,1.52088826484,2.33564983529,1.19079762918,1.60556983709
C[C>T]G,1.38461546049,0.865384662805,1.62062945943,0.629370663858,0.597902130665,2.76415166493,4.24494719971,1.40034972708,1.88811199157
C[C>T]T,1.69263376885,1.05789610553,1.98115088854,0.769378985842,0.73091003655,1.28182784381,1.96852133157,1.7118682435,2.30813695753
G[C>T]A,1.22257074307,0.764106714416,1.43096348336,0.555713974121,0.527928275415,1.52467758283,2.34146914506,1.23646359242,1.66714192236
G[C>T]C,1.8772338823,1.17327117643,2.19721693041,0.853288128316,0.8106237219,1.99892324608,3.06977498506,1.8985660855,2.55986438495
G[C>T]G,2.16250158428,1.35156349017,2.53110980887,0.982955265581,0.933807502302,2.86789623257,4.4042692143,2.18707546592,2.94886579674
G[C>T]T,1.70019824659,1.06262390412,1.9900047659,0.772817384815,0.734176515574,1.4863621155,2.28262753452,1.71951868121,2.31845215445
T[C>T]A,1.51656217855,0.947851361593,1.77506709535,0.689346444795,0.654879122555,0.941939648692,1.44655017478,1.53379583967,2.06803933438
T[C>T]C,2.08974582179,1.30609113862,2.44595249596,0.949884464449,0.902390241227,1.45941944848,2.24125129588,2.1134929334,2.84965339335
T[C>T]G,2.63624756527,1.6476547283,3.08560794572,1.19829434785,1.13837963046,2.24694444045,3.4506646764,2.66620492397,3.59488304355
T[C>T]T,1.64154363111,1.02596476945,1.9213522046,0.746156195961,0.708848386163,1.12639807758,1.72982561914,1.66019753601,2.23846858788
A[T>A]A,0.470486185145,0.294053865716,0.550682693976,0.213857356884,0.20316448904,0.929996748433,1.42820929224,0.475832619067,0.641572070652
A[T>A]C,0.457908775165,0.286192984478,0.535961407296,0.208140352348,0.197733334731,0.456967014672,0.701770772532,0.463112283974,0.624421057044
A[T>A]G,0.42061295321,0.262883095756,0.492308342962,0.191187706005,0.181628320704,1.08557036818,1.66712592257,0.42539264586,0.573563118014
A[T>A]T,0.763035152239,0.47689697015,0.89309796228,0.346834160109,0.329492452103,0.797212095044,1.2242900031,0.771706006242,1.04050248033
C[T>A]A,0.416933800482,0.260583625301,0.488002061928,0.189515363855,0.180039595663,1.24007877389,1.90440668847,0.421671684578,0.568546091566
C[T>A]C,0.768819677032,0.480512298145,0.899868485617,0.34946348956,0.331990315082,1.0517451734,1.61518008773,0.777556264271,1.04839046868
C[T>A]G,0.910697760117,0.569186100073,1.06593033286,0.413953527326,0.39325585096,2.997469005,4.60325597197,0.9210465983,1.24186058198
C[T>A]T,1.43252330271,0.895327064196,1.67670341113,0.651146955779,0.61858960799,1.10991553469,1.70451314255,1.44880197661,1.95344086734
G[T>A]A,0.399087067277,0.249429417048,0.467113271927,0.181403212399,0.172333051779,0.7831990171,1.20276991912,0.403622147587,0.544209637197
G[T>A]C,0.317102076774,0.198188797984,0.371153567133,0.144137307625,0.136930442243,0.329194039542,0.505547989297,0.320705509465,0.432411922874
G[T>A]G,0.539974790723,0.337484244202,0.632015948233,0.245443086692,0.233170932358,0.833268887894,1.27966293498,0.546110867891,0.736329260077
G[T>A]T,0.575864660429,0.359915412768,0.674023409366,0.261756663831,0.24866883064,0.373947614907,0.574276694322,0.582408577025,0.785269991494
T[T>A]A,0.542320463967,0.338950289979,0.634761452143,0.246509301803,0.234183836713,0.933427964708,1.43347866009,0.548483196512,0.73952790541
T[T>A]C,0.416042781061,0.260026738163,0.486959164196,0.189110355028,0.179654837276,0.554225758606,0.851132415002,0.420770539936,0.567331065083
T[T>A]G,0.333445378204,0.208403361377,0.39028265858,0.151566081002,0.143987776952,1.09862915862,1.6871804936,0.337234530229,0.454698243005
T[T>A]T,0.793851504626,0.496157190391,0.929167102005,0.360841593012,0.342799513361,0.743300081873,1.14149655431,0.802872544451,1.08252477904
A[T>C]A,1.1871404853,0.74196280331,1.38949397711,0.539609311498,0.512628845923,1.46875382811,2.25558623602,1.20063071808,1.61882793449
A[T>C]C,0.834223400526,0.521389625329,0.976420571071,0.379192454785,0.360232832046,0.744755758158,1.14373205717,0.843703211896,1.13757736435
A[T>C]G,1.30569022273,0.816056389204,1.52825105615,0.593495555785,0.563820777996,1.48183920549,2.275681637,1.32052761162,1.78048666735
A[T>C]T,0.990336114304,0.61896007144,1.15914340651,0.450152779229,0.427645140268,0.971497488097,1.49194257101,1.00158993378,1.35045833769
C[T>C]A,0.732477528583,0.457798455364,0.857331652773,0.332944331174,0.316297114615,0.868297951044,1.33345756767,0.740801136862,0.998832993522
C[T>C]C,1.57538937733,0.984618360832,1.84392165756,0.716086080605,0.680281776575,0.829599113479,1.27402720999,1.59329152935,2.14825824181
C[T>C]G,1.76384291582,1.10240182239,2.06449795829,0.80174677992,0.761659440924,1.63218876844,2.50657560867,1.78388658532,2.40524033976
C[T>C]T,2.95655565875,1.84784728672,3.46051400968,1.3438889358,1.27669448901,0.8260374944,1.26855758069,2.99015288215,4.03166680739
G[T>C]A,0.820546814562,0.512841759101,0.960412748862,0.372975824801,0.354327033561,1.25708302731,1.93052036336,0.829871210182,1.1189274744
G[T>C]C,0.930747169487,0.581716980929,1.08939725519,0.423066895221,0.40191355046,0.729982985432,1.12104529906,0.941323841867,1.26920068566
G[T>C]G,0.906473343254,0.566545839534,1.06098584495,0.412033337843,0.391431670951,0.93414890068,1.43458581176,0.9167741767,1.23610001353
G[T>C]T,0.939918483052,0.587449051907,1.10013186084,0.427235674115,0.405873890409,0.90113908935,1.38389217293,0.950599374905,1.28170702234
T[T>C]A,0.735408996166,0.459630622604,0.86076280233,0.334276816439,0.317562975617,0.747442410817,1.14785798804,0.743765916577,1.00283044932
T[T>C]C,0.877349004405,0.548343127753,1.02689713016,0.398795002002,0.378855251902,0.835922895413,1.28373873224,0.887318879455,1.19638500601
T[T>C]G,0.704263039286,0.440164399554,0.824307875528,0.320119563312,0.304113585146,0.778892454284,1.19615626908,0.712266028369,0.960358689936
T[T>C]T,0.940032854914,0.587520534321,1.10026572791,0.427287661324,0.405923278258,0.82215438913,1.26259424045,0.950715046447,1.28186298397
A[T>G]A,0.24060730398,0.150379564988,0.281619912613,0.109366956355,0.103898608537,0.458199491714,0.703663505132,0.243341477889,0.328100869064
A[T>G]C,0.223631542424,0.139769714015,0.261750555337,0.101650701102,0.0965681660466,0.182401570908,0.28011669818,0.226172809951,0.304952103305
A[T>G]G,0.302851161143,0.189281975714,0.354473518156,0.137659618701,0.130776637766,0.195897751363,0.300842975308,0.30629265161,0.412978856104
A[T>G]T,0.945532434877,0.590957771798,1.10670273628,0.429787470399,0.408298096879,0.715758245623,1.09920016292,0.956277121637,1.2893624112
C[T>G]A,0.148105946289,0.0925662164309,0.173351278043,0.067320884677,0.0639548404431,0.310390218744,0.476670693072,0.149788968406,0.201962654031
C[T>G]C,0.635783154496,0.39736447156,0.744155283103,0.288992342953,0.274542725805,0.411101395784,0.631334286382,0.64300796307,0.866977028858
C[T>G]G,0.707630963231,0.442269352019,0.828249877418,0.321650437832,0.305567915941,0.562123797865,0.863261546721,0.715672224177,0.964951313497
C[T>G]T,6.31728764252,3.94830477657,7.39409803613,2.87149438296,2.72791966382,1.27816079608,1.96288979398,6.38907500209,8.61448314889
G[T>G]A,0.0791704098826,0.0494815061766,0.0926653661126,0.0359865499466,0.0341872224493,0.0888169249147,0.136397420405,0.0800700736312,0.10795964984
G[T>G]C,0.257744684239,0.16109042765,0.301678437235,0.117156674654,0.111298840922,0.0652285384326,0.100172398307,0.260673601106,0.351470023963
G[T>G]G,0.365444709311,0.228402943319,0.427736421125,0.166111231505,0.15780566993,0.202775101143,0.311404619612,0.369597490099,0.498333694515
G[T>G]T,1.76184378905,1.10115236816,2.06215807128,0.800838085933,0.760796181636,0.504585160948,0.774898640028,1.7818647412,2.4025142578
T[T>G]A,0.304359941531,0.190224963457,0.356239477019,0.138345427969,0.13142815657,0.647840147981,0.994897370113,0.30781857723,0.415036283906
T[T>G]C,0.396592968481,0.247870605301,0.464194042654,0.180269531128,0.171256054571,0.299296994285,0.459634669795,0.401099706759,0.540808593384
T[T>G]G,0.34430792764,0.215192454775,0.402996778942,0.156503603473,0.148678423299,0.307288593562,0.471907482971,0.348220517727,0.469510810418
T[T>G]T,2.16713579455,1.35445987159,2.53653394135,0.985061724795,0.935808638555,1.81559113028,2.78822923578,2.19176233767,2.95518517438
