,1,3,2,5,4,7,6,9,8
A[C>A]A,0.55821053958,0.539603521594,1.71184565471,0.409354395692,0.455871940657,0.204850908991,0.106753290601,1.82347073942,0.784328137229
A[C>A]C,0.374474668902,0.361992179938,1.14838898463,0.274614757195,0.305820979603,0.32931715743,0.17161598345,1.2246337361,0.61007757118
A[C>A]G,0.0409413810709,0.0395766683685,0.125553568617,0.030023679452,0.0334354612079,0.0637373518555,0.0332152396994,0.350605337149,0.0948350123234
A[C>A]T,0.367182634273,0.354943213131,1.1260267451,0.269267265134,0.29986581799,1.29221183346,0.673406166732,1.26131029869,0.730164550553
C[C>A]A,0.659812182942,0.637818443511,2.02342402769,0.483862267491,0.53884661607,0.505020864089,0.263179886919,1.4910562748,0.890153153293
C[C>A]C,0.587283117879,0.567707013949,1.80100156149,0.430674286444,0.479614546268,0.700815866541,0.365213902282,1.11470238733,0.631271176346
C[C>A]G,0.0900643904767,0.0870622441275,0.276197464129,0.0660472196829,0.073552585556,0.148800586252,0.0775439674835,0.412959364376,0.124968476416
C[C>A]T,0.514845752729,0.497684227638,1.57886030837,0.377553552001,0.420457364729,5.65855000394,2.94882183304,2.07770229058,1.4138695212
G[C>A]A,0.464273742983,0.44879795155,1.42377281181,0.340467411521,0.379156890103,0.333181094446,0.17362958443,1.78107487291,0.662473868836
G[C>A]C,0.230101172438,0.222431133357,0.705643595476,0.168740859788,0.187915957491,0.69187869028,0.360556500568,1.50314012619,0.486057354674
G[C>A]G,0.0310052170085,0.0299717097749,0.0950826654927,0.0227371591396,0.0253209272236,0.107292216137,0.055912845029,0.474385201919,0.0787758972178
G[C>A]T,0.446770195717,0.43187785586,1.37009526687,0.327631476859,0.364862326502,3.21106355211,1.67337114687,1.51037258611,0.726364781537
T[C>A]A,0.381599524684,0.368879540528,1.17023854237,0.279839651435,0.311639611826,0.139764898276,0.0728352286791,2.05574714064,1.44072837331
T[C>A]C,0.422357302492,0.408278725743,1.29522906098,0.309728688494,0.344925130369,0.812279196551,0.423300426372,1.68423260072,0.831372789932
T[C>A]G,0.08311414932,0.080343677676,0.254883391248,0.060950376168,0.067876555278,0.0514410784303,0.0268073225623,0.534671897056,0.154036392605
T[C>A]T,0.748748053595,0.723789785142,2.29616069769,0.54908190597,0.611477577103,2.31186348694,1.20477392981,5.16601042009,7.79949218396
A[C>G]A,0.299335157128,0.289357318558,0.917961148527,0.219512448561,0.244457044988,0.0886264008402,0.0461855891703,1.06196507601,0.366746352446
A[C>G]C,0.107498809633,0.103915515978,0.329663016207,0.0788324603974,0.0877906945335,0.0492179240648,0.0256487773296,0.713965217379,0.176532261796
A[C>G]G,0.0155544235626,0.0150359427772,0.0477002322586,0.0114065772792,0.0127027792428,0.0222505523584,0.0115953582713,0.218324760167,0.0277578157218
A[C>G]T,0.294433273511,0.284618831061,0.902928705435,0.215917733908,0.240453840034,0.0715107443582,0.0372661625529,1.0635622873,0.325462711452
C[C>G]A,0.137145546362,0.13257402815,0.42057967551,0.100573400665,0.112002196196,0.0583337139752,0.0303992593955,0.727641683412,0.284458458239
C[C>G]C,0.17184659602,0.166118376152,0.526996227794,0.126020837081,0.140341386749,0.0410247521433,0.0213790961874,0.690929723249,0.24406615681
C[C>G]G,0.0416978952117,0.0403079653713,0.127873545316,0.0305784564886,0.0340532810895,0.0214177984867,0.0111613879438,0.24509271495,0.0655203827581
C[C>G]T,0.111230243525,0.107522568741,0.341106080143,0.0815688452516,0.090838032212,0.0453513101692,0.0236337813558,0.843609041374,0.237318987547
G[C>G]A,0.131361102469,0.126982399053,0.402840714238,0.0963314751438,0.107278233683,0.0759999201097,0.0396055921698,0.56231112589,0.188587875594
G[C>G]C,0.0652980031742,0.0631214030684,0.200247209734,0.0478852023277,0.0533267025923,0.069371121084,0.0361511476071,0.580696200588,0.171130368576
G[C>G]G,0.00892839491894,0.00863078175497,0.0273804110847,0.00654748960722,0.00729152251713,0.00926567429751,0.00482859083109,0.121958192615,0.0207507682432
G[C>G]T,0.079353756096,0.0767086308928,0.243351518694,0.0581927544704,0.0648055674784,0.0679196155824,0.0353947292472,0.58819970298,0.17884784397
T[C>G]A,0.164395907719,0.158916044128,0.504147450337,0.120556998994,0.13425665797,0.0601594077158,0.0313506772604,0.373991364303,0.326324875435
T[C>G]C,0.143300038441,0.138523370493,0.439453451219,0.105086694857,0.117028364727,0.0522916759748,0.0272505917052,0.74699757478,0.247694080429
T[C>G]G,0.0318167994766,0.0307562394941,0.097571518395,0.0233323196162,0.0259837195726,0.0149244358993,0.00777752293342,0.124275407906,0.0457680743018
T[C>G]T,0.545673463749,0.527484348291,1.67339862216,0.400160540083,0.445633328728,0.126142492041,0.0657362282465,0.883299139243,0.631822854565
A[C>T]A,0.909728254829,0.879403979668,2.78983331481,0.667134053541,0.742944741443,1.76325102226,0.918877293291,3.18486118311,1.1068045881
A[C>T]C,1.11770866432,1.08045170884,3.4276399039,0.819653020498,0.912795409191,1.93293004256,1.00730157147,2.15875919601,1.29365694988
A[C>T]G,1.21164016562,1.1712521601,3.7156965079,0.888536121455,0.989506135257,2.53250760732,1.3197574855,5.88768669374,1.70919626199
A[C>T]T,0.934122269427,0.902984860446,2.86464162624,0.68502299758,0.762866520032,1.49147338256,0.777246692323,2.24899160674,1.1192797891
C[C>T]A,2.48660376718,2.40371697494,7.62558488601,1.82350942926,2.03072640986,0.860963868355,0.448671311678,3.88381897624,1.04223880885
C[C>T]C,3.6823033644,3.55955991892,11.2923969842,2.70035580056,3.00721441426,1.48647331027,0.774641020844,3.0607670727,1.46717830463
C[C>T]G,1.11277336749,1.07568092191,3.41250499364,0.816033802827,0.908764916785,1.73774628418,0.905586091756,4.17048022174,1.15968645478
C[C>T]T,4.45434252273,4.30586443864,13.6599837364,3.26651785,3.63771306023,1.36899446231,0.713419649371,3.35046479866,1.53837839751
G[C>T]A,1.19817829045,1.1582390141,3.67441342404,0.878664079663,0.978512270534,2.94452490789,1.53447072665,2.91724723115,0.918373271431
G[C>T]C,2.25317057271,2.17806488696,6.90972308966,1.65232508666,1.84008930105,3.58381615252,1.86762250202,3.2956975053,1.71620299473
G[C>T]G,0.868703854152,0.839747059014,2.66402515273,0.637049493045,0.709441480891,4.42597757473,2.30649535585,4.63405558075,1.61588359128
G[C>T]T,2.82800899907,2.73374203243,8.67256093048,2.07387326598,2.30954068257,2.95293849699,1.53885527308,3.0426297204,1.54486146805
T[C>T]A,2.40057788253,2.32055861978,7.3617721731,1.76042378052,1.9604719374,0.964284299456,0.502514353238,3.12867217823,0.925621905435
T[C>T]C,4.92990622122,4.76557601384,15.1183790784,3.61526456223,4.02609008066,1.90546239463,0.992987445089,4.85314754033,1.80410113981
T[C>T]G,1.78006310161,1.72072766489,5.45886017828,1.30537960785,1.45371819965,0.768313067827,0.400388500135,5.53526968754,5.43414518497
T[C>T]T,2.08998058789,2.02031456829,6.40927380285,1.53265243112,1.70681748011,1.48143283214,0.772014292805,3.14045773363,1.99066385923
A[T>A]A,0.306293170379,0.296083398033,0.939299055827,0.224614991611,0.250139422476,0.184705468458,0.0962549624359,0.919403467516,0.663700090531
A[T>A]C,0.305937112601,0.295739208848,0.938207145309,0.224353882574,0.249848641957,0.24346318563,0.126875181244,1.02064120776,0.581166320907
A[T>A]G,0.243684936866,0.235562105637,0.747300473055,0.178702287035,0.199009365107,0.149172376892,0.0777377175354,1.0663928391,0.398720462297
A[T>A]T,0.355562810861,0.343710717166,1.09039261997,0.260746061298,0.290376295537,0.232615085496,0.121221945962,1.29479471239,0.719126999144
C[T>A]A,0.409615884895,0.395962022065,1.25615538035,0.300384982256,0.334519639331,0.202903630355,0.105738511593,0.565028764664,0.67329590755
C[T>A]C,0.416039503843,0.402171520381,1.27585447845,0.305095636151,0.339765594805,0.420057858697,0.218903391152,1.09727218482,0.642479282523
C[T>A]G,0.776618562188,0.750731276782,2.38163025738,0.569520278938,0.634238492454,0.501278441384,0.261229610299,1.21272482424,1.40107927937
C[T>A]T,0.635578935175,0.614392970669,1.94910873454,0.466091219128,0.519056130393,0.474774880966,0.247417895715,1.95573284139,1.03018289872
G[T>A]A,0.451263017988,0.436220917389,1.38387325516,0.330926213191,0.368531464691,0.176597105152,0.0920294773329,0.617679640855,0.777405491374
G[T>A]C,0.111218249588,0.107510974602,0.341069298736,0.0815600496978,0.0908282371635,0.237699636735,0.123871641679,0.574876369793,0.319381445965
G[T>A]G,0.481001292509,0.464967916092,1.47507063036,0.352734281173,0.392817722216,0.219156307284,0.114208216472,0.753631028161,0.823658466466
G[T>A]T,0.41057938418,0.396893404707,1.25911011148,0.301091548399,0.33530649708,0.187033466049,0.0974681442793,0.707482560049,0.604214998174
T[T>A]A,0.385680062054,0.372824059986,1.1827521903,0.282832045506,0.314972050678,0.155619661194,0.0810975699178,0.896997569927,0.651953615462
T[T>A]C,0.236122540448,0.2282517891,0.724109124042,0.173156529662,0.192833408033,0.210852117601,0.109880681003,0.871296941049,0.399785595105
T[T>A]G,0.279511657801,0.270194602541,0.857169083924,0.204975215721,0.228267853871,0.13401500691,0.0698388064179,0.646511031824,0.346227679353
T[T>A]T,0.518713484253,0.501423034778,1.59072135171,0.380389888452,0.42361601214,0.209542907579,0.109198416626,1.14649161439,0.718449802845
A[T>C]A,0.758108829366,0.732838535054,2.32486707672,0.555946474868,0.619122210649,0.557753552112,0.290660301805,4.26190102517,2.32209146927
A[T>C]C,0.311248660289,0.300873704946,0.954495891553,0.228249017545,0.254186405903,0.554001871288,0.288705200531,2.15589948853,1.10293090728
A[T>C]G,0.664067686836,0.641932097275,2.03647423963,0.486982970346,0.542321944249,0.781690125647,0.407359642943,3.78815397015,1.93587148028
A[T>C]T,0.722323619537,0.698246165553,2.21512576658,0.529703987661,0.589897622622,0.395128388179,0.205911976938,3.26248258069,1.75054911308
C[T>C]A,0.352408588767,0.340661635808,1.08071967222,0.258432965096,0.287800347493,0.389379794029,0.202916230691,2.3006450642,1.09689407852
C[T>C]C,0.501782054515,0.485055986031,1.53879830051,0.367973506644,0.409788677854,0.776200760715,0.404498987978,2.98389186952,1.002208339
C[T>C]G,0.41082863325,0.397134345475,1.2598744753,0.30127433105,0.335510050487,0.922754390041,0.480872006078,3.73022431084,1.51658859867
C[T>C]T,0.701693580982,0.678303794949,2.15186031501,0.51457529272,0.573049757802,0.900381455649,0.469212871254,5.42066284732,1.03792258763
G[T>C]A,0.446964063254,0.432065261146,1.37068979398,0.327773646386,0.365020651658,1.07004886623,0.557631099305,3.69828418419,2.38569816465
G[T>C]C,0.244250085392,0.236108415879,0.749033595204,0.179116729288,0.199470903071,1.0013039791,0.521806298966,2.23956244701,1.17869339288
G[T>C]G,0.426023883038,0.411823086937,1.30647324132,0.312417514228,0.347919504481,0.969696975024,0.505335043322,2.44362307884,1.42869070453
G[T>C]T,0.661893622469,0.63983050172,2.0298071089,0.485388656477,0.540546458349,0.924733333257,0.481903286345,3.10625810308,1.77624338183
T[T>C]A,0.404326450901,0.390848902538,1.23993444943,0.296506063994,0.330199934903,0.429909203402,0.224037190505,2.19554384048,1.2311599952
T[T>C]C,0.276870002934,0.267641002836,0.849068008997,0.203038002151,0.226110502396,0.676032194208,0.352298467404,2.54095783419,1.29177316888
T[T>C]G,0.295273957902,0.285431492639,0.905506804234,0.216534235795,0.241140398954,0.502711086083,0.26197619979,1.88277322674,0.870297949351
T[T>C]T,0.405914098498,0.392383628548,1.24480323539,0.297670338898,0.331496513773,0.43591466771,0.227166798666,2.29772888875,1.29517877087
A[T>G]A,0.106047455053,0.102512539885,0.325212195496,0.0777681337056,0.0866054216266,0.0495642487119,0.025829256371,0.335672118678,0.191924939873
A[T>G]C,0.0353329888497,0.0341552225547,0.108354499139,0.0259108584898,0.0288552742272,0.172184069751,0.0897297264897,0.514709601827,0.149280763547
A[T>G]G,0.161343355004,0.15596524317,0.494786288678,0.118318460336,0.13176373992,0.127675294321,0.0665350125335,0.659103028566,0.318703075336
A[T>G]T,0.172130756745,0.166393064853,0.527867654017,0.126229221613,0.140573451341,0.635193630709,0.331016399102,1.8211332289,0.448014466976
C[T>G]A,0.00861606526208,0.00832886308668,0.026422600137,0.00631844785886,0.00703645329737,0.0427343869306,0.0222700326258,0.234057490107,0.0895924258555
C[T>G]C,0.159888378596,0.154558765976,0.490324361028,0.117251477637,0.130575509187,0.351606496676,0.183231554606,1.19807734917,0.276774370331
C[T>G]G,0.25229998,0.243889980667,0.773719938667,0.185019985333,0.206044983667,0.295916961415,0.154210247498,1.28419072188,0.554348303364
C[T>G]T,1.03814918549,1.00354421264,3.18365750218,0.761309402695,0.847821834819,2.03141769248,1.05862612143,10.2427518369,0.925919587294
G[T>G]A,0.0672771865268,0.0650346136426,0.206316705349,0.049336603453,0.0549430356636,0.0284497919864,0.0148259479366,0.138729714155,0.112405145681
G[T>G]C,0.0445557807857,0.0430705880929,0.136637727743,0.0326742392429,0.036387220975,0.158086230823,0.0823829653583,0.420161820185,0.116179527912
G[T>G]G,0.286602920026,0.277049489359,0.878915621414,0.210175474686,0.234059051355,0.16439889587,0.0856726640448,0.714246666639,0.288817246857
G[T>G]T,0.335864356803,0.324668878242,1.02998402753,0.246300528322,0.274289224722,0.674307663723,0.351399768419,2.7131975937,0.346265591213
T[T>G]A,0.122870354906,0.118774676409,0.376802421712,0.090104926931,0.100344123173,0.0627168639716,0.0326834361542,0.534691746537,0.251492923492
T[T>G]C,0.125960742085,0.121762050682,0.38627960906,0.0923712108623,0.102867939369,0.21471516779,0.111893819834,0.976989771031,0.36896824057
T[T>G]G,0.189918068874,0.183587466578,0.582415411213,0.139273250507,0.155099756247,0.133604978597,0.0696251296913,0.780993812427,0.36317526389
T[T>G]T,0.378278678699,0.365669389409,1.16005461468,0.277404364379,0.308927587604,0.993333816385,0.517652833891,4.26984172925,1.84048561189
