,1,3,2,5,4,7,6,9,8
A[C>A]A,0.361522913607,0.320595791312,0.204635611476,0.914039064592,0.552516150984,1.18688654656,0.354701726558,0.688939891968,1.20735010771
A[C>A]C,0.262386513615,0.232682379998,0.148520668084,0.663392317442,0.401005803827,0.861419874887,0.257435824679,0.50001958255,0.876271941696
A[C>A]G,0.090351153504,0.0801227210318,0.0511421623607,0.228434991878,0.138083838374,0.296624541692,0.0886464147586,0.172178613281,0.301738757928
A[C>A]T,0.28092387827,0.249121175069,0.159013516002,0.710260371475,0.429336493205,0.92227839281,0.275623427736,0.535345503873,0.938179744411
C[C>A]A,0.456895207857,0.405171222062,0.258619928976,1.15516901609,0.698273808235,1.49999558806,0.448274543558,0.870687094219,1.52585758096
C[C>A]C,0.328376404727,0.291201717399,0.185873436638,0.830234683649,0.501858278922,1.0780659325,0.322180623505,0.625773903347,1.09665327616
C[C>A]G,0.105289659293,0.0933700752218,0.0595979203543,0.266204044249,0.160914384957,0.345667938055,0.103303061947,0.20064633186,0.35162773009
C[C>A]T,0.465514101435,0.412814391838,0.263498547982,1.17696018099,0.711446079551,1.5282915783,0.456730816502,0.887111778206,1.55464143309
G[C>A]A,0.409822463166,0.363427467336,0.23197497915,1.03615490687,0.626332443706,1.34545487907,0.402089963861,0.780982429807,1.36865237699
G[C>A]C,0.548782888247,0.48665652354,0.310631823536,1.38748881179,0.838705923548,1.80166457651,0.538428494129,1.04579380591,1.83272775886
G[C>A]G,0.173272815374,0.153657024954,0.0980789520982,0.438085986039,0.264813170665,0.56885792217,0.17000351697,0.330199138731,0.578665817379
G[C>A]T,0.389028135416,0.344987214426,0.220204604952,0.983580568788,0.594552433372,1.27718670872,0.381687981918,0.74135550334,1.29920716922
T[C>A]A,1.29200784352,1.14574280463,0.731325194447,3.26658586853,1.97457802501,4.24168612779,1.26763033704,2.46212815464,4.31481864724
T[C>A]C,0.707153806198,0.627098658326,0.400275739357,1.78789830246,1.08074449626,2.32159928827,0.693811281553,1.34759498917,2.36162686221
T[C>A]G,0.117210456178,0.103941347931,0.0663455412326,0.296343417506,0.179132961328,0.384804139149,0.114998938137,0.22336332215,0.391438693272
T[C>A]T,0.956245620157,0.847991399007,0.541271105749,2.41767760568,1.46143198552,3.13937241335,0.938203249966,1.82227938936,3.19349952392
A[C>G]A,0.230446312781,0.204358050956,0.130441309121,0.582637847407,0.352191534627,0.756559592902,0.226098269143,0.439152407374,0.769603723814
A[C>G]C,0.12585596196,0.11160811721,0.0712392237508,0.318201866087,0.192345904127,0.413187497755,0.123481321168,0.239838719961,0.42031142013
A[C>G]G,0.0190106392052,0.0168584913707,0.0107607391728,0.0480646349717,0.0290539957665,0.0624122872021,0.0186519478995,0.0362278218817,0.0634883611193
A[C>G]T,0.204579699871,0.181419733848,0.115799830116,0.517239241183,0.312659541312,0.67163901467,0.200719705534,0.389859428056,0.683218997682
C[C>G]A,0.21418763569,0.189939978819,0.121238284353,0.541531003443,0.327343367753,0.703182049247,0.210146359545,0.408168890655,0.715305877682
C[C>G]C,0.133036783468,0.117976015528,0.0753038396987,0.336357150654,0.203320367187,0.436762270253,0.130526655478,0.253522926986,0.444292654223
C[C>G]G,0.0233360914187,0.0206942697487,0.0132091083502,0.0590006839643,0.0356645925456,0.0766128284313,0.022895787807,0.0444706647791,0.0779337392663
C[C>G]T,0.257274271901,0.228148882629,0.145626946359,0.650467027069,0.393192755169,0.844636288881,0.252420040355,0.490277386075,0.859198983517
G[C>G]A,0.092597493662,0.0821147585304,0.0524136756577,0.234114417938,0.141516924276,0.303999318815,0.0908503711401,0.176459374714,0.309240686381
G[C>G]C,0.119466735538,0.105942199439,0.0676226804932,0.30204797287,0.182581237332,0.392211546861,0.117212646188,0.227663024327,0.39897381491
G[C>G]G,0.0245721105429,0.0217903621796,0.0139087418168,0.0621257134482,0.0375536029052,0.0806707025372,0.0241084858157,0.0468260974497,0.0820615767189
G[C>G]T,0.157943002471,0.140062662569,0.0894016995122,0.399327591154,0.241384588683,0.518529857171,0.154962945821,0.300985721691,0.527470027122
T[C>G]A,4.96838582242,4.40592705007,2.81229386175,12.5615792491,7.59319342672,16.3113043981,4.8746426937,9.46805600122,16.5925337843
T[C>G]C,1.20909593805,1.07221715261,0.684393927195,3.05695954147,1.84786360343,3.96948477773,1.18628280714,2.30412622156,4.03792417045
T[C>G]G,0.179952362454,0.159580396893,0.101859827804,0.454973897526,0.275021535072,0.590787001265,0.176557034861,0.342928086941,0.600972984045
T[C>G]T,5.95031589502,5.27669522766,3.3681033368,15.0441949044,9.09387900937,19.5349993535,5.83804578379,11.3392812339,19.8718096871
A[C>T]A,0.55308705839,0.490473429139,0.313068146259,1.39837105329,0.845283994898,1.8157952483,0.542651453515,1.0539960924,1.84710206293
A[C>T]C,0.48700074035,0.431868581065,0.275660796424,1.2312848907,0.744284150346,1.59883261926,0.477812047136,0.928058014629,1.6263986989
A[C>T]G,1.5951257781,1.41454550134,0.902901383832,4.03295951445,2.43783373635,5.23682802622,1.56502906531,3.03976799223,5.32711816461
A[C>T]T,0.373597685448,0.33130360785,0.21147038799,0.94456773302,0.570970047572,1.22652825034,0.366548672515,0.711950306231,1.24767528914
C[C>T]A,0.79705820582,0.706825201388,0.451165022163,2.01520376566,1.21814555984,2.61675712854,0.782019371748,1.51892224128,2.66187363076
C[C>T]C,0.900678823278,0.798715182907,0.509818201855,2.27718796829,1.37650914501,2.95694557076,0.883684883216,1.71638794625,3.00792739095
C[C>T]G,1.03363216138,0.916617199717,0.58507480833,2.61333414387,1.57970198249,3.39343388832,1.01412966777,1.96975185471,3.45194136915
C[C>T]T,0.865343599579,0.767380173212,0.489817131837,2.18784985554,1.32250625596,2.84093936466,0.849016361851,1.64905101052,2.88992107784
G[C>T]A,0.648028792109,0.574667042059,0.366808750251,1.63841241779,0.990383625676,2.12749075145,0.635801833768,1.23492279251,2.16417162648
G[C>T]C,0.891300288865,0.79039836937,0.50450959747,2.25347620203,1.36217591317,2.92615566533,0.874483302282,1.69851564482,2.97660662508
G[C>T]G,1.11972037588,0.992959578609,0.633803986346,2.83099113901,1.71127076314,3.67606312081,1.09859357633,2.13380675403,3.73944351944
G[C>T]T,0.714350449836,0.63348058759,0.404349311228,1.80609359015,1.09174314032,2.34522600512,0.700872139462,1.3613093478,2.38566093624
T[C>T]A,3.45210536163,3.06130098106,1.95402190281,8.7279644992,5.27585913758,11.3333270363,3.3869712982,6.57854040612,11.5287292266
T[C>T]C,1.51020318992,1.33923679106,0.854831994295,3.81824957452,2.3080463846,4.95802556691,1.48170879011,2.87793438079,5.04350876634
T[C>T]G,1.16860976865,1.03631432314,0.661477227536,2.95459828299,1.78598851435,3.83656791971,1.14656052773,2.2269733327,3.90271564246
T[C>T]T,1.53304681923,1.35949434912,0.867762350505,3.87600516559,2.34295834636,5.03302163293,1.50412140754,2.92146658003,5.11979786798
A[T>A]A,0.195345054872,0.173230520358,0.110572672569,0.493891270807,0.298546215936,0.641321500899,0.191659299119,0.372261330982,0.652378768156
A[T>A]C,0.123061086558,0.109129642796,0.0696572188062,0.311135577334,0.188074490777,0.404011869076,0.120739179264,0.234512636648,0.410977590957
A[T>A]G,0.132716354832,0.117691861832,0.0751224649994,0.335547010331,0.202830655498,0.435710296997,0.130212272666,0.252912298831,0.443222543497
A[T>A]T,0.295449568512,0.262002447548,0.167235604818,0.746985701521,0.451536133009,0.969966507945,0.289875048351,0.563026536221,0.986690068427
C[T>A]A,0.0974082821874,0.086380929487,0.0551367635023,0.246277543644,0.148869261456,0.319793228313,0.0955703900707,0.185627103791,0.325306904664
C[T>A]C,0.164296193981,0.145696624851,0.0929978456494,0.415390377234,0.251094183253,0.539387504767,0.161196265792,0.31309274702,0.548687289331
C[T>A]G,0.140027302717,0.12417515524,0.0792607373873,0.354031293663,0.214003990946,0.459712276846,0.137385278138,0.266844482537,0.467638350585
C[T>A]T,0.281706207709,0.249814938912,0.159456343986,0.712238336473,0.430532128763,0.924846795121,0.276390996243,0.536836358088,0.94079242952
G[T>A]A,0.056213345483,0.0498495705227,0.0318188748017,0.142124307448,0.0859109619646,0.18454947385,0.0551527163229,0.107123545166,0.18773136133
G[T>A]C,0.089560210142,0.0794213184278,0.0506944585709,0.226435248284,0.136875038142,0.294027859711,0.0878703948563,0.170671343855,0.299097305569
G[T>A]G,0.077473921201,0.0687032886122,0.043853162944,0.19587746115,0.118403539949,0.254348345075,0.0760121491029,0.147638981911,0.258733661369
G[T>A]T,0.0976377640844,0.0865844323013,0.0552666589157,0.246857743157,0.149219979072,0.320546621711,0.0957955421206,0.18606441835,0.326073287603
T[T>A]A,0.264289503271,0.234369936863,0.14959783204,0.66820364978,0.403914146509,0.867667425833,0.25930290887,0.503646034536,0.882627209037
T[T>A]C,0.125127440688,0.110962070044,0.0708268532197,0.316359944381,0.191232503693,0.410795748674,0.122766545581,0.23845040584,0.417878433996
T[T>A]G,0.192497134839,0.170705006366,0.108960642361,0.486690869214,0.294193734376,0.631971725696,0.188865113427,0.366834162617,0.642867789933
T[T>A]T,0.226539019569,0.200893092825,0.128229633718,0.572759030608,0.346220011039,0.743731875565,0.222264698445,0.431706433518,0.756554838937
A[T>C]A,0.501475594901,0.444704772836,0.283854110321,1.26788169277,0.766406097867,1.64635383986,0.492013791223,0.955642171414,1.67473925089
A[T>C]C,0.267411557726,0.237138551191,0.151365032675,0.676097145949,0.408685588223,0.877917189516,0.262366056637,0.509595610006,0.893053692783
A[T>C]G,0.429027850647,0.380458660008,0.242845953196,1.08471192428,0.65568407363,1.40850652854,0.42093298554,0.817581375761,1.43279112386
A[T>C]T,0.444759223536,0.394409122758,0.251750503888,1.12448558403,0.679726360498,1.46015292255,0.436367540073,0.847560029757,1.48532797294
C[T>C]A,0.301103007052,0.267015874178,0.170435664369,0.761279300848,0.460176293796,0.988526853339,0.295421818239,0.573800070042,1.00557041978
C[T>C]C,0.43038970957,0.381666346222,0.243616816737,1.08815511476,0.657765405191,1.41297753708,0.422269149012,0.82017661635,1.43733921875
C[T>C]G,0.485012207304,0.430105164968,0.274535211682,1.22625727884,0.74124507154,1.59230422775,0.475861033581,0.924268545995,1.61975774892
C[T>C]T,0.844175733985,0.74860866976,0.477835321123,2.13433110102,1.29015536703,2.77144486252,0.828247889947,1.60871224778,2.81922839463
G[T>C]A,0.356298970032,0.315963237576,0.201678662283,0.900831358195,0.544532388163,1.16973624124,0.349576347956,0.678984829685,1.18990410747
G[T>C]C,0.299038644946,0.265185213443,0.169267157517,0.756059970242,0.457021325295,0.981749513597,0.293396406362,0.569866096973,0.998676229349
G[T>C]G,0.265514600511,0.235456343849,0.150291283308,0.671301065443,0.405786464932,0.871689443187,0.260504891067,0.505980653804,0.886718571517
G[T>C]T,0.381183578266,0.338030720349,0.215764289585,0.963747160144,0.582563581878,1.25143287959,0.37399143528,0.726406441601,1.27300930855
T[T>C]A,0.302014190212,0.267823904528,0.170951428422,0.763583046951,0.461568856739,0.991518284847,0.296315809265,0.575536475687,1.00861342769
T[T>C]C,0.318259804893,0.282230393018,0.180147059373,0.804656865201,0.486397060308,1.04485294437,0.312254902914,0.606495099891,1.0628676503
T[T>C]G,0.251505133649,0.223032854368,0.142361396405,0.635880903943,0.384375770294,0.82569609915,0.246759753769,0.479283367897,0.83993223879
T[T>C]T,0.430923065102,0.382139321883,0.243918716096,1.08950359856,0.658580533458,1.41472855335,0.422792441232,0.821193010855,1.43912042496
A[T>G]A,0.32098557824,0.284647588251,0.181689949947,0.811548443098,0.490562864858,1.05380170969,0.314929246575,0.611689498156,1.07197070469
A[T>G]C,0.100198288772,0.0888550862697,0.0567160125126,0.253331522556,0.153133233784,0.328952872573,0.0983077550218,0.190943908792,0.334624473824
A[T>G]G,0.103548639916,0.091826152378,0.0586124376881,0.261802221673,0.158253581758,0.339952138591,0.101594891993,0.197328540217,0.34581338236
A[T>G]T,0.366238421985,0.324777468553,0.207304767161,0.925961293321,0.559722871336,1.20236764954,0.35932826308,0.697926049443,1.22309812625
C[T>G]A,0.199201757042,0.176650614735,0.112755711533,0.50364217818,0.304440421139,0.653983126891,0.195443233324,0.379610895494,0.665258698044
C[T>G]C,0.203728955336,0.180665300015,0.115318276605,0.51508830217,0.311359346834,0.66884600431,0.199885012782,0.388238197904,0.680377831971
C[T>G]G,0.237061334478,0.210224202273,0.134185661025,0.599362619247,0.362301284769,0.778276833947,0.232588479111,0.451758392119,0.79169540005
C[T>G]T,1.71452780304,1.52043031591,0.970487435685,4.33484387939,2.62031607635,5.62882712697,1.68217822185,3.26730770014,5.72587587054
G[T>G]A,0.0754702882637,0.0669264820451,0.0427190310926,0.190811672214,0.11534138395,0.247770380337,0.0740463205606,0.143820738012,0.252042283447
G[T>G]C,0.0719222605054,0.0637801178067,0.0407107134936,0.181841186938,0.109918926433,0.236122138263,0.0705652367223,0.137059402095,0.240193209612
G[T>G]G,0.134255382475,0.119056659931,0.0759936127218,0.339438136824,0.205182754349,0.440762953786,0.131722262051,0.25584516283,0.448362315058
G[T>G]T,0.498188578652,0.441789871635,0.281993535086,1.25957112338,0.761382544732,1.6355625035,0.488788794149,0.94937823479,1.66376185701
T[T>G]A,0.47788563533,0.423785374726,0.270501303017,1.20823915347,0.730353518145,1.5689075575,0.468868925229,0.910687720157,1.5959576878
T[T>G]C,0.151692270903,0.134519560989,0.0858635495677,0.383523854736,0.231831583833,0.498008587492,0.148830152584,0.289073950211,0.506594942449
T[T>G]G,0.151437231713,0.134293394161,0.0857191877623,0.382879038671,0.231441806958,0.497171289021,0.148579925455,0.288587932133,0.505743207797
T[T>G]T,0.828486594881,0.734695659611,0.468954676348,2.09466422102,1.26617762614,2.71993712282,0.812854772336,1.57881407704,2.76683259045
