,1,3,2,5,4,7,6,9,8
A[C>A]A,0.712189177836,0.370338372475,0.151933691272,0.23264846476,0.664709899314,0.617230620791,0.546011703008,0.55075963086,0.337102877509
A[C>A]C,0.612336712474,0.318415090486,0.130631831994,0.200029992741,0.571514264975,0.530691817477,0.46945814623,0.47354039098,0.289839377237
A[C>A]G,0.106001849507,0.0551209617439,0.0226137278949,0.0346272708391,0.0989350595403,0.0918682695731,0.0812680846224,0.0819747636191,0.0501742087669
A[C>A]T,0.567391852187,0.295043763137,0.121043595133,0.185348005048,0.529565728708,0.491739605229,0.43500042001,0.438783032358,0.268565476702
C[C>A]A,0.926876245944,0.481975647891,0.197733599135,0.302779573675,0.865084496215,0.803292746485,0.710605121891,0.716784296864,0.43872142308
C[C>A]C,1.0901881362,0.566897830824,0.232573469056,0.356128124492,1.01750892712,0.94482971804,0.83581090442,0.843078825328,0.516022384468
C[C>A]G,0.288915680595,0.150236153909,0.0616353451935,0.0943791223276,0.269654635222,0.250393589849,0.221502021789,0.223428126327,0.136753422148
C[C>A]T,2.01555318641,1.04808765693,0.429984679768,0.658414040894,1.88118297398,1.74681276156,1.54525744292,1.55869446416,0.954028508235
G[C>A]A,0.542743515145,0.282226627876,0.115785283231,0.177296214947,0.506560614136,0.470377713126,0.416103361611,0.419721651712,0.256898597169
G[C>A]C,0.626201858394,0.325624966365,0.133589729791,0.204559273742,0.584455067835,0.542708277275,0.480088091436,0.484262770492,0.296402212973
G[C>A]G,0.10299726504,0.0535585778209,0.0219727498752,0.0336457732464,0.0961307807041,0.0892642963681,0.0789645698641,0.0796512182977,0.0487520387857
G[C>A]T,0.830034027225,0.431617694157,0.177073925808,0.271144448894,0.77469842541,0.719362823595,0.636359420873,0.641892981054,0.392882772887
T[C>A]A,2.50498187504,1.30259057502,0.534396133343,0.818294079181,2.33798308337,2.1709842917,1.9204861042,1.93718598337,1.18569142085
T[C>A]C,1.36475533039,0.709672771803,0.291147803816,0.445820074594,1.2737716417,1.182787953,1.04631241997,1.05541078883,0.645984189718
T[C>A]G,0.224544757927,0.116763274122,0.0479028816912,0.0733512875896,0.209575107399,0.19460545687,0.172150981078,0.17364794613,0.106284518752
T[C>A]T,1.67007963817,0.86844141185,0.356283656144,0.54555934847,1.55874099563,1.44740235308,1.28039438927,1.29152825352,0.790504362068
A[C>G]A,0.746722199661,0.388295543824,0.159300735928,0.243929251889,0.696940719684,0.647159239706,0.57248701974,0.577465167738,0.353448507839
A[C>G]C,0.370064966607,0.192433782635,0.0789471928761,0.120887889092,0.345393968833,0.320722971059,0.283716474398,0.286183574176,0.175164084194
A[C>G]G,0.224160831834,0.116563632554,0.047820977458,0.0732258717325,0.209216776379,0.194272720923,0.17185663774,0.173351043285,0.106102793735
A[C>G]T,0.75936591614,0.394870276393,0.16199806211,0.248059532606,0.70874152173,0.658117127321,0.582180535707,0.587242975148,0.359433200306
C[C>G]A,0.601653819625,0.312859986205,0.128352814853,0.196540247744,0.561543564983,0.521433310341,0.461267928379,0.465278953843,0.284782807956
C[C>G]C,0.380261863808,0.19773616918,0.0811225309457,0.124218875511,0.354911072888,0.329560281967,0.291534095586,0.294069174678,0.179990615536
C[C>G]G,0.19150181206,0.0995809422714,0.0408537199062,0.0625572586064,0.17873502459,0.165968237119,0.146818055913,0.14809473466,0.0906441910419
C[C>G]T,0.823539626275,0.428240605663,0.175688453605,0.269022944583,0.768636984523,0.713734342771,0.631380380144,0.636870644319,0.389808756437
G[C>G]A,0.510798887095,0.265615421289,0.108970429247,0.166860969784,0.476745627955,0.442692368815,0.391612480106,0.39501780602,0.241778139891
G[C>G]C,0.444202852885,0.2309854835,0.0947632752821,0.145106265276,0.414589329359,0.384975805834,0.340555520545,0.343516872898,0.210256017032
G[C>G]G,0.0751700732819,0.0390884381066,0.0160362823001,0.0245555572721,0.0701587350631,0.0651473968443,0.0576303895161,0.058131523338,0.0355805013534
G[C>G]T,0.538506034662,0.280023138024,0.114881287395,0.175911971323,0.502605632351,0.46670523004,0.412854626574,0.416444666805,0.254892856407
T[C>G]A,11.7374568655,6.10347757006,2.50399079797,3.8342359094,10.9549597411,10.1724626168,8.99871693021,9.07696664265,5.555729583
T[C>G]C,3.03027847148,1.57574480517,0.64645940725,0.989890967351,2.82825990672,2.62624134195,2.3232134948,2.34341535128,1.43433180984
T[C>G]G,0.494641835683,0.257213754555,0.105523591612,0.161582999656,0.461665713304,0.428689590925,0.379225407357,0.382523019595,0.23413046889
T[C>G]T,14.4023884782,7.48924200869,3.07250954202,4.70478023623,13.4422292464,12.4820700145,11.0418311667,11.1378470898,6.81713054637
A[C>T]A,2.72049917399,1.41465957048,0.580373157118,0.888696396837,2.53913256239,2.35776595079,2.08571603339,2.10385269455,1.28770294236
A[C>T]C,2.42855582695,1.26284903001,0.518091909749,0.793328236803,2.26665210515,2.10474838336,1.86189280066,1.87808317284,1.14951642476
A[C>T]G,2.81257185202,1.46253736305,0.600015328432,0.918773471661,2.62506706189,2.43756227175,2.15630508655,2.17505556556,1.33128400996
A[C>T]T,1.46643600726,0.762546723774,0.312839681548,0.479035762371,1.36867360677,1.27091120629,1.12426760556,1.13404384561,0.694113043436
C[C>T]A,4.45647490332,2.31736694972,0.950714646041,1.45578180175,4.15937657643,3.86227824954,3.41663075921,3.4463405919,2.1093981209
C[C>T]C,4.89231281962,2.5440026662,1.04369340152,1.59815552108,4.56615863165,4.24000444367,3.75077316171,3.78338858051,2.31569473462
C[C>T]G,2.59656730743,1.35021499987,0.553934358919,0.848211987095,2.42346282027,2.25035833311,1.99070160237,2.00801205108,1.22904185885
C[C>T]T,4.11304257618,2.13878213962,0.877449082919,1.34359390822,3.83883973777,3.56463689936,3.15333264174,3.18075292558,1.94684015273
G[C>T]A,2.87735563495,1.49622493017,0.613835868789,0.939936174083,2.68553192595,2.49370821695,2.20597265346,2.22515502436,1.36194833388
G[C>T]C,3.62336088306,1.88414765919,0.772983655054,1.1836312218,3.38180349086,3.14024609866,2.77791001035,2.80206574957,1.71505748465
G[C>T]G,2.25404292002,1.17210231841,0.480862489605,0.736320687208,2.10377339202,1.95350386402,1.72809957202,1.74312652482,1.06691364881
G[C>T]T,2.75135923768,1.43070680359,0.586956637372,0.898777350976,2.5679352885,2.38451133932,2.10937541555,2.12771781047,1.30231003917
T[C>T]A,13.0217349945,6.77130219715,2.77797013216,4.25376676488,12.1536193282,11.2855036619,9.98333016247,10.0701417291,6.16362123074
T[C>T]C,10.8812217224,5.65823529566,2.32132730078,3.55453242932,10.1558069409,9.43039215943,8.34226998719,8.41481146534,5.15044494861
T[C>T]G,4.40910795156,2.29273613481,0.940609696334,1.44030859751,4.11516742146,3.82122689136,3.3803160962,3.40971014921,2.08697776374
T[C>T]T,6.51819560133,3.38946171269,1.39054839495,2.12927722977,6.08364922791,5.64910285449,4.99728329435,5.0407379317,3.0852792513
A[T>A]A,0.598068814541,0.310995783561,0.127588013769,0.195369146083,0.558197560238,0.518326305935,0.458519424481,0.462506549911,0.283085905549
A[T>A]C,0.463838000856,0.241195760445,0.0989521068493,0.151520413613,0.432915467466,0.401992934075,0.35560913399,0.358701387329,0.219549987072
A[T>A]G,0.533906503819,0.277631381986,0.113900054148,0.174409457914,0.498312736898,0.462718969977,0.409328319595,0.412887696287,0.252715745141
A[T>A]T,0.787608031049,0.409556176145,0.168023046624,0.257285290143,0.735100828979,0.682593626909,0.603832823804,0.609083544011,0.372801134696
C[T>A]A,0.522637865485,0.271771690052,0.11149607797,0.170728369392,0.487795341119,0.452952816753,0.400689030205,0.404173282641,0.247381922996
C[T>A]C,0.708037911965,0.368179714222,0.151048087886,0.231292384575,0.660835384501,0.613632857036,0.54282906584,0.547549318586,0.335137944997
C[T>A]G,0.951523616219,0.494792280434,0.202991704793,0.310831047965,0.888088708471,0.824653800723,0.729501439101,0.735844929876,0.45038784501
C[T>A]T,0.612838378164,0.318675956645,0.130738854008,0.2001938702,0.571982486287,0.531126594409,0.469842756593,0.47392834578,0.290076832331
G[T>A]A,0.32288531033,0.167900361372,0.0688821995371,0.105475868041,0.301359622975,0.279833935619,0.247545404586,0.249697973322,0.152832380223
G[T>A]C,0.305622605025,0.158923754613,0.0651994890721,0.0998367176416,0.28524776469,0.264872924355,0.234310663853,0.236348147886,0.144661366379
G[T>A]G,0.449951326686,0.233974689877,0.0959896163597,0.146984100051,0.419954571574,0.389957816461,0.344962683793,0.347962359304,0.212976961298
G[T>A]T,0.471002323666,0.244921208306,0.100480495715,0.153860759064,0.439602168755,0.408202013844,0.361101781477,0.364241796969,0.222941099869
T[T>A]A,0.557761359785,0.290035907088,0.118989090087,0.182202044196,0.520577269133,0.48339317848,0.427617042502,0.431335451567,0.264007043631
T[T>A]C,0.526218965455,0.273633862037,0.112260045964,0.171898195382,0.491137701091,0.456056436728,0.403434540182,0.406942666619,0.249076976982
T[T>A]G,0.461051106119,0.239746575182,0.0983575693054,0.150610027999,0.430314365711,0.399577625303,0.353472514691,0.356546188732,0.218230856896
T[T>A]T,0.636878986636,0.331177073051,0.135867517149,0.208047135634,0.594420387527,0.551961788418,0.488273889754,0.492519749665,0.301456053674
A[T>C]A,0.972700073922,0.50580403844,0.207509349103,0.317748690815,0.907853402328,0.843006730733,0.74573672334,0.7522213905,0.460411368323
A[T>C]C,0.825694511699,0.429361146083,0.176148162496,0.269726873822,0.770648210919,0.715601910139,0.633032458969,0.638537089047,0.390828735537
A[T>C]G,1.52615685832,0.793601566324,0.325580129774,0.498544573717,1.42441306776,1.32266927721,1.17005359138,1.18022797043,0.722380912936
A[T>C]T,0.833206374969,0.433267314984,0.177750693327,0.272180749157,0.777659283305,0.72211219164,0.638791554143,0.64434626331,0.394384350819
C[T>C]A,0.593621558721,0.308683210535,0.12663926586,0.193916375849,0.554046788139,0.514472017558,0.455109861686,0.459067338744,0.280980871128
C[T>C]C,0.74765271728,0.388779412985,0.159499246353,0.244233220978,0.697809202794,0.647965688309,0.573200416581,0.57818476803,0.353888952846
C[T>C]G,1.43877503458,0.74816301798,0.306938674043,0.469999844628,1.34285669894,1.2469383633,1.10306085984,1.11265269341,0.681020183033
C[T>C]T,0.708356402517,0.368345329309,0.151116032537,0.231396424822,0.661132642349,0.613908882181,0.54307324193,0.547795617946,0.335288697191
G[T>C]A,0.640575434747,0.333099226068,0.136656092746,0.209254642017,0.597870405764,0.55516537678,0.491107833306,0.495378336204,0.30320570578
G[T>C]C,0.661323795342,0.343888373578,0.141082409673,0.216032439812,0.61723554232,0.573147289297,0.507014909763,0.511423735065,0.313026596462
G[T>C]G,0.925218328683,0.481113530915,0.197379910119,0.30223798737,0.863537106771,0.801855884858,0.70933405199,0.715502174181,0.437936675577
G[T>C]T,0.902404822781,0.469250507846,0.19251302886,0.294785575442,0.842244501262,0.782084179743,0.691843697465,0.697859729617,0.427138282783
T[T>C]A,0.577099279286,0.300091625229,0.123114512914,0.1885190979,0.538625994,0.500152708715,0.442442780786,0.446290109315,0.273160325529
T[T>C]C,0.812692255152,0.422599972679,0.173374347766,0.265479470016,0.758512771475,0.704333287799,0.623064062283,0.628482010651,0.384674334105
T[T>C]G,0.792055576395,0.411868899725,0.168971856298,0.258738154956,0.739251871302,0.686448166209,0.607242608569,0.612522979079,0.37490630616
T[T>C]T,0.563309239796,0.292920804694,0.120172637823,0.184014351667,0.525755290477,0.488201341157,0.431870417177,0.435625812109,0.26663304017
A[T>G]A,0.254580405216,0.132381810712,0.054310486446,0.0831629323705,0.237608378201,0.220636351187,0.195178310665,0.196875513367,0.120501391802
A[T>G]C,0.11749253276,0.0610961170352,0.0250650736555,0.0383808940349,0.109659697243,0.101826861725,0.0900776084494,0.0908608920011,0.0556131321731
A[T>G]G,0.395030716868,0.205415972771,0.0842732195985,0.12904336751,0.368695335743,0.342359954619,0.302856882932,0.305490421044,0.186981205984
A[T>G]T,0.446254757532,0.232052473917,0.0952010149402,0.145776554127,0.416504440363,0.386754123195,0.342128647441,0.345103679158,0.211227251899
C[T>G]A,0.179462355739,0.0933204249844,0.0382853025577,0.0586243695415,0.16749819869,0.155534041641,0.137587806067,0.138784221772,0.0849455150499
C[T>G]C,0.437490126074,0.227494865559,0.0933312268959,0.142913441184,0.408324117669,0.379158109264,0.335409096657,0.338325697498,0.207078659675
C[T>G]G,0.669980495172,0.34838985749,0.142929172303,0.21886029509,0.625315128828,0.580649762483,0.513651712965,0.5181182496,0.317124101048
C[T>G]T,0.605374877593,0.314794936348,0.129146640553,0.197755793347,0.56501655242,0.524658227247,0.464120739488,0.468156572005,0.286544108727
G[T>G]A,0.170923003531,0.0888799618359,0.0364635740865,0.05583484782,0.159528136628,0.148133269726,0.131040969373,0.132180456064,0.0809035550044
G[T>G]C,0.192822778757,0.100267844954,0.0411355261348,0.0629887743939,0.17996792684,0.167113074923,0.147830797047,0.149116282239,0.0912694486115
G[T>G]G,0.564692368677,0.293640031712,0.120467705318,0.184466173768,0.527046210765,0.489400052854,0.432930815986,0.436695431777,0.267287721174
G[T>G]T,0.471566399226,0.245214527597,0.100600831835,0.154045023747,0.440128639277,0.408690879329,0.361534239406,0.364678015401,0.223208095634
T[T>G]A,0.432355707762,0.224824968036,0.0922358843225,0.141236197869,0.403531993911,0.37470828006,0.331472709284,0.334355080669,0.204648368341
T[T>G]C,0.302858221617,0.157486275241,0.0646097539449,0.0989336857281,0.282667673509,0.262477125401,0.232191303239,0.23421035805,0.143352891565
T[T>G]G,0.492163370598,0.255924952711,0.104994852394,0.160773367729,0.459352479225,0.426541587852,0.377325250792,0.380606339929,0.23295732875
T[T>G]T,0.496933457089,0.258405397686,0.106012470846,0.162331595982,0.463804559949,0.43067566281,0.380982317101,0.384295206815,0.235215169689
