,1,3,2,5,4,7,6,9,8
A[C>A]A,2.31048166064,1.04098624271,1.54878440988,0.409396282312,3.23457039895,0.378946759721,1.43452982227,1.09176605943,1.6630389975
A[C>A]C,0.954616508368,0.430101943331,0.639907769346,0.285599821809,2.56078199853,0.286876910992,0.592701458492,0.451082525932,0.687114080199
A[C>A]G,0.210103724765,0.0946621177514,0.140838760557,0.0785011399165,0.907200671438,0.040298747113,0.130449015926,0.0992797820319,0.151228505188
A[C>A]T,2.16579632605,0.975798344704,1.45179753724,0.283074508838,1.57046618501,0.5418090258,1.34469771892,1.02339826396,1.55889735556
C[C>A]A,4.09819627677,1.84644008074,2.74714255915,0.692401307645,2.80611743523,0.688745649812,2.54448450151,1.93651032858,2.94980061679
C[C>A]C,1.6209877742,0.730335151014,1.08659620029,0.567180247921,1.65934665805,0.500098950655,1.0064374642,0.765961255942,1.16675493638
C[C>A]G,0.81937837348,0.369170475963,0.54925363497,0.142080070516,0.80750163248,0.1584199009,0.508734924194,0.387178791864,0.589772345747
C[C>A]T,6.35421425781,2.86288774253,4.25941834864,0.475131957192,2.79677471736,1.6773342936,3.94519896227,3.00254080314,4.57363773502
G[C>A]A,5.32668829202,2.39993648322,3.57063720674,0.306471285272,3.66639617671,0.518648836052,3.30722954395,2.51700655557,3.83404486953
G[C>A]C,1.70937338826,0.770157240864,1.14584369982,0.334029812933,3.88535822577,0.335159755655,1.06131424656,0.807725886759,1.23037315309
G[C>A]G,0.635631290121,0.286383328516,0.426082513158,0.0740588841743,1.05593340751,0.0824016520302,0.394650196613,0.30035324698,0.457514829702
G[C>A]T,5.76635174254,2.59802660927,3.86535666258,0.294970343332,3.15759521485,0.931295804538,3.58020740059,2.7247596146,4.15050592457
T[C>A]A,3.03989701215,1.36962392855,2.03773316199,0.875538388811,1.87038862524,1.11656361491,1.88740858447,1.4364348519,2.18805773952
T[C>A]C,2.75283809424,1.24028969081,1.84530905218,0.688095899633,2.07333507538,0.658925830116,1.70917969588,1.30079162695,1.98143840849
T[C>A]G,0.734519362039,0.330937294984,0.492370121806,0.121212254965,0.657070592026,0.156585965386,0.456047735771,0.347080577667,0.528692507841
T[C>A]T,6.83376013634,3.07894687461,4.5808721793,0.539854328771,5.52724149254,6.26254436197,4.24293898575,3.22913940508,4.91880537286
A[C>G]A,0.241752700396,0.108921546332,0.162054007958,0.261784048302,0.661667457386,0.142878675158,0.150099204092,0.114234792495,0.174008811824
A[C>G]C,0.217310194121,0.0979089885602,0.145669470785,0.120133323605,0.314619051754,0.0748407027471,0.134923362284,0.102685036783,0.156415579285
A[C>G]G,0.104116698613,0.0469097213533,0.0697925122573,0.0218747675856,0.0657539080147,0.0241812833319,0.0646438843039,0.0491980004437,0.0749411402107
A[C>G]T,0.307268679942,0.138439734919,0.205971312928,0.240269555869,0.39577517442,0.144582371551,0.190776707876,0.14519289272,0.22116591798
C[C>G]A,0.196855525755,0.0886931489665,0.131958099682,0.200499357497,0.347873460095,0.0829923034087,0.122223485771,0.093019644038,0.141692713593
C[C>G]C,0.295510934899,0.13314228935,0.198089747569,0.139843184831,0.277837951035,0.114900825738,0.18347656947,0.139637035172,0.212702925669
C[C>G]G,0.242616074321,0.10931053898,0.162632753117,0.0207688065602,0.120371730554,0.0562226076352,0.150635254936,0.114642760394,0.174630251297
C[C>G]T,0.413380494018,0.186248354448,0.277101210276,0.242309893685,0.290979477287,0.163548244873,0.256659317714,0.19533364003,0.297543102837
G[C>G]A,0.135316169108,0.0609666256419,0.0907064430282,0.117073994544,0.17609076429,0.0640659196388,0.0840149841163,0.0639406073805,0.0973979019401
G[C>G]C,0.121631233703,0.0548008855143,0.0815330247896,0.107104473145,0.23617437213,0.0611605942772,0.0755182934527,0.0574740994418,0.0875477561265
G[C>G]G,0.0528626395812,0.0238172332179,0.0354353957632,0.00982766222028,0.0680398452291,0.0173550496939,0.0328213091905,0.0249790494724,0.0380494823359
G[C>G]T,0.186471161421,0.0840144793214,0.124997152161,0.138458710241,0.376399653602,0.0795222664325,0.115776050772,0.0881127466054,0.13421825355
T[C>G]A,0.1833600447,0.0826127673922,0.122911678315,3.20043972011,0.262629364509,0.0519990244686,0.113844423357,0.0866426584845,0.131978933273
T[C>G]C,0.439369216352,0.197957559016,0.29452222195,0.881422740681,0.264424376962,0.123284847958,0.27279517279,0.207614025309,0.316249271111
T[C>G]G,0.081771101151,0.0368419246944,0.0548135952771,0.113481455076,0.0462773276166,0.0301445683011,0.050769969396,0.0386390917527,0.0588572211582
T[C>G]T,0.396106111246,0.178465390781,0.265521678967,3.78564977793,0.425803743471,0.148712155403,0.245934014125,0.1871710196,0.285109343809
A[C>T]A,2.44008239073,1.09937778044,1.63565962455,0.658434729517,0.824067489949,0.740738720458,1.51499620963,1.15300596485,1.75632303948
A[C>T]C,3.58633528286,1.61582139118,2.40402694785,0.352555745643,0.882105115944,0.73996235188,2.2266806976,1.69464194684,2.5813731981
A[C>T]G,4.4582599369,2.00866656498,2.98850391375,0.327056274976,2.16533647132,1.03501341747,2.76804051027,2.10665029985,3.20896731722
A[C>T]T,2.57209964012,1.15885807961,1.72415470381,0.373916771321,0.677876121487,0.59471939838,1.59696296337,1.21538774203,1.85134644426
C[C>T]A,2.7135586328,1.22259235104,1.81897886375,0.918596756139,0.893234889579,1.38793896515,1.68479189839,1.28223100231,1.95316582911
C[C>T]C,4.7718749254,2.14996562573,3.19872934559,0.513345387006,0.720076385437,1.64008218282,2.96275750862,2.25484199771,3.43470118256
C[C>T]G,3.49476070484,1.57456251537,2.34264179115,0.397247135906,1.55467022121,1.05562751679,2.1698239541,1.65137044294,2.51545962821
C[C>T]T,3.96237565968,1.78524617634,2.65609796967,0.974652408187,0.541776139573,1.60314525264,2.46015631617,1.87233135567,2.85203962317
G[C>T]A,3.59495958878,1.61970706747,2.409808076,0.859857303799,1.33464416987,0.925017510635,2.23203534908,1.69871716833,2.58758080291
G[C>T]C,6.00659419151,2.70626771266,4.0263983042,1.12188689019,1.22530913591,1.4326585467,3.7293689211,2.83828077181,4.32342768729
G[C>T]G,6.34288057958,2.85778136003,4.25182104785,0.874508650677,2.16081880718,1.42980997216,3.93816211809,2.99718532881,4.56547997761
G[C>T]T,4.34090301357,1.95579146765,2.90983608602,0.916813709184,1.14706476906,1.3888456093,2.69517604689,2.05119592949,3.12449612515
T[C>T]A,2.23729891236,1.00801379568,1.49972784235,2.23087870141,1.1645734879,1.40251808393,1.38909218185,1.05718520035,1.61036350285
T[C>T]C,4.312930066,1.94318827149,2.8910849893,0.769685158309,0.869527853016,2.99940868436,2.67780822779,2.03797794327,3.1043617508
T[C>T]G,2.19110655456,0.987201854254,1.46876373438,0.244555165599,3.31735326247,4.65963707554,1.36041231135,1.03535804227,1.57711515741
T[C>T]T,3.13061941958,1.41049885937,2.09854708345,0.950400148605,1.3714126129,1.76478337349,1.94373623303,1.47930368178,2.25335793387
A[T>A]A,2.10664018548,0.949145578075,1.41214342104,0.373546371428,0.231139801065,2.01274523737,1.30796890637,0.995445362372,1.51631793571
A[T>A]C,0.674074119448,0.303703724147,0.451851882267,0.460654467753,0.369419178839,0.579501130931,0.41851854669,0.318518539959,0.485185217844
A[T>A]G,2.86903348623,1.29264146083,1.92319827099,0.304569828113,0.415474960806,2.73760509539,1.7813229887,1.35569714184,2.06507355327
A[T>A]T,0.942845832,0.424798671561,0.632017535736,0.354202610463,0.403938513732,0.773543350176,0.585393291297,0.445520557978,0.678641780176
C[T>A]A,3.35961032635,1.5136705866,2.2520464825,0.196156983694,0.357870543883,3.39550133145,2.08591190592,1.58750817619,2.41818105908
C[T>A]C,2.67106875253,1.20344855883,1.79049663631,0.485342510558,0.348343209334,2.28410442585,1.65841081888,1.26215336658,1.92258245374
C[T>A]G,8.47622349088,3.81895783655,5.68186409828,0.412656860868,0.770477535719,8.31426218575,5.26271018939,4.00524846272,6.10101800717
C[T>A]T,3.53243886496,1.59153838971,2.36789857981,0.35169342957,0.43826239665,2.55397080559,2.19321753704,1.66917440872,2.54257962258
G[T>A]A,2.12809141995,0.958810419977,1.42652281997,0.137117475514,0.301075169778,2.12058191047,1.32128752997,1.00558165998,1.53175810996
G[T>A]C,0.653379262635,0.294379667781,0.437979505722,0.260152183307,0.185181053596,0.450420988228,0.405669542185,0.308739651575,0.470289469259
G[T>A]G,2.10942859851,0.95040189603,1.41401257702,0.183763164067,0.230489506957,2.00471707746,1.3097001738,0.996762964129,1.51832498024
G[T>A]T,0.759821825369,0.342337305936,0.509331113709,0.203116341782,0.152823045911,0.515061460203,0.47175750696,0.359036686713,0.546904720458
T[T>A]A,1.8486439656,0.832905522962,1.23920090002,0.321828263793,0.203659304998,1.69052374746,1.14778444018,0.873535060668,1.33061735985
T[T>A]C,1.30729901608,0.589002853398,0.87632131847,0.631729863605,0.333937115995,1.17791449357,0.811674663829,0.617734699905,0.940967973111
T[T>A]G,2.7961788687,1.25981685293,1.87436165924,0.254104265743,0.361734473969,2.77895860993,1.73608907782,1.32127133356,2.01263424065
T[T>A]T,1.27916546584,0.576327297796,0.857462565014,0.469550395975,0.226789733352,1.19484501207,0.79420712989,0.604440824518,0.920718000138
A[T>C]A,1.53403421021,0.691158270535,1.02830864641,2.13591887337,1.23128238837,1.33981121027,0.952449811835,0.724873308122,1.10416748098
A[T>C]C,0.705538063364,0.31787978679,0.47294309742,1.42543015492,0.747740830232,0.481608286394,0.438053852528,0.333386117853,0.507832342312
A[T>C]G,0.909100749394,0.409594843134,0.609397205638,2.16487338369,1.40842832458,0.866598406923,0.564441674074,0.429575079384,0.654352737201
A[T>C]T,0.92798158439,0.418101592967,0.622053589536,1.19645004446,0.970390546977,0.637619563924,0.576164390308,0.438496792624,0.667942788764
C[T>C]A,0.538522909905,0.242631201166,0.360987884661,1.40667059169,0.551924582851,0.517436755512,0.334357630875,0.254466869515,0.387618138448
C[T>C]C,1.68725071639,0.760189883211,1.13101421648,1.68536152306,0.622608725682,0.584890307275,1.0475787415,0.797272316538,1.21444969147
C[T>C]G,1.30233826183,0.586767788298,0.872995977712,1.86539641723,1.05894701667,0.74952222307,0.808594635094,0.61539060724,0.93739732033
C[T>C]T,3.367577845,1.51726034775,2.25738734665,1.46603892036,0.620142674662,0.508709480527,2.0908587719,1.59127304764,2.4239159214
G[T>C]A,0.763284908912,0.343897596323,0.511652521359,2.98586289985,1.53935350744,0.668663187543,0.473907663226,0.360673088827,0.549397379492
G[T>C]C,1.20934230543,0.544868511239,0.810658028917,1.59131682122,0.994701405737,0.46846636288,0.750855387439,0.571447463007,0.870460670394
G[T>C]G,0.914716854932,0.412125176398,0.613161847811,2.09512690191,0.90904990144,0.582106224416,0.567928596743,0.432228843539,0.658395098879
G[T>C]T,1.05032534479,0.473223506994,0.704064242113,2.10146670819,1.32416418834,0.692436386747,0.652125076712,0.496307580506,0.756003407515
T[T>C]A,0.558664180277,0.251705839466,0.37448917579,2.26427588187,0.922697686182,0.643176767135,0.346862925117,0.263984173098,0.402115426463
T[T>C]C,0.991206125161,0.446587375073,0.664434875108,1.59766647713,0.828078734375,0.638182604512,0.6154191876,0.468372125076,0.713450562616
T[T>C]G,0.609262638474,0.274502947005,0.408406823593,1.44331398536,0.484547951589,0.565047030303,0.37827845136,0.287893334664,0.438535195825
T[T>C]T,0.543186831212,0.244732528348,0.364114249494,1.68253655238,0.63085080734,0.549727060319,0.337253362236,0.256670700463,0.390975136752
A[T>G]A,0.12776358671,0.0575638137925,0.0856437229596,0.065112056754,0.0405349704062,0.131845073464,0.079325743397,0.0603718047092,0.0919617025222
A[T>G]C,0.348134626477,0.156851864676,0.233364969397,0.0622118337521,0.107934534747,0.170187993567,0.216149520835,0.164503175148,0.250580417959
A[T>G]G,0.317269099951,0.142945418659,0.212674891176,0.119650044179,0.250893135069,0.168328510582,0.196985759859,0.149918365911,0.228364022492
A[T>G]T,1.17874846835,0.531084474749,0.790150072188,0.168649846993,0.405135163466,0.634722314547,0.731860312764,0.556991034493,0.848439831612
C[T>G]A,0.0552016430202,0.0248710699322,0.0370032991674,0.0624311365303,0.10743807333,0.135166624984,0.0342735475895,0.0260842928557,0.0397330507453
C[T>G]C,0.830929097882,0.374374648496,0.55699642825,0.233634332692,0.216515782296,0.294619115111,0.515906527806,0.392636826472,0.598086328695
C[T>G]G,0.823754261711,0.371142030001,0.552186922685,0.232501351053,0.351147978291,0.426782708403,0.511451821831,0.38924651927,0.592922023539
C[T>G]T,7.93825531681,3.57657657131,5.32124806951,0.330351784633,0.913456523587,0.987482639005,4.92869698241,3.75104372113,5.7137991566
G[T>G]A,0.0520768326118,0.0234631883196,0.0349086460365,0.0151597816321,0.0375579690633,0.0157541379095,0.0323334180502,0.0246077340913,0.0374838740228
G[T>G]C,0.358299681059,0.161431724433,0.240178907084,0.0433425733928,0.11164146286,0.0649010269242,0.222460790987,0.169306442698,0.25789702318
G[T>G]G,0.663658340578,0.2990109007,0.444869876651,0.121551603877,0.328277541575,0.206564290471,0.412051607062,0.313596798295,0.47768814624
G[T>G]T,2.16533457551,0.975590303251,1.45148801215,0.234842733182,0.563083378963,0.258542896507,1.34441102765,1.02318007414,1.55856499666
T[T>G]A,0.119493260712,0.053837622958,0.0800998780594,0.106850769392,0.130288548302,0.253379378688,0.0741908706616,0.0564638484681,0.0860088854572
T[T>G]C,0.49675592668,0.223813109823,0.332990236565,0.144933632655,0.238562395904,0.350913205542,0.308425383048,0.234730822497,0.357555090083
T[T>G]G,0.329786496737,0.148585124903,0.221065673637,0.0933368814785,0.194629772138,0.252496781345,0.204757550172,0.155833179777,0.237373797102
T[T>G]T,1.96308907654,0.884468704813,1.3159168535,0.204619542445,1.41073485471,2.0551004217,1.21884102005,0.927613519682,1.41299268696
