,1,3,2,5,4,7,6,9,8
A[C>A]A,1.77635334003,1.02599718778,1.71509977658,2.31232202021,2.61858983746,1.57727925882,2.18981489331,1.34757839589,1.25569805071
A[C>A]C,1.56706355915,0.905114297098,1.5130268847,2.03988446062,2.31006783289,1.39144436718,1.93181111172,1.18880683798,1.1077518263
A[C>A]G,0.133541670633,0.0771318270037,0.128936785439,0.173834416083,0.196858842054,0.118575793752,0.164624645695,0.101307474274,0.0944001464822
A[C>A]T,1.80474661264,1.0423967504,1.74251397082,2.34928222852,2.6604454376,1.60249052674,2.22481694489,1.36911811993,1.27576915721
C[C>A]A,1.76281313082,1.0181765497,1.70202647114,2.29469640305,2.59862970147,1.56525648685,2.17312308369,1.33730651304,1.24612652351
C[C>A]C,1.33269813303,0.769748059594,1.28674302499,1.73480532834,1.96458086852,1.18334403191,1.64289511227,1.01101237678,0.942079714727
C[C>A]G,0.126483564942,0.0730551625093,0.122122062702,0.164646709536,0.186454220733,0.112308682664,0.155923705057,0.095953049266,0.0894107959069
C[C>A]T,2.29230685843,1.3240048234,2.21326179434,2.98395116916,3.37917648958,2.03541040015,2.82586104099,1.73899140984,1.62042381371
G[C>A]A,1.34337153816,0.775912871177,1.29704838167,1.74869915743,1.98031493987,1.19282127957,1.65605284445,1.01910944274,0.949624708008
G[C>A]C,0.930799633879,0.537617029913,0.89870309478,1.211644351,1.37212704649,0.826485881806,1.1474512728,0.706123860184,0.657979051535
G[C>A]G,0.0761349534533,0.0439744989773,0.0735096102307,0.0991067066504,0.112233422763,0.0676025879801,0.0938560202053,0.0577575508956,0.0538195360618
G[C>A]T,1.59523801327,0.921387473181,1.54022980591,2.07655982762,2.35160086439,1.41646133937,1.96654341291,1.21018056179,1.12766825076
T[C>A]A,1.90736232197,1.10166616873,1.84159120742,2.48285957429,2.81171514705,1.69360619968,2.35131734519,1.44696452012,1.34830784829
T[C>A]C,1.22071996496,0.705071014242,1.17862617306,1.58904064404,1.79950960351,1.0839151413,1.50485306025,0.926063421691,0.862922733849
T[C>A]G,0.16149960055,0.093279941697,0.155930648807,0.210227928302,0.238072687018,0.143400507385,0.199090024816,0.122516938348,0.114163510734
T[C>A]T,6.13155865691,3.54150370701,5.92012559978,7.98159790684,9.03876319252,5.44440122122,7.55873179257,4.65152725697,4.33437767126
A[C>G]A,0.415165465462,0.239793846431,0.400849414929,0.540430907627,0.612011160293,0.368638301229,0.511798806561,0.31495311173,0.29347903593
A[C>G]C,0.221423439469,0.127891124521,0.213788148453,0.288232235861,0.326408690942,0.196608743667,0.272961653829,0.167976402356,0.156523465832
A[C>G]G,0.0301940497402,0.0174396666603,0.0291528756113,0.0393043233688,0.0445101940136,0.0268102338211,0.0372219751108,0.0229058308374,0.021344069644
A[C>G]T,0.430950863048,0.248911274346,0.41609048846,0.560979140691,0.635281013631,0.382654645637,0.531258391516,0.326928240933,0.304637679051
C[C>G]A,0.323289870282,0.186727769904,0.31214194372,0.420834227694,0.476573860502,0.287059108957,0.398538374572,0.245254384352,0.22853249451
C[C>G]C,0.303813405707,0.175478432607,0.293337081372,0.395481243636,0.44786286531,0.269765351619,0.374528594967,0.230479135364,0.214764648862
C[C>G]G,0.0568523370893,0.0328371257326,0.0548919116724,0.0740060594869,0.0838081865713,0.0504809544844,0.0700852086532,0.0431293591712,0.0401887210459
C[C>G]T,0.386915730961,0.223477189434,0.373573809204,0.503657546337,0.570367155124,0.34355448525,0.476973702823,0.29352227866,0.273509396024
G[C>G]A,0.186219971858,0.107558087194,0.179798593518,0.242407032333,0.274513924033,0.165350492254,0.229564275653,0.141270323479,0.131638255969
G[C>G]C,0.195991742081,0.113202126892,0.189233406147,0.255127181502,0.288918861172,0.174027150296,0.241610509635,0.148683390544,0.138545886644
G[C>G]G,0.0159994562075,0.00924106522331,0.015447750821,0.0208268783391,0.0235854052714,0.0142064137015,0.0197234675662,0.0121375185023,0.0113099604226
G[C>G]T,0.29637845798,0.17118410935,0.286158511153,0.385802992715,0.43690272685,0.263163630792,0.365363099061,0.224838830192,0.209508909951
T[C>G]A,0.229847727145,0.132756876885,0.22192194345,0.299198334473,0.338827252946,0.204088930137,0.283346767083,0.174367241282,0.16247856574
T[C>G]C,0.252717845576,0.145966341841,0.244003437108,0.328968919673,0.372540962013,0.224396018055,0.311540102736,0.191716986299,0.178645373597
T[C>G]G,0.0128899260156,0.00744504347455,0.0124454458082,0.0167791278307,0.0190015288679,0.0114453653415,0.0158901674158,0.00977856456359,0.00911184425244
T[C>G]T,0.345045852946,0.199293725409,0.333147720086,0.449154515473,0.508645179774,0.306376921151,0.425358249753,0.261758922925,0.243911723634
A[C>T]A,1.12828722493,0.651683138537,1.0893807689,1.46871871521,1.66325099537,1.00184124282,1.39090580315,0.855942032705,0.797582348657
A[C>T]C,1.22633358895,0.708313366033,1.18404622382,1.5963480339,1.80778485958,1.08889965226,1.51177330362,0.930322032999,0.866890985294
A[C>T]G,1.53392304516,0.885972793323,1.48102914705,1.99674465361,2.26121414415,1.3620178763,1.89095685739,1.16366575839,1.08432491123
A[C>T]T,1.35333935776,0.781670146294,1.30667248336,1.76167450881,1.99500888084,1.20167201594,1.66834076,1.02667123692,0.956670925315
C[C>T]A,2.95732850237,1.70811215223,2.85535165746,3.84962589532,4.35951011987,2.62590375641,3.6456722055,2.243490588,2.09052532064
C[C>T]C,3.7316959298,2.15537609738,3.6030167598,4.85763866723,5.5010345172,3.31348862732,4.60028032725,2.83094173985,2.63792298486
C[C>T]G,1.63077681005,0.94191419201,1.57454312694,2.12282153722,2.40398995274,1.44801733996,2.01035417101,1.23714102831,1.15279050365
C[C>T]T,3.75238835444,2.16732775644,3.62299565256,4.88457449587,5.53153800525,3.33186207334,4.62578909211,2.8466394413,2.65255038848
G[C>T]A,0.709320198435,0.409693562889,0.684860881248,0.923339223825,1.04563580976,0.629827417576,0.874420589451,0.538104978123,0.501416002342
G[C>T]C,1.88086973194,1.08636441414,1.81601215497,2.44837353037,2.77266141518,1.67008260681,2.31865837644,1.42686669319,1.32958032775
G[C>T]G,1.79973851326,1.03950414128,1.73767856453,2.34276306468,2.65306280835,1.59804367988,2.21864316721,1.36531887213,1.27222894903
G[C>T]T,1.65988000832,0.958723797912,1.60264276666,2.16070587291,2.44689208124,1.47385897291,2.04623138957,1.25921931666,1.17336345416
T[C>T]A,4.54610843985,2.62576952992,4.38934607986,5.91777908981,6.70159088979,4.03663076987,5.60425436982,3.44877191989,3.2136283799
T[C>T]C,10.1349724529,5.85382029605,9.78549064414,13.1929382792,14.9403473228,8.99915657452,12.4939746617,7.68859979182,7.16437707875
T[C>T]G,6.32554985597,3.65355034785,6.10742744715,8.23412093321,9.32473297734,5.61665202729,7.79787611556,4.79869299419,4.47150938095
T[C>T]T,4.04596302493,2.33689243681,3.90644705855,5.26672773073,5.96430756261,3.59253613421,4.98769579798,3.06935126029,2.86007731073
A[T>A]A,1.12662951006,0.650725665292,1.08778021661,1.46656082775,1.660807295,1.00036930634,1.38886224085,0.854684455906,0.796410515731
A[T>A]C,0.832985770473,0.481121091567,0.804262123216,1.08431768398,1.22793592027,0.739633916886,1.02687038946,0.631920239669,0.588834768783
A[T>A]G,0.713819429467,0.412292256675,0.689204966382,0.929195981462,1.05226829689,0.633822424441,0.879967055292,0.541518187872,0.504596493244
A[T>A]T,1.3264320733,0.766128869922,1.28069303629,1.72664864714,1.95534383219,1.17778020302,1.63517057312,1.00625881423,0.937650258711
C[T>A]A,1.42615896702,0.823729748191,1.3769810716,1.85646555189,2.10235502897,1.26633080692,1.75810976106,1.08191369912,1.008146856
C[T>A]C,0.951534653589,0.549593291297,0.91872311381,1.23863562665,1.40269332555,0.844897149308,1.1730125471,0.721853875137,0.672636565468
C[T>A]G,0.808431053882,0.466938625949,0.780554120989,1.05235421669,1.19173888115,0.717831021981,0.996600350906,0.613292523634,0.571477124296
C[T>A]T,1.29109215008,0.745717017717,1.24657173111,1.68064581605,1.90324791089,1.14640078843,1.59160497811,0.979449217299,0.912668588847
G[T>A]A,0.664390004174,0.383742502411,0.64148000403,0.864852505433,0.979402506152,0.589932503706,0.819032505145,0.504020003166,0.46965500295
G[T>A]C,0.487228386725,0.281416395781,0.470427407873,0.634236951686,0.718241845949,0.432625205455,0.600634993981,0.369621534757,0.344420066478
G[T>A]G,0.460987072379,0.266259774564,0.445090966435,0.60007799939,0.679558529111,0.409324728061,0.568285787502,0.34971433077,0.325870171854
G[T>A]T,0.878104822463,0.507181233664,0.847825345827,1.14305024303,1.29444762622,0.779696523394,1.08249128976,0.666148486007,0.620729271052
T[T>A]A,0.958027149038,0.553343267117,0.924991730106,1.2470870647,1.41226415936,0.850662037508,1.18101622683,0.726779216512,0.677226088113
T[T>A]C,0.727876338708,0.420411333564,0.702777154615,0.947494199525,1.07299011999,0.646303990405,0.897295831339,0.552182050054,0.514533273914
T[T>A]G,0.468551622105,0.270628954147,0.452394669618,0.60992495636,0.690709718792,0.416041526524,0.577611051388,0.3554529547,0.33121752597
T[T>A]T,1.51542943745,0.875291140594,1.46317324995,1.97267107806,2.23395201555,1.34559682808,1.86815870306,1.14963612496,1.07125184371
A[T>C]A,1.45121857422,0.838203831661,1.40117655442,1.88908624748,2.13929634648,1.28858200987,1.78900220787,1.10092443561,1.02586140591
A[T>C]C,0.842076668306,0.486371868763,0.813039541813,1.09615152512,1.24133715759,0.747706007203,1.03807727214,0.638816782853,0.595261093113
A[T>C]G,1.1388652842,0.657792879666,1.0995940675,1.48248843029,1.67884451377,1.01123382993,1.4039459969,0.863966767322,0.805059942278
A[T>C]T,1.48408839635,0.857188987549,1.43291293441,1.93187368836,2.18775099807,1.31776814504,1.82952276447,1.12586016275,1.04909696984
C[T>C]A,0.737989566392,0.426252594382,0.71254165031,0.960658832114,1.08789841253,0.655283839124,0.909762999949,0.559854153815,0.521682279691
C[T>C]C,0.977502277693,0.564591832805,0.9437953026,1.27243830975,1.44097318522,0.867954608641,1.20502435957,0.741553452043,0.690992989403
C[T>C]G,0.88405956357,0.510620609993,0.853574751033,1.15080167327,1.30322573595,0.784983922825,1.08983204819,0.670665875812,0.624938657006
C[T>C]T,1.15178448331,0.66525483088,1.11206777699,1.49930566363,1.69788919523,1.02270518777,1.41987225098,0.873767539066,0.814192479584
G[T>C]A,1.81601150883,1.04890319907,1.75339042232,2.36394601581,2.67705144836,1.61249297767,2.23870384278,1.37766390325,1.28373227348
G[T>C]C,1.18911361993,0.686815625305,1.148109702,1.54789790181,1.75291749145,1.05585088666,1.46589006595,0.90208619443,0.840580317537
G[T>C]G,1.26957169661,0.73328710063,1.22579336225,1.65263212232,1.87152379415,1.12729210992,1.56507545358,0.963123356051,0.897455854503
G[T>C]T,1.84111239429,1.06340112429,1.77762576,2.39662044429,2.71405361572,1.63478083286,2.26964717572,1.39670595429,1.30147600286
T[T>C]A,1.02695652173,0.593155922033,0.991544227877,1.33681409294,1.5138755622,0.911866566708,1.26598950524,0.77907046476,0.725952023981
T[T>C]C,1.02721731552,0.593306552927,0.991796028773,1.33715357451,1.51426000822,0.912098133604,1.26631100102,0.779268308322,0.726136378209
T[T>C]G,0.679141724529,0.392262892616,0.655723044373,0.884055175896,1.00114857668,0.603031014022,0.837217815584,0.515210963436,0.480082943202
T[T>C]T,1.21983012594,0.704557055499,1.17776701815,1.58788231911,1.79819785806,1.08312502562,1.50375610353,0.925388371401,0.862293709715
A[T>G]A,0.307503991892,0.177610064282,0.296900405964,0.400285368756,0.453303298392,0.273042337628,0.379078196901,0.233278890401,0.21737351151
A[T>G]C,0.141264163528,0.0815922323827,0.136392985476,0.183886971489,0.208242861753,0.125432834857,0.174144615384,0.107165917159,0.0998591500803
A[T>G]G,0.392065007963,0.226451340806,0.378545524929,0.510360484503,0.577957899669,0.348126688105,0.483321518437,0.29742862673,0.27714940218
A[T>G]T,0.430474750683,0.248636278412,0.415630793763,0.560359373733,0.634579158334,0.382231890692,0.530671459893,0.326567052242,0.304301116862
C[T>G]A,0.214807082173,0.124069607807,0.207399941408,0.279619563863,0.316655267686,0.190733874688,0.264805282334,0.162957096821,0.151846385674
C[T>G]C,0.22048107315,0.127346826733,0.212878277524,0.287005534876,0.325019513006,0.195771987366,0.271799943625,0.167261503769,0.15585731033
C[T>G]G,0.455130791519,0.262877267515,0.439436626295,0.592454737236,0.67092556336,0.404124754539,0.561066406787,0.345271634946,0.321730387109
C[T>G]T,0.770507068494,0.445034255078,0.743937859236,1.00298764951,1.1358336958,0.684157138404,0.949849230988,0.584522603685,0.544668789798
G[T>G]A,0.0681970589859,0.0393896806212,0.0658454362623,0.0887737578179,0.100531871436,0.060554285134,0.0840705123706,0.0517356999203,0.0482082658349
G[T>G]C,0.0725545984404,0.0419065353061,0.0700527157356,0.0944460721078,0.106955485632,0.0644234796497,0.0894423066981,0.0550414195065,0.0512885954493
G[T>G]G,0.393807592856,0.227457833805,0.380228020689,0.512628849322,0.580526710159,0.349673983312,0.485469704987,0.298750587684,0.278381229433
G[T>G]T,0.467626851554,0.270094819432,0.451501787708,0.608721160213,0.689346479447,0.415220394053,0.57647103252,0.354751404627,0.330563808857
T[T>G]A,0.326164849068,0.188388317996,0.314917785307,0.424576656976,0.480811975781,0.289611891845,0.402082529454,0.247435402741,0.2305648071
T[T>G]C,0.330506539312,0.190896018396,0.319109762095,0.430228339967,0.487212226055,0.293467013355,0.407434785532,0.250729098789,0.233633932962
T[T>G]G,0.369263645855,0.213281588554,0.356530416687,0.48067940107,0.544345546907,0.327880651061,0.455212942735,0.280131041683,0.261031197932
T[T>G]T,1.38256403889,0.798549919014,1.33488941686,1.79971698166,2.03809009181,1.22762151729,1.7043677376,1.04884168467,0.977329751629
