,1,3,2,5,4,7,6,9,8
A[C>A]A,1.83090784567,3.53235756084,3.68030970999,0.480844484722,1.23909924909,0.369880372863,1.73843775246,0.70277270844,2.49669251683
A[C>A]C,1.11976240367,2.16034968789,2.25083553869,0.294079015106,0.757819000464,0.226214627004,1.06320874692,0.429807791308,1.52694873228
A[C>A]G,0.219734712372,0.423932626899,0.441688967293,0.0577081062795,0.148709350797,0.0443908509842,0.208636999626,0.08434261687,0.299638244143
A[C>A]T,0.997986938893,1.92540914473,2.00605455394,0.262097579911,0.675405302079,0.201613523009,0.947583558141,0.383065693717,1.36089128031
C[C>A]A,2.35010207033,4.5340353074,4.72394254541,0.617198523521,1.5904731183,0.474768095016,2.23141004658,0.902059380531,3.20468464136
C[C>A]C,1.22459967263,2.36261148962,2.46156903893,0.321612035237,0.828769475418,0.247393873259,1.16275120432,0.470048359192,1.6699086445
C[C>A]G,0.457928913869,0.883479015646,0.920483372322,0.120264159198,0.309911487164,0.0925108916907,0.434801190946,0.175770694212,0.624448518912
C[C>A]T,2.07209486646,3.99767797468,4.16511998409,0.544186530584,1.40232682881,0.418605023526,1.96744361057,0.7953495447,2.8255839088
G[C>A]A,2.76320556218,5.33103295329,5.55432229165,0.725690349662,1.87004820875,0.558223345894,2.6236497257,1.0606243572,3.76800758479
G[C>A]C,1.1577551381,2.23364880178,2.32720477254,0.304056904955,0.783531255076,0.233889926888,1.09928265638,0.444390861088,1.5787570065
G[C>A]G,0.302342034563,0.583306349511,0.607738029071,0.0794029585721,0.20461531632,0.0610791989016,0.287072234838,0.116050477913,0.412284592586
G[C>A]T,1.97791339314,3.81597432415,3.97580570945,0.51945200224,1.33858785193,0.399578463262,1.87801877733,0.759199080197,2.69715462702
T[C>A]A,1.5836034839,3.05523500429,3.18320296259,0.415895864459,1.07173165072,0.319919895738,1.50362350997,0.607847801901,2.15945929623
T[C>A]C,1.31558152096,2.53814212629,2.64445174415,0.345506258029,0.890343049537,0.265774044638,1.2491380098,0.504970684812,1.79397480131
T[C>A]G,0.339187219408,0.654391504111,0.681800572346,0.0890794717638,0.229550946468,0.0685226705876,0.322056551762,0.130193074116,0.462528026466
T[C>A]T,2.81614833642,5.43317507329,5.66074261563,0.739594512595,1.90587816707,0.568918855842,2.67391862246,1.0809458261,3.84020227694
A[C>G]A,0.450805604002,0.869736064286,0.906164799963,0.11839339095,0.305090661294,0.0910718391923,0.428037644204,0.173036494465,0.614734914548
A[C>G]C,0.228686730361,0.441203691909,0.459683427696,0.060059141307,0.154767787214,0.0461993394669,0.217136895494,0.0877787449871,0.311845541401
A[C>G]G,0.0702631697509,0.13555823659,0.141236068489,0.0184529536719,0.0475518421546,0.0141945797476,0.0667145248139,0.0269697015205,0.0958134132966
A[C>G]T,0.380383869997,0.733871910801,0.764610001306,0.0998987941405,0.257431507977,0.0768452262619,0.361172563431,0.146005929898,0.518705277268
C[C>G]A,0.32466702974,0.626377804851,0.652613524426,0.0852660886185,0.21972415144,0.0655892989373,0.308269705005,0.124619667981,0.442727767827
C[C>G]C,0.278085656593,0.536508691002,0.558980259211,0.0730325966809,0.188199383755,0.0561789205237,0.264040926462,0.106739948995,0.379207713535
C[C>G]G,0.120673112842,0.232813783362,0.242565146016,0.0316919286252,0.0816676622265,0.0243784066348,0.114578511184,0.0463189726061,0.164554244785
C[C>G]T,0.309958267103,0.598000293097,0.623047425792,0.0814031812593,0.209769736322,0.0626178317379,0.294303809168,0.118973880302,0.422670364231
G[C>G]A,0.20776874436,0.400846769422,0.417636162906,0.0545655288218,0.140611170426,0.0419734837091,0.197275373433,0.0797496190473,0.283321015037
G[C>G]C,0.164882915321,0.318107442689,0.331431314635,0.0433025838216,0.11158742754,0.0333096798628,0.156555495355,0.0632883917393,0.224840339074
G[C>G]G,0.026927080961,0.0519502269046,0.0541261526388,0.00707175863623,0.0182233780241,0.00543981433556,0.0255671273771,0.0103356472376,0.036718746765
G[C>G]T,0.280867964501,0.541876577977,0.564572979149,0.0737633038084,0.190082359814,0.0567410029295,0.266682713769,0.107807905566,0.383001769774
T[C>G]A,0.40574626771,0.78280340538,0.815590982569,0.106559625863,0.274595958955,0.0819689429718,0.385254031967,0.155740991646,0.553290365059
T[C>G]C,0.355393434325,0.685658039959,0.714376701319,0.0933356494186,0.240518788886,0.0717966533989,0.337444270975,0.136413641458,0.484627410443
T[C>G]G,0.0650590542524,0.125517973356,0.130775270669,0.0170862162683,0.0440298649991,0.0131432432833,0.0617732434316,0.0249721622383,0.0887168921624
T[C>G]T,0.708569923746,1.36703894379,1.42429711945,0.186089070883,0.479537221121,0.143145439141,0.672783563961,0.271976334367,0.966231714199
A[C>T]A,1.22179760247,2.35720547547,2.45593659486,0.320876138022,0.826873124904,0.246827798479,1.16009065285,0.46897281711,1.66608763973
A[C>T]C,0.710733884807,1.37121385857,1.42864689976,0.186657383889,0.481001720021,0.143582602991,0.674838234059,0.272806945683,0.969182570191
A[C>T]G,1.43046675888,2.7597894035,2.87538267694,0.375678138696,0.968093665101,0.288983183612,1.35822096298,0.549068048863,1.95063648938
A[C>T]T,0.747073792837,1.44132418618,1.5016937856,0.196201198119,0.505595395152,0.150923998553,0.709342793198,0.28675559725,1.01873699023
C[C>T]A,1.00534325184,1.93960162728,2.02084148601,0.264029540886,0.680383816899,0.203099646836,0.954568340127,0.385889328988,1.37092261614
C[C>T]C,0.6124591326,1.18161307401,1.23110472108,0.160847853006,0.414492544285,0.123729117697,0.581526853175,0.235085323624,0.835171544454
C[C>T]G,1.18414607564,2.28456465098,2.38025322275,0.310987858249,0.801391788564,0.239221429422,1.12434071828,0.454520715902,1.6147446486
C[C>T]T,0.934811681053,1.80352556648,1.87906590434,0.245506098054,0.632650329602,0.188850844657,0.887598969889,0.358816604849,1.27474320144
G[C>T]A,1.16848662553,2.2543529846,2.34877614626,0.306875275391,0.790793978891,0.236057904147,1.10947214949,0.448510017879,1.59339085299
G[C>T]C,1.29365852229,2.49584623996,2.60038430237,0.339748702822,0.875506272658,0.261345156017,1.22832223328,0.496555796433,1.76407980312
G[C>T]G,1.49333892377,2.88108822667,3.00176207909,0.392190020384,1.01064351407,0.301684631065,1.417917766,0.573200799023,2.03637125969
G[C>T]T,1.08664689914,2.09646017915,2.18427002958,0.285382013916,0.735407497398,0.219524626089,1.03176574262,0.417096789569,1.4817912261
T[C>T]A,1.76987568301,3.41460864096,3.55762889817,0.464815835942,1.19779465416,0.357550643032,1.68048802225,0.679346221761,2.41346684047
T[C>T]C,0.854585614862,1.64874598423,1.71780340765,0.224436626125,0.578355921169,0.172643558558,0.811424725223,0.32802276126,1.16534402027
T[C>T]G,0.932251397173,1.79858602889,1.87391947512,0.244833700268,0.630917612228,0.18833361559,0.885167993275,0.357833869622,1.27125190524
T[C>T]T,1.2970510908,2.50239149841,2.60720370777,0.340639680412,0.877802253369,0.262030523394,1.23154345995,0.497857994448,1.76870603291
A[T>A]A,1.23652466713,2.3856182972,2.48553948242,0.324743851974,0.836839926241,0.249802963057,1.17407392637,0.474625629808,1.68617000064
A[T>A]C,0.514473854629,0.992570770042,1.03414441486,0.13511434566,0.348179275355,0.103934112046,0.488490326618,0.197474812888,0.701555256313
A[T>A]G,0.430947121408,0.831423234231,0.866247244042,0.113178031885,0.291651082165,0.0870600245268,0.409182115276,0.165414046601,0.587655165556
A[T>A]T,0.821042054334,1.58403063008,1.65037746275,0.215627206189,0.55565472364,0.165867081684,0.779575283913,0.315147455199,1.11960280136
C[T>A]A,2.14326185846,4.13497994916,4.30817282661,0.562876851718,1.45049034866,0.432982193629,2.03501631006,0.822666167895,2.922629807
C[T>A]C,1.09931104936,2.12089303462,2.20972625073,0.288707952357,0.743978184919,0.222083040274,1.04379028929,0.421957776521,1.49906052185
C[T>A]G,1.46617536252,2.82868176,2.94716057718,0.385056155812,0.992260093824,0.296197042932,1.39212610178,0.562774381572,1.99933003979
C[T>A]T,1.32950573234,2.56500600885,2.6724408155,0.349163121624,0.899766505723,0.268587016634,1.26235897818,0.510315331604,1.81296236228
G[T>A]A,1.18271247319,2.28179881191,2.37737153702,0.310611356595,0.800421572764,0.238931812765,1.12297952,0.453970444254,1.61278973617
G[T>A]C,0.359927306562,0.694405207609,0.723490242482,0.0945263633394,0.243587167067,0.0727125871841,0.341749159765,0.13815391565,0.490809963493
G[T>A]G,0.781356721545,1.50746599813,1.57060593523,0.205204795557,0.528796973167,0.157849842736,0.741894260861,0.299914701199,1.06548643847
G[T>A]T,0.652105855036,1.25810321527,1.3107986379,0.171260123545,0.441324164519,0.131738556573,0.619171215893,0.250303257489,0.889235256867
T[T>A]A,0.85100364352,1.64183531225,1.71060328344,0.223495906379,0.575931758746,0.171919927984,0.808023661524,0.326647863169,1.16045951389
T[T>A]C,0.612453519995,1.18160224565,1.23109343918,0.160846378989,0.414488745855,0.123727983837,0.581521524036,0.235083169291,0.835163890902
T[T>A]G,0.402352306026,0.776255459101,0.80876877676,0.105668282391,0.272299035392,0.0812832941467,0.38203148249,0.154438258879,0.54866223549
T[T>A]T,1.06566797222,2.05598568377,2.14210026739,0.279872396744,0.721209637764,0.215286459034,1.01184635746,0.409044272164,1.45318359848
A[T>C]A,1.30785637781,2.52323806224,2.6289234261,0.343477432556,0.885114922356,0.264213409658,1.24180302539,0.502005478351,1.78344051519
A[T>C]C,0.94158586673,1.816594955,1.89268270181,0.247285177121,0.637234879504,0.190219367016,0.894031024976,0.361416797331,1.28398072736
A[T>C]G,1.52743272712,2.94686516041,3.07029406765,0.401143948537,1.03371709815,0.308572268105,1.45028966009,0.5862873094,2.08286280971
A[T>C]T,1.0284345938,1.98415159006,2.06725741582,0.270093933726,0.696011290754,0.207764564404,0.9764934527,0.394752672368,1.40241080973
C[T>C]A,1.13504122427,2.18982700843,2.2815475114,0.298091634656,0.768159212383,0.229301257428,1.07771590991,0.435672389112,1.54778348764
C[T>C]C,1.96783476729,3.79652970254,3.95554665344,0.516805090399,1.33176696372,0.39754237723,1.86844917298,0.755330516736,2.6834110463
C[T>C]G,2.19071640384,4.22653366802,4.40356125621,0.575339661615,1.48260605109,0.442568970473,2.08007416122,0.840881043899,2.98734055069
C[T>C]T,1.09641941358,2.11531422216,2.20391377073,0.287948532859,0.742021219291,0.22149887143,1.04104469572,0.420847855717,1.49511738215
G[T>C]A,1.1683573498,2.25410357385,2.34851628899,0.306841324189,0.790706489257,0.236031787838,1.10934940284,0.448460396892,1.59321456791
G[T>C]C,0.857712999371,1.65477962505,1.72408976641,0.225257959431,0.580472433918,0.173275353408,0.814394161019,0.329223171476,1.16960863551
G[T>C]G,1.17153953713,2.26024294537,2.35491280695,0.307677050155,0.792860090783,0.236674653965,1.11237087364,0.449681842534,1.59755391426
G[T>C]T,0.93288529001,1.79980899386,1.87519366376,0.245000177174,0.631346610411,0.18846167475,0.885769871323,0.358077182024,1.27211630456
T[T>C]A,1.09019628481,2.10330798383,2.19140465331,0.28631417581,0.737809606895,0.2202416737,1.03513586639,0.41845918003,1.48663129747
T[T>C]C,1.45049049626,2.79842105843,2.91563241167,0.380936898007,0.981645083325,0.293028383082,1.37723340049,0.556753927856,1.9779415858
T[T>C]G,0.952303204849,1.83727183966,1.91422563399,0.250099831576,0.644488027524,0.192384485828,0.904207083392,0.365530523073,1.29859527934
T[T>C]T,1.21627857309,2.34655765112,2.44484278834,0.319426695964,0.823138024216,0.245712843049,1.15485036233,0.466854401794,1.65856169058
A[T>G]A,0.293320983367,0.565902099224,0.58960480495,0.0770337936116,0.198510160461,0.0592567643166,0.278506792288,0.112587852202,0.399983159137
A[T>G]C,0.454124475999,0.876139140563,0.912836067916,0.119265013899,0.307336766585,0.0917423183836,0.431188896403,0.174310404929,0.619260649089
A[T>G]G,0.449267431106,0.866768478194,0.903072917071,0.117989426351,0.304049675597,0.0907610971931,0.426577156808,0.172446084667,0.612637406053
A[T>G]T,2.21128019145,4.26620723805,4.44489654645,0.5807402523,1.49652295785,0.446723271,2.0995993737,0.8487742149,3.01538207925
C[T>G]A,0.275207714481,0.530956297635,0.553195304866,0.0722767735,0.186251685558,0.0555975180769,0.261308334962,0.105635284346,0.375283247019
C[T>G]C,1.06285535151,2.05055931453,2.13644661566,0.279133728679,0.719306146981,0.21471825283,1.0091757883,0.407964680377,1.4493482066
C[T>G]G,0.968201233881,1.86794379466,1.94618227821,0.254275071524,0.655247299697,0.195596208865,0.919302181665,0.371632796843,1.32027440984
C[T>G]T,3.85625291195,7.43984147659,7.75145787351,1.01275329001,2.60978732425,0.779040992313,3.66149266387,1.48017788539,5.25852669811
G[T>G]A,0.125790785366,0.242687272777,0.252852184725,0.0330359638335,0.0851311375709,0.0254122798719,0.119437715398,0.0482833317566,0.171532889135
G[T>G]C,0.0865356027062,0.166952526433,0.17394530241,0.0227265219229,0.0585644988012,0.0174819399407,0.0821651177211,0.0332156858872,0.118003094599
G[T>G]G,0.582039192119,1.12292409793,1.169957568,0.152858777728,0.393905311838,0.117583675176,0.552643273325,0.223408982834,0.793689807435
G[T>G]T,1.25246041209,2.41636301726,2.51757193945,0.328928997114,0.847624723332,0.253022305472,1.18920483572,0.480742380397,1.70790056194
T[T>G]A,0.314476327538,0.606716955149,0.632129183637,0.0825897425858,0.212827413586,0.0635305712198,0.298593684733,0.120708085318,0.428831355734
T[T>G]C,0.865086065957,1.66900443028,1.738910375,0.227194320352,0.585462287062,0.17476486181,0.821394850505,0.332053237438,1.17966281721
T[T>G]G,0.596588428955,1.15099383768,1.19920300366,0.156679789423,0.403751765051,0.12052291494,0.56645770022,0.228993538387,0.813529675848
T[T>G]T,5.97228640874,11.5222899401,12.0048989428,1.56847925886,4.04185039783,1.20652250682,5.67065578203,2.29239276295,8.144026921
