,1,3,2,5,4,7,6,9,8
A[C>A]A,0.172052822422,0.593991886935,0.716886760094,0.681911273028,1.49471786985,0.423271064553,0.200728292826,0.131087864703,0.278561712494
A[C>A]C,0.141839323504,0.489683378764,0.590997181267,0.463557719411,1.32534442177,0.350555408907,0.165479210755,0.108068056003,0.229644619007
A[C>A]G,0.0270281463046,0.0933114574801,0.112617276269,0.11726174563,0.399237751745,0.139995355096,0.0315328373553,0.0205928733749,0.0437598559217
A[C>A]T,0.112830308462,0.389533207786,0.470126285258,0.840101610359,1.31836911285,0.30766448948,0.131635359872,0.0859659493044,0.182677642272
C[C>A]A,0.252698536125,0.872411612811,1.05291056719,1.54034187525,2.035833495,0.603405138392,0.294814958812,0.192532218,0.409130963249
C[C>A]C,0.400153955189,1.38148389291,1.66730814662,1.73290477844,2.44613189934,0.567053673235,0.466846281054,0.304879203954,0.647868308401
C[C>A]G,0.150609611525,0.519961754073,0.62754004802,0.610878678089,0.494981646526,0.24350094284,0.175711213446,0.114750180209,0.243844132945
C[C>A]T,0.960159869012,3.31483764302,4.00066612088,4.17523490162,3.80062562624,1.01243123121,1.12018651385,0.73155037639,1.55454454983
G[C>A]A,0.145820807509,0.503428978305,0.607586697954,1.00019929447,1.27108830127,0.536376424354,0.170124275427,0.111101567626,0.236090831205
G[C>A]C,0.173327712827,0.598393294284,0.722198803446,0.646485974395,1.46016731482,0.760956220437,0.202215664965,0.132059209773,0.280625820768
G[C>A]G,0.0496637395527,0.171458148456,0.206932248136,0.270637065158,0.555468374544,0.237651702175,0.0579410294781,0.0378390396592,0.0804079592757
G[C>A]T,0.211356686817,0.729683799726,0.880652861738,1.27164943959,2.02647991835,0.557274073394,0.246582801287,0.161033666146,0.342196540561
T[C>A]A,0.262579031727,0.906522847628,1.09407929886,2.25613456584,1.56995772701,0.401675556577,0.306342203681,0.200060214649,0.425127956129
T[C>A]C,0.223088299784,0.770185796873,0.929534582432,1.19604531434,1.92867726756,0.459851213119,0.260269683081,0.169972037931,0.361190580602
T[C>A]G,0.0542913645481,0.187434472844,0.22621401895,0.331820815079,0.393218331321,0.118668833863,0.0633399253061,0.0413648491795,0.0879003045064
T[C>A]T,0.301233494217,1.03997277765,1.25513955924,13.0279875777,2.33229772554,0.979440504347,0.351439076587,0.229511233689,0.48771137159
A[C>G]A,0.124124326382,0.428524460127,0.517184693257,0.23289389651,0.701039672419,0.136862888708,0.144811714112,0.0945709153384,0.200963195094
A[C>G]C,0.0870432170459,0.300506344563,0.362680071025,0.189648502078,0.385369745335,0.0947730957801,0.101550419887,0.0663186415588,0.140927113312
A[C>G]G,0.0191883415133,0.0662454647484,0.0799514229722,0.0204210731371,0.145838998473,0.038581939237,0.0223863984322,0.0146196887721,0.0310668386406
A[C>G]T,0.144870007876,0.500146455763,0.603625032818,0.237941696827,0.667958606195,0.12437817995,0.169015009189,0.110377148858,0.234551441323
C[C>G]A,0.0734627370661,0.253621354157,0.306094737776,0.146574910773,0.543429631613,0.0943594591399,0.0857065265772,0.0559716091932,0.118939669536
C[C>G]C,0.0697530558326,0.240814121327,0.290637732636,0.137517769171,0.487541724701,0.10310686822,0.0813785651381,0.0531451853963,0.112933518967
C[C>G]G,0.0321666825805,0.111051642242,0.134027844085,0.0394788874968,0.226309496573,0.0351527752676,0.0375277963439,0.0245079486327,0.0520793908446
C[C>G]T,0.102548972943,0.354038120875,0.427287387263,0.16451458614,0.700426632835,0.0973017442149,0.119640468434,0.0781325508138,0.166031670479
G[C>G]A,0.0536469585513,0.185209737856,0.223528993964,0.129963139979,0.415164870148,0.0988208377412,0.0625881183099,0.040873873182,0.0868569805116
G[C>G]C,0.0939783375566,0.324449022517,0.391576406486,0.2202013311,0.448517474355,0.162510130919,0.109641393816,0.0716025429002,0.152155403663
G[C>G]G,0.00905996453438,0.0312784489878,0.0377498522266,0.0191339739202,0.145760633688,0.0346088369862,0.0105699586234,0.00690283012144,0.0146685140081
G[C>G]T,0.0770839167245,0.266123045835,0.321182986352,0.162174190461,0.519832098307,0.0720701999979,0.0899312361786,0.0587306032187,0.12480253184
T[C>G]A,0.493447773586,1.70356969452,2.05603238994,1.07873834461,1.14775897498,0.0914636649655,0.575689069183,0.375960208446,0.798915442948
T[C>G]C,0.191560094314,0.661338420846,0.798167059642,0.382343789555,0.651048276029,0.0809784325368,0.2234867767,0.145950548049,0.310144914604
T[C>G]G,0.0283193588184,0.0977692149682,0.11799732841,0.0467807513323,0.130869449366,0.0220425606573,0.0330392519548,0.0215766543378,0.0458503904679
T[C>G]T,0.660139596837,2.27905337003,2.75058165349,1.34423396161,2.24366474617,0.143961762168,0.770162862977,0.502963502352,1.0687974425
A[C>T]A,0.899578757574,3.10568856782,3.74824482323,2.00463366829,2.38460625729,1.02784072705,1.0495085505,0.685393339104,1.4564608456
A[C>T]C,1.69416844206,5.84891485949,7.05903517525,2.42138353999,2.75385816956,0.785750021587,1.97652984907,1.29079500347,2.74293938238
A[C>T]G,1.69252075448,5.84322641427,7.05216981033,3.0305722763,3.28978585098,2.03937325314,1.97460754689,1.28953962246,2.74027169773
A[C>T]T,1.15967162318,4.0036282229,4.8319650966,1.71543491479,2.03396910744,0.57919542899,1.35295022705,0.88355933195,1.87756358039
C[C>T]A,0.741312949627,2.55929470705,3.08880395678,2.35813559014,3.33702193659,0.929700384165,0.864865107898,0.564809866382,1.20022096606
C[C>T]C,2.13414695065,7.36788828201,8.89227896104,4.08752230692,4.34636472958,0.977639765443,2.48983810909,1.6260167243,3.45528553915
C[C>T]G,1.53745978454,5.3078968752,6.40608243559,3.48467886932,3.36238342347,1.6972210764,1.79370308197,1.17139793108,2.48922060354
C[C>T]T,1.31145640133,4.52764709984,5.46440167222,3.99267108659,4.00073195026,0.857317684145,1.53003246822,0.999204877207,2.12331036406
G[C>T]A,1.33797453355,4.61919779439,5.57489388979,3.42985845383,3.66622372942,1.37658053288,1.56097028914,1.01940916842,2.16624448289
G[C>T]C,2.36259946372,8.15659338665,9.84416443216,6.00379736392,6.41470628321,1.74641451037,2.756366041,1.80007578188,3.8251610365
G[C>T]G,2.00801889073,6.93244617039,8.36674537806,2.83054946461,6.55883621074,2.09891349978,2.34268870586,1.52991915484,3.25107820404
G[C>T]T,1.5303243861,5.28326276153,6.37635160875,4.65376805068,4.48387654689,1.23886558444,1.78537845045,1.16596143703,2.47766805368
T[C>T]A,1.07811420035,3.72206092979,4.49214250147,1.92478462346,11.8713847991,1.10922679475,1.25779990041,0.821420343126,1.74551822914
T[C>T]C,2.29608842346,7.92697193815,9.56703509777,2.57046154208,8.92744348775,1.30403418767,2.67876982738,1.74940070359,3.71747649513
T[C>T]G,0.853319392775,2.94598361791,3.55549746989,9.71809009091,3.96805729345,1.4107733728,0.995539291571,0.650148108781,1.38156473116
T[C>T]T,1.5490222925,5.34781505743,6.45425955207,3.01675243726,8.16566665707,0.774841249262,1.80719267458,1.18020746095,2.50794085452
A[T>A]A,0.115848333515,0.399952579993,0.482701389647,0.382276510041,0.735517325144,0.297860928175,0.135156389101,0.088265396964,0.187563968548
A[T>A]C,0.187174886849,0.646199014123,0.779895361873,0.866855680852,0.869696315784,0.389382012374,0.218370701324,0.1426094376,0.303045054899
A[T>A]G,0.106797235651,0.36870474213,0.444988481881,0.268521500274,0.873495377214,0.30603418111,0.124596774927,0.081369322401,0.172909810102
A[T>A]T,0.195499331597,0.674938168608,0.81458054832,0.60742680426,0.949361924948,0.30984178794,0.22808255353,0.148951871693,0.316522727347
C[T>A]A,0.0710119763901,0.24516039468,0.295883234959,0.118163581869,0.85371937736,0.308696600401,0.0828473057885,0.0541043629639,0.114971771298
C[T>A]C,0.127548405092,0.440345684245,0.531451687882,0.663737790977,1.47468172407,0.317896025978,0.148806472607,0.0971797372128,0.206506941577
C[T>A]G,0.11749622172,0.405641717843,0.4895675905,0.392867382205,2.25814841294,0.645948288767,0.13707892534,0.0895209308342,0.190231978023
C[T>A]T,0.108350083938,0.374065765978,0.451458683076,0.877190256955,1.60224028309,0.286620931457,0.126408431261,0.0825524449054,0.175423945424
G[T>A]A,0.0686914165044,0.237148937932,0.286214235435,0.09374539323,0.532844904619,0.203229171101,0.0801399859218,0.0523363173367,0.11121467434
G[T>A]C,0.104554574322,0.360962220875,0.435644059677,0.553471375889,0.609366335724,0.224680051986,0.12198033671,0.0796606280552,0.169278834617
G[T>A]G,0.0740434289542,0.25562612377,0.308514287309,0.249136385911,0.854858549317,0.212522202557,0.0863840004466,0.056414041108,0.119879837354
G[T>A]T,0.0843478302442,0.29120084251,0.351449292684,0.369897289558,0.653114152156,0.193233639659,0.0984058019515,0.0642650135194,0.136563153729
T[T>A]A,0.0915441491477,0.31604527682,0.381433954782,0.290986825078,0.62879569473,0.231745484101,0.106801507339,0.0697479231602,0.148214336715
T[T>A]C,0.101483475854,0.350359619019,0.422847816057,0.558539618676,0.77138240667,0.254190575189,0.118397388496,0.0773207435076,0.164306579954
T[T>A]G,0.0561037282561,0.193691442789,0.2337655344,0.152226823701,0.758818238127,0.262322467917,0.0654543496321,0.0427456977189,0.0908346076527
T[T>A]T,0.11161394059,0.385333842513,0.465058085791,0.573015519499,1.0562631315,0.191334209477,0.130216264022,0.0850391928304,0.180708284765
A[T>C]A,0.796337502403,2.74926042496,3.31807292668,2.4179881511,1.99493086882,0.838778095119,0.92906041947,0.606733335164,1.28930833722
A[T>C]C,0.402131310708,1.38831047744,1.67554712795,1.97245232945,1.0707223314,0.489455992025,0.469153195826,0.306385760539,0.651069741146
A[T>C]G,0.886261332362,3.05971174268,3.69275555151,3.39139799312,1.86091681879,0.925087005084,1.03397155442,0.675246729419,1.43489930002
A[T>C]T,0.540155097045,1.86482116837,2.25064623769,1.52881574164,1.44171242865,0.604633840863,0.630180946553,0.411546740606,0.874536823787
C[T>C]A,0.454254961168,1.56826117546,1.89272900487,1.78934525308,1.16394868473,0.527139254472,0.529964121362,0.346099018033,0.735460413319
C[T>C]C,0.32218051657,1.11228987863,1.34241881904,2.37976022152,1.93096938643,0.377525991919,0.375877269332,0.245470869768,0.521625598256
C[T>C]G,0.83937179113,2.89783118366,3.49738246304,4.01469210028,2.59462655423,0.816572027699,0.979267089652,0.639521364671,1.35898289993
C[T>C]T,0.359282325025,1.24037945544,1.4970096876,3.26810880474,2.30663226429,0.468023374552,0.419162712529,0.273738914305,0.581695192898
G[T>C]A,0.952922187177,3.28985040811,3.97050911324,4.53891185987,1.87804438082,1.68572438261,1.11174255171,0.726035952135,1.54282639829
G[T>C]C,0.442301860427,1.52699451814,1.84292441844,2.5812694744,1.95358061677,0.849892444087,0.516018837164,0.336991893658,0.716107774024
G[T>C]G,0.591691273744,2.04274368317,2.46538030727,3.70577290953,1.68889915991,1.0260408156,0.690306486035,0.450812399043,0.957976347967
G[T>C]T,0.587683149269,2.02890611057,2.44867978862,3.60967491004,1.47006413073,1.18568103571,0.685630340814,0.44775858992,0.951487003579
T[T>C]A,0.416779830909,1.43888274957,1.73658262879,2.28255544538,1.15559349728,0.57813178009,0.486243136061,0.317546537836,0.674786392901
T[T>C]C,0.426350487857,1.47192430331,1.77646036607,2.33577158564,1.46509905659,0.614207685089,0.4974089025,0.324838466938,0.690281742244
T[T>C]G,0.389407084628,1.34438160169,1.62252951928,2.26032345081,1.18683280556,0.488241750245,0.454308265399,0.296691112097,0.630468613207
T[T>C]T,0.342046714911,1.18087556338,1.42519464546,2.09590664207,1.12563508888,0.439698741212,0.399054500729,0.260607020884,0.553789919379
A[T>G]A,0.0316227344123,0.109173725947,0.131761393385,0.0447748872501,0.207294266921,0.0593022129291,0.0368931901477,0.0240935119332,0.051198712858
A[T>G]C,0.041849604288,0.144480776709,0.1743733512,0.368223140486,0.429907922742,0.0756512640102,0.048824538336,0.0318854127909,0.0677565021806
A[T>G]G,0.0626612016771,0.216330339123,0.261088340321,0.240149076464,0.460459918218,0.108857629313,0.0731047352899,0.0477418679444,0.101451469382
A[T>G]T,0.0824324355999,0.284588170524,0.343468481666,1.18934354639,1.82542727622,0.186232445323,0.0961711748666,0.062805665219,0.13346203859
C[T>G]A,0.0165488124213,0.0571328047877,0.0689533850886,0.123351895174,0.177935213472,0.04790591907,0.0193069478248,0.0126086189876,0.0267933153487
C[T>G]C,0.113023775261,0.390201128877,0.470932396921,0.782559656222,1.0538053541,0.153923299545,0.131861071138,0.0861133525798,0.182990874232
C[T>G]G,0.176129341651,0.60806558427,0.733872256877,0.942020387083,0.967606871259,0.197656535581,0.205484231926,0.134193784115,0.285161791244
C[T>G]T,0.249167192046,0.86022006778,1.03819663353,5.38799168623,5.36427947326,0.487723762268,0.290695057388,0.189841670131,0.403413549028
G[T>G]A,0.0116771434295,0.0403139475542,0.0486547642895,0.0081671342238,0.0652687770917,0.0251159425322,0.0136233340011,0.00889687118437,0.0189058512668
G[T>G]C,0.0416788458571,0.143891253554,0.173661857738,0.333504081017,0.303014350142,0.0647685369365,0.0486253201667,0.0317553111292,0.0674800361497
G[T>G]G,0.0745343308975,0.257320904289,0.310559712073,0.287858135928,0.579999322438,0.100003848803,0.0869567193804,0.0567880616362,0.120674630977
G[T>G]T,0.121461727767,0.419332155385,0.506090532361,1.41328258574,1.83269977067,0.222755520812,0.141705349061,0.0925422687746,0.196652321146
T[T>G]A,0.0537649966135,0.185617250213,0.224020819223,0.257868156662,0.30978509219,0.0962189235722,0.0627258293825,0.0409638069436,0.0870480897552
T[T>G]C,0.0820519862516,0.28327471444,0.341883276049,0.659263357758,0.755811243572,0.117758970177,0.0957273172936,0.0625157990489,0.132846072979
T[T>G]G,0.0741778886134,0.256090329737,0.309074535889,0.244485893541,0.58717506704,0.122784221851,0.086540870049,0.0565164865626,0.120097533946
T[T>G]T,0.211047240949,0.728615474704,0.879363503953,3.56754305595,4.33097360561,0.298534911401,0.246221781107,0.160797897866,0.341695532964
