,1,3,2,5,4,7,6,9,8
A[C>A]A,0.969330786192,0.474907029477,0.409851272014,0.80018581679,0.455390302238,1.15799248283,1.19702593731,1.2230482403,0.422862423507
A[C>A]C,0.761895498338,0.37327766026,0.322143734197,0.628947290574,0.357937482441,0.910183883921,0.940864239558,0.961317809984,0.332370519409
A[C>A]G,0.154830079633,0.0758563477395,0.0654650672272,0.127812750301,0.0727389635858,0.184964793118,0.191199561425,0.19535607363,0.0675433233297
A[C>A]T,0.625198375754,0.306305244497,0.264345621963,0.516103357166,0.293717357737,0.746881281102,0.772057054622,0.788840903636,0.27273754647
C[C>A]A,1.29217663384,0.633079827318,0.546356563302,1.0666961474,0.607062848113,1.54367409949,1.5957080579,1.6303973635,0.563701216105
C[C>A]C,1.67659594817,0.821419491387,0.708896273389,1.38403558138,0.787662525988,2.00291328037,2.07042721117,2.11543649837,0.731400916988
C[C>A]G,0.552676399036,0.270774343152,0.233681967378,0.456236222023,0.25964663042,0.660244288781,0.682499714246,0.697336664555,0.241100442532
C[C>A]T,3.71701525099,1.82108800887,1.57162389807,3.0684085629,1.74624877563,4.44046117232,4.59013963881,4.68992528313,1.62151672023
G[C>A]A,0.975939996675,0.478145099042,0.412645770406,0.805641742221,0.458495300451,1.16588804972,1.2051876469,1.23138737835,0.425745636133
G[C>A]C,0.898598001935,0.440252712358,0.379944121624,0.741795666027,0.422160135137,1.07349291506,1.1096780695,1.1338015058,0.39200583977
G[C>A]G,0.241795868626,0.118463747716,0.10223583707,0.199603300947,0.113595374522,0.2888568095,0.298593555888,0.305084720146,0.105481419199
G[C>A]T,1.13430350178,0.55573258812,0.479604836323,0.936371347106,0.532894262581,1.35507398199,1.40075063307,1.43120173379,0.494830386682
T[C>A]A,0.879790987699,0.431038537597,0.371992162584,0.726270412664,0.413324625093,1.05102547524,1.08645330025,1.11007185025,0.383801437587
T[C>A]C,0.805776294893,0.394776305552,0.340697359586,0.665171035382,0.378552621762,0.962605238195,0.995052605774,1.01668418416,0.351513148779
T[C>A]G,0.229082146153,0.112234876974,0.096860236293,0.189108080382,0.10762248477,0.273668604129,0.282893388538,0.289043244811,0.0999351644293
T[C>A]T,1.97157542661,0.965939638539,0.833619140109,1.62754213069,0.92624348901,2.35530487205,2.43469717111,2.48762537048,0.860083239795
A[C>G]A,0.448857502789,0.219910051702,0.189785387085,0.370533374786,0.210872652317,0.536219030178,0.554293828948,0.566343694795,0.195810320009
A[C>G]C,0.269887316001,0.132226671598,0.114113428913,0.222792885021,0.126792698792,0.322415719786,0.333283665397,0.340528962471,0.11773607745
A[C>G]G,0.0369139878604,0.0180853766027,0.015607927753,0.0304726208512,0.0173421419478,0.0440985895245,0.0455850588343,0.0465760383741,0.016103417523
A[C>G]T,0.437026067742,0.214113442585,0.184782834012,0.360766485452,0.205314260013,0.522084832605,0.539683197749,0.551415441178,0.190648955727
C[C>G]A,0.249349230058,0.122164387881,0.105429540226,0.205838626155,0.117143933584,0.297880288257,0.30792119685,0.314615135912,0.108776509757
C[C>G]C,0.234467108762,0.114873147246,0.099137099678,0.193553385086,0.110152332976,0.280101646709,0.28954327525,0.295837694277,0.102284309192
C[C>G]G,0.0686238604927,0.0336210860132,0.0290154577922,0.0566492271181,0.0322393975469,0.0819801823335,0.0847435592661,0.0865858105545,0.0299365834364
C[C>G]T,0.222238666371,0.108882031175,0.0939666844386,0.183458764856,0.104407427154,0.265493171906,0.274442379948,0.280408518642,0.0969497537859
G[C>G]A,0.19337729364,0.0947418955419,0.0817635536868,0.159633604817,0.0908483929854,0.23101448502,0.238801490133,0.243992826875,0.0843592220578
G[C>G]C,0.264352445996,0.129514956763,0.111773181864,0.218223831258,0.124192424293,0.315803593203,0.326448658142,0.333545368102,0.115321536844
G[C>G]G,0.0209772001641,0.0102774202146,0.00886955443182,0.0173167491288,0.0098550604798,0.0250600109343,0.025904730404,0.0264678767172,0.00915112758839
G[C>G]T,0.261767412189,0.12824846369,0.110680180993,0.216089877176,0.122977978881,0.312715432011,0.323256401629,0.330283714708,0.114193837532
T[C>G]A,0.438698592984,0.214932867703,0.185490009114,0.362147160651,0.206100010127,0.524082882893,0.541748598047,0.553525741483,0.191378580832
T[C>G]C,0.250745891523,0.122848658263,0.106020074939,0.206991574881,0.117800083266,0.299548783162,0.309645933156,0.316377366485,0.109385791604
T[C>G]G,0.0506048324875,0.0247929716214,0.021396674139,0.0417744590333,0.0237740823767,0.0604540951864,0.0624918736758,0.0638503926688,0.0220759336355
T[C>G]T,0.947558091295,0.464239870232,0.40064536746,0.782212384089,0.4451615194,1.13198214933,1.17013885099,1.1955766521,0.413364268014
A[C>T]A,2.56343895789,1.25591304648,1.0838701634,2.11612746188,1.20430018156,3.06236331882,3.16558904867,3.2344062019,1.11827874002
A[C>T]C,2.71041327821,1.32792059939,1.14601366797,2.23745525651,1.27334851996,3.23794337933,3.34708753819,3.41985031076,1.18239505425
A[C>T]G,4.96833093261,2.43414871195,2.10070368292,4.10137385712,2.33411520324,5.93532151681,6.13538853423,6.26876654585,2.16739268872
A[C>T]T,2.09469942558,1.02626213468,0.885678280616,1.72918140501,0.984086978463,2.50239260238,2.58674291482,2.64297645644,0.91379505143
C[C>T]A,3.54391751385,1.73628173497,1.49843492196,2.92551580003,1.66492769107,4.23367327158,4.37638135939,4.47152008459,1.54600428457
C[C>T]C,4.9169232013,2.40896237379,2.07896752807,4.05893660242,2.30996392007,5.8739082539,6.07190516134,6.20390309963,2.14496649721
C[C>T]G,4.91649749764,2.40875380757,2.07878753256,4.05858518262,2.30976392507,5.87339969517,6.07137946017,6.20336597018,2.14478078756
C[C>T]T,4.6601755836,2.2831732725,1.97040981052,3.84699058244,2.18934423391,5.56718962336,5.75484770055,5.87995308535,2.03296250291
G[C>T]A,3.92034482358,1.92070585316,1.65759546232,3.23625780738,1.84177273591,4.68336495702,4.84123119153,4.94647534787,1.71021754049
G[C>T]C,5.63277234729,2.75968041176,2.38164199919,4.64987247461,2.64626888799,6.72908374374,6.95590679128,7.10712215631,2.4572496817
G[C>T]G,5.67558787329,2.78065714598,2.39974520817,4.685216835,2.66638356463,6.78023249293,7.00877965561,7.16114443073,2.47592759573
G[C>T]T,4.68591888712,2.29578576349,1.98129456301,3.86824176588,2.20143840335,5.59794336851,5.7866380888,5.91243456899,2.04419280311
T[C>T]A,6.00085390259,2.9400156704,2.53727379774,4.95372503368,2.8191931086,7.1688053333,7.41045045689,7.57154720596,2.61782217227
T[C>T]C,8.02050386517,3.92950860508,3.39121975507,6.62095285514,3.76802195008,9.5815415302,9.90451484021,10.1198303802,3.49887752507
T[C>T]G,4.79320628294,2.34834938695,2.0266576901,3.95680787116,2.25184187789,5.72611220379,5.91912722189,6.04780390063,2.09099602947
T[C>T]T,4.74591208335,2.32517840325,2.00666081377,3.91776635069,2.22962312641,5.66961309286,5.86072364655,5.98813068235,2.07036433166
A[T>A]A,0.84426289699,0.413632157586,0.356970218191,0.696941854563,0.396633575767,1.00858252124,1.04257968487,1.06524446063,0.36830260607
A[T>A]C,0.655842744637,0.321318928581,0.277302636994,0.541400386512,0.308114041105,0.783489990238,0.809899765189,0.827506281824,0.286105895311
A[T>A]G,0.375502374959,0.183970962228,0.158769460553,0.309978470603,0.176410511726,0.448586729816,0.463707630821,0.473788231491,0.163809760888
A[T>A]T,0.843402108298,0.413210428898,0.356606260555,0.696231270608,0.396229178395,1.00755419649,1.0415166975,1.06415836483,0.367927094224
C[T>A]A,1.26498359726,0.619757064429,0.534858836425,1.04424820445,0.594287596028,1.51118845847,1.56212739527,1.59608668648,0.551838482026
C[T>A]C,0.696797291989,0.341383908156,0.29461898923,0.575208502783,0.327354432478,0.832415556873,0.860474508228,0.879180475798,0.303971973015
C[T>A]G,0.922195667826,0.451813984908,0.389921658209,0.761275618407,0.433246286898,1.10168341526,1.13881881128,1.16357574196,0.402300123548
C[T>A]T,1.12925880147,0.553261023541,0.477471842234,0.932206930076,0.530524269149,1.34904742726,1.39452093605,1.42483660857,0.492629678495
G[T>A]A,0.770477007422,0.37748202377,0.3257721575,0.63603135512,0.361969063889,0.920435619605,0.951461539367,0.972145485874,0.336114130754
G[T>A]C,0.372601602947,0.182549778625,0.157542959635,0.307583873574,0.175047732928,0.445121378017,0.460125469411,0.470128197007,0.162544323433
G[T>A]G,0.5747839578,0.281605563217,0.243029458667,0.474486085969,0.270032731852,0.686654660995,0.709800323726,0.725230765546,0.250744679577
G[T>A]T,0.541218268456,0.26516062817,0.228837254448,0.446777496779,0.254263616053,0.646556052249,0.668350076482,0.682879425971,0.236101929192
T[T>A]A,0.642118375348,0.314594908727,0.271499715751,0.530070873609,0.301666350834,0.767094434979,0.792951550765,0.810189627955,0.280118754346
T[T>A]C,0.386677946723,0.189446242354,0.163494702306,0.319203942597,0.18166078034,0.461937412864,0.477508336893,0.487888952913,0.168685010316
T[T>A]G,0.326536485846,0.159980962864,0.138065762472,0.269556964826,0.153406402746,0.390090566984,0.403239687219,0.412005767376,0.14244880255
T[T>A]T,0.671259189114,0.328871951713,0.283820999424,0.554126713161,0.315356666026,0.801906950753,0.828937522127,0.846957903043,0.292831189882
A[T>C]A,2.30674154988,1.13014854457,0.975333675452,1.90422289017,1.08370408384,2.75570467032,2.8485935918,2.91051953944,1.00629664928
A[T>C]C,1.3327457609,0.652955976818,0.563509952597,1.10018609793,0.626122169552,1.59213923115,1.64580684568,1.68158525537,0.581399157441
A[T>C]G,2.94448050355,1.4425978306,1.24498168942,2.43067853648,1.38331298824,3.51756731296,3.63613699767,3.71518345414,1.28450491765
A[T>C]T,1.67063693283,0.818499973803,0.70637668972,1.37911639422,0.784862988578,1.99579445667,2.06306842712,2.10791774075,0.728801346537
C[T>C]A,1.48054234368,0.725366383145,0.62600112518,1.22219267297,0.695556805755,1.76870159178,1.82832074656,1.86806684974,0.645874176773
C[T>C]C,1.65584876743,0.81125476525,0.70012397549,1.36690871405,0.777915528322,1.97812805773,2.04480653159,2.08925884749,0.722350133442
C[T>C]G,3.22608811495,1.58056666034,1.36405067948,2.66314656469,1.51561186608,3.85398445947,3.98389404799,4.07050044034,1.40735387565
C[T>C]T,2.61258288044,1.27999027028,1.10464913737,2.15669593486,1.22738793041,3.12107216589,3.22627684564,3.29641329881,1.13971736395
G[T>C]A,2.52304725588,1.23612382335,1.06679179276,2.08278397633,1.18532421417,3.01411014461,3.11570936297,3.18344217521,1.10065819888
G[T>C]C,1.29977857829,0.6368042699,0.54957080827,1.07297157805,0.610634231411,1.55275561702,1.60509569399,1.63998907865,0.567017500596
G[T>C]G,1.85785075729,0.910222183104,0.785534212816,1.53366203455,0.872815792018,2.21944587113,2.2942586533,2.34413384142,0.810471806874
G[T>C]T,1.90812610856,0.934853731037,0.806791576101,1.57516450572,0.896435084556,2.27950635787,2.35634365083,2.40756851281,0.832404007088
T[T>C]A,1.29548890977,0.634702620222,0.547757055808,1.06943044229,0.608618950898,1.54763104657,1.59979838522,1.63457661098,0.565146168691
T[T>C]C,1.37469868421,0.673510093604,0.581248436946,1.13481837689,0.645831596607,1.64225748851,1.69761448251,1.73451914517,0.599700768278
T[T>C]G,1.31019114422,0.641905728376,0.553973436818,1.08156718617,0.615526040908,1.56519478974,1.61795416467,1.6531270813,0.571559895129
T[T>C]T,1.23803115163,0.60655217496,0.523462835924,1.02199887014,0.581625373249,1.47899023483,1.52884383825,1.56207957387,0.540080703731
A[T>G]A,0.233050761898,0.114179232339,0.098538241608,0.192384185997,0.10948693512,0.278409635019,0.287794229458,0.294050625751,0.101666439754
A[T>G]C,0.209892497491,0.102833237026,0.0887464922279,0.173266961016,0.0986072135866,0.250744057406,0.259196104285,0.264830802204,0.0915638411876
A[T>G]G,0.30312988414,0.148513298941,0.128169011415,0.250234736572,0.142410012683,0.362128317966,0.374334890481,0.382472605492,0.13223786892
A[T>G]T,0.736698054882,0.36093260407,0.311489781594,0.608146716446,0.346099757327,0.88008224006,0.909747933545,0.929525062535,0.321378346089
C[T>G]A,0.119422515443,0.0585090176333,0.0504940837109,0.0985836872451,0.0561045374566,0.142665823818,0.147474784172,0.15068075774,0.0520970704954
C[T>G]C,0.677839649257,0.332095935542,0.286603341632,0.559558905091,0.318448157369,0.809768171596,0.837063727942,0.855260765505,0.295701860414
C[T>G]G,0.878581086623,0.430445767272,0.371480593673,0.725271635266,0.412756215192,1.04958009006,1.08495919422,1.10854526366,0.383273628393
C[T>G]T,4.64954614477,2.27796556086,1.96591548403,3.83821594501,2.18435053781,5.55449136758,5.74172141367,5.86654144441,2.0283254994
G[T>G]A,0.0955107775187,0.0467938708649,0.0403837515683,0.0788444673477,0.0448708350759,0.114100123479,0.117946195057,0.120510242775,0.0416657754276
G[T>G]C,0.257657973346,0.126235114458,0.108942633026,0.212697521621,0.121047370028,0.307806169501,0.318181658361,0.325098650934,0.112401129312
G[T>G]G,0.427448283558,0.209420971139,0.180733166873,0.352859992467,0.200814629859,0.510642915928,0.527855598487,0.539330720193,0.186470727726
G[T>G]T,1.40411281861,0.687921045357,0.593685285719,1.15909984355,0.659650317466,1.67739652156,1.73393797734,1.77163228119,0.612532437647
T[T>G]A,0.334936064853,0.164096192847,0.14161726232,0.276490845483,0.157352513689,0.400124963382,0.413612321698,0.422603893909,0.146113048426
T[T>G]C,0.400125874286,0.196034824315,0.169180738792,0.330305251928,0.187978598658,0.478002722302,0.494115173615,0.504856807824,0.174551555897
T[T>G]G,0.368881493217,0.180727174529,0.155970027333,0.304512910508,0.17330003037,0.440677220085,0.455531508402,0.46543436728,0.160921456772
T[T>G]T,1.71684520683,0.841138926838,0.725914416312,1.41726147947,0.80657157368,2.05099628736,2.12013099367,2.16622079788,0.748959318418
