,1,3,2,5,4,7,6,9,8
A[C>A]A,0.571897726604,0.33466607705,0.758294022682,0.749821463769,0.457518181283,0.491408416934,0.7371126254,0.626969359536,0.360083753788
A[C>A]C,0.531446881052,0.310994841504,0.704659197839,0.696785910712,0.425157504841,0.456650653348,0.684975980022,0.582623247375,0.334614702884
A[C>A]G,0.106819003306,0.0625088982307,0.141634085865,0.140051582112,0.0854552026445,0.0917852176552,0.137677826483,0.117105277698,0.0672564094887
A[C>A]T,0.758207376262,0.443691723887,1.00532681741,0.994094115544,0.60656590101,0.651496708492,0.977245062738,0.831219938421,0.477389829498
C[C>A]A,0.849365380226,0.497036037318,1.12619557823,1.11361238741,0.679492304181,0.729825067454,1.09473760118,0.931156120544,0.534785609772
C[C>A]C,0.598566509552,0.350272253738,0.793654853406,0.784787201413,0.478853207642,0.514323815615,0.771485723423,0.656206247509,0.376875209718
C[C>A]G,0.163009272467,0.0953906112954,0.21613822053,0.213723268345,0.130407417973,0.140067226712,0.210100840068,0.178706461667,0.102635467849
C[C>A]T,1.65255582129,0.967051184311,2.19116660749,2.16668429903,1.32204465703,1.41997389089,2.12996083633,1.8116908263,1.0404981097
G[C>A]A,0.692292098835,0.405119080059,0.917928042159,0.907671862917,0.553833679068,0.594858396036,0.892287594054,0.758957263908,0.435887617785
G[C>A]C,0.907024417245,0.530777251573,1.20264719027,1.1892097915,0.725619533796,0.779369128892,1.16905369334,0.994367509276,0.571089447895
G[C>A]G,0.164608620624,0.0963265261427,0.218258837716,0.215820191484,0.131686896499,0.141441481425,0.212162222137,0.180459821128,0.103642464837
G[C>A]T,1.6071604896,0.94048650873,2.13097576029,2.10716597526,1.28572839168,1.38096753181,2.07145129771,1.7619240923,1.01191586382
T[C>A]A,1.84275966282,1.07835565454,2.44336281218,2.41606266903,1.47420773026,1.58340830287,2.3751124543,2.02021059331,1.160256084
T[C>A]C,0.997415245478,0.583672625131,1.32249873289,1.30772221074,0.797932196382,0.857038285003,1.2855574275,1.09346263949,0.628002191597
T[C>A]G,0.212404213914,0.124295799253,0.281632254004,0.278485524909,0.169923371131,0.182510287511,0.273765431267,0.232857953031,0.133735986538
T[C>A]T,5.00243709005,2.92735207492,6.63286103051,6.5587508514,4.00194967204,4.29839038849,6.44758558273,5.48415325428,3.14968261226
A[C>G]A,0.28475345474,0.166633503144,0.377561988137,0.373343418437,0.227802763792,0.244677042591,0.367015563887,0.312174157789,0.179289212244
A[C>G]C,0.138878548829,0.081269669315,0.184142668448,0.182085208465,0.111102839064,0.119332678994,0.178999018491,0.152252038717,0.087442049263
A[C>G]G,0.0956050828062,0.0559466780866,0.126765257943,0.125348886346,0.076484066245,0.0821495526335,0.12322432895,0.104811498188,0.060195792878
A[C>G]T,0.266214416542,0.155784732643,0.352980596748,0.349036679466,0.212971533234,0.228747202362,0.343120803543,0.291849878876,0.167616484489
C[C>G]A,0.2362505702,0.138250333673,0.313250756043,0.309750747596,0.18900045616,0.20300048995,0.304500734925,0.259000625108,0.148750359015
C[C>G]C,0.163373237495,0.0956035982377,0.216620811197,0.214200466938,0.130698589996,0.140379967033,0.210569950549,0.179105475179,0.102864631015
C[C>G]G,0.0855258297293,0.0500484485082,0.113400914974,0.112133865645,0.0684206637834,0.0734888611007,0.110233291651,0.0937616503699,0.0538495964962
C[C>G]T,0.313517193234,0.183465616782,0.415700574733,0.411055875574,0.250813754587,0.269392551224,0.404088826835,0.343707737768,0.197399714259
G[C>G]A,0.245868757622,0.14387875446,0.326003760107,0.322361259994,0.196695006098,0.211265006549,0.316897509824,0.269545008356,0.154806254799
G[C>G]C,0.231240167968,0.135318320515,0.306607333824,0.303181553558,0.184992134374,0.198695255439,0.298042883159,0.253507739698,0.145595661313
G[C>G]G,0.055770380406,0.0326360003857,0.073947393279,0.0731211654212,0.0446163043248,0.0479212157563,0.0718818236344,0.0611408614821,0.0351146839593
G[C>G]T,0.208454129234,0.121984268219,0.276394734318,0.273306524996,0.166763303387,0.179116140675,0.268674211013,0.228527489827,0.131248896185
T[C>G]A,4.42801835889,2.59121074335,5.87122434252,5.80562407054,3.54241468711,3.80481577504,5.70722366257,4.85442012678,2.7880115593
T[C>G]C,1.17695886978,0.68873889417,1.56056027919,1.54312385149,0.941567095827,1.01131280663,1.51696920994,1.29029564984,0.741048177271
T[C>G]G,0.188883211236,0.110531656946,0.25044514675,0.247646876954,0.151106568989,0.162299648173,0.24344947226,0.207071964911,0.118926466334
T[C>G]T,5.27822088375,3.08873666531,6.99852991253,6.92033404758,4.222576707,4.53536016678,6.80304025017,5.78649400589,3.32332426014
A[C>T]A,1.82887705507,1.07023175815,2.42495550265,2.39786102776,1.46310164406,1.57147954362,2.35721931543,2.00499114186,1.15151518282
A[C>T]C,1.70142290436,0.995647477368,2.25596073986,2.23075447461,1.36113832349,1.46196338449,2.19294507673,1.86526362849,1.07126627312
A[C>T]G,2.16903996713,1.26929005484,2.87598632679,2.84385240135,1.73523197371,1.86376767546,2.7956515132,2.37791048249,1.36569183116
A[C>T]T,1.01065331502,0.591419347308,1.34005143251,1.3250787908,0.808522652016,0.868413218832,1.30261982825,1.1079754861,0.63633727242
C[C>T]A,2.25406586303,1.31904594948,2.98872436654,2.95533079819,1.80325269042,1.93682696379,2.90524044568,2.47112405725,1.4192266545
C[C>T]C,2.39093959261,1.39914242827,3.17020879316,3.13478746586,1.91275167409,2.05443698328,3.08165547492,2.62117822004,1.50540641016
C[C>T]G,1.55768575186,0.911534625165,2.06537592284,2.04229909689,1.24614860149,1.33845590531,2.00768385796,1.70768512056,0.980765103025
C[C>T]T,1.9398252061,1.13515697246,2.57206453254,2.54332638134,1.55186016488,1.66681276969,2.50021915453,2.12662318891,1.22137142607
G[C>T]A,2.39247181234,1.40003906055,3.17224040302,3.13679637617,1.91397744987,2.05575355727,3.0836303359,2.62285798686,1.5063711411
G[C>T]C,4.64967435108,2.72092054619,6.16512376921,6.09623970475,3.71973948086,3.9952757387,5.99291360806,5.09742077007,2.92757273957
G[C>T]G,5.42258755315,3.17321790147,7.18994942232,7.1096147919,4.33807004252,4.65940856418,6.98911284628,5.94476265086,3.41422179272
G[C>T]T,2.94524850211,1.72351579012,3.90518134724,3.8615480361,2.35619880169,2.53073204626,3.79609806939,3.22886502453,1.85441572355
T[C>T]A,4.71574593103,2.75958465594,6.25272979003,6.18286688735,3.77259674482,4.05204835555,6.07807253333,5.16985479846,2.96917336398
T[C>T]C,5.08890208607,2.97795010963,6.74750721042,6.6721160684,4.07112166885,4.37268623692,6.55902935538,5.57894450917,3.20412353567
T[C>T]G,4.15242790906,2.42993929493,5.50581182016,5.44429436966,3.32194232725,3.56801212927,5.3520181939,4.55229133734,2.61449164645
T[C>T]T,2.92479247284,1.71154522485,3.87805816769,3.83472790883,2.33983397827,2.5131550137,3.76973252055,3.20643915541,1.84153600142
A[T>A]A,0.749700001825,0.438713334401,0.994046669086,0.982940002393,0.59976000146,0.644186668235,0.966280002352,0.821893335334,0.472033334482
A[T>A]C,0.694854264304,0.406618421334,0.921325283781,0.911031146532,0.555883411444,0.597059960439,0.895589940659,0.761766156423,0.437500833081
A[T>A]G,0.781869915474,0.457538691277,1.03670159163,1.02511833362,0.625495932379,0.671828964407,1.00774344661,0.857161092519,0.492288465298
A[T>A]T,0.986529937289,0.577302704043,1.30806562055,1.29345036222,0.789223949831,0.847684983152,1.27152747473,1.08152911644,0.621148479034
C[T>A]A,0.822111316736,0.481087363127,1.09005870886,1.07787928194,0.657689053389,0.706406761047,1.05961014157,0.901277591681,0.517625643871
C[T>A]C,1.26539189165,0.740488588445,1.67781591559,1.65906936905,1.01231351332,1.08729969949,1.63094954923,1.38724444418,0.796728228074
C[T>A]G,1.85126757529,1.08333435887,2.4546436739,2.4272174876,1.48101406023,1.59071880543,2.38607820815,2.02953778624,1.16561291777
C[T>A]T,0.983808984159,0.575710442582,1.30445783825,1.28988289034,0.787047187327,0.845346978981,1.26802046847,1.0785461456,0.619435286322
G[T>A]A,0.487244105178,0.285128031919,0.64604959131,0.638831160122,0.389795284142,0.418669008893,0.62800351334,0.534163907899,0.306783325482
G[T>A]C,0.440307803048,0.257661603265,0.583815531449,0.577292452885,0.352246242439,0.378338556693,0.56750783504,0.482707813712,0.277230838956
G[T>A]G,0.60353568921,0.353180144056,0.800243617546,0.791302348076,0.482828551368,0.518593629247,0.777890443871,0.661653940764,0.380003952466
G[T>A]T,0.495851021947,0.290164672102,0.657461725396,0.65011578433,0.396680817557,0.426064581821,0.639096872731,0.543599638875,0.3122024953
T[T>A]A,0.708333245105,0.414506121209,0.93919741388,0.928703588026,0.566666596084,0.608641899497,0.912962849246,0.776543113152,0.44598759877
T[T>A]C,0.764255106978,0.447230766306,1.01334566036,1.00202336248,0.611404085583,0.656693277107,0.985039915661,0.837850043206,0.481197659949
T[T>A]G,0.786248924324,0.460101222382,1.04250783299,1.03085970078,0.628999139459,0.675591668308,1.01338750246,0.861961783703,0.495045619019
T[T>A]T,1.02783488115,0.601473745266,1.36283291649,1.34760573306,0.82226790492,0.883176638618,1.32476495793,1.12681157341,0.647155295539
A[T>C]A,1.15820835363,0.677766369903,1.53569848371,1.51853984143,0.926566682906,0.99520125201,1.49280187802,1.26973952843,0.729242296732
A[T>C]C,0.865952591661,0.506742627712,1.14818899191,1.13536006462,0.692762073328,0.744077782464,1.1161166737,0.949340619006,0.545229409564
A[T>C]G,0.990162390233,0.579428361692,1.31288198409,1.29821291164,0.792129912187,0.850806201978,1.27620930297,1.08551136114,0.623435579036
A[T>C]T,0.902671599478,0.528230047102,1.19687567634,1.18350276376,0.722137279582,0.775628929922,1.16344339488,0.989595531279,0.568348784856
C[T>C]A,1.01776165928,0.595579045059,1.34947657045,1.33439861994,0.814209327422,0.874521129453,1.31178169418,1.11576833758,0.640812896582
C[T>C]C,1.65912287842,0.970894128852,2.19987403879,2.17529444059,1.32729830273,1.42561669553,2.1384250433,1.81889026671,1.04463292345
C[T>C]G,1.71521291118,1.00371718506,2.27424526741,2.24883470576,1.37217032894,1.47381257553,2.21071886329,1.88038156188,1.07994887
C[T>C]T,0.795840209249,0.465713900227,1.05522516634,1.04343494102,0.636672167399,0.683833068688,1.02574960303,0.872476673844,0.501084576194
G[T>C]A,1.41773738055,0.829638911583,1.87981474903,1.85881123228,1.13418990444,1.21820397144,1.82730595716,1.55426023942,0.89264946183
G[T>C]C,1.97025181243,1.15296217172,2.6124079587,2.58321904296,1.57620144994,1.6929571129,2.53943566935,2.15997976473,1.24052891894
G[T>C]G,1.30490401979,0.763610500468,1.73020607068,1.71087415928,1.04392321583,1.12125086145,1.68187629217,1.43056144391,0.821606234681
G[T>C]T,1.23113045028,0.720439300537,1.63238778223,1.6141488126,0.984904360228,1.05786023876,1.58679035814,1.3496837529,0.775156209438
T[T>C]A,0.94049838371,0.550365720838,1.24703119025,1.23309788086,0.752398706968,0.808131944521,1.21219791678,1.03106489473,0.592165649002
T[T>C]C,1.65537159439,0.968698933014,2.19490011404,2.17037609042,1.32429727551,1.42239336999,2.13359005499,1.81477774792,1.04227100388
T[T>C]G,0.984941704555,0.576373293777,1.30595974159,1.29136801264,0.787953363644,0.846320279469,1.2694804192,1.07978794277,0.620148480646
T[T>C]T,1.25323722908,0.733375859982,1.66169973338,1.64313325591,1.00258978327,1.07685569314,1.61528353971,1.37391933263,0.789075292386
A[T>G]A,0.584103817439,0.341808900576,0.774478394975,0.765825005087,0.467283053951,0.501896613503,0.752844920255,0.640350851711,0.367769070239
A[T>G]C,0.638488088667,0.373633770405,0.846587910158,0.837128827363,0.510790470933,0.548626802114,0.822940203171,0.699972126835,0.40201101879
A[T>G]G,0.452650293242,0.264884245675,0.600180759187,0.593474828917,0.362120234593,0.388943955674,0.583415933512,0.496238839998,0.285002036486
A[T>G]T,2.97886138839,1.74318555321,3.94974954461,3.90561826478,2.38308911071,2.55961423003,3.83942134504,3.26571470727,1.87557939269
C[T>G]A,0.56185296622,0.328788032084,0.74497541447,0.736651666822,0.449482372976,0.482777363567,0.72416604535,0.61595732593,0.353759275027
C[T>G]C,1.20132763099,0.702999132212,1.59287145147,1.57507400508,0.961062104796,1.03225189034,1.5483778355,1.3170110325,0.756391471367
C[T>G]G,0.891722151538,0.521822592381,1.18235751945,1.16914682091,0.71337772123,0.766220515395,1.14933077309,0.977591692056,0.561454688005
C[T>G]T,4.31267646903,2.52371437817,5.71828954042,5.65439803717,3.45014117522,3.7057071882,5.55856078231,4.72797124012,2.71538888791
G[T>G]A,0.117853089979,0.068965882284,0.156264467454,0.15451849575,0.0942824719831,0.101266358797,0.151899538195,0.129201906051,0.0742037973941
G[T>G]C,0.118562343859,0.0693809271474,0.157204885562,0.155448406393,0.0948498750875,0.101875791761,0.152813687641,0.129979458453,0.0746503646522
G[T>G]G,0.403700040306,0.236239282846,0.535276349739,0.529295608401,0.322960032245,0.346882997596,0.520324496394,0.442574859002,0.254181506859
G[T>G]T,1.62971437758,0.95368470984,2.16088054508,2.13673662838,1.30377150206,1.40034716888,2.10052075332,1.78664983616,1.02611645995
T[T>G]A,0.901965859802,0.527817058699,1.19593991781,1.18257746063,0.721572687842,0.775022516571,1.16253377486,0.988821831487,0.567904430246
T[T>G]C,1.14389186462,0.669388572627,1.51671587975,1.49976933361,0.915113491692,0.982899676262,1.47434951439,1.25404441454,0.720228211054
T[T>G]G,0.681257885249,0.398662021738,0.903297492293,0.893204782882,0.545006308199,0.585377145844,0.878065718765,0.746860496421,0.428940149972
T[T>G]T,7.86935872698,4.60503214394,10.4341867565,10.3176036643,6.29548698158,6.76181935059,10.1427290259,8.62714882662,4.95478142069
