,1,3,2,5,4,7,6,9,8
A[C>A]A,0.254600824141,0.638113457974,0.077347085815,0.370621452864,0.128911809692,0.344839090925,0.525315624494,0.135357400176,0.077347085815
A[C>A]C,0.199815750026,0.50080403171,0.0607035189951,0.290871028518,0.101172531659,0.270636522187,0.412278066509,0.106231158242,0.0607035189951
A[C>A]G,0.0514071264198,0.128843177609,0.0156173548617,0.0748331587123,0.0260289247695,0.0696273737584,0.106067868436,0.027330371008,0.0156173548617
A[C>A]T,0.312507356151,0.783246285037,0.0949389436408,0.454915771612,0.158231572735,0.423269457065,0.644793658894,0.166143151371,0.0949389436408
C[C>A]A,0.455454090704,1.14151784759,0.138365799708,0.663002790265,0.230609666179,0.616880857029,0.93973438968,0.242140149488,0.138365799708
C[C>A]C,0.320905906285,0.804295815753,0.0974904019095,0.46714150915,0.162484003183,0.434644708513,0.662122312969,0.170608203342,0.0974904019095
C[C>A]G,0.150229301082,0.376524071067,0.0456392813415,0.218688223095,0.0760654689025,0.203475129314,0.309966785778,0.0798687423476,0.0456392813415
C[C>A]T,1.00018855092,2.50680168459,0.303854749647,1.45597067539,0.506424582745,1.35468575884,2.06368017468,0.531745811882,0.303854749647
G[C>A]A,0.431431341879,1.08130893281,0.131067749432,0.628032966027,0.218446249053,0.584343716216,0.89016846489,0.229368561505,0.131067749432
G[C>A]C,0.42697080206,1.070129352,0.129712648727,0.62153977515,0.216187747878,0.578302225574,0.880965072604,0.226997135272,0.129712648727
G[C>A]G,0.0962486392236,0.241230766662,0.0292400929287,0.140108778617,0.0487334882145,0.130362080974,0.198588964474,0.0511701626252,0.0292400929287
G[C>A]T,0.886345678117,2.22147397806,0.269269573099,1.29025003776,0.448782621831,1.2004935134,1.82878918396,0.471221752923,0.269269573099
T[C>A]A,0.470104617473,1.17823688936,0.14281659265,0.684329506449,0.238027654417,0.636723975565,0.969962691749,0.249929037138,0.14281659265
T[C>A]C,0.409852451204,1.02722513086,0.124512137074,0.596620656815,0.207520228457,0.555116611124,0.845644930964,0.21789623988,0.124512137074
T[C>A]G,0.109071841596,0.273369932102,0.0331357493457,0.158775465615,0.0552262489096,0.147730215833,0.225046964306,0.057987561355,0.0331357493457
T[C>A]T,0.781821218809,1.95950128258,0.23751530698,1.13809417928,0.395858844967,1.05892241029,1.61312479324,0.415651787215,0.23751530698
A[C>G]A,0.123324410437,0.309091560336,0.0374656436771,0.179522875953,0.0624427394618,0.16703432806,0.254454163307,0.0655648764349,0.0374656436771
A[C>G]C,0.0832039531019,0.208536490053,0.0252771503094,0.121119678566,0.0421285838491,0.112693961796,0.171673979185,0.0442350130415,0.0252771503094
A[C>G]G,0.0474460787334,0.118915488471,0.0144139986026,0.0690670766373,0.0240233310043,0.0642624104364,0.0978950738424,0.0252244975545,0.0144139986026
A[C>G]T,0.150469234179,0.377125422372,0.0457121724088,0.219037492792,0.0761869540146,0.203800101989,0.31046183761,0.0799963017154,0.0457121724088
C[C>G]A,0.0924556387589,0.231724259168,0.02808778899,0.134587322244,0.0468129816501,0.125224725914,0.190762900224,0.0491536307326,0.02808778899
C[C>G]C,0.0754886647789,0.189199438307,0.0229332652493,0.109888562653,0.0382221087488,0.102244140903,0.155755093151,0.0401332141863,0.0229332652493
C[C>G]G,0.0523573964158,0.131224866966,0.0159060444808,0.076216463137,0.0265100741346,0.0709144483101,0.108028552099,0.0278355778413,0.0159060444808
C[C>G]T,0.123604780876,0.309794260929,0.0375508195065,0.179931010136,0.0625846991776,0.1674140703,0.255032649149,0.0657139341365,0.0375508195065
G[C>G]A,0.115435424267,0.289319164618,0.0350689896507,0.168038908743,0.0584483160844,0.156349245526,0.238176888044,0.0613707318887,0.0350689896507
G[C>G]C,0.187850752038,0.470815808906,0.0570685828977,0.273453626385,0.0951143048296,0.254430765419,0.387590792181,0.0998700200711,0.0570685828977
G[C>G]G,0.0284526872971,0.0713117985421,0.00864385436874,0.0414184688502,0.0144064239479,0.0385371840606,0.0587061775877,0.0151267451453,0.00864385436874
G[C>G]T,0.0911963394791,0.22856804072,0.0277052170569,0.132754165065,0.0461753617616,0.123519092712,0.188164599178,0.0484841298497,0.0277052170569
T[C>G]A,0.717062060044,1.79719351758,0.217841638494,1.04382451779,0.363069397491,0.971210638288,1.47950779477,0.381222867365,0.217841638494
T[C>G]C,0.262390897089,0.657637944602,0.0797136902548,0.381961432471,0.132856150425,0.355390202386,0.541388812981,0.139498957946,0.0797136902548
T[C>G]G,0.0466872946938,0.117013725941,0.0141834819323,0.0679625175922,0.0236391365538,0.0632346902814,0.0963294814568,0.0248210933815,0.0141834819323
T[C>G]T,0.913745392686,2.2901466804,0.277593537018,1.33013569821,0.462655895031,1.23760451921,1.88532277225,0.485788689782,0.277593537018
A[C>T]A,1.05134948684,2.63502782777,0.319397312457,1.53044545553,0.532328854096,1.42397968471,2.16924008044,0.558945296801,0.319397312457
A[C>T]C,1.74917914551,4.38401861787,0.531396196105,2.54627343967,0.885660326842,2.3691413743,3.60906583188,0.929943343184,0.531396196105
A[C>T]G,1.48126787081,3.71254479013,0.450005429107,2.15627601447,0.750009048511,2.00627420477,3.05628687268,0.787509500936,0.450005429107
A[C>T]T,0.847797269467,2.12485897917,0.257558664142,1.23413526568,0.429264440236,1.14828237763,1.74925259396,0.450727662248,0.257558664142
C[C>T]A,1.79434549906,4.49722036474,0.545117619968,2.61202192901,0.908529366613,2.43031605569,3.70225716895,0.953955834944,0.545117619968
C[C>T]C,3.29575617039,8.26024964225,1.00124238088,4.79761974171,1.66873730146,4.46387228142,6.80010450347,1.75217416654,1.00124238088
C[C>T]G,1.56003060432,3.90995012222,0.473933348147,2.27093062654,0.789888913579,2.11295284382,3.21879732283,0.829383359258,0.473933348147
C[C>T]T,2.67990746268,6.71673009633,0.814149102585,3.90113111655,1.35691517098,3.62974808236,5.52942932172,1.42476092952,0.814149102585
G[C>T]A,2.0115106663,5.04150774592,0.61109184799,2.92814843829,1.01848641332,2.72445115562,4.15033213427,1.06941073398,0.61109184799
G[C>T]C,4.73249590403,11.8611922658,1.43772027464,6.889076316,2.39620045774,6.40983622445,9.76451686528,2.51601048062,1.43772027464
G[C>T]G,2.62779177436,6.5861110294,0.798316488412,3.82526650697,1.33052748069,3.55916101084,5.4218994838,1.39705385472,0.798316488412
G[C>T]T,2.86353200778,7.17695363975,0.869933774515,4.16843266955,1.44988962419,3.87845474471,5.90830021858,1.5223841054,0.869933774515
T[C>T]A,2.29471713459,5.75131636264,0.697129256078,3.34041101871,1.16188209346,3.10803460001,4.73466953086,1.21997619814,0.697129256078
T[C>T]C,3.17153880288,7.9489200376,0.963505459103,4.61679699154,1.60584243184,4.29562850517,6.54380790974,1.68613455343,0.963505459103
T[C>T]G,1.26204941208,3.16311118471,0.383407416328,1.83716053657,0.639012360547,1.70935806446,2.60397536923,0.670962978574,0.383407416328
T[C>T]T,1.68821280386,4.23121690082,0.512874775856,2.45752496765,0.854791293094,2.28656670903,3.48327451936,0.897530857749,0.512874775856
A[T>A]A,0.341089588886,0.854882767082,0.103622153586,0.496522819265,0.172703589309,0.461982101403,0.703767126436,0.181338768775,0.103622153586
A[T>A]C,0.901793634731,2.26019164148,0.273962623209,1.31273756955,0.456604372016,1.22141669514,1.86066281596,0.479434590617,0.273962623209
A[T>A]G,0.211244804429,0.529449003507,0.0641756367887,0.307508259613,0.106959394648,0.286116380683,0.43585953319,0.11230736438,0.0641756367887
A[T>A]T,0.367684906883,0.921539386871,0.111701743863,0.535237522678,0.186169573105,0.498003608057,0.758641010404,0.195478051761,0.111701743863
C[T>A]A,0.0998911278286,0.2503600419,0.0303466717454,0.145411135447,0.0505777862423,0.135295578198,0.206104478938,0.0531066755545,0.0303466717454
C[T>A]C,0.364741176662,0.914161430114,0.110807446074,0.530952345773,0.184679076791,0.494016530415,0.752567237922,0.19391303063,0.110807446074
C[T>A]G,0.303106466232,0.759684560936,0.0920829770831,0.441230931857,0.153471628472,0.410536606162,0.625396886023,0.161145209896,0.0920829770831
C[T>A]T,0.316288164474,0.792722235011,0.0960875436378,0.460419479931,0.160145906063,0.428390298718,0.652594567206,0.168153201366,0.0960875436378
G[T>A]A,0.0695432729188,0.174298329594,0.0211270702538,0.101233878299,0.0352117837563,0.0941915215482,0.143488018807,0.0369723729442,0.0211270702538
G[T>A]C,0.468654804329,1.17460318047,0.142376143087,0.68221901896,0.237293571812,0.634760304597,0.966971305134,0.249158250403,0.142376143087
G[T>A]G,0.211445899586,0.529953014152,0.0642367289881,0.307800993068,0.10706121498,0.286388750072,0.436274451044,0.112414275729,0.0642367289881
G[T>A]T,0.247955785322,0.621458803717,0.0753283398445,0.360948295088,0.125547233074,0.335838848474,0.511604974778,0.131824594728,0.0753283398445
T[T>A]A,0.200025050568,0.501328607752,0.0607671039699,0.291175706522,0.101278506617,0.270920005199,0.412709914462,0.106342431947,0.0607671039699
T[T>A]C,0.273409520237,0.685254240593,0.0830611200719,0.398001200345,0.13843520012,0.370314160321,0.564123440488,0.145356960126,0.0830611200719
T[T>A]G,0.109236490595,0.273782596682,0.0331857692948,0.159015144538,0.0553096154913,0.147953221439,0.225386683127,0.0580750962659,0.0331857692948
T[T>A]T,0.215402902258,0.539870565152,0.0654388563821,0.313561186831,0.109064760637,0.291748234704,0.444438899595,0.114517998669,0.0654388563821
A[T>C]A,1.04613258194,2.62195254714,0.317812429957,1.52285122688,0.529687383261,1.41691375022,2.15847608679,0.556171752424,0.317812429957
A[T>C]C,0.689970269674,1.72929257463,0.209611221167,1.00438710142,0.349352035278,0.934516694369,1.42360954376,0.366819637042,0.209611221167
A[T>C]G,0.907654153057,2.27488002918,0.27574303384,1.32126870382,0.459571723067,1.2293543592,1.8727547715,0.48255030922,0.27574303384
A[T>C]T,0.754003309681,1.88978044705,0.229064296612,1.0975997546,0.381773827686,1.02124498906,1.55572834782,0.400862519071,0.229064296612
C[T>C]A,0.789114696602,1.97778113832,0.239731047069,1.1487112672,0.399551745115,1.06880091818,1.62817336134,0.41952933237,0.239731047069
C[T>C]C,0.755000513673,1.89227976845,0.22936724466,1.09905138066,0.3822787411,1.02259563244,1.55778586998,0.401392678155,0.22936724466
C[T>C]G,1.07013884268,2.68212013735,0.325105471194,1.55779704947,0.541842451989,1.44942855907,2.20800799186,0.568934574589,0.325105471194
C[T>C]T,1.1795661139,2.95638089305,0.358349199158,1.71708991263,0.597248665263,1.59764017958,2.43378831095,0.627111098526,0.358349199158
G[T>C]A,3.82789418995,9.59396265329,1.16290456404,5.572251036,1.93817427339,5.18461618133,7.89806016407,2.03508298706,1.16290456404
G[T>C]C,2.3533217522,5.89819882197,0.714933190542,3.42572153802,1.19155531757,3.1874104745,4.8555879191,1.25113308345,0.714933190542
G[T>C]G,2.5297592556,6.34040927354,0.768534457399,3.6825609417,1.28089076233,3.42638278924,5.2196298565,1.34493530045,0.768534457399
G[T>C]T,2.80485496674,7.02988966348,0.852107837998,4.08301672374,1.42017973,3.79898077774,5.78723239973,1.4911887165,0.852107837998
T[T>C]A,1.19562080021,2.99661922078,0.363226572216,1.74046065854,0.60537762036,1.61938513446,2.46691380297,0.635646501378,0.363226572216
T[T>C]C,1.20172797425,3.01192580889,0.365081916229,1.7493508486,0.608469860381,1.62765687652,2.47951468105,0.6388933534,0.365081916229
T[T>C]G,0.869902278993,2.18026140811,0.264274110074,1.2663134441,0.440456850123,1.17822207408,1.79486166425,0.462479692629,0.264274110074
T[T>C]T,0.967773536433,2.42555899005,0.294007150309,1.4087842619,0.490011917181,1.31078187846,1.99679856251,0.51451251304,0.294007150309
A[T>G]A,0.101519464763,0.254441190166,0.0308413563838,0.147781499339,0.0514022606397,0.137501047211,0.209464212107,0.0539723736716,0.0308413563838
A[T>G]C,0.213983306193,0.536312590205,0.0650075866916,0.31149468623,0.108345977819,0.289825490666,0.441509859613,0.11376327671,0.0650075866916
A[T>G]G,0.167415970396,0.419599520741,0.0508605479686,0.243706792349,0.0847675799476,0.22675327636,0.345427888286,0.089005958945,0.0508605479686
A[T>G]T,0.65968989863,1.6533999991,0.200412121103,0.960308080284,0.334020201838,0.893504039916,1.36113232249,0.35072121193,0.200412121103
C[T>G]A,0.0911338831517,0.228411504608,0.0276862429828,0.132663247626,0.0461437383047,0.123434499965,0.188035733592,0.0484509252199,0.0276862429828
C[T>G]C,0.325097445293,0.814801191999,0.0987637808484,0.473243116565,0.164606301414,0.440321856282,0.670770678262,0.172836616485,0.0987637808484
C[T>G]G,0.254163382608,0.637017085525,0.0772141921848,0.369984670886,0.128690320308,0.344246606824,0.524413055255,0.135124836323,0.0772141921848
C[T>G]T,1.9582444785,4.90800514863,0.594909714986,2.85060905097,0.991516191643,2.65230581265,4.04042848095,1.04109200123,0.594909714986
G[T>G]A,0.0318541979238,0.0798371036571,0.0096772246857,0.0463700349523,0.0161287078095,0.0431442933904,0.0657244843237,0.0169351432,0.0096772246857
G[T>G]C,0.09497818204,0.238046582834,0.0288541312527,0.138259378919,0.0480902187544,0.128641335168,0.195967641424,0.0504947296922,0.0288541312527
G[T>G]G,0.168869493303,0.423242527518,0.0513021245476,0.245822680124,0.0855035409127,0.228721971942,0.348426929219,0.0897787179584,0.0513021245476
G[T>G]T,0.709493556299,1.77822435629,0.215542346217,1.03280707563,0.359237243696,0.960959626886,1.46389176806,0.377199105881,0.215542346217
T[T>G]A,0.153966319938,0.385890270223,0.0467745782089,0.224128187251,0.0779576303481,0.208536661181,0.317677343669,0.0818555118655,0.0467745782089
T[T>G]C,0.281589748242,0.705756584202,0.0855462526305,0.409909127188,0.142577087718,0.381393709644,0.581001632449,0.149705942103,0.0855462526305
T[T>G]G,0.177784989207,0.445587694469,0.0540106296326,0.258800933656,0.0900177160543,0.240797390445,0.366822192921,0.094518601857,0.0540106296326
T[T>G]T,1.3866583361,3.47542215883,0.421263291979,2.01855327407,0.702105486632,1.87813217674,2.86107985802,0.737210760963,0.421263291979
