,1,3,2,5,4,7,6,9,8
A[C>A]A,2.2953729049,3.552362829,1.31164165994,2.87832475376,1.00194849023,1.85815901825,2.87832475376,2.89654199903,1.82172452769
A[C>A]C,1.59622204852,2.47034364652,0.91212688487,2.00161177513,0.696763592609,1.29217975357,2.00161177513,2.01428020409,1.26684289565
A[C>A]G,1.2187509104,1.88616212323,0.696429091655,1.52827495113,0.531994445015,0.986607879845,1.52827495113,1.53794757741,0.967262627299
A[C>A]T,2.10342076801,3.25529404573,1.20195472458,2.63762286783,0.918159859053,1.70276919315,2.63762286783,2.65431668344,1.66938156191
C[C>A]A,4.36626000605,6.75730715222,2.49500571774,5.47515143616,1.9059071455,3.53459143347,5.47515143616,5.50980429335,3.46528571909
C[C>A]C,2.49114665107,3.85534600761,1.42351237204,3.12381881642,1.0874052842,2.01664252706,3.12381881642,3.14358982159,1.97710051672
C[C>A]G,1.38835051751,2.14863770566,0.79334315286,1.74094747433,0.606026019546,1.12390279989,1.74094747433,1.75196612923,1.10186549008
C[C>A]T,3.21886485873,4.98157656708,1.83935134785,4.03635434666,1.40506005738,2.60574774278,4.03635434666,4.06190089316,2.55465464979
G[C>A]A,3.70170365553,5.72882708595,2.11525923173,4.64181886964,1.61582302424,2.99661724496,4.64181886964,4.67119747008,2.93786004407
G[C>A]C,6.64651289599,10.2862699581,3.79800736913,8.33451617116,2.9012556292,5.38051043961,8.33451617116,8.38726627351,5.27501023491
G[C>A]G,2.70852941705,4.19177171686,1.54773109546,3.39640990392,1.18229458681,2.1926190519,3.39640990392,3.41790616914,2.14962652147
G[C>A]T,4.07676730678,6.30928273668,2.32958131816,5.11213678151,1.7795412847,3.30024020072,5.11213678151,5.1444920776,3.23552960855
T[C>A]A,2.67665914627,4.14244867875,1.52951951215,3.35644559611,1.16838296067,2.16681930888,3.35644559611,3.37768892267,2.12433265577
T[C>A]C,4.35717384549,6.74324523707,2.48981362599,5.46375767927,1.9019409643,3.52723597016,5.46375767927,5.49833842407,3.45807448055
T[C>A]G,0.895421357639,1.38577114873,0.511669347222,1.1228299564,0.390858529128,0.724864908565,1.1228299564,1.12993647512,0.710651871142
T[C>A]T,4.37268996561,6.76725828011,2.49867998035,5.48321440132,1.90871387388,3.53979663883,5.48321440132,5.51791828993,3.47038886159
A[C>G]A,0.946298902947,1.46451020694,0.540742230256,1.18662878306,0.413066981445,0.766051492862,1.18662878306,1.19413909181,0.751030875355
A[C>G]C,0.620497749919,0.960294136779,0.354570142811,0.778084480057,0.270852192425,0.502307702315,0.778084480057,0.783009065373,0.492458531681
A[C>G]G,0.0470882800943,0.0728747191935,0.0269075886253,0.0590472083722,0.0205544079777,0.0381190838859,0.0590472083722,0.0594209248809,0.0373716508685
A[C>G]T,0.580973535624,0.899125709894,0.331984877499,0.728522370068,0.253599559201,0.470311909791,0.728522370068,0.733133271144,0.461090107638
C[C>G]A,0.998628960569,1.54549720088,0.570645120325,1.25224901405,0.435909466915,0.808413920461,1.25224901405,1.26017464072,0.792562667118
C[C>G]C,1.11616464859,1.72739767044,0.637808370624,1.39963503554,0.48721472756,0.903561858384,1.39963503554,1.40849348513,0.8858449592
C[C>G]G,0.172780379355,0.267398206145,0.0987316453459,0.21666111062,0.0754200068615,0.139869830907,0.21666111062,0.218032383472,0.137127285203
C[C>G]T,0.961070433305,1.48737090869,0.549183104746,1.20515181319,0.419514871681,0.77800939839,1.20515181319,1.21277935631,0.762754312147
G[C>G]A,0.47165526325,0.729942669316,0.269517293286,0.591440726933,0.205881265705,0.381816165488,0.591440726933,0.595184022673,0.374329574008
G[C>G]C,0.702041868552,1.086493368,0.40116678203,0.880338216121,0.306446847384,0.568319607876,0.880338216121,0.885909976983,0.557176086153
G[C>G]G,0.322168916749,0.498594752112,0.184096523857,0.403989594019,0.140629289057,0.260803408797,0.403989594019,0.406546490183,0.255689616468
G[C>G]T,0.398808124982,0.617203050568,0.227890357133,0.500092728152,0.174082911699,0.322844672605,0.500092728152,0.503257872002,0.316514384907
T[C>G]A,1.98652845571,3.0743892767,1.13515911755,2.49104361907,0.867135437018,1.6081420832,2.49104361907,2.50680971792,1.57660988549
T[C>G]C,1.01081932882,1.56436324698,0.57761104504,1.26753534884,0.441230659406,0.818282313807,1.26753534884,1.27555772446,0.802237562556
T[C>G]G,0.148359616351,0.229604168163,0.0847769236293,0.186038249075,0.0647601499946,0.120100641808,0.186038249075,0.187215706348,0.117745727263
T[C>G]T,2.41024651982,3.73014342353,1.37728372561,3.02237262009,1.05209173484,1.95115194462,3.02237262009,3.04150156072,1.91289406335
A[C>T]A,1.60344707951,2.4815252421,0.916255474008,2.01067173463,0.699917375978,1.29802858818,2.01067173463,2.0233975051,1.27257704723
A[C>T]C,1.15463802249,1.78693979671,0.659793155709,1.44787942503,0.504008660611,0.934706970588,1.44787942503,1.45704321886,0.916379382929
A[C>T]G,1.13798275462,1.76116378691,0.650275859781,1.42699424785,0.496738504,0.92122413469,1.42699424785,1.43602585702,0.903160916363
A[C>T]T,1.0655774856,1.64910801342,0.608901420341,1.33620033908,0.465133029427,0.862610345483,1.33620033908,1.34465730325,0.84569641714
C[C>T]A,1.56413348834,2.42068277958,0.893790564766,1.96137373935,0.682756681419,1.26620330009,1.96137373935,1.97378749719,1.2413757844
C[C>T]C,0.883273967121,1.36697161578,0.504727981212,1.10759751433,0.385556096759,0.715031306717,1.10759751433,1.11460762518,0.701011085017
C[C>T]G,0.869769325603,1.34607157534,0.497011043202,1.09066312258,0.379661213557,0.704098977869,1.09066312258,1.09756605374,0.690293115558
C[C>T]T,1.38039642489,2.13632780043,0.788797957082,1.73097329471,0.602553994993,1.11746377253,1.73097329471,1.74192882189,1.09555271817
G[C>T]A,2.81184743299,4.3516686463,1.60676996171,3.52596741597,1.22739372075,2.27625744575,3.52596741597,3.54828366544,2.23162494682
G[C>T]C,2.43372395901,3.76647755561,1.39069940515,3.05181258352,1.06233982338,1.97015749063,3.05181258352,3.07112785304,1.9315269516
G[C>T]G,2.08767323564,3.23092286468,1.19295613465,2.61787596215,0.911285936193,1.69002119076,2.61787596215,2.63444479736,1.65688352035
G[C>T]T,2.33761234308,3.6177333881,1.33577848176,2.93129166831,1.02038634023,1.89235284916,2.93129166831,2.94984414722,1.85524789133
T[C>T]A,3.13249707002,4.84791213218,1.78999832573,3.92805188146,1.36735983215,2.53583096145,3.92805188146,3.95291296931,2.48610878573
T[C>T]C,2.00959672948,3.11009017658,1.14834098828,2.51997050205,0.8772049216,1.62681640006,2.51997050205,2.53591968244,1.59491803927
T[C>T]G,1.56903405683,2.42826699271,0.896590889616,1.96751889666,0.684895818456,1.27017042696,1.96751889666,1.9799715479,1.24526512447
T[C>T]T,1.75442549561,2.71518231463,1.00252885463,2.19999387545,0.765820652845,1.42024921073,2.19999387545,2.21391788732,1.39240118699
A[T>A]A,1.59884352294,2.47440069027,0.913624870253,2.00489902083,0.697907886999,1.29430189953,2.00489902083,2.01758825514,1.26892343091
A[T>A]C,0.320164007385,0.495491916191,0.182950861363,0.401475501324,0.139754130208,0.259180386931,0.401475501324,0.40401648551,0.25409841856
A[T>A]G,0.664548525124,1.02846795555,0.379742014357,0.833322753727,0.290080705411,0.537967853672,0.833322753727,0.838596948371,0.527419464384
A[T>A]T,0.396836404527,0.614151578434,0.22676365973,0.497620253296,0.173222240071,0.32124851795,0.497620253296,0.50076974857,0.314949527402
C[T>A]A,3.16334367298,4.89565092247,1.80762495599,3.96673254231,1.38082461916,2.56080202098,3.96673254231,3.99183844447,2.51059021665
C[T>A]C,0.69762440098,1.07965681104,0.398642514845,0.874798852022,0.304518587729,0.564743562698,0.874798852022,0.880335553617,0.553670159508
C[T>A]G,0.908325937779,1.40574252275,0.519043393017,1.13901189023,0.396491480777,0.73531147344,1.13901189023,1.14622082625,0.720893601412
C[T>A]T,0.608597424604,0.94187696665,0.347769956917,0.763161849901,0.265657605978,0.492674105632,0.763161849901,0.767991988191,0.483013829051
G[T>A]A,1.17989938251,1.82603475865,0.674228218578,1.47955636855,0.515035444747,0.955156642986,1.47955636855,1.48892064936,0.936428081359
G[T>A]C,0.472083043787,0.730604710623,0.269761739307,0.591977150146,0.206067995304,0.382162464018,0.591977150146,0.595723840969,0.374669082371
G[T>A]G,0.239896823418,0.371268893385,0.137083899096,0.300823000794,0.104716867365,0.194202190386,0.300823000794,0.302726943837,0.1903943043
G[T>A]T,0.189271732581,0.292920538519,0.108155275761,0.237340744031,0.0826186134284,0.153219973995,0.237340744031,0.238842900639,0.150215660779
T[T>A]A,0.774457415484,1.19856504777,0.442547094563,0.971145013068,0.338056808346,0.626941717297,0.971145013068,0.977291500492,0.614648742448
T[T>A]C,0.801033920839,1.23969535368,0.457733669051,1.00447110708,0.349657663858,0.648456031155,1.00447110708,1.01082851915,0.635741207015
T[T>A]G,0.848863950097,1.31371801801,0.485065114341,1.06444844536,0.370535851233,0.68717557865,1.06444844536,1.07118546084,0.673701547696
T[T>A]T,0.376580594911,0.582803301648,0.215188911378,0.472220111079,0.164380418414,0.304850957785,0.472220111079,0.475208845959,0.298873488025
A[T>C]A,2.68760904696,4.15939495362,1.53577659826,3.37017642396,1.17316267923,2.1756835142,3.37017642396,3.39150665449,2.13302305314
A[T>C]C,0.80352665339,1.24355315406,0.459158087651,1.00759691457,0.3507457614,0.650473957506,1.00759691457,1.01397411023,0.637719566183
A[T>C]G,1.6075576835,2.48788689113,0.918604390572,2.01582630153,0.701711687242,1.30135621998,2.01582630153,2.02858469585,1.27583943135
A[T>C]T,2.11335968849,3.27067570838,1.20763410771,2.65008595858,0.922498276722,1.71081498592,2.65008595858,2.66685865452,1.67726959404
C[T>C]A,0.724192065055,1.12077343401,0.413824037174,0.908113859355,0.316115583953,0.58625071933,0.908113859355,0.913861415427,0.574755607187
C[T>C]C,1.09201180275,1.69001826616,0.624006744427,1.3693481336,0.476671818659,0.884009554604,1.3693481336,1.37801489394,0.866676033926
C[T>C]G,0.954342025154,1.47695789607,0.545338300088,1.19671460297,0.416577868123,0.772562591791,1.19671460297,1.20428874603,0.757414305678
C[T>C]T,1.06440514994,1.64729368444,0.608231514253,1.33473026739,0.46462129561,0.861661311859,1.33473026739,1.34317792731,0.844765992018
G[T>C]A,0.898077296786,1.38988153074,0.513187026735,1.12616041978,0.392017867645,0.727014954541,1.12616041978,1.13328801737,0.712759759354
G[T>C]C,0.980934190843,1.51811243821,0.560533823339,1.23006033455,0.428185559495,0.794089583064,1.23006033455,1.23784552654,0.778519199082
G[T>C]G,0.789824113881,1.22234684291,0.451328065075,0.990414365026,0.344764494155,0.639381425523,0.990414365026,0.996682810374,0.626844534826
G[T>C]T,0.996841413514,1.54273075901,0.569623664865,1.25000748679,0.435129188439,0.806966858559,1.25000748679,1.25791892658,0.79114397898
T[T>C]A,0.98120039274,1.51852441734,0.560685938709,1.23039414328,0.428301758736,0.794305079837,1.23039414328,1.23818144798,0.778730470429
T[T>C]C,0.986531355131,1.52677471627,0.563732202932,1.23707900088,0.430628766129,0.798620620821,1.23707900088,1.24490861481,0.782961392961
T[T>C]G,0.738147182233,1.14237063917,0.421798389848,0.925613133277,0.322207103356,0.597547718951,0.925613133277,0.931471444247,0.585831097011
T[T>C]T,0.724297885141,1.12093720319,0.413884505795,0.908246554383,0.31616177526,0.586336383209,0.908246554383,0.913994950297,0.574839591382
A[T>G]A,0.197937416675,0.306331716283,0.113107095243,0.248207236783,0.0864012533107,0.160235051594,0.248207236783,0.249778168662,0.157093187838
A[T>G]C,0.270575050186,0.418747101478,0.154614314392,0.339292523249,0.118108156827,0.219036945388,0.339292523249,0.341439944282,0.214742103322
A[T>G]G,0.315790105235,0.488722781912,0.180451488706,0.395990766883,0.137844887206,0.255639609,0.395990766883,0.398497037559,0.250627067647
A[T>G]T,0.474893122499,0.734953641962,0.271367498571,0.595500899641,0.207294616964,0.384437289642,0.595500899641,0.599269892677,0.37689930357
C[T>G]A,0.0408433766184,0.0632099876237,0.0233390723534,0.0512162976643,0.0178284580477,0.0330636858339,0.0512162976643,0.051540451447,0.0324153782686
C[T>G]C,0.47809473947,0.73990852537,0.273196993983,0.599515625684,0.208692148181,0.387029074809,0.599515625684,0.603310028378,0.37944026942
C[T>G]G,0.364428261633,0.563996119193,0.208244720933,0.456981470936,0.15907582849,0.295013354655,0.456981470936,0.459873758727,0.289228779073
C[T>G]T,0.942696626389,1.45893525513,0.538683786508,1.18211164261,0.411494559138,0.763135364219,1.18211164261,1.18959336187,0.748171925705
G[T>G]A,0.033440906692,0.0517537841662,0.0191090895383,0.0419338353757,0.0145972211751,0.0270712101792,0.0419338353757,0.0421992393971,0.0265404021365
G[T>G]C,0.222377057383,0.344154969759,0.127072604219,0.278853770369,0.0970693504447,0.180019522643,0.278853770369,0.280618667649,0.176489728081
G[T>G]G,0.353874667485,0.547663175869,0.202214095706,0.443747598909,0.154469100886,0.286469968916,0.443747598909,0.446556128016,0.280852910702
G[T>G]T,0.32862472447,0.508585883108,0.18778555684,0.412084971954,0.143447300364,0.266029538856,0.412084971954,0.414693104688,0.260813273389
T[T>G]A,0.292257351567,0.452303044091,0.167004200895,0.366481440854,0.127572653462,0.236589284602,0.366481440854,0.368800943644,0.231950279021
T[T>G]C,0.317583918474,0.491498921447,0.181476524842,0.398240151737,0.138627900921,0.257091743526,0.398240151737,0.400760659026,0.252050728947
T[T>G]G,0.337738082893,0.522689890192,0.192993190225,0.423512834104,0.147425353644,0.273407019485,0.423512834104,0.42619329508,0.268046097534
T[T>G]T,0.842009775744,1.30311036722,0.481148443282,1.05585352831,0.367543949729,0.681626961316,1.05585352831,1.06253614558,0.668261726781
