,1,3,2,5,4,7,6,9,8
A[C>A]A,1.84447503297,0.325495594053,1.9394112479,1.6546026031,1.47829248966,0.718802770201,1.61391565385,1.95297356432,0.759489719457
A[C>A]C,1.04200118833,0.183882562646,1.09563360244,0.934736360119,0.835133305353,0.406073992511,0.911751039789,1.10329537588,0.429059312842
A[C>A]G,0.207919633514,0.0366917000319,0.218621379357,0.186516141829,0.166641470978,0.081027504237,0.181929679325,0.220150200191,0.085613966741
A[C>A]T,0.995618423029,0.17569736877,1.04686348892,0.893128291246,0.797958883163,0.387998356033,0.87116612015,1.05418421262,0.40996052713
C[C>A]A,2.26359534645,0.399458002314,2.38010393046,2.03057817843,1.81420509384,0.882136421777,1.98064592814,2.39674801389,0.932068672067
C[C>A]C,1.09629918353,0.1934645618,1.15272634739,0.983444855816,0.878651551508,0.427234240642,0.959261785591,1.1607873708,0.451417310867
C[C>A]G,0.455701951422,0.0804179914274,0.479157198922,0.408791456423,0.365231711066,0.177589731069,0.398739207494,0.482507948565,0.187641979997
C[C>A]T,1.93373525335,0.34124739765,2.03326574433,1.73467427139,1.549831931,0.753588003145,1.69201834668,2.0474843859,0.796243927851
G[C>A]A,2.70237714274,0.476890084014,2.84147008391,2.4241912604,2.16587579823,1.05313226886,2.3645799999,2.86134050408,1.11274352937
G[C>A]C,1.13375649846,0.200074676198,1.19211161235,1.01704627067,0.908672487733,0.441831576604,0.992036936149,1.20044805719,0.466840911129
G[C>A]G,0.301836884657,0.0532653325866,0.317372606662,0.270765440648,0.241913385497,0.117627609462,0.264107274075,0.31959199552,0.124285776035
G[C>A]T,1.87133178148,0.330235020262,1.96765032906,1.67869468633,1.49981738369,0.729269003079,1.6374153088,1.98141012157,0.770548380611
T[C>A]A,2.48372962295,0.438305227579,2.61156864766,2.22805157353,1.99063624192,0.967924044238,2.17326342008,2.62983136548,1.02271219769
T[C>A]C,1.67956880083,0.296394494263,1.76601719499,1.50667201251,1.34612499478,0.654537841498,1.46962270072,1.77836696558,0.691587153281
T[C>A]G,0.415488972137,0.0733215833184,0.436874433939,0.372718048535,0.333002190904,0.161918496495,0.36355285062,0.43992949991,0.17108369441
T[C>A]T,4.18392968151,0.738340532032,4.39927900335,3.75323103783,3.35329658298,1.63050200824,3.66093847132,4.43004319219,1.72279457474
A[C>G]A,0.739468499456,0.13049444108,0.777529378104,0.663346742159,0.59266225324,0.288175224053,0.647034937024,0.782966646482,0.304487029188
A[C>G]C,0.394902122045,0.0696886097727,0.415227966562,0.354250433011,0.316502436051,0.153895679915,0.34553935679,0.418131658636,0.162606756136
A[C>G]G,0.129091224269,0.0227808042827,0.135735625518,0.11580242177,0.103462819451,0.0503076094576,0.112954821235,0.136684825696,0.0531552099929
A[C>G]T,0.716203620925,0.126388874281,0.75306704259,0.642476777594,0.574016137359,0.279108764037,0.626678168309,0.758333245685,0.294907373322
C[C>G]A,0.555375861451,0.098007504962,0.583961383732,0.49820481689,0.445117418369,0.216433240124,0.48595387877,0.588045029772,0.228684178245
C[C>G]C,0.466654274233,0.0823507542765,0.490673244231,0.418616334239,0.374009675672,0.181857915694,0.408322489954,0.494104525659,0.192151759978
C[C>G]G,0.20578605884,0.0363151868542,0.21637798834,0.184602199842,0.164931473629,0.0801960376363,0.180062801485,0.217891121125,0.0847354359931
C[C>G]T,0.645716159101,0.11394991043,0.678951549643,0.579245378017,0.517522509868,0.251639385532,0.565001639213,0.683699462578,0.265883124336
G[C>G]A,0.347418637959,0.0613091714045,0.365300479618,0.31165495464,0.278445820129,0.135391086852,0.303991308214,0.367855028427,0.143054733277
G[C>G]C,0.326230865311,0.057570152702,0.343022159849,0.292648276235,0.261464443522,0.127134087217,0.285452007147,0.345420916212,0.134330356305
G[C>G]G,0.0517585317344,0.00913385854137,0.054422573809,0.0464304475853,0.0414829408754,0.0201706042789,0.0452887152676,0.0548031512482,0.0213123365965
G[C>G]T,0.466071507904,0.0822479131596,0.490060482576,0.418093558561,0.3735426056,0.181630808227,0.407812569416,0.493487478957,0.191911797372
T[C>G]A,3.62601978439,0.639885844305,3.81265315565,3.25275304188,2.90614820955,1.41308123951,3.17276731134,3.83931506583,1.49306697004
T[C>G]C,1.27751702341,0.225444180601,1.34327157608,1.14600791805,1.02389232023,0.497855898827,1.11782739548,1.35266508361,0.526036421402
T[C>G]G,0.206231548042,0.0363938025956,0.216846407132,0.185001829861,0.165288520122,0.0803696473987,0.180452604537,0.218362815574,0.0849188727231
T[C>G]T,4.74233249085,0.836882204267,4.98642313376,4.25415120503,3.80084001105,1.84811486776,4.14954092949,5.0212932256,1.95272514329
A[C>T]A,1.98246535904,0.349846828066,2.08450401723,1.77838804267,1.58888767747,0.77257841198,1.73465718916,2.0990809684,0.816309265488
A[C>T]C,3.16755779845,0.558980787962,3.33059386161,2.84148567214,2.53870441199,1.23441590675,2.77161307365,3.35388472777,1.30428850524
A[C>T]G,1.99508149966,0.352073205822,2.09776951803,1.78970546293,1.59899914311,0.777494996191,1.7456963122,2.11243923493,0.821504146919
A[C>T]T,2.15561731074,0.380403054837,2.26656820174,1.93371552875,1.72766387405,0.840056746098,1.8861651469,2.28241832902,0.887607127953
C[C>T]A,2.53883477081,0.448029665437,2.6695100899,2.27748413264,2.03480139719,0.989398844508,2.22148042446,2.68817799262,1.04540255269
C[C>T]C,4.95467833902,0.874355001003,5.20969854765,4.44463792177,3.97102896289,1.93086729388,4.33534354664,5.24613000602,2.04016166901
C[C>T]G,1.87135796304,0.330239640537,1.9676778582,1.67871817273,1.49983836744,0.729279206186,1.63743821766,1.98143784322,0.770559161254
C[C>T]T,4.1217393145,0.727365761382,4.33388766157,3.69744262036,3.30345283294,1.60626605638,3.60652190018,4.36419456829,1.69718677656
G[C>T]A,2.44051919044,0.430679857137,2.56613414877,2.18928927378,1.95600435116,0.95108468451,2.13545429164,2.58407914282,1.00491966665
G[C>T]C,4.68175238946,0.82619159814,4.92272493892,4.19980729054,3.75228684155,1.82450644589,4.09653334078,4.95714958884,1.92778039566
G[C>T]G,2.15928567114,0.381050412555,2.27042537481,1.93700626382,1.73060395702,0.841486327726,1.88937496225,2.28630247533,0.889117629295
G[C>T]T,3.31977012953,0.585841787564,3.4906406509,2.97802908678,2.66069811852,1.29373394754,2.90479886334,3.51505072538,1.36696417098
T[C>T]A,4.63191003433,0.817395888412,4.87031716845,4.15509576609,3.71233965987,1.80508258691,4.05292128004,4.90437533047,1.90725707296
T[C>T]C,3.94987570996,0.697036889993,4.15317813621,3.54327085746,3.16570920872,1.53928979873,3.45614124621,4.18222133996,1.62641940998
T[C>T]G,2.05366621725,0.362411685398,2.1593696255,1.84225940077,1.64595307118,0.800325805254,1.7969579401,2.17447011239,0.845627265929
T[C>T]T,3.74181020607,0.66031944813,3.93440337844,3.35662386133,2.99895082693,1.45820544795,3.27408393031,3.96191668878,1.54074537897
A[T>A]A,1.74065127504,0.307173754419,1.83024362008,1.56146658496,1.39508080132,0.678342041008,1.52306986566,1.84304252651,0.71673876031
A[T>A]C,0.610524768653,0.107739665056,0.641948837628,0.547676630703,0.489317645465,0.237925093666,0.534209172571,0.646437990338,0.251392551798
A[T>A]G,0.590646529219,0.10423174045,0.621047453517,0.529844680623,0.473385821212,0.230178426828,0.516815713066,0.625390442702,0.243207394384
A[T>A]T,0.84619190328,0.149327982932,0.889745898302,0.759083913237,0.678197922482,0.329765962308,0.74041791537,0.895967897591,0.348431960174
C[T>A]A,2.96786356942,0.523740629898,3.12062125315,2.66234820198,2.37865536079,1.15659389103,2.59688062325,3.14244377939,1.22206146976
C[T>A]C,0.754016158348,0.133061675003,0.792825813557,0.67639684793,0.60432177397,0.293844532297,0.659764138555,0.798370050016,0.310477241673
C[T>A]G,1.44803505805,0.255535598479,1.52256627427,1.2989726256,1.16055750976,0.564307779974,1.26703067579,1.53321359087,0.596249729784
C[T>A]T,1.12997897588,0.199408054568,1.18813965847,1.01365761072,0.905644914494,0.440359453837,0.988731603898,1.19644832741,0.465285460658
G[T>A]A,1.52426883135,0.268988617297,1.60272384473,1.36735880459,1.22165663689,0.594016529864,1.33373522743,1.61393170378,0.627640107026
G[T>A]C,0.363130054359,0.0640817742987,0.381820571863,0.325749019352,0.291038058273,0.141513918243,0.317738797564,0.384490645792,0.14952414003
G[T>A]G,0.831098325521,0.146664410386,0.873875445217,0.745544086129,0.666100863837,0.323883906269,0.727211034831,0.879986462316,0.342216957568
G[T>A]T,0.621700054131,0.109711774258,0.653699321623,0.557701519147,0.49827430809,0.242280168154,0.543987547364,0.65827064555,0.255994139936
T[T>A]A,1.14112011874,0.201374138602,1.1998542425,1.02365187123,0.914574212816,0.444701222745,0.9984801039,1.20824483161,0.469872990071
T[T>A]C,0.479511434054,0.0846196648331,0.50419216963,0.430149962902,0.384314311117,0.186868426506,0.419572504797,0.507717988999,0.197445884611
T[T>A]G,0.484219789102,0.0854505510179,0.509142866482,0.434373634341,0.388087919206,0.188703300165,0.423692315464,0.512703306108,0.199384619042
T[T>A]T,0.824291937139,0.145463283024,0.866718728021,0.739438355374,0.660645743736,0.321231416679,0.721255444996,0.872779698147,0.339414327057
A[T>C]A,2.31641211834,0.408778609119,2.43563921267,2.07795792969,1.85653618308,0.902719428471,2.02686060355,2.45267165471,0.953816754611
A[T>C]C,1.02342576926,0.180604547517,1.07610209562,0.918073116543,0.820245653305,0.398835042433,0.895497548104,1.0836272851,0.421410610872
A[T>C]G,1.97350747926,0.348266025751,2.0750850701,1.77035229757,1.58170820029,0.769087473533,1.72681904435,2.08959615451,0.812620726752
A[T>C]T,1.82360745829,0.321813080875,1.91746960688,1.63588316112,1.46156774231,0.710670553599,1.59565652601,1.93087848525,0.750897188709
C[T>C]A,1.0803186565,0.190644468795,1.13592329324,0.96910938304,0.86584362911,0.421006535255,0.945278824441,1.14386681277,0.444837093855
C[T>C]C,1.11274789517,0.196367275619,1.17002168389,0.998200317728,0.891834710102,0.433644400325,0.973654408276,1.17820365371,0.458190309777
C[T>C]G,1.56746297106,0.27661111254,1.64814121221,1.40610648874,1.25627546945,0.610849540192,1.37153009968,1.65966667524,0.645425929259
C[T>C]T,1.15549491575,0.203910867484,1.21496891876,1.03654690971,0.926095189825,0.450303165695,1.01105805128,1.22346520491,0.47579202413
G[T>C]A,1.82969059917,0.322886576324,1.9238658506,1.64134009631,1.46644320081,0.713041189383,1.60097927427,1.93731945795,0.753402011423
G[T>C]C,0.946169849795,0.166971149964,0.994869768534,0.848770012316,0.758327306086,0.36872795617,0.82789861857,1.00182689978,0.389599349915
G[T>C]G,1.27356005005,0.224745891185,1.33911093498,1.14245828019,1.02072092247,0.496313843034,1.11436504379,1.34847534711,0.524407079432
G[T>C]T,1.44920393895,0.255741871579,1.52379531816,1.30002118053,1.16149433342,0.564763299738,1.26805344658,1.53445122948,0.596731033685
T[T>C]A,1.2003823645,0.21183218197,1.26216675091,1.07681359168,0.962071159782,0.467796068518,1.05033456894,1.27099309182,0.494275091264
T[T>C]C,1.21765216512,0.214879793844,1.28032543832,1.09230561871,0.975912397043,0.474526211406,1.06544564448,1.28927876307,0.501386185637
T[T>C]G,0.828905755438,0.146277486254,0.871570022262,0.74357722179,0.664343583403,0.32302944881,0.725292536008,0.877664917523,0.341314134592
T[T>C]T,1.23038945937,0.217127551654,1.29371832861,1.10373172091,0.986120963763,0.479490009903,1.07659077695,1.30276530993,0.50663095386
A[T>G]A,0.337967915275,0.0596413968132,0.355363322679,0.303177100467,0.27087134386,0.131708084629,0.295721925865,0.357848380879,0.139163259231
A[T>G]C,0.184236341016,0.0325122954734,0.193719093862,0.165270835323,0.147660008608,0.071797985837,0.161206798389,0.19507377284,0.0758620227712
A[T>G]G,0.43139307446,0.0761281896106,0.453597129763,0.386984963854,0.345748861148,0.168116418723,0.377468940153,0.456769137664,0.177632442425
A[T>G]T,0.529242257575,0.0933956925132,0.556482667891,0.474761436942,0.424172103497,0.206248820967,0.463086975378,0.560374155079,0.217923282531
C[T>G]A,0.168833060978,0.0297940695843,0.17752299794,0.151453187054,0.135314732696,0.0657952369988,0.147728928356,0.178764417506,0.0695194956968
C[T>G]C,0.40431924163,0.0713504544053,0.425129790832,0.362698143227,0.324049980424,0.157565586812,0.353779336426,0.428102726432,0.166484393612
C[T>G]G,0.708004881032,0.124942037829,0.744446308732,0.635122025632,0.567445088474,0.275913666873,0.619504270903,0.749652226975,0.291531421601
C[T>G]T,1.19085366408,0.210150646603,1.25214760267,1.0682657869,0.954434186653,0.464082677914,1.04199695607,1.26090387962,0.490351508739
G[T>G]A,0.183560236942,0.0323929829897,0.193008190314,0.164664330198,0.147118131078,0.0715345041023,0.160615207324,0.194357897938,0.0755836269761
G[T>G]C,0.107665329696,0.018999764064,0.113206927548,0.096582133992,0.086290595124,0.041957812308,0.094207163484,0.113998584384,0.044332782816
G[T>G]G,0.619862120826,0.109387433087,0.65176678881,0.556052784859,0.496801258603,0.241563914734,0.542379355723,0.656324598522,0.25523734387
G[T>G]T,0.511879840646,0.0903317365846,0.53822659715,0.459186327638,0.410256636988,0.199482584958,0.447894860565,0.541990419507,0.210774052031
T[T>G]A,0.433842252137,0.0765603974359,0.456172368055,0.389182020299,0.347711805021,0.169070877671,0.37961197062,0.459362384615,0.17864092735
T[T>G]C,0.411882482004,0.0726851438831,0.433082315637,0.369482814739,0.330111695136,0.160513026075,0.360397171754,0.436110863299,0.169598669061
T[T>G]G,0.501271997085,0.0884597641914,0.527072761641,0.449670467973,0.401754762369,0.195348645923,0.438612997449,0.530758585149,0.206406116447
T[T>G]T,1.61493956552,0.284989335091,1.69806145492,1.44869578671,1.29432656354,0.629351448327,1.41307211983,1.70993601055,0.664975115213
