,1,3,2,5,4,7,6,9,8
A[C>A]A,1.33946656299,0.58127794243,0.796098051589,1.70592439626,0.505459080374,1.52901371813,0.290638971215,0.454913172337,0.278002494206
A[C>A]C,1.18538876689,0.514413993178,0.704523512396,1.50969324085,0.447316515807,1.35313246032,0.257206996589,0.402584864226,0.246024083694
A[C>A]G,0.411715159845,0.178668842952,0.244698632738,0.52435421301,0.155364211262,0.469976739069,0.0893344214759,0.139827790136,0.0854503161943
A[C>A]T,1.30472805153,0.566202739341,0.775451577794,1.66168195241,0.492350208123,1.48935937957,0.283101369671,0.443115187311,0.270792614468
C[C>A]A,1.38032946935,0.599010901793,0.820384495933,1.757966777,0.520879045037,1.57565911124,0.299505450896,0.468791140533,0.28648347477
C[C>A]C,1.24067509314,0.538406172494,0.737382366677,1.58010507145,0.46817928043,1.4162423233,0.269203086247,0.421361352387,0.257498604236
C[C>A]G,0.356080298068,0.154525412369,0.211632629984,0.453498492823,0.134369923799,0.406469019493,0.0772627061847,0.120932931419,0.0739034580897
C[C>A]T,3.90558945367,1.69487844216,2.32124656209,4.9740997759,1.47380734101,4.45826720655,0.847439221079,1.32642660691,0.810594037554
G[C>A]A,1.49740928338,0.649819122976,0.889969668424,1.90707786091,0.565060106936,1.70930682348,0.324909561488,0.508554096242,0.310783058815
G[C>A]C,1.66836737418,0.724008483133,0.991576835595,2.12480750485,0.629572594029,1.90445709694,0.362004241567,0.566615334626,0.346264926716
G[C>A]G,0.462594218719,0.200748434539,0.27493807339,0.589153014407,0.17456385612,0.528055664764,0.100374217269,0.157107470508,0.0960101208663
G[C>A]T,2.69661462493,1.17022898818,1.60270491859,3.4343676827,1.0175904245,3.07821103412,0.585114494089,0.915831382052,0.559674733476
T[C>A]A,1.36607570025,0.592825303881,0.811912916185,1.73981339182,0.515500264244,1.55938829934,0.296412651941,0.46395023782,0.283525145334
T[C>A]C,1.55143325536,0.673263488176,0.922078255545,1.97588197617,0.585446511457,1.77097569716,0.336631744088,0.526901860311,0.321995581301
T[C>A]G,0.332766278849,0.144408007802,0.197776184599,0.423806109855,0.125572180698,0.379855846611,0.0722040039012,0.113014962628,0.0690646993838
T[C>A]T,4.36960389581,1.89624320007,2.59702873053,5.56506156542,1.64890713049,4.98794406975,0.948121600034,1.48401641744,0.906898921772
A[C>G]A,0.281416389795,0.122124093685,0.167256910916,0.358407666249,0.106194864074,0.321239463823,0.0610620468424,0.0955753776663,0.0584071752405
A[C>G]C,0.128579075213,0.0557984666018,0.0764196390416,0.163756369375,0.0485204057407,0.146774227366,0.0278992333009,0.0436683651666,0.0266862231574
A[C>G]G,0.0408347279047,0.0177207309775,0.0242696967736,0.0520064930862,0.0154093312848,0.0466132271365,0.00886036548876,0.0138683981563,0.00847513220664
A[C>G]T,0.177168398679,0.0768843994265,0.105298199215,0.225638998317,0.0668559995013,0.202239398492,0.0384421997133,0.0601703995512,0.0367707997257
C[C>G]A,0.167545860684,0.0727085810514,0.0995791436139,0.213383879173,0.0632248530882,0.191255180592,0.0363542905257,0.0569023677793,0.0347736691985
C[C>G]C,0.138088261721,0.0599250947093,0.0820713253627,0.175867125777,0.0521087780081,0.157629053474,0.0299625473546,0.0468979002073,0.0286598279044
C[C>G]G,0.0974904585632,0.0423071801312,0.0579424423536,0.124162376472,0.036788852288,0.111286278171,0.0211535900656,0.0331099670592,0.0202338687584
C[C>G]T,0.157094670865,0.0681731590548,0.0933675874012,0.200073401574,0.0592810078738,0.179325048818,0.0340865795274,0.0533529070864,0.0326045543306
G[C>G]A,0.0947568762504,0.0411209085615,0.0563177660733,0.1206809273,0.0357573117926,0.108165868173,0.0205604542807,0.0321815806133,0.0196665214859
G[C>G]C,0.123868867786,0.0537544143223,0.073620176137,0.157757520294,0.0467429689759,0.141397481152,0.0268772071611,0.0420686720783,0.0257086329367
G[C>G]G,0.0568667124372,0.0246780072841,0.0337981404108,0.0724245865945,0.0214591367688,0.0649138887255,0.012339003642,0.0193132230919,0.0118025252228
G[C>G]T,0.163108514268,0.0707829401538,0.0969418528194,0.207732541756,0.0615503827425,0.186189907796,0.0353914700769,0.0553953444682,0.0338527105084
T[C>G]A,1.33439344122,0.579076399021,0.793082894312,1.69946334495,0.503544694801,1.52322270177,0.289538199511,0.453190225321,0.276949582141
T[C>G]C,0.311761040474,0.135292526998,0.18529193915,0.397054155321,0.117645675651,0.355878168843,0.0676462634991,0.105881108085,0.0647051216078
T[C>G]G,0.0904400317322,0.0392475609404,0.0537520943314,0.115183059282,0.0341283138612,0.10323814943,0.0196237804702,0.0307154824751,0.0187705726237
T[C>G]T,1.93621323237,0.840243478197,1.15076824188,2.46593194688,0.73064650278,2.21020567091,0.420121739098,0.657581852502,0.401855576529
A[C>T]A,1.50451622585,0.65290326782,0.894193605927,1.91612915556,0.567741972017,1.71741946535,0.32645163391,0.510967774816,0.312258084609
A[C>T]C,2.59745861482,1.12719902153,1.54377257296,3.30808408491,0.980173062197,2.96502351314,0.563599510763,0.882155755977,0.539095184208
A[C>T]G,2.06436141316,0.895854952883,1.2269317833,2.62913953563,0.779004306855,2.35648802824,0.447927476441,0.701103876169,0.42845236877
A[C>T]T,1.77479969258,0.770196093005,1.05483377955,2.26035809904,0.669735733048,2.02595059247,0.385098046503,0.602762159743,0.368354653176
C[C>T]A,1.44494008705,0.627049471741,0.85878514608,1.84025388446,0.545260410209,1.64941274088,0.31352473587,0.490734369188,0.299893225615
C[C>T]C,2.99163109749,1.29825500457,1.77804489757,3.81009620907,1.12891739528,3.41497512072,0.649127502286,1.01602565575,0.620904567404
C[C>T]G,1.64402458835,0.71344463268,0.977108953453,2.09380490026,0.620386637113,1.87666957727,0.35672231634,0.558347973401,0.341212650412
C[C>T]T,2.1048547319,0.913427525165,1.25099856707,2.68071121516,0.794284804492,2.40271153359,0.456713762583,0.714856324042,0.43685664247
G[C>T]A,2.18251449375,0.947128931252,1.29715484063,2.77961751563,0.823590375001,2.49136088438,0.473564465626,0.741231337501,0.452974706251
G[C>T]C,3.22871823003,1.40114187341,1.91895517445,4.1120468024,1.21838423775,3.68561231919,0.700570936705,1.09654581397,0.670111330761
G[C>T]G,3.07422523889,1.33409774518,1.8271338684,3.91528686086,1.16008499581,3.50925711232,0.66704887259,1.04407649623,0.638046747695
G[C>T]T,2.42067790778,1.05048286564,1.43870479425,3.08293884481,0.913463361426,2.76322666831,0.52524143282,0.822117025283,0.502404848784
T[C>T]A,7.40754815806,3.21459637048,4.40259937696,9.43414152206,2.79530119172,8.45578610496,1.60729818524,2.51577107255,1.53741565545
T[C>T]C,4.44062063436,1.92706178472,2.63923679212,5.65550741168,1.67570589976,5.06901034677,0.963530892361,1.50813530978,0.921638244867
T[C>T]G,2.84186472047,1.23326204851,1.68903280556,3.61935601192,1.07240178131,3.24401538846,0.616631024253,0.965161603178,0.58982097972
T[C>T]T,5.82001093211,2.52566512148,3.45906310116,7.41227807391,2.19623054042,6.64359738476,1.26283256074,1.97660748638,1.20792679723
A[T>A]A,0.868270531366,0.376796645687,0.516047579963,1.10581624278,0.327649257119,0.991139002786,0.188398322844,0.294884331407,0.180207091416
A[T>A]C,0.332479891824,0.144283726641,0.197605973443,0.423441371663,0.125464110122,0.37952893312,0.0721418633203,0.11291769911,0.0690052605672
A[T>A]G,1.25674136994,0.545378330352,0.746931191569,1.60056683908,0.474242026393,1.43458212984,0.272689165176,0.426817823753,0.260833114516
A[T>A]T,0.429300201265,0.186300087342,0.25515011962,0.546750256329,0.162000075949,0.490050229746,0.0931500436708,0.145800068354,0.0891000417721
C[T>A]A,1.46577690368,0.636091863862,0.871169291811,1.86679133959,0.55312335988,1.67319816364,0.318045931931,0.497811023892,0.304217847934
C[T>A]C,1.09424847146,0.47486254422,0.650355223606,1.3936183363,0.412923951496,1.24909495327,0.23743127211,0.371631556346,0.227108173323
C[T>A]G,3.69921720742,1.60532067492,2.19859135913,4.71126719813,1.39593102167,4.22269134054,0.802660337459,1.2563379195,0.767762061917
C[T>A]T,1.22749905835,0.532688270605,0.729551327133,1.56332427243,0.463207191831,1.40120175529,0.266344135303,0.416886472648,0.254763955507
G[T>A]A,0.959743511619,0.416492467306,0.570413596528,1.2223148497,0.362167362875,1.0955562727,0.208246233653,0.325950626588,0.199192049581
G[T>A]C,0.287677293654,0.124841089699,0.170978014153,0.366381458899,0.108557469303,0.328386344642,0.0624205448494,0.097701722373,0.0597066081168
G[T>A]G,0.934308580257,0.405454666904,0.555296609021,1.18992130504,0.352569275569,1.0665220586,0.202727333452,0.317312348012,0.193913101563
G[T>A]T,0.267210250745,0.115959165418,0.158813639594,0.340314941987,0.100834056885,0.305023022077,0.0579795827088,0.0907506511964,0.0554587312867
T[T>A]A,0.745081138727,0.323337097938,0.442831242829,0.948924091775,0.281162693859,0.850517148925,0.161668548969,0.253046424473,0.154639481623
T[T>A]C,0.575085571971,0.249565436893,0.341796141832,0.732420303925,0.217013423385,0.65646560574,0.124782718446,0.195312081047,0.119357382862
T[T>A]G,1.21846019404,0.528765744582,0.724179171927,1.55181251127,0.459796299636,1.3908838064,0.264382872291,0.413816669672,0.2528879648
T[T>A]T,0.526041958344,0.228282359281,0.312647579016,0.66995909789,0.198506399375,0.600481858109,0.114141179641,0.178655759437,0.109178519656
A[T>C]A,0.842765690644,0.36572850726,0.500889042552,1.07333366261,0.318024788922,0.962024986489,0.18286425363,0.28622231003,0.174913633907
A[T>C]C,0.460629121065,0.199895656311,0.273770137992,0.586650295696,0.173822309836,0.525812487254,0.0999478281557,0.156440078852,0.0956022704098
A[T>C]G,0.760337445657,0.329957759436,0.451898670532,0.968354293997,0.286919790814,0.867932367212,0.164978879718,0.258227811732,0.157805884948
A[T>C]T,0.446409066321,0.193724689158,0.265318596021,0.568539848616,0.168456251442,0.509580160611,0.096862344579,0.151610626298,0.0926509382929
C[T>C]A,0.300729090791,0.130505077136,0.178735214338,0.383004030725,0.11348267577,0.343285094205,0.065252538568,0.102134408193,0.0624154716737
C[T>C]C,0.446068132064,0.193576736556,0.265115965283,0.568105639892,0.168327597005,0.50919098094,0.0967883682779,0.151494837305,0.0925801783528
C[T>C]G,0.558658921601,0.242436890506,0.332033132649,0.711499569963,0.210814687396,0.637714429374,0.121218445253,0.189733218657,0.115948078068
C[T>C]T,0.513477391761,0.222829811519,0.305179959254,0.653957055545,0.193765053495,0.586139286822,0.111414905759,0.174388548145,0.106570779422
G[T>C]A,0.709931602368,0.308083525556,0.421940480653,0.904158172828,0.267898717875,0.810393621571,0.154041762778,0.241108846087,0.147344294831
G[T>C]C,0.626937446701,0.272067193851,0.372613765492,0.798458068911,0.236580168566,0.715655009913,0.136033596926,0.21292215171,0.130119092711
G[T>C]G,0.59449308782,0.257987566413,0.353330797478,0.757137423167,0.224337014272,0.678619468172,0.128993783206,0.201903312845,0.123385357849
G[T>C]T,0.717331701601,0.311294889374,0.426338652838,0.91358282751,0.270691208151,0.818840904657,0.155647444687,0.243622087336,0.148880164483
T[T>C]A,0.556375124464,0.24144580873,0.330675781521,0.708590960402,0.209952877156,0.635107453398,0.120722904365,0.188957589441,0.115474082436
T[T>C]C,0.470878947495,0.204343694196,0.279862015964,0.599704319923,0.177690168866,0.53751276082,0.102171847098,0.15992115198,0.0977295928764
T[T>C]G,0.393083186729,0.170583269713,0.233624912867,0.500624813287,0.148333278011,0.448708165983,0.0852916348563,0.13349995021,0.081583302906
T[T>C]T,0.39923408726,0.173252528434,0.237280636768,0.50845850736,0.150654372551,0.455729476967,0.0866262642168,0.135588935296,0.0828599049031
A[T>G]A,0.0464481216378,0.0201567320315,0.0276059590866,0.0591556266141,0.0175275930709,0.0530209690393,0.0100783660157,0.0157748337638,0.00964017618897
A[T>G]C,0.0953067462098,0.0413595313741,0.0566445755775,0.12138123338,0.0359648098905,0.108793549919,0.020679765687,0.0323683289014,0.0197806454398
A[T>G]G,0.131571747581,0.0570971734787,0.0781983028077,0.167567791731,0.0496497160684,0.150190391107,0.0285485867393,0.0446847444616,0.0273073438376
A[T>G]T,0.293371606451,0.127312206573,0.174362369872,0.373633649726,0.110706266585,0.334886456421,0.0636561032866,0.0996356399268,0.060888446622
C[T>G]A,0.0646634045377,0.0280614774409,0.0384320234517,0.0823543359678,0.0244012847312,0.0738138863119,0.0140307387204,0.0219611562581,0.0134207066022
C[T>G]C,0.151143717954,0.0655906700554,0.0898307002932,0.192494357771,0.0570353652655,0.172531979928,0.0327953350277,0.051331828739,0.031369450896
C[T>G]G,0.254963243489,0.11064442642,0.151534757923,0.324717338406,0.096212544713,0.291042947757,0.05532221321,0.0865912902417,0.0529168995922
C[T>G]T,0.736911296165,0.319791694562,0.437975581683,0.938519103607,0.278079734402,0.841191196566,0.159895847281,0.250271760962,0.152943853921
G[T>G]A,0.00934606034985,0.00405583751031,0.00555473398151,0.011903001389,0.00352681522636,0.0106686160597,0.00202791875516,0.00317413370372,0.0019397483745
G[T>G]C,0.0741665205745,0.0321854711927,0.0440801018509,0.094457361109,0.0279873662545,0.0846617829199,0.0160927355964,0.0251886296291,0.01539305144
G[T>G]G,0.169260721994,0.0734527661483,0.100598353638,0.215567900653,0.0638719705638,0.193212710955,0.0367263830742,0.0574847735074,0.0351295838101
G[T>G]T,0.302468824103,0.131260055743,0.179769206778,0.385219728811,0.114139178907,0.345271016193,0.0656300278715,0.102725261016,0.0627765483988
T[T>G]A,0.09401204223,0.0407976787036,0.0558750817027,0.119732317934,0.0354762423509,0.107315633112,0.0203988393518,0.0319286181159,0.019511933293
T[T>G]C,0.140601623856,0.061015799032,0.0835651160656,0.179068105855,0.0530572165496,0.160498080063,0.030507899516,0.0477514948946,0.0291814691023
T[T>G]G,0.130973574145,0.05683758878,0.0778427846335,0.166805967072,0.0494239902435,0.149507570487,0.02841879439,0.0444815912192,0.0271831946339
T[T>G]T,0.709077756053,0.307712988476,0.421433005956,0.903070727048,0.267576511718,0.809418947947,0.153856494238,0.240818860546,0.147167081445
