,1,3,2,5,4,7,6,9,8
A[C>A]A,0.751891416652,1.52884588052,0.403738124603,0.315101154249,2.33086339162,2.39105549593,2.39352100967,0.927332747204,0.463666373602
A[C>A]C,0.564285065983,1.14737963416,0.329602051918,0.239369495822,1.74928370455,1.7591916208,1.79630746004,0.695951581379,0.347975790689
A[C>A]G,0.2826037598,0.574627644927,0.103171312826,0.0474694786941,0.876071655381,1.08744809366,0.899621968698,0.348544637087,0.174272318544
A[C>A]T,0.528052250944,1.07370624359,0.630967281256,0.180650363305,1.63696197793,1.83282517197,1.68096633217,0.651264442831,0.325632221416
C[C>A]A,1.27873664616,2.6000978472,0.566145828405,0.31863101773,3.96408360311,4.00460213855,4.07064499029,1.57710853027,0.788554265134
C[C>A]C,0.873513909058,1.77614494842,0.497676388486,0.329981779555,2.70789311808,3.07156726808,2.78068594383,1.07733382117,0.538666910586
C[C>A]G,0.409136077897,0.831910025057,0.139915210335,0.0877386165265,1.26832184148,1.13839495034,1.30241651464,0.504601162739,0.25230058137
C[C>A]T,1.14833383186,2.33494545812,2.06947097961,0.549008275346,3.55983487877,2.88951631924,3.65552936476,1.41627839263,0.708139196315
G[C>A]A,1.14173404838,2.32152589838,0.519791906364,0.278689564172,3.53937554998,3.28427479603,3.63452005402,1.40813865967,0.704069329836
G[C>A]C,1.60173818294,3.25686763865,0.628372094054,0.259783987674,4.96538836713,5.0976281518,5.09886654904,1.9754770923,0.987738546149
G[C>A]G,0.572131199315,1.16333343861,0.18489833647,0.0565636591518,1.77360671788,2.11136649427,1.82128431782,0.705628479156,0.352814239578
G[C>A]T,1.3307312808,2.70582027096,1.31634267625,0.278626394431,4.12526697049,3.19039820716,4.23616124389,1.64123524632,0.820617623161
T[C>A]A,0.940462938571,1.91227464176,0.870836220319,0.215432183661,2.91543510957,2.48749784056,2.99380702112,1.1599042909,0.579952145452
T[C>A]C,1.07640076322,2.18868155188,0.779706846695,0.187498726408,3.33684236597,3.83069829536,3.42654242958,1.3275609413,0.663780470651
T[C>A]G,0.264886190917,0.538601921532,0.124387214259,0.051319375277,0.821147191843,0.880763834474,0.843221041086,0.326692968798,0.163346484399
T[C>A]T,1.06423841528,2.16395144441,1.6188428185,0.341351785234,3.29913908738,2.96347849301,3.38782562198,1.31256071218,0.656280356091
A[C>G]A,0.250319960798,0.50898392029,0.186432157602,0.120952636947,0.775991878475,0.909516050963,0.796851875208,0.308727951651,0.154363975826
A[C>G]C,0.140288518774,0.285253321506,0.115208192587,0.0619113592095,0.434894408198,0.576010556608,0.446585118096,0.173022506487,0.0865112532437
A[C>G]G,0.0141474317885,0.0287664446365,0.0256153201872,0.00994024801737,0.0438570385442,0.111155338551,0.0450359911933,0.0174484992058,0.00872424960289
A[C>G]T,0.179387192073,0.364753957215,0.167046293458,0.114506978542,0.556100295427,0.61808947982,0.571049228099,0.221244203557,0.110622101778
C[C>G]A,0.201893162073,0.410516096216,0.155319143805,0.05823425384,0.625868802427,0.908937639313,0.6426932326,0.249001566557,0.124500783278
C[C>G]C,0.206079409995,0.419028133657,0.117707472121,0.0593733509416,0.638846170985,0.946832700972,0.656019455151,0.254164605661,0.12708230283
C[C>G]G,0.0364800576858,0.0741761172945,0.0326159204824,0.0129925374481,0.113088178826,0.264051235836,0.116128183633,0.0449920711458,0.0224960355729
C[C>G]T,0.182094059534,0.370257921052,0.182603576207,0.0670825704264,0.564491584555,0.887211547643,0.579666089516,0.224582673425,0.112291336713
G[C>G]A,0.109791151938,0.22324200894,0.0844180077431,0.0477003510493,0.340352571007,0.563807724532,0.349501833669,0.13540908739,0.067704543695
G[C>G]C,0.164981650715,0.335462689788,0.103373912498,0.0390888866927,0.511443117218,0.695999091534,0.525191588111,0.203477369216,0.101738684608
G[C>G]G,0.0664332597134,0.135080961417,0.0255081625456,0.00339263741478,0.205943105112,0.31246142688,0.211479210088,0.0819343536466,0.0409671768233
G[C>G]T,0.112936455932,0.229637460395,0.123160142236,0.0711601614539,0.350103013389,0.477414076407,0.359514384716,0.139288295649,0.0696441478246
T[C>G]A,1.67818657294,3.41231269831,2.30936827344,0.0521311469991,5.20237837612,0.652844420431,5.34222725719,2.06976343996,1.03488171998
T[C>G]C,0.500348407838,1.01737509594,0.595198507246,0.0618810301386,1.5510800643,0.80044352746,1.59277576495,0.617096369667,0.308548184833
T[C>G]G,0.0736481620945,0.149751262925,0.0942146006377,0.00510712573023,0.228309302493,0.131074532757,0.234446649334,0.0908327332499,0.0454163666249
T[C>G]T,2.00589504607,4.07865326035,2.84688948467,0.152556162735,6.21827464283,0.960669755407,6.38543256333,2.47393722349,1.23696861175
A[C>T]A,0.736902111035,1.49836762577,0.923992048336,0.483805897077,2.28439654421,2.73727286792,2.34580505346,0.908845936943,0.454422968472
A[C>T]C,0.917418943395,1.86541851824,0.830067080008,0.751989341993,2.84399872452,2.97145040586,2.92045030314,1.13148336352,0.56574168176
A[C>T]G,1.56062206565,3.17326486682,2.1594165843,0.537762379163,4.83792840351,1.7447776483,4.96798024231,1.9247672143,0.96238360715
A[C>T]T,0.630116053174,1.28123597479,0.694984338413,0.504372979097,1.95335976484,2.03330867085,2.00586943594,0.777143132248,0.388571566124
C[C>T]A,0.832750845437,1.69326005239,0.704714368442,0.815553894196,2.58152762085,3.58040706756,2.65092352464,1.02705937604,0.51352968802
C[C>T]C,1.49194239412,3.03361620138,0.873906418244,1.68325661847,4.62502142177,3.79131391893,4.74934995462,1.84006228608,0.920031143041
C[C>T]G,1.32766183561,2.69957906573,1.37061716128,0.491352957175,4.11575169038,1.7385050078,4.22639017668,1.63744959725,0.818724798625
C[C>T]T,1.62075863935,3.29554256667,0.906165827249,1.75472434526,5.02435178198,3.66414493752,5.15941500192,1.9989356552,0.999467827598
G[C>T]A,1.81420733643,3.68888825073,1.34637283106,0.827281365079,5.62404274292,3.73695745136,5.77522668762,2.23752238159,1.1187611908
G[C>T]C,3.48372099376,7.08356602065,1.6457645024,1.58783092755,10.7995350807,5.78917664952,11.0898451635,4.29658922564,2.14829461282
G[C>T]G,3.36941046792,6.85113461811,2.31884126367,0.370676209784,10.4451724506,4.3014131941,10.7259566562,4.15560624377,2.07780312189
G[C>T]T,2.58192598319,5.24991616582,1.37321444468,1.41728978746,8.00397054788,4.10059931043,8.21913104648,3.18437537927,1.59218768963
T[C>T]A,1.47064315629,2.99030775111,2.80214817652,0.386866094292,4.55899378448,3.59905340541,4.68154738084,1.81379322608,0.906896613042
T[C>T]C,1.11230808559,2.26169310737,1.22055596589,0.587037252173,3.44815506533,4.42399976543,3.54084740579,1.37184663889,0.685923319447
T[C>T]G,0.701102194332,1.42557446181,1.22147400271,0.23884467721,2.17341680243,1.35424847985,2.23184198529,0.864692706343,0.432346353172
T[C>T]T,0.866912591158,1.76272226869,1.68497136235,0.478240176204,2.68742903259,3.28682174317,2.75967174852,1.06919219576,0.534596097881
A[T>A]A,0.529170244097,1.07597949633,0.143271827874,0.355067411585,1.6404277567,2.4003034693,1.68452527704,0.652643301053,0.326321650526
A[T>A]C,0.415946946656,0.845758791533,0.113990434614,0.0983841477609,1.28943553463,0.817575123137,1.32409778019,0.513001234209,0.256500617104
A[T>A]G,0.160572489417,0.326497395148,0.131997363927,0.130993049818,0.497774717193,1.53901322722,0.511155757978,0.198039403614,0.0990197018072
A[T>A]T,0.216487753389,0.440191765224,0.247404769001,0.157931537932,0.671112035506,1.03725667746,0.689152681621,0.267001562513,0.133500781256
C[T>A]A,1.02092700276,2.0758849056,0.0802725080951,0.711940638878,3.16487370854,4.2171447669,3.24995095877,1.2591433034,0.6295716517
C[T>A]C,0.183614544611,0.373349574042,0.211930665364,0.173508633913,0.569205088294,1.80322374282,0.584506300345,0.226457938353,0.113228969177
C[T>A]G,0.197321931518,0.401221260754,0.170250633485,0.240961712791,0.611697987706,3.59355293108,0.628141482,0.243363715539,0.12168185777
C[T>A]T,0.105016112225,0.213532761525,0.291264919475,0.21013431457,0.325549947899,2.1917461439,0.334301290584,0.129519871745,0.0647599358723
G[T>A]A,0.368659895253,0.74960845368,0.0599642801562,0.274633520033,1.14284567528,1.8444451941,1.17356733322,0.454680537478,0.227340268739
G[T>A]C,0.225699956188,0.458923244248,0.112021215909,0.0523956276528,0.699669864182,0.736106704685,0.718478193864,0.278363279298,0.139181639649
G[T>A]G,0.0907418260331,0.184508379601,0.0878470624234,0.0869264146964,0.281299660703,1.12569399963,0.288861479539,0.111914918774,0.0559574593871
G[T>A]T,0.143562333647,0.291910078415,0.103710014987,0.0871011717748,0.445043234305,0.606253619849,0.457006762109,0.177060211498,0.0885301057488
T[T>A]A,0.227732985615,0.463057070751,0.185253792172,0.232157150153,0.705972255407,1.55010504923,0.724950004209,0.280870682259,0.140435341129
T[T>A]C,0.193236518259,0.392914253794,0.135779705038,0.102662770589,0.599033206604,1.27581920368,0.615136249792,0.238325039186,0.119162519593
T[T>A]G,0.173904705165,0.353606233835,0.139785187422,0.144260791829,0.53910458601,1.57539252709,0.553596644774,0.214482469703,0.107241234852
T[T>A]T,0.0976591335279,0.198573571507,0.205227868713,0.179486899103,0.302743313937,0.988740986296,0.310881575064,0.120446264684,0.0602231323422
A[T>C]A,0.60460651259,1.2293665756,0.454724592542,0.340291327973,1.87428018903,4.04782544226,1.92466406508,0.745681365528,0.372840682764
A[T>C]C,0.321884280413,0.65449803684,0.300992243343,0.204646969022,0.997841269281,1.81902016876,1.02466495932,0.39699061251,0.198495306255
A[T>C]G,0.594229228709,1.20826609837,0.463539309922,0.431371699002,1.842110609,3.0917161354,1.89162971139,0.732882715408,0.366441357704
A[T>C]T,0.474178612219,0.964163178178,0.379587933504,0.285916089294,1.46995369788,2.6964817396,1.50946858223,0.584820288403,0.292410144202
C[T>C]A,0.330510717548,0.672038459014,0.254095126389,0.219504672668,1.0245832244,1.72540055266,1.05212578419,0.407629884976,0.203814942488
C[T>C]C,0.288642589447,0.586906598543,0.483034732694,0.31992183589,0.894792027287,2.85100034157,0.918845576407,0.355992526985,0.177996263492
C[T>C]G,0.548006597785,1.11428008216,0.543551637827,0.473706210816,1.69882045313,3.11244447234,1.74448766961,0.675874803934,0.337937401967
C[T>C]T,0.303658898152,0.617439759576,0.725925955602,0.401607435339,0.941342584272,4.49859614594,0.966647492451,0.374512641054,0.187256320527
G[T>C]A,1.50299942422,3.05609882925,0.320631126988,0.165436435238,4.65929821509,2.26775000265,4.78454816711,1.85369928987,0.926849644937
G[T>C]C,1.25145162427,2.54461830268,0.407669549941,0.136494999438,3.87950003524,2.33680459352,3.98378767059,1.54345700327,0.771728501633
G[T>C]G,1.02570405484,2.08559824483,0.342891340377,0.229017082792,3.17968256999,2.048079036,3.2651579079,1.26503500096,0.632517500482
G[T>C]T,1.10319887602,2.24317104791,0.373007601658,0.206921324766,3.41991651567,2.02182944862,3.51184975534,1.36061194709,0.680305973547
T[T>C]A,0.523484662613,1.06441881398,0.264895350133,0.188564410839,1.6228024541,2.18029204373,1.66642617598,0.645631083889,0.322815541945
T[T>C]C,0.452806624654,0.920706803463,0.351711731854,0.201630386675,1.40370053643,2.0554145369,1.44143442181,0.55846150374,0.27923075187
T[T>C]G,0.36497242875,0.742110605125,0.29508592708,0.205356802379,1.13141452913,1.70445794495,1.16182889819,0.450132662125,0.225066331063
T[T>C]T,0.340650518154,0.69265605358,0.353043164268,0.215707948975,1.05601660628,1.83920296309,1.08440414946,0.420135639057,0.210067819528
A[T>G]A,0.0168531361753,0.0342680435564,0.177197120411,0.115545997389,0.0522447221434,0.473448319009,0.053649150158,0.0207855346162,0.0103927673081
A[T>G]C,0.0606074162762,0.123235079762,0.122399418385,0.0487074988863,0.187882990456,0.431314073906,0.192933608479,0.0747491467406,0.0373745733703
A[T>G]G,0.0617262007541,0.125509941533,0.103504387779,0.0617742986182,0.191351222338,0.487337444429,0.196495072401,0.0761289809301,0.038064490465
A[T>G]T,0.0896872206569,0.182364015336,0.438889543901,0.220935205375,0.278030384036,1.35628172114,0.285504319091,0.11061423881,0.0553071194051
C[T>G]A,0.00454179571227,0.00923498461495,0.116573375596,0.0765423773364,0.014079566708,0.234529100767,0.0144580496841,0.00560154804513,0.00280077402257
C[T>G]C,0.0847842975429,0.172394738337,0.23531267739,0.137603158347,0.262831322383,1.10999969465,0.269896680512,0.104567300303,0.0522836501514
C[T>G]G,0.0737272765843,0.149912129055,0.229927431402,0.166861783215,0.228554557411,1.01664926463,0.234698497127,0.0909303077873,0.0454651538936
C[T>G]T,0.181716355341,0.369489922526,1.58530398488,0.790136294711,0.563320701556,7.87651698085,0.578463731168,0.224116838254,0.112058419127
G[T>G]A,0.00248145992826,0.00504563518745,0.0440716413415,0.0271917970077,0.00769252577759,0.082859313514,0.00789931410495,0.00306046724485,0.00153023362242
G[T>G]C,0.0498366194162,0.10133445948,0.0843370283056,0.036145262916,0.15449352019,0.431544603936,0.158646571808,0.0614651639466,0.0307325819733
G[T>G]G,0.158302714133,0.321882185405,0.139858941004,0.109511931145,0.490738413814,0.522412827884,0.503930306658,0.195240014098,0.097620007049
G[T>G]T,0.302400882438,0.614881794291,0.477245626592,0.259940208047,0.937442735558,2.34875529038,0.962642809094,0.37296108834,0.18648054417
T[T>G]A,0.0363613964028,0.0739348393524,0.264417613295,0.17935492363,0.112720328849,0.679245094871,0.115750445216,0.0448457222301,0.0224228611151
T[T>G]C,0.0515046142182,0.10472604891,0.172263876984,0.0957849599924,0.159664304076,0.610386780317,0.163956355261,0.0635223575358,0.0317611787679
T[T>G]G,0.0525655347868,0.106883254067,0.133138612778,0.0836737830497,0.162953157839,0.581338235234,0.167333619071,0.0648308262371,0.0324154131185
T[T>G]T,0.12147287669,0.246994849269,0.915448313791,0.533536899138,0.376565917738,2.4680155197,0.386688657462,0.149816547917,0.0749082739587
