,1,3,2,5,4,7,6,9,8
A[C>A]A,0.122816209772,0.237708793107,0.340715936786,0.447684893684,0.479379399432,0.574258841001,0.0831980775874,0.756706324723,0.53484478449
A[C>A]C,0.0894976200319,0.173221200062,0.248283720089,0.326233260116,0.349329420125,0.517317329959,0.0606274200216,0.551420820197,0.389747700139
A[C>A]G,0.0148987419672,0.0288362747752,0.0413319938444,0.0543083174932,0.0581531541299,0.126093555891,0.0100926961713,0.0917954747009,0.0648816182441
A[C>A]T,0.0759036909838,0.146910369646,0.210571529826,0.276681196167,0.296269245453,0.57898257813,0.0514186293761,0.467664676707,0.330548331704
C[C>A]A,0.159630012616,0.30896131474,0.442844551128,0.581877142761,0.623071984727,1.06298194564,0.108136460159,0.983526851924,0.695162958166
C[C>A]C,0.135004377142,0.261298794469,0.374528272072,0.492112729583,0.526952568846,0.93839915883,0.0914545780641,0.831801162393,0.587922287555
C[C>A]G,0.0283219882496,0.0548167514508,0.0785706770795,0.103238215232,0.110547115426,0.20004667704,0.0191858630078,0.174499992118,0.123337690764
C[C>A]T,0.198481824975,0.384158370919,0.550626998317,0.72349826523,0.774719381353,1.51836611056,0.134455429822,1.22290414742,0.864356334567
G[C>A]A,0.128673503102,0.249045489875,0.356965202154,0.469035672597,0.502241737914,0.646366484131,0.0871659214562,0.792794809435,0.560352352218
G[C>A]C,0.0932273542972,0.180440040575,0.258630724824,0.339828743083,0.36388741516,0.743190446655,0.0631540142013,0.574400795831,0.405990091294
G[C>A]G,0.011144817331,0.021570614189,0.0309178803375,0.0406246567226,0.0435007386145,0.18953758815,0.00754971496614,0.0686664551683,0.0485338819252
G[C>A]T,0.113698240535,0.220061110712,0.315420925354,0.414448425175,0.443789906603,1.42512749721,0.0770213887493,0.700527869101,0.495137499103
T[C>A]A,0.255132338179,0.493804525508,0.707786486561,0.92999852304,0.995839126441,0.678912634787,0.172831583928,1.5719444062,1.11106018239
T[C>A]C,0.160199664673,0.310063867109,0.444424876189,0.583953616389,0.625295465336,0.775249701627,0.108522353488,0.98703664363,0.697643700995
T[C>A]G,0.0278694100515,0.053940793648,0.0773151375622,0.101588494704,0.108780600524,0.190880287777,0.0188792777768,0.171711526446,0.121366785708
T[C>A]T,0.321513150096,0.622283516316,0.891939706719,1.17196728906,1.25493842457,1.35718216423,0.21779923071,1.98093586027,1.40013791171
A[C>G]A,0.0805705165611,0.15594293528,0.223518207234,0.29369252811,0.31448491948,0.184766728463,0.0545800273478,0.496418343973,0.350871604379
A[C>G]C,0.0320896672757,0.0621090334369,0.0890229479263,0.116972012973,0.125253217431,0.0913890971543,0.0217381617029,0.197713756441,0.139745325233
A[C>G]G,0.0130979887713,0.0253509460091,0.0363363559463,0.0477442816504,0.0511244077849,0.0425874302166,0.00887283110317,0.0807005114622,0.0570396285204
A[C>G]T,0.0679952063235,0.131603625142,0.188631862704,0.247853494018,0.265400644037,0.172561361631,0.0460612687998,0.418938206703,0.29610815657
C[C>G]A,0.0523588212331,0.101339653999,0.145253504066,0.190856348366,0.204368302232,0.145488468808,0.0354688788998,0.322597898565,0.228014221499
C[C>G]C,0.0459299077896,0.0888965957218,0.127418453868,0.167421921943,0.179274801372,0.12276509756,0.0311138085026,0.282987496381,0.200017340374
C[C>G]G,0.0162876082993,0.0315244031599,0.0451849778625,0.0593709592844,0.0635742130391,0.0537180974255,0.011033541106,0.100352683392,0.0709299071097
C[C>G]T,0.0440753965239,0.0853072190784,0.122273680679,0.160661929264,0.172036225142,0.168064853951,0.0298575266775,0.271561314066,0.191941242926
G[C>G]A,0.0467965038706,0.0905738784592,0.129822559125,0.170580804432,0.182657321559,0.154838221121,0.0317008574607,0.288326846429,0.203791226533
G[C>G]C,0.041218375045,0.0797775000872,0.114347750125,0.150247625164,0.160884625176,0.13237804603,0.0279221250305,0.253958375277,0.179499375196
G[C>G]G,0.0061769080623,0.011955305927,0.0171359384954,0.0225158261626,0.0241098669528,0.0484857084774,0.00418435707446,0.0380577238677,0.0268994383358
G[C>G]T,0.0393048948633,0.0760739900581,0.10903938575,0.143272681276,0.15341587995,0.137721058691,0.0266258965203,0.242168868351,0.171166477631
T[C>G]A,0.504264072458,0.975994978951,1.3989261365,1.83812387702,1.96825654088,0.116366201137,0.341598242633,3.10691734966,2.19598870264
T[C>G]C,0.0892015984507,0.172648255066,0.247462498928,0.325154213708,0.34817398105,0.211032646188,0.0604268892731,0.549596945293,0.388458573898
T[C>G]G,0.0322088939377,0.0623397947181,0.0893537057625,0.117406613386,0.125718586015,0.017551487985,0.0218189281513,0.198448346519,0.140264538116
T[C>G]T,0.811302512075,1.5702629266,2.25071019479,2.95732851176,3.16669690197,0.168665870803,0.549592024309,4.99867031633,3.53309158484
A[C>T]A,0.4041150664,0.782158193032,1.12109341001,1.47306459688,1.57735235595,0.967496282641,0.273755367561,2.48987024782,1.75985593432
A[C>T]C,0.462247827149,0.894673213836,1.28236493983,1.68496788606,1.8042576479,0.907487993928,0.313135624843,2.84804306405,2.01301473113
A[C>T]G,0.375677819224,0.727118359788,1.04220298236,1.36940624427,1.46635535891,1.51932832333,0.254491425926,2.31466011199,1.63601630952
A[C>T]T,0.288228233731,0.557861097543,0.799600906478,1.05063840037,1.12501988004,0.621416198423,0.19525138414,1.77585782718,1.25518746947
C[C>T]A,0.85433807095,1.65355755668,2.37009916457,3.11420006508,3.33467440597,0.882257903954,0.578745144837,5.26382488876,3.72050450252
C[C>T]C,0.997170219238,1.93000687595,2.76634318885,3.63484628303,3.89218053316,0.904704829465,0.675502406581,6.14385522176,4.34251547088
C[C>T]G,0.41403168066,0.801351639987,1.14860401731,1.50921225531,1.61605914064,1.0752783209,0.280473073995,2.55096938729,1.80304118997
C[C>T]T,0.942431831457,1.82406160927,2.61448830662,3.4353160308,3.67852424537,1.2202453736,0.638421563245,5.80659612285,4.10413862086
G[C>T]A,0.380008525641,0.735500372209,1.05421720017,1.38519236766,1.48325908395,2.13325478998,0.257425130273,2.34134285153,1.65487583747
G[C>T]C,0.576082754845,1.11499888035,1.59816506183,2.09991455798,2.24858107536,4.9461144651,0.390249608121,3.54941310243,2.50874748078
G[C>T]G,0.325894516486,0.630763580296,0.904094465091,1.18793807622,1.27203988693,5.87188020718,0.220767253104,2.00793073061,1.41921805567
G[C>T]T,0.518279244147,1.0031211177,1.43780693538,1.88921143834,2.0229609207,3.19437455007,0.351092391197,3.19326889136,2.25702251484
T[C>T]A,3.87136228499,7.49295926128,10.7399082745,14.1117399421,15.1108011769,0.929940273692,2.62253574145,23.8525869817,16.8591583379
T[C>T]C,2.4127450045,4.66982904097,6.69342162539,8.79484469383,9.41748856596,1.0358286719,1.63444016434,14.8656224471,10.5071153422
T[C>T]G,0.987080688394,1.91047875173,2.73835287748,3.59806831576,3.85279881599,0.749027042693,0.668667563106,6.08169069301,4.29857719139
T[C>T]T,2.34552673265,4.53972915998,6.5069451293,8.54982325129,9.15512047262,0.751961913829,1.58890520599,14.4514711593,10.2143906099
A[T>A]A,0.240519852376,0.465522294922,0.667248622721,0.876733655436,0.938803294759,0.713773751465,0.162932803223,1.48191263883,1.04742516357
A[T>A]C,0.124836914386,0.241619834295,0.346321762489,0.455050687922,0.487266665828,0.70961847201,0.0845669420032,0.769156472505,0.543644627163
A[T>A]G,0.217548283004,0.421061192911,0.603521043172,0.792998579981,0.84914007237,0.251780722606,0.147371417519,1.34037813077,0.947387684049
A[T>A]T,0.194674361027,0.376789085859,0.540064356398,0.709619445034,0.759857989815,0.526183494497,0.131876180051,1.19944525665,0.847775443182
C[T>A]A,0.317370128198,0.614264764253,0.880446162097,1.15686530601,1.23876727458,1.0989964661,0.214992667489,1.95540949954,1.38209571957
C[T>A]C,0.270011229736,0.522602380135,0.749063411527,0.984234482587,1.05391479994,0.493619627735,0.182910833047,1.66361757676,1.1758553553
C[T>A]G,0.725973127575,1.40510927918,2.01398996682,2.64628914245,2.83363704634,0.412947319478,0.491788247712,4.47293120538,3.16149587815
C[T>A]T,0.361437829559,0.699557089469,1.00269849491,1.31749918517,1.41077346376,0.317435465804,0.244844981314,2.22692340148,1.57400345131
G[T>A]A,0.267540317891,0.517819970112,0.742208623828,0.975227610378,1.04427027306,0.407905309888,0.181236989539,1.64839357152,1.16509493275
G[T>A]C,0.0785182872251,0.1519708785,0.21782492585,0.286211821175,0.306474604975,0.36280431843,0.0531898074751,0.483773963225,0.341934476625
G[T>A]G,0.278605482909,0.539236418533,0.772905533231,1.01556192157,1.08746011071,0.245901966742,0.188732746487,1.71656926566,1.2132819417
G[T>A]T,0.150673595809,0.291626314469,0.417997717406,0.549229558917,0.588113067513,0.331973381002,0.102069210064,0.928343767726,0.656159207555
T[T>A]A,0.246747129693,0.477575089729,0.684524295278,0.899433085656,0.963109764287,0.388238196776,0.167151281405,1.5202807023,1.07454395189
T[T>A]C,0.138590667291,0.268240001209,0.384477335066,0.50518533561,0.540950669104,0.426129557249,0.093884000423,0.853897337181,0.603540002719
T[T>A]G,0.242453415873,0.469264675883,0.672612702098,0.883781806246,0.946350429697,0.171153254472,0.164242636559,1.49382588489,1.05584552074
T[T>A]T,0.219423144945,0.424689957958,0.608722273074,0.799832754155,0.856458081883,0.360417250865,0.148641485285,1.3519296995,0.955552405406
A[T>C]A,0.346040644234,0.669756085614,0.959983722713,1.26137396124,1.35067477265,1.58358419767,0.234414629965,2.13205687254,1.50695119263
A[T>C]C,0.184847166087,0.357768708555,0.512801815596,0.673797734445,0.721500228919,1.02278951066,0.125219047994,1.13889705557,0.804979594249
A[T>C]G,0.324089305269,0.627269623101,0.899086459779,1.18135779017,1.26499373992,1.4883053008,0.219544368085,1.99680830021,1.41135665198
A[T>C]T,0.256877134945,0.497181551506,0.712626890491,0.936358588669,1.0026494622,0.976812428944,0.174013543027,1.58269460563,1.11865849089
C[T>C]A,0.221697050964,0.429091066382,0.615030528481,0.808121508353,0.865333650537,0.962021298933,0.150181873234,1.36593989465,0.96545489936
C[T>C]C,0.267613265373,0.517961158786,0.74241099426,0.975493515714,1.04455500355,1.08943981664,0.181286405575,1.64884302214,1.16541260727
C[T>C]G,0.315664434129,0.610963420894,0.875714236615,1.15064777602,1.23210956547,1.54549869836,0.213837197313,1.94490022318,1.37466769701
C[T>C]T,0.333636192187,0.64574746875,0.925571371875,1.21615773281,1.30225739531,0.944703188046,0.226011614062,2.05562944219,1.45293180469
G[T>C]A,0.308378450381,0.596861516866,0.855501507508,1.1240891901,1.20367072568,2.84838088597,0.208901530903,1.90000916202,1.34293841295
G[T>C]C,0.165961032647,0.321214901898,0.460408026054,0.604954731908,0.647783385494,2.59127728078,0.112425215664,1.02253410438,0.72273352927
G[T>C]G,0.228356088086,0.441979525328,0.633503986303,0.832394772701,0.891325376078,2.00217443541,0.154692833865,1.40696815563,0.994453931988
G[T>C]T,0.291863484601,0.56489706697,0.80968579599,1.06388947613,1.13920908506,1.90592310702,0.19771397344,1.79825566319,1.27101840068
T[T>C]A,0.227698825875,0.440707404919,0.631680613718,0.829998945931,0.888759933254,1.44723326207,0.154247591722,1.40291857233,0.991591661068
T[T>C]C,0.230463777372,0.446058923946,0.639351124323,0.840077640098,0.899552163291,1.29434776158,0.156120623381,1.41995424123,1.00363257888
T[T>C]G,0.169257064413,0.327594318218,0.469551856112,0.61696929931,0.660648541739,0.975388086965,0.114658011376,1.04284191299,0.73708721599
T[T>C]T,0.256686296256,0.496812186302,0.712097467033,0.935662950868,1.00190457571,1.10754153069,0.173884265206,1.58151879306,1.11782741918
A[T>G]A,0.118251318581,0.228873519834,0.328052045096,0.431045129021,0.461561598332,0.0597277825494,0.0801057319419,0.728580704805,0.514965419627
A[T>G]C,0.0475629264803,0.0920572770586,0.131948763784,0.17337453846,0.185648842068,0.103029702133,0.0322200469705,0.293048998637,0.207128873382
A[T>G]G,0.0800569680276,0.154948970376,0.222093524206,0.291820560875,0.312480423592,0.138496017495,0.0542321396316,0.493254222363,0.348635183346
A[T>G]T,0.220607168499,0.42698161645,0.612006983578,0.804148710981,0.861079593174,0.34544515053,0.149443565757,1.35922481237,0.960708637012
C[T>G]A,0.0723584785569,0.140048668175,0.200736424384,0.263758325062,0.282431480819,0.0542199665682,0.0490170338612,0.44582159369,0.315109503393
C[T>G]C,0.126291191657,0.244434564497,0.350356209113,0.460351763137,0.492943038403,0.245231927284,0.0855520975741,0.778116696983,0.549977770119
C[T>G]G,0.162578420355,0.314667910365,0.451024004856,0.59262456452,0.634580285902,0.223260528062,0.110133768628,1.00169284799,0.708002798321
C[T>G]T,0.671933682155,1.30051680417,1.86407408598,2.44930664786,2.62270888841,0.545161138567,0.45518088146,4.13997849328,2.92616280939
G[T>G]A,0.0445152090931,0.0861584692125,0.123493805871,0.162265117017,0.173752912912,0.00903833717057,0.0301554642244,0.274271126993,0.193856555728
G[T>G]C,0.0240135601015,0.046477858261,0.0666182635074,0.0875332997248,0.093730347493,0.0918482747964,0.0162672503913,0.147954515464,0.104575181087
G[T>G]G,0.0946232492627,0.183141772766,0.262503207632,0.344917005377,0.369335908412,0.215659630002,0.0640996204683,0.583001309973,0.412068988725
G[T>G]T,0.208749732911,0.404031741117,0.579112162268,0.760926445771,0.814797344587,0.746542362527,0.141411109391,1.28616770922,0.909071417514
T[T>G]A,0.159630741027,0.308962724569,0.442846571882,0.581879797939,0.623074827881,0.0792122962747,0.108136953599,0.983531339878,0.695166130281
T[T>G]C,0.0964337745378,0.186646015234,0.267525955169,0.351516662025,0.376402797389,0.160382155592,0.0653261053321,0.59415648183,0.419953534277
T[T>G]G,0.112918407977,0.218551757374,0.313257518903,0.411605809722,0.440746044038,0.128582113362,0.076493115081,0.695723094308,0.491741454092
T[T>G]T,0.541308874413,1.04769459564,1.50169558708,1.97315815512,2.11285076787,0.647992753484,0.366693108473,3.33516112945,2.35731284019
