,1,3,2,5,4,7,6,9,8
A[C>A]A,0.268226437605,2.05340557722,0.425585947667,0.633014392748,0.590098162731,0.396975127655,0.69023603277,0.339882282524,1.35259001167
A[C>A]C,0.329265344229,0.618836431737,0.522434346177,0.777066212382,0.724383757305,0.48731270946,0.847309485817,0.25732376427,0.861822817701
A[C>A]G,0.103841675835,0.135698869092,0.164762125659,0.245066354971,0.228451686838,0.153685680236,0.267219245816,0.0288489790527,0.266210200396
A[C>A]T,1.06430469348,1.08734237218,1.68869678033,2.51175907662,2.34147032567,1.57517094636,2.73881074457,0.221905806439,0.849552938549
C[C>A]A,0.568080602727,3.67976401229,0.901354556326,1.34067022243,1.249777326,0.840759292035,1.46186075102,0.490101758892,2.44115025793
C[C>A]C,0.701876458084,1.40738200879,1.11364398016,1.65642844108,1.54412820778,1.03877715796,1.80616208547,0.521943963436,2.76990886957
C[C>A]G,0.115676164994,0.850637046936,0.183539515124,0.272995749386,0.254487562987,0.171200724191,0.297673331252,0.132756976251,0.938319895573
C[C>A]T,4.43398488309,3.35638017319,7.03525601451,10.4642043241,9.7547667428,6.56229762698,11.4101210992,0.956512010204,5.21897630642
G[C>A]A,0.326715640738,4.92762843923,0.518388816637,0.771048912141,0.718774409623,0.483539148292,0.840748248831,0.29845022767,2.25440539722
G[C>A]C,0.667360869022,0.977896413041,1.05887924551,1.57497165089,1.46819391185,0.987694086152,1.71734196962,0.218025181726,1.21714538331
G[C>A]G,0.154734344032,0.45700415583,0.245511825864,0.365173051915,0.34041555687,0.229006829167,0.398183045309,0.0371446092008,0.504846339135
G[C>A]T,2.44014306111,3.40002426401,3.87169365696,5.75873762421,5.36831473443,3.61141173044,6.27930147725,0.365087088036,1.89508562731
T[C>A]A,0.331111296324,3.05571148161,0.525363256833,0.781422659324,0.728444851912,0.490044718559,0.852059735873,0.207533967416,2.18806985821
T[C>A]C,0.862274581314,2.00917926991,1.36814233569,2.0349680119,1.89700407889,1.27616638035,2.21891992258,0.292107303276,1.62053192075
T[C>A]G,0.0746874313116,0.648803348755,0.118504057681,0.176262337895,0.164312348885,0.110537398341,0.192195656575,0.0332267910233,0.416076234075
T[C>A]T,2.23074812379,6.34923436487,3.53945368975,5.26456557214,4.90764587234,3.30150722321,5.74045850522,0.55375889201,2.97391365362
A[C>G]A,0.114081719533,0.152827476288,0.18100966166,0.269232858099,0.250979782973,0.168840944909,0.293570291599,0.24105931966,0.430224400224
A[C>G]C,0.0802540180953,0.157140764114,0.127336375378,0.189399482705,0.17655883981,0.118775946781,0.206520339899,0.109629540235,0.265571600526
A[C>G]G,0.0179605371875,0.104735112157,0.0284973856708,0.0423868677624,0.0395131818124,0.0265815950375,0.0462184490291,0.0182810157787,0.0637391714519
A[C>G]T,0.11744203333,0.250841604492,0.186341359551,0.27716319866,0.258372473327,0.173814209329,0.302217499104,0.219615092925,0.405227940906
C[C>G]A,0.0998726559679,0.061471744707,0.158464614136,0.235699468084,0.219719843129,0.147811530832,0.257005634691,0.149852084874,0.306441650353
C[C>G]C,0.0970225221411,0.191056330723,0.153942401797,0.228973152253,0.21344954871,0.143593332769,0.24967129031,0.133533267944,0.246486524503
C[C>G]G,0.0282252644568,0.209562203087,0.0447840862715,0.0666116241181,0.062095581805,0.0417733913961,0.0726330138689,0.0268354460626,0.143234472374
C[C>G]T,0.11806223526,0.259504217025,0.187325413279,0.278626875214,0.259736917572,0.174732108185,0.303813485403,0.108887372282,0.355658081402
G[C>G]A,0.0776216338333,0.0624061902328,0.123159659015,0.183187055847,0.170767594433,0.114880018073,0.199746337731,0.122599010514,0.175183131338
G[C>G]C,0.0908575961908,0.109851470607,0.144160719289,0.21442392701,0.19988671162,0.134469242362,0.233806880864,0.114149711906,0.399849584871
G[C>G]G,0.0288116174873,0.0305963927017,0.0457144330798,0.06799541727,0.063385558472,0.0426411938812,0.0741418956673,0.010528580348,0.0745735702594
G[C>G]T,0.0785828022619,0.11614503395,0.124684712922,0.185455413338,0.172882164976,0.116302547348,0.202219744487,0.106312811184,0.351814906568
T[C>G]A,0.130827410857,0.791023310258,0.207579491893,0.308752689622,0.287820303885,0.193624568068,0.336662537272,0.194568351838,3.68499731893
T[C>G]C,0.131201599217,0.331929727798,0.208173204091,0.309635774152,0.288643518277,0.194178366841,0.337625448652,0.148370197232,1.1019601911
T[C>G]G,0.013512079894,0.0917779785856,0.0214391667651,0.0318885085497,0.0297265757667,0.0199978782431,0.0347710855938,0.0308661505944,0.186930369844
T[C>G]T,0.233206800711,1.43940920934,0.370021457129,0.550368049679,0.513054961565,0.345146065053,0.60011883383,0.452840641356,4.47489154595
A[C>T]A,1.23058548464,1.27875244173,1.95252896896,2.90418174375,2.70728806621,1.82126651727,3.16670664714,0.910253097456,2.9000519132
A[C>T]C,1.31540667541,1.32197506481,2.08711192499,3.10435975397,2.89389468591,1.94680187961,3.38497984473,0.677455481767,1.84312217777
A[C>T]G,2.07298332301,2.57215415286,3.28913353917,4.8922406423,4.56056331062,3.06801531805,5.33447708454,1.20244385658,7.1317207949
A[C>T]T,1.20772569673,1.19398333125,1.91625810548,2.85023264429,2.65699653281,1.78743403116,3.10788079292,0.591397900626,1.55166749104
C[C>T]A,0.675355167542,1.14237281241,1.0715635325,1.5938381954,1.48578136859,0.999525647962,1.73791396447,1.08353534594,2.81507849671
C[C>T]C,0.902597916744,1.56426090367,1.4321220279,2.13013108352,1.98571541684,1.33584491678,2.32268530575,1.33248210775,2.78779324331
C[C>T]G,1.30409660096,2.72739934402,2.06916660686,3.07766797826,2.86901252211,1.93006296942,3.35587525313,1.04815422107,7.4695157629
C[C>T]T,1.08389020059,1.36026918492,1.71977245161,2.5579808734,2.38455844131,1.60415749688,2.78921078286,1.69984475003,2.60195893179
G[C>T]A,2.10330432836,2.03058336485,3.33724286767,4.96379821494,4.6272695224,3.11289040598,5.41250313832,1.10119960478,5.04861602484
G[C>T]C,2.51622367186,2.72828145618,3.99240822602,5.93828786559,5.53569207809,3.72401103435,6.47508224892,1.48678967416,6.20688344041
G[C>T]G,3.57863888825,3.75455562167,5.67810703602,8.44558777627,7.87300555415,5.29638555461,9.2090307391,0.568954275901,10.1309929447
G[C>T]T,2.30906754665,1.98932391086,3.66372050734,5.44939941008,5.07994860262,3.41741996904,5.9420004867,1.54209009513,4.38583057778
T[C>T]A,0.753062447926,8.88941605648,1.19485908404,1.7772273771,1.65673738544,1.11453242293,1.93788069933,1.05695837698,4.50529671486
T[C>T]C,1.31690826963,3.26938905477,2.08949445447,3.10790351632,2.89719819318,1.94902423905,3.38884394717,1.47251154228,5.93593282112
T[C>T]G,0.845010121341,3.04470499299,1.34074939253,1.99422388637,1.85902226695,1.25061497959,2.17449271225,0.836039265072,5.03528718352
T[C>T]T,1.08587260283,5.48373747524,1.72291786315,2.56265934267,2.38891972622,1.60709145218,2.79431216461,0.971196781655,2.74779597238
A[T>A]A,0.558982585715,0.170116772304,0.886919036002,1.31919890229,1.22976168857,0.827294226859,1.43844852057,0.544432701164,0.668026917043
A[T>A]C,0.429151128303,0.152151732222,0.68091979024,1.01279666279,0.944132482266,0.635143669888,1.1043489035,0.561915584243,0.531043493713
A[T>A]G,0.433158259792,0.245280887319,0.687277772203,1.02225349311,0.952948171542,0.641074224492,1.11466058853,0.214297602279,0.6114514802
A[T>A]T,0.26678070451,0.29749019691,0.423292051156,0.629602462643,0.586917549922,0.394835442675,0.686515679605,0.476863989501,0.983457597306
C[T>A]A,0.924093529317,0.0707423717145,1.46622839985,2.18086072919,2.0330057645,1.36765842339,2.37800068211,0.827087541719,0.680456829
C[T>A]C,0.619147858407,0.277457735641,0.982381268672,1.46118894584,1.36212528849,0.916338830442,1.5932738223,0.889332690709,0.927377408587
C[T>A]G,1.23909559982,0.309813353536,1.96603168505,2.92426561558,2.72601031961,1.83386148774,3.18860601021,1.01589006848,1.8471543368
C[T>A]T,0.560695098203,0.270678370848,0.889636222482,1.32324043176,1.23352921605,0.82982874534,1.44285538604,0.850390491775,1.39191287205
G[T>A]A,0.471923943718,0.108138448363,0.748785990699,1.11374050717,1.03823267618,0.698447436702,1.21441761517,0.579198647463,0.576499222004
G[T>A]C,0.290585350946,0.165235079559,0.461062090168,0.685781428234,0.639287772082,0.430066319401,0.747772969769,0.327240838746,0.445099834163
G[T>A]G,0.33887727949,0.107139131273,0.537685283457,0.799750379595,0.745530014877,0.501538373645,0.87204419922,0.549771034073,0.747091368268
G[T>A]T,0.186015990298,0.239049271356,0.295145371272,0.438997737102,0.409235178655,0.27530366564,0.478681148366,0.407250478851,0.56613911656
T[T>A]A,0.329865767914,0.229411281719,0.523387018424,0.778483212278,0.725704689412,0.488201336513,0.8488545761,0.394246438162,0.737634838902
T[T>A]C,0.423410417604,0.198985392025,0.671811195931,0.999248585545,0.931502918728,0.626647418053,1.0895761413,0.456428708311,0.396396646715
T[T>A]G,0.409295499161,0.134305371859,0.649415525335,0.965937378019,0.900450098154,0.605757338758,1.05325375117,0.271032660446,0.651833387156
T[T>A]T,0.328739358891,0.267844862546,0.521599782774,0.775824886983,0.72322658956,0.486534251159,0.845955950213,0.780680849551,0.696203100186
A[T>C]A,1.69901096278,0.431476374451,2.69576406095,4.00966587217,3.73782411813,2.51453622492,4.37212154423,1.00140967959,1.31230878111
A[T>C]C,0.982112186474,0.287920657525,1.5582846692,2.31778476008,2.16064681024,1.45352603598,2.52730202653,0.73598140554,0.808649381507
A[T>C]G,1.60861383623,0.6748892975,2.55233395348,3.79632865349,3.5389504397,2.38074847762,4.13949960522,1.18987561656,2.18801747169
A[T>C]T,1.1467246644,0.434708412873,1.81946980085,2.70627020799,2.52279426169,1.69715250332,2.95090480307,0.776424121564,0.829789216212
C[T>C]A,1.14246822191,0.233557319909,1.81271624543,2.6962250037,2.5134300882,1.69085296842,2.93995155771,1.15558529657,0.936122119909
C[T>C]C,1.09456186924,0.39380784516,1.73670483252,2.5831660114,2.40803611232,1.61995156647,2.81667254351,1.74168571061,1.28293204444
C[T>C]G,1.52735237257,0.753370998201,2.4233990978,3.60455159925,3.36017521964,2.2604815114,3.93038677207,2.01088022133,2.88316996257
C[T>C]T,0.948165580635,0.224223409124,1.50442272127,2.2376707703,2.0859642774,1.40328505934,2.43994609417,0.790917599348,2.54351752989
G[T>C]A,2.71839833013,0.376540484138,4.31319201714,6.4154200591,5.98047632628,4.02322952859,6.9953450362,1.8574581559,1.23276066467
G[T>C]C,1.46656976771,0.374925814042,2.32695736477,3.46110465181,3.22645348897,2.17052325622,3.77397286892,0.99187644337,0.804569407879
G[T>C]G,1.50725299028,0.569874285714,2.39150807791,3.55711705706,3.31595657861,2.23073442561,3.87866436165,1.48096418239,1.25429163035
G[T>C]T,1.74357039367,0.440378021127,2.76646502462,4.11482612905,3.83585486607,2.58048418263,4.48678781304,1.33321159578,0.941180561268
T[T>C]A,1.04485385561,0.21767739715,1.65783478424,2.46585509925,2.29867848235,1.54638370631,2.68875725512,0.961602716404,0.869202163822
T[T>C]C,1.29702979567,0.48832640042,2.05795394247,3.06099031779,2.85346555048,1.9196040976,3.33769000753,1.3942966207,0.80228562203
T[T>C]G,0.799460747012,0.376669648368,1.26847771859,1.88672736295,1.75881364343,1.18320190558,2.05727898898,0.970470271578,1.12564730136
T[T>C]T,0.89046115923,0.267322802369,1.41286503931,2.10148833578,1.95901455031,1.31788251566,2.29145338308,1.07640835426,0.940318086932
A[T>G]A,0.0447999300643,0.0459357166815,0.071082555702,0.105727834952,0.0985598461414,0.0663038964951,0.115285153365,0.254055018162,0.473002993916
A[T>G]C,0.145841761621,0.151380785983,0.231402261772,0.344186557426,0.320851875566,0.215845807199,0.375299466571,0.50260363951,0.314753381488
A[T>G]G,0.105259102259,0.156141497889,0.167011108917,0.24841148133,0.231570024969,0.155783471343,0.270866756479,0.325007785551,0.297887424411
A[T>G]T,0.588272558968,0.374948386098,0.933392460229,1.38832323916,1.29419962973,0.870643387273,1.51382138508,2.49324095345,0.983812147732
C[T>G]A,0.051992807061,0.045561280305,0.0824952538701,0.122703024664,0.114384175534,0.0769493544503,0.133794823504,0.271483087988,0.287323029267
C[T>G]C,0.334642063491,0.26121962688,0.530965407406,0.78975526984,0.736212539681,0.495270253967,0.861145576718,1.09101488727,0.777198383657
C[T>G]G,0.288121400766,0.385390771851,0.457152622548,0.679966505807,0.633867081685,0.426419673133,0.741432404637,0.80998507353,0.965821448299
C[T>G]T,1.24270334656,0.67287449788,1.97175597655,2.93277989789,2.73394736244,1.83920095291,3.19788994516,3.88662335966,5.77210188873
G[T>G]A,0.00285862026543,0.0554981232829,0.00453567748781,0.00674634382641,0.00628896458394,0.00423075799283,0.00735618281637,0.0725488908418,0.140619734953
G[T>G]C,0.130051749643,0.0525155352228,0.2063487761,0.306922129158,0.286113849215,0.192476589472,0.334666502415,0.0568712587302,0.276975436571
G[T>G]G,0.116816643536,0.433829871443,0.18534907441,0.275687278744,0.256996615778,0.172888632433,0.300608162698,0.340542996166,0.438950898571
G[T>G]T,0.521084369243,0.301187714817,0.826787199198,1.22975911141,1.14638561233,0.771204866479,1.34092377685,1.10201431883,1.62156679488
T[T>G]A,0.0679183350511,0.0785193908048,0.107763758281,0.160287270721,0.149420337112,0.100519135876,0.174776515531,0.330421842193,0.720912849081
T[T>G]C,0.254800126072,0.285921180266,0.404282866701,0.601328297531,0.560560277359,0.377104186587,0.655685657759,0.916845772626,0.469911645662
T[T>G]G,0.126693126206,0.118651950614,0.201019760248,0.298995777847,0.278724877654,0.187505826786,0.326023644771,0.518566576416,0.406561063326
T[T>G]T,1.12041587703,1.06454807915,1.77772652489,2.64418146979,2.46491492946,1.658215498,2.88320352356,6.68922164887,2.30712582187
