,1,3,2,5,4,7,6,9,8
A[C>A]A,0.930592386858,1.085691118,0.764330602065,0.246968524203,0.847077685473,0.730615217435,0.226387813853,0.847077685473,1.06182977475
A[C>A]C,0.788021429078,0.919358333924,0.601893489047,0.163081561299,0.717301557237,0.482449618842,0.14949143119,0.717301557237,0.899152656255
A[C>A]G,0.232293307178,0.271008858375,0.111011971552,0.0471121550437,0.211446471919,0.139373458671,0.0431861421234,0.211446471919,0.265052619729
A[C>A]T,0.734143378451,0.856500608193,0.552168423144,0.22753833245,0.668258716283,0.673134233498,0.208576804746,0.668258716283,0.837676419002
C[C>A]A,1.05864684482,1.23508798562,0.780520770417,0.298276068164,0.963640076695,0.882400034985,0.27341972915,0.963640076695,1.20794319473
C[C>A]C,1.09403332544,1.27637221302,0.761643407989,0.166235948247,0.99585084752,0.491781346896,0.152382952559,0.99585084752,1.24832007647
C[C>A]G,0.172757856432,0.201550832504,0.131054410305,0.0649382041803,0.15725394624,0.192108854033,0.0595266871653,0.15725394624,0.197121143878
C[C>A]T,1.3743408202,1.60339762357,1.34244626775,0.338854513042,1.25100254147,1.00244460108,0.310616636955,1.25100254147,1.56815811536
G[C>A]A,0.765406497813,0.892974247448,0.603009603444,0.332973579267,0.696716171086,0.985046838664,0.305225780995,0.696716171086,0.873348439812
G[C>A]C,0.846075159215,0.987087685751,0.525678932433,0.276048641836,0.770145337234,0.816643898765,0.25304458835,0.770145337234,0.965393450899
G[C>A]G,0.257225242753,0.300096116545,0.105172917751,0.0948493549674,0.234140926096,0.280596008445,0.0869452420534,0.234140926096,0.2935005975
G[C>A]T,1.02323971758,1.19377967051,0.587303921707,0.353639914184,0.931410512159,1.04618474613,0.324169921335,0.931410512159,1.16754275468
T[C>A]A,0.833900312057,0.9728836974,0.774800758347,0.314087828571,0.759063104565,0.929176492857,0.287913842857,0.759063104565,0.951501638117
T[C>A]C,1.0058981885,1.17354788658,0.748083177292,0.272313145089,0.915625274144,0.805593054223,0.249620382999,0.915625274144,1.14775562534
T[C>A]G,0.184749396,0.215540962,0.134785063061,0.0756569154902,0.168169322,0.223818374992,0.0693521725327,0.168169322,0.210803798
T[C>A]T,1.18793862402,1.38592839469,1.11281089765,0.762012845135,1.0813287475,2.25428800019,0.698511774707,1.0813287475,1.35546842997
A[C>G]A,0.510966631836,0.596127737142,0.199040638479,0.109481641593,0.465110652056,0.323883189713,0.10035817146,0.465110652056,0.583026028633
A[C>G]C,0.270526548044,0.315614306052,0.161629617458,0.0693501561135,0.246248524502,0.205160878502,0.0635709764374,0.246248524502,0.308677727897
A[C>G]G,0.147237241981,0.171776782312,0.0244220811268,0.017421443085,0.134023643342,0.0515384357932,0.0159696561613,0.134023643342,0.168001468415
A[C>G]T,0.483075580427,0.563588177165,0.244669529449,0.0988510213513,0.439722643722,0.292434271497,0.0906134362387,0.439722643722,0.55120162382
C[C>G]A,0.392690770176,0.458139231872,0.161152491815,0.086147377988,0.357449290801,0.254852659881,0.0789684298223,0.357449290801,0.448070237765
C[C>G]C,0.337868147266,0.394179505144,0.140346823801,0.082255593406,0.30754664687,0.243339463826,0.0754009606222,0.30754664687,0.385516219316
C[C>G]G,0.161293086164,0.188175267192,0.049916928763,0.0241775062234,0.146818065611,0.0715251225775,0.0221627140381,0.146818065611,0.184039547034
C[C>G]T,0.528631632073,0.616736904085,0.198420518177,0.0918356721158,0.481190331758,0.271680530009,0.0841826994395,0.481190331758,0.603182246852
G[C>G]A,0.34149717959,0.398413376188,0.102201100588,0.0607555307594,0.310849996806,0.17973511183,0.0556925698627,0.310849996806,0.38965703825
G[C>G]C,0.329118729393,0.383971850959,0.164302093678,0.0550253848686,0.299582433166,0.162783430236,0.0504399361296,0.299582433166,0.37553290918
G[C>G]G,0.0977898821744,0.11408819587,0.011295178249,0.0148663801455,0.0890138671075,0.0439797079304,0.0136275151334,0.0890138671075,0.111580762994
G[C>G]T,0.380751989525,0.444210654446,0.138769489973,0.0639747456009,0.346581939183,0.189258622403,0.0586435168008,0.346581939183,0.43444778292
T[C>G]A,0.443815796629,0.517785096067,0.204155065162,0.116985423724,0.403986173855,0.346081878516,0.107236638413,0.403986173855,0.506405203846
T[C>G]C,0.47998721401,0.559985083011,0.21746300338,0.0749127897287,0.436911438393,0.221617002948,0.0686700572513,0.436911438393,0.547677718549
T[C>G]G,0.0841150282072,0.098134199575,0.0141225655564,0.0148192083943,0.0765662436245,0.0438401581664,0.0135842743614,0.0765662436245,0.09597740398
T[C>G]T,0.873862470161,1.01950621519,0.371117686275,0.223277405538,0.795438915146,0.660528991385,0.204670955077,0.795438915146,0.997099485183
A[C>T]A,1.33849949381,1.56158274277,1.37453629178,0.360904134695,1.21837774436,1.06767473181,0.330828790137,1.21837774436,1.52726224293
A[C>T]C,1.14671158877,1.3378301869,0.981999840673,0.345593541739,1.04380157439,1.02238089431,0.316794079927,1.04380157439,1.30842732565
A[C>T]G,1.49003085818,1.73836933454,4.88579087729,0.327387683682,1.35631014014,0.968521897559,0.300105376708,1.35631014014,1.7001634151
A[C>T]T,0.830833200321,0.969305400374,0.884659940808,0.307210221726,0.756271246446,0.908830239274,0.281609369916,0.756271246446,0.948001984981
C[C>T]A,1.79037677841,2.08877290814,1.82905146482,0.439492492738,1.62970193932,1.30016529102,0.402868118343,1.62970193932,2.04286581126
C[C>T]C,1.73627596393,2.02565529126,1.80051156891,0.41204870726,1.58045632615,1.21897742564,0.377711314989,1.58045632615,1.98113539475
C[C>T]G,1.14687012678,1.33801514791,3.04546109073,0.284568852496,1.04394588463,0.841849521967,0.260854781454,1.04394588463,1.30860822158
C[C>T]T,1.64381226862,1.91778098005,1.82475020138,0.431244557064,1.49629065477,1.27576514798,0.395307510642,1.49629065477,1.87563194753
G[C>T]A,1.5386561666,1.79509886104,1.34118754663,0.349165364276,1.40057163883,1.03294753598,0.320068250586,1.40057163883,1.75564613882
G[C>T]C,2.49855988512,2.91498653264,1.67282679758,0.516270722435,2.27433015184,1.5273008872,0.473248162232,2.27433015184,2.85092089456
G[C>T]G,2.80577410592,3.27340312357,3.19660427074,0.501135947555,2.55397386564,1.48252717818,0.459374618592,2.55397386564,3.20146019778
G[C>T]T,1.68999463997,1.9716604133,1.36173190733,0.404412405316,1.53832845433,1.19638669906,0.37071137154,1.53832845433,1.9283272174
T[C>T]A,3.16870898034,3.69682714373,2.04861829353,1.1132536388,2.88433766159,3.29337534812,1.02048250224,2.88433766159,3.61557819552
T[C>T]C,3.61510682507,4.21762462925,3.56645037521,0.699117966165,3.29067416128,2.06822398324,0.640858135651,3.29067416128,4.12492958245
T[C>T]G,1.48864133346,1.73674822237,3.08284739061,0.533916092496,1.35504531635,1.57950177363,0.489423084788,1.35504531635,1.69857793176
T[C>T]T,2.1454113846,2.5029799487,1.65842184903,0.867114549111,1.95287446547,2.56521387445,0.794855003352,1.95287446547,2.44796940037
A[T>A]A,0.40726113821,0.475137994578,0.979642342976,0.105858343501,0.370712061704,0.313164266189,0.0970368148756,0.370712061704,0.46469540129
A[T>A]C,0.458276966719,0.534656461172,0.433532952298,0.0965278463356,0.417149546628,0.28556154541,0.088483859141,0.417149546628,0.522905769717
A[T>A]G,0.382178792429,0.445875257834,0.303231889054,0.117143660242,0.347880695673,0.346549994884,0.107381688556,0.347880695673,0.436075801618
A[T>A]T,0.586626411408,0.684397479976,0.642162745772,0.153208872072,0.53398045141,0.453242913214,0.140441466066,0.53398045141,0.66935577712
C[T>A]A,0.347249567802,0.405124495769,1.57015932455,0.0784857167065,0.316086145051,0.232186911923,0.0719452403143,0.316086145051,0.396220660697
C[T>A]C,0.651092360979,0.759607754475,0.489648938968,0.174478851385,0.59266099525,0.516166602013,0.159938947103,0.59266099525,0.742913078553
C[T>A]G,0.747584014734,0.872181350523,0.372160715562,0.183673446983,0.680493141617,0.543367280659,0.168367326401,0.680493141617,0.853012529633
C[T>A]T,0.581830149919,0.678801841572,0.434069348406,0.352709723967,0.529614623644,1.0434329334,0.32331724697,0.529614623644,0.663883119779
G[T>A]A,0.218825885685,0.255296866632,0.586305745888,0.0786805634751,0.199187665174,0.232763333614,0.0721238498522,0.199187665174,0.249685946486
G[T>A]C,0.299012579912,0.348848009898,0.222189415384,0.0755011746813,0.272178117612,0.223357641766,0.0692094101245,0.272178117612,0.341181020669
G[T>A]G,0.380973663384,0.444469273948,0.186361983659,0.108982698687,0.346783719234,0.322407150283,0.0999008071299,0.346783719234,0.434700718477
G[T>A]T,0.378803541139,0.441937464663,0.25485679173,0.111688228962,0.34480835155,0.330411010679,0.102380876548,0.34480835155,0.432224553351
T[T>A]A,0.390084892312,0.45509904103,0.651904827929,0.116011889691,0.355077273771,0.343201840337,0.106344232217,0.355077273771,0.445096864304
T[T>A]C,0.424753651714,0.495545926999,0.427712214755,0.102354920421,0.386634734252,0.302799972913,0.0938253437194,0.386634734252,0.484654807725
T[T>A]G,0.326371880216,0.380767193586,0.234038588332,0.0856506127324,0.297082096094,0.253383062667,0.0785130616713,0.297082096094,0.372398683837
T[T>A]T,0.56779334698,0.662425571477,0.566892136004,0.153987092959,0.51683753379,0.455545150003,0.141154835212,0.51683753379,0.647866767708
A[T>C]A,1.23819919871,1.44456573183,2.22534591961,0.33202521482,1.1270787578,0.982241260511,0.304356446919,1.1270787578,1.41281703443
A[T>C]C,0.667522047718,0.778775722338,1.11038350651,0.186878522317,0.607616222923,0.552848961853,0.171305312123,0.607616222923,0.761659772396
A[T>C]G,1.04600067239,1.22033411779,1.94836096715,0.258731614393,0.952128817174,0.765414359246,0.237170646527,0.952128817174,1.19351358772
A[T>C]T,1.00332804039,1.17054938046,1.53452966925,0.283058276879,0.913285780357,0.837380735766,0.259470087139,0.913285780357,1.14482302045
C[T>C]A,0.708038474574,0.826044887002,1.22006288065,0.160270545235,0.644496560189,0.474133696321,0.146914666466,0.644496560189,0.807890054321
C[T>C]C,0.840343860033,0.980401170039,1.26986397735,0.401969908719,0.764928385415,1.18916097996,0.368472416326,0.764928385415,0.958853891577
C[T>C]G,1.06441882414,1.2418219615,1.78634184184,0.345106219201,0.968894057874,1.0209392318,0.316347367601,0.968894057874,1.21452917114
C[T>C]T,0.710090432401,0.828438837801,1.20853271917,0.866718302929,0.646364367955,2.56404164616,0.794491777685,0.646364367955,0.810231390816
G[T>C]A,1.17645265084,1.37252809265,2.27770948246,0.151902459816,1.07087356679,0.449378110288,0.139243921498,1.07087356679,1.34236264006
G[T>C]C,1.07729878483,1.25684858231,1.13401000542,0.226169309054,0.980618124657,0.669084205951,0.207321866633,0.980618124657,1.22922553654
G[T>C]G,0.81910565348,0.955623262393,1.38306392809,0.172871671042,0.745596171758,0.511412026833,0.158465698455,0.745596171758,0.93462055333
G[T>C]T,0.877348742619,1.02357353306,1.64625216357,0.219609017924,0.798612316999,0.649676678024,0.20130826643,0.798612316999,1.00107741145
T[T>C]A,0.679940634561,0.793264073654,1.40161229651,0.15313702064,0.618920321203,0.453030352728,0.140375602254,0.618920321203,0.775829698409
T[T>C]C,0.908145178691,1.05950270847,1.29974289254,0.22152488696,0.826644970347,0.655344457257,0.203064479713,0.826644970347,1.03621693466
T[T>C]G,0.572822825801,0.668293296768,1.08565976111,0.145784053468,0.521415649126,0.431277824842,0.133635382345,0.521415649126,0.653605532003
T[T>C]T,0.715751811596,0.835043780196,1.22302628761,0.210303618163,0.651517674658,0.622148203732,0.192778316649,0.651517674658,0.816691169642
A[T>G]A,0.264056797851,0.30806626416,0.279460217798,0.0539712346207,0.240359392916,0.15966490242,0.0494736317356,0.240359392916,0.301295577035
A[T>G]C,0.18519406952,0.216059747773,0.177950549722,0.07414041106,0.168574088922,0.219332049386,0.0679620434717,0.168574088922,0.211311181888
A[T>G]G,0.318515571639,0.371601500246,0.195672715882,0.0849164162708,0.289930840851,0.251211064801,0.0778400482482,0.289930840851,0.363434434307
A[T>G]T,0.810513801232,0.945599434771,0.601906739405,0.284721081165,0.737775383173,0.842299865114,0.260994324402,0.737775383173,0.924817029611
C[T>G]A,0.200447601299,0.233855534849,0.164122078216,0.0316591456061,0.182458714003,0.0936583057515,0.0290208834723,0.182458714003,0.228715852764
C[T>G]C,0.447945855724,0.522603498345,0.400520562349,0.183370005562,0.407745586621,0.542469599788,0.168089171765,0.407745586621,0.511117707172
C[T>G]G,0.496271072485,0.5789829179,0.406915137528,0.17236097717,0.451733924955,0.509901224127,0.157997562406,0.451733924955,0.566258018605
C[T>G]T,1.24653135014,1.45428657517,1.04482315843,1.95540175385,1.13466315205,5.78473018846,1.79245160769,1.13466315205,1.42232423286
G[T>G]A,0.110314038039,0.128699711046,0.0389436288838,0.0198641207514,0.100414060266,0.0587646905563,0.0182087773555,0.100414060266,0.125871145968
G[T>G]C,0.135775484393,0.158404731792,0.0761984373425,0.0773853815931,0.123590505024,0.22893175388,0.0709365997937,0.123590505024,0.154923309115
G[T>G]G,0.391944587354,0.457268685246,0.166052965788,0.0987108339762,0.356770073104,0.292019550513,0.0904849311449,0.356770073104,0.447218824032
G[T>G]T,0.671959369358,0.783952597584,0.429199248274,0.511284795902,0.61165532339,1.51255085454,0.468677729577,0.61165532339,0.766722870164
T[T>G]A,0.405260350043,0.472803741717,0.366388234674,0.0739312383129,0.36889083145,0.218713246676,0.0677703017868,0.36889083145,0.46241245069
T[T>G]C,0.385899715792,0.450216335091,0.305744155321,0.121964576165,0.351267690016,0.360811871155,0.111800861485,0.351267690016,0.440321470584
T[T>G]G,0.412702954471,0.481486780216,0.242884461427,0.0962367739315,0.375665509839,0.284700456214,0.0882170427705,0.375665509839,0.470904653179
T[T>G]T,1.83638669035,2.14245113874,1.39866031595,0.59751528034,1.6715827566,1.76764937101,0.547722340312,1.6715827566,2.09536430052
