,1,3,2,5,4,7,6,9,8
A[C>A]A,1.5637583124,2.06076676827,1.07887201398,0.969772596834,1.45465889525,1.1637271162,0.484886298417,1.03015600859,0.159361150501
A[C>A]C,1.27199923347,1.67627805961,0.877580866499,0.788836733932,1.1832551009,0.946604080718,0.394418366966,0.983495730136,0.152142985877
A[C>A]G,0.179636718568,0.236730559353,0.123935410485,0.111402616166,0.167103924249,0.133683139399,0.055701308083,0.134357469838,0.0207845809694
A[C>A]T,1.11320379014,1.4670127467,0.768024320331,0.690358939623,1.03553840943,0.828430727548,0.345179469812,1.36919019829,0.211808428465
C[C>A]A,1.71784908942,2.26383213335,1.1851827051,1.06533276863,1.59799915295,1.27839932236,0.532666384317,1.61217936577,0.249397912937
C[C>A]C,1.73947432681,2.2923305082,1.20010244253,1.07874376856,1.61811565285,1.29449252228,0.539371884282,1.29499863971,0.200331281281
C[C>A]G,0.429074954646,0.56544761465,0.296028457081,0.266092995129,0.399139492694,0.319311594155,0.133046497565,0.326838193559,0.0505606045284
C[C>A]T,2.96780530745,3.91106125789,2.04755559972,1.84049941548,2.76074912321,2.20859929857,0.920249707738,3.89892955128,0.60314932285
G[C>A]A,1.36373174874,1.79716587043,0.940869190991,0.845725115498,1.26858767325,1.0148701386,0.422862557749,1.41635059864,0.219103960011
G[C>A]C,1.04897556937,1.38237090538,0.723711826933,0.650527484884,0.975791227325,0.78063298186,0.325263742442,1.3146393647,0.203369625478
G[C>A]G,0.219515080252,0.289283439092,0.151448388701,0.136133383102,0.204200074653,0.163360059723,0.0680666915511,0.171848284035,0.0265842649335
G[C>A]T,1.32762278073,1.74958040872,0.91595680221,0.823331957042,1.23499793556,0.987998348451,0.411665978521,3.20825882844,0.496305233129
T[C>A]A,1.30282866714,1.71690599545,0.898850785853,0.807955762565,1.21193364385,0.969546915078,0.403977881282,1.55056279031,0.239866067009
T[C>A]C,1.18727792152,1.56462981906,0.819129728802,0.73629638544,1.10444457816,0.883555662528,0.36814819272,1.26904410636,0.196316215349
T[C>A]G,0.259587185647,0.34209164,0.179095035059,0.160984301177,0.241476451765,0.193181161412,0.0804921505883,0.302874395863,0.0468534977026
T[C>A]T,2.07467754591,2.73407118454,1.43136667896,1.2866217339,1.92993260085,1.54394608068,0.64331086695,2.81626276398,0.435664957963
A[C>G]A,0.450417773801,0.593573810436,0.310753347816,0.27932885197,0.418993277955,0.335194622364,0.139664425985,0.277476611452,0.0429245586777
A[C>G]C,0.281506052451,0.370976968346,0.194217354017,0.174577396869,0.261866095303,0.209492876243,0.0872886984344,0.156073520724,0.0241439700568
A[C>G]G,0.0388951581735,0.0512571851899,0.0268346440112,0.0241210283247,0.036181542487,0.0289452339896,0.0120605141623,0.194592550971,0.0301027150673
A[C>G]T,0.491173959228,0.64728351216,0.338871956366,0.304604005723,0.456906008584,0.365524806867,0.152302002861,0.321938399965,0.0498026254089
C[C>G]A,0.311152881474,0.41004643295,0.214671367839,0.192963027271,0.289444540906,0.231555632725,0.0964815136354,0.226430847981,0.0350279764833
C[C>G]C,0.279316714981,0.368091794937,0.192706880879,0.173219668206,0.259829502308,0.207863601847,0.0866098341028,0.172302865053,0.026654586859
C[C>G]G,0.087073506733,0.114748032129,0.0600739697615,0.0539990739429,0.0809986109144,0.0647988887315,0.0269995369715,0.158568480741,0.0245299307224
C[C>G]T,0.322023195288,0.424371652705,0.22217104171,0.199704307155,0.299556460733,0.239645168586,0.0998521535777,0.333678326857,0.0516187466962
G[C>G]A,0.207611640731,0.273596735847,0.143235938179,0.128751405105,0.193127107657,0.154501686126,0.0643757025523,0.410858378237,0.0635582021582
G[C>G]C,0.281285889924,0.370686831683,0.19406545894,0.174440861968,0.261661292953,0.209329034362,0.0872204309842,0.364553173905,0.0563949661289
G[C>G]G,0.0163955446628,0.0216065317262,0.0113116548449,0.0101677796359,0.0152516694538,0.012201335563,0.00508388981794,0.0833614921327,0.0128957004404
G[C>G]T,0.276285889929,0.364097684403,0.19061584654,0.171340086778,0.257010130167,0.205608104133,0.0856700433889,0.247702035278,0.0383185468938
T[C>G]A,0.280077034494,0.369093766387,0.193231442403,0.173691184182,0.260536776273,0.208429421019,0.0868455920911,2.17073464453,0.335804254402
T[C>G]C,0.292921266986,0.386020274322,0.202092967145,0.181656599681,0.272484899522,0.217987919617,0.0908282998406,0.659531438754,0.102026962901
T[C>G]G,0.0344856280236,0.0454461764652,0.0237924100318,0.0213864359836,0.0320796539755,0.0256637231804,0.0106932179918,0.143183235196,0.0221498927375
T[C>G]T,0.631177419826,0.83178419667,0.435463491198,0.391427857256,0.587141785885,0.469713428708,0.195713928628,2.83725940454,0.438913057055
A[C>T]A,2.63486047568,3.4722967509,1.81784947547,1.63402200042,2.45103300064,1.96082640051,0.817011000212,3.89444935462,0.602456253754
A[C>T]C,1.68314547727,2.21809869097,1.16123990292,1.04381114869,1.56571672304,1.25257337843,0.521905574346,3.67619104078,0.568692536695
A[C>T]G,7.51717428055,9.90635370305,5.18626752689,4.66181350732,6.99272026098,5.59417620878,2.33090675366,5.32687752184,0.824047351445
A[C>T]T,1.65319995751,2.17863560292,1.14057981565,1.02524028373,1.53786042559,1.23028834047,0.512620141863,2.29832620667,0.355542175618
C[C>T]A,2.19843886007,2.89716749002,1.51675239183,1.36337293648,2.04505940472,1.63604752378,0.68168646824,3.26971878148,0.505812850174
C[C>T]C,2.48147230869,3.27015730602,1.7120235308,1.53889755578,2.30834633366,1.84667706693,0.769448777888,3.65014178352,0.56466281734
C[C>T]G,5.30305138671,6.98851733133,3.65869436758,3.28871403827,4.93307105741,3.94645684593,1.64435701914,3.60365827191,0.557471997864
C[C>T]T,2.97664656986,3.92271253393,2.05365538541,1.84598236891,2.76897355336,2.21517884269,0.922991184453,2.77483051744,0.429255549659
G[C>T]A,3.26025915069,4.29646554742,2.24932608071,2.02186613996,3.03279920994,2.42623936795,1.01093306998,5.11442665393,0.791182023812
G[C>T]C,4.32558306551,5.700380784,2.98431699868,2.68253213365,4.02379820047,3.21903856038,1.34126606682,9.22460868809,1.42701128877
G[C>T]G,6.29865936488,8.30055885294,4.3455866936,3.90614534256,5.85921801384,4.68737441107,1.95307267128,11.1765469618,1.72896859078
G[C>T]T,3.47015121781,4.57306749634,2.39413533632,2.15203176298,3.22804764448,2.58243811558,1.07601588149,5.56217093784,0.860446332926
T[C>T]A,1.74310959103,2.29712116647,1.20261049303,1.08099819599,1.62149729398,1.29719783518,0.540499097993,7.63522939047,1.18114045819
T[C>T]C,2.1348630031,2.81338535292,1.47288997888,1.32394604843,1.98591907265,1.58873525812,0.661973024217,5.58988400947,0.864733437929
T[C>T]G,3.60131050576,4.7459130696,2.48462507762,2.23337085628,3.35005628443,2.68004502754,1.11668542814,2.69079674496,0.416255850049
T[C>T]T,1.72872192016,2.27816066997,1.19268411546,1.0720756094,1.6081134141,1.28649073128,0.536037804699,4.82875432695,0.746989619639
A[T>A]A,1.77138818038,2.33438752453,1.22212052755,1.09853530566,1.64780295849,1.31824236679,0.54926765283,1.41667420657,0.219154020905
A[T>A]C,0.834475730963,1.09969669972,0.575723566323,0.51750432928,0.776256493919,0.621005195135,0.25875216464,1.29955787058,0.201036576664
A[T>A]G,1.04121174619,1.37213951048,0.718355390783,0.645712710816,0.968569066224,0.774855252979,0.322856355408,1.53602525856,0.237617167071
A[T>A]T,1.20749970615,1.59127868252,0.833081192615,0.748837027069,1.1232555406,0.898604432483,0.374418513535,1.46881323876,0.227219727542
C[T>A]A,2.88613431549,3.80343281886,1.99120894634,1.78985073829,2.68477610743,2.14782088594,0.894925369143,1.74091679409,0.269313095218
C[T>A]C,1.21815552242,1.6053212311,0.840432879811,0.755445285223,1.13316792784,0.906534342268,0.377722642612,1.84173792708,0.284909734576
C[T>A]G,2.6114646738,3.441465074,1.8017081858,1.619512976,2.429269464,1.9434155712,0.809756488001,3.86097689501,0.597278193703
C[T>A]T,1.58939369462,2.09454983012,1.09655844047,0.98567050829,1.47850576243,1.18280460995,0.492835254145,1.71397664894,0.265145558952
G[T>A]A,1.46502473367,1.93065274979,1.01075349842,0.908542470491,1.36281370574,1.09025096459,0.454271235246,1.05836512534,0.163724991765
G[T>A]C,0.487557727928,0.642517936029,0.336377037098,0.302361381661,0.453542072491,0.362833657993,0.15118069083,0.787164736173,0.121771340402
G[T>A]G,0.987772935435,1.3017162715,0.681486753905,0.61257236306,0.918858544591,0.735086835673,0.30628618153,1.2179498364,0.188412129388
G[T>A]T,0.770023599893,1.0147597828,0.531256592174,0.477534015438,0.716301023156,0.573040818525,0.238767007719,0.963513558228,0.149051821162
T[T>A]A,1.31206744718,1.72908113194,0.905224827896,0.813685238558,1.22052785784,0.97642228627,0.406842619279,1.19412749149,0.184726904761
T[T>A]C,0.677762257252,0.893175067697,0.467603417794,0.420317678916,0.630476518374,0.504381214699,0.210158839458,1.09152015988,0.168853947385
T[T>A]G,0.887984108376,1.17021161569,0.612640198802,0.550687819148,0.826031728722,0.660825382978,0.275343909574,1.3165749549,0.203669053797
T[T>A]T,1.08487049762,1.42967429919,0.74847654487,0.672787905501,1.00918185825,0.807345486601,0.336393952751,1.08254369456,0.167465322915
A[T>C]A,2.36093666589,3.11131188529,1.62886328112,1.46414676955,2.19622015432,1.75697612346,0.732073384773,2.04331817949,0.316093420032
A[T>C]C,1.04179261917,1.37290500201,0.718756148112,0.646072942123,0.969109413184,0.775287530548,0.323036471061,1.3976291797,0.216207828904
A[T>C]G,2.17273991477,2.86330066287,1.49902211174,1.34743560606,2.02115340909,1.61692272727,0.673717803029,1.88125665879,0.291023129536
A[T>C]T,1.71390191444,2.25863042988,1.18245946035,1.06288490818,1.59432736227,1.27546188981,0.531442454089,1.43162531271,0.221466899204
C[T>C]A,0.945170712506,1.24557380718,0.652094522582,0.586152379849,0.879228569773,0.703382855818,0.293076189924,1.17587025747,0.181902581265
C[T>C]C,1.20766478628,1.59149622998,0.833195085107,0.748939402344,1.12340910352,0.898727282812,0.374469701172,1.49048291531,0.2305719427
C[T>C]G,2.03599889665,2.68309932116,1.40468140931,1.26263497466,1.893952462,1.5151619696,0.631317487332,2.06912227192,0.320085213336
C[T>C]T,1.61124931871,2.12335181535,1.11163712686,0.999224383694,1.49883657554,1.19906926043,0.499612191847,1.44067053519,0.222866160139
G[T>C]A,1.89173831949,2.49298848305,1.30515279407,1.17317105085,1.75975657627,1.40780526102,0.586585525424,3.38165417262,0.523128822284
G[T>C]C,1.15491819166,1.52198521382,0.796804023706,0.716228335916,1.07434250387,0.859474003099,0.358114167958,3.5726713016,0.552678433397
G[T>C]G,1.53910455592,2.02827732176,1.06186283316,0.954483445533,1.4317251683,1.14538013464,0.477241722766,2.44320770808,0.37795478357
G[T>C]T,1.56659974989,2.0645112983,1.08083238558,0.971534728614,1.45730209292,1.16584167434,0.485767364307,2.44945684479,0.378921500851
T[T>C]A,1.20367365751,1.58623660292,0.830441515648,0.746464283728,1.11969642559,0.895757140474,0.373232141864,1.26088643475,0.195054255099
T[T>C]C,0.97274940115,1.28191781547,0.671121679863,0.603255442574,0.904883163861,0.723906531089,0.301627721287,1.91379004195,0.296055918092
T[T>C]G,1.09663699346,1.44518053402,0.756594514871,0.680084957187,1.02012743578,0.816101948624,0.340042478594,1.14496891298,0.177122262781
T[T>C]T,1.0277889213,1.35445051645,0.70909468214,0.637388478328,0.956082717492,0.764866173994,0.318694239164,1.13101051135,0.174962952032
A[T>G]A,0.242895838121,0.320095290546,0.167579299168,0.150633077904,0.225949616856,0.180759693485,0.0753165389521,0.330285145895,0.0510938347241
A[T>G]C,0.198513245932,0.261606603167,0.13695875107,0.123108989725,0.184663484588,0.147730787671,0.0615544948627,0.38316864446,0.0592747074303
A[T>G]G,0.354621894532,0.467331178841,0.244661617158,0.219920554749,0.329880832123,0.263904665698,0.109960277374,0.506775418377,0.078396197318
A[T>G]T,0.459069521065,0.604975337837,0.31672238275,0.284694276629,0.427041414944,0.341633131955,0.142347138315,1.58958154727,0.24590211781
C[T>G]A,0.0688806873346,0.090772998813,0.0475223346727,0.0427167053238,0.0640750579857,0.0512600463885,0.0213583526619,0.290901111166,0.0450012768654
C[T>G]C,0.465430218579,0.613357652391,0.321110770958,0.288638895243,0.432958342865,0.346366674292,0.144319447622,0.852939613296,0.131946459515
C[T>G]G,0.654891508478,0.86303532125,0.451824374066,0.406134268823,0.609201403235,0.487361122588,0.203067134412,0.801537194997,0.123994704198
C[T>G]T,1.9708019771,2.59718090005,1.35970058885,1.2222027765,1.83330416474,1.46664333179,0.611101388248,3.32396291236,0.514204207438
G[T>G]A,0.0676908940068,0.0892050541175,0.0467014695086,0.0419788489965,0.0629682734947,0.0503746187958,0.0209894244982,0.119035689186,0.0184143607581
G[T>G]C,0.1506413167,0.198519564643,0.103930830902,0.0934209715969,0.140131457395,0.112105165916,0.0467104857984,0.265979138517,0.0411459440799
G[T>G]G,0.393379255883,0.518406771318,0.271401192043,0.243956127679,0.365934191519,0.292747353215,0.12197806384,0.521462973103,0.0806683052314
G[T>G]T,0.697942039415,0.919768579075,0.481525903163,0.432832272506,0.649248408759,0.519398727007,0.216416136253,1.8171565766,0.281107094722
T[T>G]A,0.226105146758,0.297968022859,0.155995023732,0.140220246051,0.210330369077,0.168264295262,0.0701101230256,0.418978360252,0.0648143319726
T[T>G]C,0.282157410126,0.371835346677,0.194666740319,0.174981339613,0.262472009419,0.209977607536,0.0874906698065,0.62366627494,0.0964787607642
T[T>G]G,0.384200782923,0.506311109278,0.26506875721,0.238264051425,0.357396077137,0.28591686171,0.119132025712,0.610743291233,0.0944796251631
T[T>G]T,0.9478618427,1.24912025782,0.653951193801,0.587821297799,0.881731946698,0.705385557358,0.293910648899,2.95092358558,0.456496466278
