,1,3,2,5,4,7,6,9,8
A[C>A]A,3.31472093333,0.786543950281,0.955089082484,0.674180528812,0.449453685875,2.84654001054,2.15363224482,2.1349050079,2.41581356158
A[C>A]C,1.47960074145,0.351091701361,0.426325637367,0.300935744024,0.200623829349,1.27061758588,0.961322515632,0.952963189409,1.07835308275
A[C>A]G,0.279268088703,0.0662670040989,0.0804670764058,0.0568002892276,0.0378668594851,0.239823443406,0.181445368366,0.179867582554,0.203534369732
A[C>A]T,1.76513830089,0.418846376483,0.508599171443,0.359011179842,0.239340786562,1.51582498156,1.14684126894,1.13686873617,1.28645672777
C[C>A]A,5.44885956419,1.2929497271,1.5700103829,1.10824262323,0.738828415484,4.6792466314,3.54021949086,3.50943497355,3.97120273323
C[C>A]C,2.6411020046,0.626702170583,0.760995492851,0.537173289071,0.358115526047,2.2680649983,1.71597022898,1.70104874873,1.9248709525
C[C>A]G,1.17839723172,0.279619682102,0.33953818541,0.239674013231,0.159782675487,1.01195694475,0.765625320042,0.758967708564,0.858831880743
C[C>A]T,5.09269848445,1.20843692851,1.46738769891,1.03580308158,0.690535387722,4.3733907889,3.3088153995,3.28004309168,3.711627709
G[C>A]A,6.46654253964,1.53443382297,1.86324107074,1.31522899111,0.876819327409,5.55318907359,4.20142594383,4.16489180519,4.71290388482
G[C>A]C,1.83107792408,0.43449306673,0.527598723887,0.372422628626,0.248281752417,1.57245109864,1.189683397,1.17933832398,1.33451441924
G[C>A]G,0.657100917668,0.15592225165,0.189334162718,0.133647644271,0.0890984295143,0.564290053591,0.426929974756,0.423217540193,0.478904058639
G[C>A]T,4.88180725388,1.1583949416,1.40662242909,0.992909949942,0.661939966628,4.19228645531,3.17179567343,3.14421484148,3.55792732063
T[C>A]A,3.88018178015,0.920721100375,1.11801847903,0.789189514607,0.526126343072,3.33213350612,2.52102206055,2.49910012959,2.82792909401
T[C>A]C,2.83816781145,0.673463548479,0.817777166011,0.577254470125,0.384836313417,2.43729665164,1.84400733512,1.82797248873,2.06849518462
T[C>A]G,0.910450904578,0.216039197696,0.262333311488,0.185176455168,0.123450970112,0.781856144044,0.591535898454,0.586392108033,0.663548964353
T[C>A]T,6.71176800677,1.59262291686,1.93389925619,1.36510535731,0.910070238206,5.7637781753,4.36075322474,4.32283363148,4.89162753036
A[C>G]A,0.514687812493,0.122129311439,0.148299878176,0.104682266948,0.0697881779652,0.441991793779,0.334401686083,0.331493845335,0.375111456563
A[C>G]C,0.36381312191,0.0863285374023,0.104827509703,0.073995889202,0.0493305928013,0.312427087742,0.236375757173,0.234320315806,0.265151936307
A[C>G]G,0.213853068817,0.0507447959906,0.0616186808457,0.0434955394205,0.0289970262803,0.183647833109,0.13894408426,0.137735874832,0.155859016257
A[C>G]T,0.665680842511,0.157958166019,0.191806344452,0.135392713731,0.090261809154,0.571658124642,0.432504502196,0.428743593481,0.485157224203
C[C>G]A,0.309318290691,0.0733975605029,0.0891256091821,0.0629121947168,0.0419414631445,0.265629266582,0.200969510901,0.199221949936,0.225435364402
C[C>G]C,0.436541547911,0.103586130013,0.125783157873,0.0887881114396,0.059192074293,0.374883137189,0.283628689321,0.281162352892,0.318157399325
C[C>G]G,0.343384645573,0.0814811023394,0.098941338555,0.0698409448624,0.0465606299082,0.294883989419,0.22310301831,0.221162992064,0.250263385757
C[C>G]T,0.636985773853,0.151149166677,0.183538273822,0.12955642858,0.0863709523868,0.547016031783,0.41386081352,0.410262023837,0.464243869079
G[C>G]A,0.377037304688,0.0894664790785,0.108637867452,0.0766855534959,0.0511237023306,0.323783448094,0.244967740334,0.24283758607,0.274789900027
G[C>G]C,0.338940093303,0.0804264628177,0.0976607048501,0.0689369681295,0.045957978753,0.291067198769,0.220215314858,0.218300399077,0.247024135797
G[C>G]G,0.0798541611498,0.0189484450186,0.023008826094,0.0162415243017,0.0108276828678,0.0685753248292,0.0518826470747,0.0514314936219,0.0581987954142
G[C>G]T,0.374243526905,0.0888035487572,0.107832880634,0.0761173275062,0.0507448850041,0.321384271693,0.243152573978,0.24103820377,0.272753756897
T[C>G]A,0.670973939285,0.159214155085,0.193331474031,0.136469275787,0.0909795171912,0.576203608878,0.435943519874,0.432152706658,0.489014904903
T[C>G]C,0.717215802643,0.170186800627,0.206655400761,0.145874400538,0.0972496003583,0.615914135603,0.465987668384,0.461935601702,0.522716601926
T[C>G]G,0.113750872786,0.0269917325255,0.0327756752095,0.0231357707361,0.0154238471574,0.0976843653303,0.0739059342959,0.0732632739977,0.0829031784711
T[C>G]T,1.38716094619,0.329156834688,0.399690442121,0.282134429733,0.188089619822,1.19123425887,0.901262761646,0.893425694154,1.01098170654
A[C>T]A,2.50132962723,0.59353584375,0.720722095982,0.508745008928,0.339163339286,2.14803448214,1.62515766741,1.61102586161,1.82300294866
A[C>T]C,2.0868086508,0.495174934089,0.601283848537,0.424435657791,0.282957105194,1.79206166623,1.35583612905,1.34404624967,1.52089444042
A[C>T]G,3.31229281757,0.785967787219,0.954389455909,0.673686674759,0.44912444984,2.84445484898,2.15205465548,2.13334113674,2.41404391789
A[C>T]T,1.88395692993,0.447040627441,0.542835047607,0.383177680664,0.255451787109,1.61786131836,1.22403981323,1.21339598877,1.37305335571
C[C>T]A,2.55464915564,0.606187935238,0.736085349931,0.519589658775,0.34639310585,2.19382300372,1.65980029886,1.64536725279,1.86186294394
C[C>T]C,2.63161486111,0.624450983992,0.758261909133,0.535243700565,0.35682913371,2.25991784683,1.70980626569,1.69493838512,1.91795659369
C[C>T]G,3.04698893535,0.723014323642,0.877945964422,0.619726563121,0.413151042081,2.61662326651,1.97968207664,1.96246744988,2.22068685118
C[C>T]T,3.08932258679,0.733059596866,0.890143796194,0.628336797314,0.418891198209,2.65297758866,2.00718699142,1.98973319149,2.25154019037
G[C>T]A,3.8372662354,0.910537750773,1.10565298308,0.780460929234,0.520307286156,3.29527947899,2.4931390795,2.47145960924,2.79665166309
G[C>T]C,6.65680420538,1.5795806589,1.91806222867,1.35392627906,0.902617519374,5.7165776227,4.32504228033,4.28743321703,4.85156916663
G[C>T]G,6.3752831954,1.51277906332,1.83694600546,1.29666776856,0.864445179038,5.47481946724,4.14213314956,4.10611460043,4.64639283733
G[C>T]T,4.96483592865,1.17809666104,1.43054594554,1.00979713803,0.673198092021,4.26358791613,3.2257408576,3.1976909371,3.61843974461
T[C>T]A,5.97030040381,1.41668145175,1.72025604855,1.21429838722,0.809532258143,5.12703763491,3.87900873694,3.84527822618,4.35123588752
T[C>T]C,3.26694641065,0.775207622865,0.941323542051,0.664463676742,0.442975784494,2.8055133018,2.1225923007,2.10413497635,2.38099484166
T[C>T]G,2.21332912959,0.525196742615,0.637738901746,0.450168636527,0.300112424351,1.90071202089,1.43803870002,1.42553401567,1.61310428089
T[C>T]T,3.67397658245,0.871791053462,1.05860342206,0.747249474396,0.498166316264,3.15505333634,2.3870469321,2.36629000226,2.67764394992
A[T>A]A,1.16158040883,0.275629249553,0.334692660172,0.236253642474,0.157502428316,0.997515379336,0.754699135682,0.748136534502,0.846575552199
A[T>A]C,1.20159464235,0.285124152421,0.346222185083,0.244392130647,0.162928087098,1.03187788495,0.78069708401,0.773908413715,0.875738468151
A[T>A]G,0.670405240041,0.159079209501,0.193167611537,0.136353608144,0.0909024054293,0.575715234386,0.435574026016,0.431786425789,0.488600429183
A[T>A]T,1.07262968108,0.254522297206,0.309062789464,0.218161969034,0.145441312689,0.921128313697,0.696906289968,0.690846235273,0.781747055704
C[T>A]A,1.48269480865,0.351825886798,0.427217148255,0.301565045827,0.201043363885,1.27327463794,0.963332785282,0.954955978453,1.08060808088
C[T>A]C,0.932937745228,0.22137505819,0.268812570659,0.189750049877,0.126500033251,0.801166877258,0.606145992662,0.600875157943,0.679937678725
C[T>A]G,0.913739963736,0.216819652412,0.2632810065,0.185845416353,0.123896944235,0.784680646824,0.593672857794,0.588510485118,0.665946075265
C[T>A]T,0.755785338255,0.179338893823,0.217768656785,0.153719051849,0.102479367899,0.649035996694,0.491046971183,0.48677699752,0.550826602457
G[T>A]A,0.684185900916,0.162349196827,0.197138310433,0.139156454423,0.0927709696157,0.587549474233,0.444527562742,0.440662105674,0.498643961684
G[T>A]C,0.666631887127,0.158183837623,0.192080374257,0.135586146534,0.0903907643562,0.572474840923,0.43312241254,0.429356130692,0.485850358414
G[T>A]G,0.47290854689,0.112215587398,0.136261784697,0.096184789198,0.0641231927986,0.406113554391,0.307256965494,0.304585165794,0.344662161293
G[T>A]T,0.761054047861,0.180589096103,0.219286759553,0.154790653802,0.103193769202,0.653560538276,0.494470144091,0.490170403707,0.554666509458
T[T>A]A,0.837470274242,0.19872175999,0.241304994273,0.170332937134,0.113555291423,0.719183512343,0.544119104734,0.539387634258,0.610359691397
T[T>A]C,0.734790855916,0.174357152251,0.211719399162,0.149448987644,0.0996326584292,0.631006836719,0.477406488307,0.473255127539,0.535525539057
T[T>A]G,0.398451377975,0.0945477846042,0.114808024162,0.0810409582322,0.0540273054881,0.342172934758,0.258880838797,0.256629701069,0.290396766999
T[T>A]T,0.762763561652,0.180994743443,0.219779331323,0.155138351522,0.103425567682,0.655028595317,0.495580845141,0.491271446488,0.555912426289
A[T>C]A,3.26366660076,0.774429362892,0.940378512083,0.663796596764,0.44253106451,2.80269674189,2.12046135078,2.10202255642,2.37860447174
A[T>C]C,1.83825876778,0.436196995744,0.529667780546,0.373883139209,0.249255426139,1.57861769888,1.19434891692,1.18396327416,1.3397479155
A[T>C]G,3.42449943182,0.812593085518,0.986720175271,0.696508359015,0.46433890601,2.9408130714,2.22495725797,2.20560980355,2.4958216198
A[T>C]T,2.49146155319,0.591194266859,0.717878752614,0.506737943022,0.337825295348,2.13956020387,1.61874620687,1.6046701529,1.81581096249
C[T>C]A,1.74702805759,0.414549030614,0.503380965746,0.355327740527,0.236885160351,1.50027268222,1.13507472668,1.12520451167,1.27325773689
C[T>C]C,1.72696851318,0.409789138722,0.497601097019,0.35124783319,0.234165222127,1.4830464068,1.12204168936,1.1122848051,1.25863806893
C[T>C]G,3.33639951601,0.791688020747,0.961335453764,0.678589732069,0.452393154713,2.86515664651,2.16771719966,2.14886748489,2.43161320658
C[T>C]T,1.57536317125,0.373814989788,0.453918201886,0.32041284839,0.213608565593,1.35285424876,1.02354104347,1.01464068657,1.14814604006
G[T>C]A,4.49872384783,1.0674937944,1.29624246463,0.914994680914,0.609996453943,3.86331087497,2.92289967514,2.89748315623,3.27873093994
G[T>C]C,3.27429925141,0.776952364742,0.943442157187,0.665959169779,0.443972779853,2.81182760573,2.12736957013,2.1088707043,2.38635369171
G[T>C]G,3.43106837255,0.814151817215,0.988612920904,0.697844414756,0.465229609837,2.94645419564,2.2292252138,2.20984064673,2.50060915288
G[T>C]T,3.23663678621,0.768015508592,0.932590260433,0.658299007364,0.43886600491,2.77948469776,2.10289960686,2.08461352332,2.35890477639
T[T>C]A,1.89254253393,0.449077889408,0.54530886571,0.384923905207,0.256615936805,1.62523426643,1.22961803052,1.21892569982,1.37931066032
T[T>C]C,2.28515542256,0.54224026976,0.65843461328,0.46477737408,0.30985158272,1.96239335723,1.48470550053,1.47179501792,1.66545225712
T[T>C]G,1.65681549698,0.393142660301,0.47738751608,0.336979423115,0.224652948743,1.42280200871,1.07646204606,1.06710150653,1.2075095995
T[T>C]T,1.54379853414,0.366325075898,0.444823306447,0.313992922198,0.209328614799,1.32574789373,1.00303294591,0.994310920294,1.12514130454
A[T>G]A,0.178725232734,0.042409377259,0.0514971009573,0.0363508947934,0.0242339298623,0.153481555794,0.116120913923,0.115111166846,0.13025737301
A[T>G]C,0.188022441854,0.0446154946771,0.0541759578222,0.0382418525804,0.0254945683869,0.161465599784,0.122161473521,0.121099199838,0.13703330508
A[T>G]G,0.42884464959,0.10175974736,0.123565407509,0.0872226405946,0.0581484270631,0.3682733714,0.278627879677,0.27620502855,0.312547795464
A[T>G]T,0.389267628283,0.092368589762,0.112161858997,0.0791730769389,0.0527820512926,0.334286324853,0.252913995777,0.25071474364,0.283703525698
C[T>G]A,0.0871630502752,0.0206827576924,0.0251147771979,0.0177280780221,0.0118187186814,0.0748518849821,0.0566313603483,0.0561389137366,0.0635256129124
C[T>G]C,0.558375175908,0.132495804453,0.16088776255,0.113567832388,0.0757118882587,0.479508625638,0.362786131239,0.359631469229,0.40695139939
C[T>G]G,0.891631928546,0.21157367796,0.256910894666,0.181348866823,0.120899244549,0.765695215475,0.579308880129,0.574271411606,0.649833439449
C[T>G]T,0.788560218853,0.187115984135,0.227212266449,0.160385129258,0.106923419506,0.677181656868,0.512341385131,0.507886242651,0.574713379842
G[T>G]A,0.116090499208,0.0275468981171,0.0334498048565,0.0236116269575,0.0157410846383,0.0996935360429,0.0754260305587,0.0747701520321,0.0846083299311
G[T>G]C,0.226590021315,0.0537671237019,0.0652886502094,0.0460861060302,0.0307240706868,0.194585781016,0.147219505374,0.145939335762,0.165141879941
G[T>G]G,0.837926103052,0.198829922758,0.241436334778,0.170425648078,0.113617098719,0.719574958553,0.544415264695,0.539681218915,0.610691905614
G[T>G]T,1.06245516705,0.25210800574,0.306131149827,0.216092576349,0.144061717566,0.912390877916,0.690295730002,0.684293158437,0.774331731916
T[T>G]A,0.219116668367,0.0519937857143,0.0631353112245,0.0445661020408,0.0297107346939,0.188167986395,0.142363937075,0.141125989796,0.15969519898
T[T>G]C,0.406485778957,0.096454252634,0.117123021056,0.0826750736863,0.0551167157908,0.349072533342,0.264100929831,0.261804400006,0.296252347376
T[T>G]G,0.346419950554,0.0822013441991,0.0998159179561,0.0704582950278,0.0469721966852,0.297490579006,0.225075109117,0.223117934255,0.252475557183
T[T>G]T,0.555985453466,0.13192875167,0.160199198456,0.113081787146,0.0753878580971,0.477456434615,0.361233486715,0.358092325961,0.405209737272
