,1,3,2,5,4,7,6,9,8
A[C>A]A,1.77213971603,0.302929865988,0.727031678371,0.86187672117,0.838407105176,0.817910638167,2.07506958202,0.590713238676,1.46286157593
A[C>A]C,1.39153899684,0.237869913989,0.570887793573,0.734387219181,0.532554893552,0.64224876777,1.62940891082,0.463846332278,1.04905800116
A[C>A]G,0.412164616137,0.0704554899379,0.169093175851,0.144865838704,0.114777509236,0.190229822832,0.482620106075,0.137388205379,0.226207071941
A[C>A]T,0.826844955007,0.14134101795,0.33921844308,0.596273134238,0.689433745238,0.381620748465,0.968185972956,0.275614985002,0.925425873527
C[C>A]A,1.42273467231,0.243202508087,0.583686019408,0.90206453459,1.09686222975,0.656646771834,1.66593718039,0.474244890769,1.73008592357
C[C>A]C,0.981388466612,0.167758712241,0.402620909379,0.90787890827,0.911269982947,0.452948523052,1.14914717885,0.327129488871,1.83253690983
C[C>A]G,0.456533060593,0.0780398394176,0.187295614602,0.260919419745,0.223788105709,0.210707566428,0.534572900011,0.152177686864,0.462594771246
C[C>A]T,1.70025423563,0.29064174968,0.697540199232,1.57400698737,1.75075380169,0.784732724136,1.99089598531,0.566751411876,2.18445966354
G[C>A]A,2.08256660007,0.35599429061,0.854386297463,0.82231714154,0.932474865506,0.961184584646,2.43856089068,0.694188866689,1.12358897562
G[C>A]C,1.88202225813,0.321713206517,0.772111695642,0.70918917653,0.61890445928,0.868625657597,2.20373546464,0.627340752709,0.967419812495
G[C>A]G,0.432441521892,0.0739216276738,0.177411906417,0.175304523597,0.222466811975,0.199588394719,0.506363149565,0.144147173964,0.226782447065
G[C>A]T,1.64083730408,0.280485009244,0.673164022185,0.74466742574,1.26920658156,0.757309524958,1.92132231332,0.546945768025,0.934094926994
T[C>A]A,0.946158864991,0.161736558118,0.388167739483,0.558769626188,1.18316119681,0.436688706919,1.10789542311,0.31538628833,1.51096214891
T[C>A]C,0.8726439215,0.149169901111,0.358007762667,0.53205113293,1.00610603617,0.402758733,1.02181382261,0.290881307167,1.56673900016
T[C>A]G,0.35068908718,0.0599468525094,0.143872446022,0.143583205893,0.285339544787,0.161856501775,0.410635939689,0.116896362393,0.378972466471
T[C>A]T,1.4281293355,0.244124672736,0.585899214566,0.88510136724,1.64038439423,0.659136616386,1.67225400824,0.476043111835,1.73908251744
A[C>G]A,0.316283019103,0.054065473351,0.129757136042,0.213862110946,0.352242784078,0.145976778048,0.370348492454,0.105427673034,0.622953873738
A[C>G]C,0.165459417573,0.0282836611236,0.0678807866967,0.118151448224,0.1979965829,0.0763658850338,0.193743078697,0.0551531391911,0.403573472849
A[C>G]G,0.0502576928598,0.00859105860851,0.0206185406604,0.0116355884243,0.0398629619415,0.023195858243,0.0588487514683,0.0167525642866,0.0704428754625
A[C>G]T,0.209847788292,0.035871416802,0.0860914003248,0.185997676168,0.412664162312,0.0968528253654,0.245719205094,0.0699492627639,0.664545174813
C[C>G]A,0.141871625266,0.0242515598744,0.0582037436987,0.140152166832,0.248939065471,0.065479211661,0.16612318514,0.0472905417552,0.338388918386
C[C>G]C,0.0843527967207,0.0144192814907,0.0346062755777,0.114719322987,0.247963396099,0.0389320600249,0.0987720782114,0.0281175989069,0.350051917793
C[C>G]G,0.0674687334084,0.0115331168219,0.0276794803727,0.0318697681695,0.10761579582,0.0311394154192,0.0790018502303,0.0224895778028,0.0758184066047
C[C>G]T,0.0941665200554,0.0160968410351,0.0386324184843,0.137436603579,0.357119731029,0.0434614707948,0.11026336109,0.0313888400185,0.393423005751
G[C>G]A,0.124839377743,0.0213400645714,0.0512161549713,0.079058718401,0.210628540521,0.0576181743428,0.146179442314,0.0416131259142,0.252790893826
G[C>G]C,0.180553200334,0.0308637949289,0.0740731078293,0.111116428302,0.153443530602,0.083332246308,0.211416995263,0.0601844001113,0.322942722513
G[C>G]G,0.0156974183779,0.00268331938084,0.00643996651402,0.0116758833253,0.0319248579604,0.00724496232827,0.0183807377588,0.00523247279264,0.0235243583038
G[C>G]T,0.2129385968,0.0363997601367,0.087359424328,0.149757182297,0.20229868868,0.098279352369,0.249338356936,0.0709795322665,0.260008103481
T[C>G]A,0.0822543293165,0.0140605691139,0.0337453658734,0.0839540484999,2.29072394868,0.0379635366076,0.0963148984305,0.0274181097722,0.60934176615
T[C>G]C,0.0779913397508,0.0133318529489,0.0319964470772,0.093707311508,0.738188133223,0.0359960029619,0.0913231926996,0.0259971132503,0.439622352039
T[C>G]G,0.0230099879223,0.00393333126877,0.00943999504506,0.0121657029025,0.0944756658628,0.0106199944257,0.0269433191911,0.00766999597411,0.0531893171712
T[C>G]T,0.188125607871,0.0321582235677,0.0771797365625,0.170379342698,3.23908483466,0.0868272036328,0.220283831439,0.062708535957,1.12267813788
A[C>T]A,2.03315823311,0.347548415917,0.834116198201,0.923201262326,1.53660880132,0.938380722976,2.38070664903,0.677719411038,3.64194536362
A[C>T]C,3.43579997751,0.587316235473,1.40955896513,0.551738279743,1.63023218316,1.58575383578,4.02311621299,1.14526665917,2.52351693604
A[C>T]G,2.99029093289,0.511160843228,1.22678602375,1.8655330236,1.74161192427,1.38013427672,3.50145177611,0.996763644295,10.0851457976
A[C>T]T,1.78323667585,0.304826782197,0.731584277273,0.601329930585,1.34097727451,0.823032311932,2.08806345805,0.594412225284,2.29250687458
C[C>T]A,3.12955121287,0.534966019294,1.28391844631,0.897979913182,2.31688632519,1.44440825209,3.66451723217,1.04318373762,4.17431152318
C[C>T]C,6.11223023029,1.04482568039,2.50758163294,0.756659814728,2.97065036832,2.82102933706,7.15705591068,2.03741007676,4.64108206789
C[C>T]G,2.72372684416,0.465594332335,1.1174263976,1.82682056324,1.39427030855,1.2571046973,3.18932117649,0.907908948053,6.82580068518
C[C>T]T,4.90986218225,0.839292680727,2.01430243374,0.866969238131,3.62861386754,2.26609023796,5.74915486298,1.63662072742,5.83320916597
G[C>T]A,3.01481232411,0.515352534036,1.23684608169,1.20728802719,2.31995924073,1.3914518419,3.53016485815,1.00493744137,4.54608564168
G[C>T]C,5.984656121,1.02301814034,2.45524353682,1.3942686011,4.18909330205,2.76214897892,7.00767426135,1.99488537367,6.04361393674
G[C>T]G,2.85036454942,0.48724180332,1.16938032797,2.19689817324,3.17781102444,1.31555286896,3.33760635274,0.950121516474,8.20758727768
G[C>T]T,3.89194856086,0.665290352284,1.59669684548,1.06114573991,3.61026005146,1.79628395117,4.55723891314,1.29731618695,5.31721724703
T[C>T]A,2.08750622076,0.356838670216,0.856412808517,0.936629340881,4.23089290895,0.963464409582,2.44434489098,0.69583540692,6.00895625048
T[C>T]C,3.03073032413,0.518073559681,1.24337654323,1.40606474173,2.38927975803,1.39879861114,3.54880388381,1.01024344138,3.60520096698
T[C>T]G,1.64759856045,0.281640779564,0.675937870953,1.2830590267,1.18374528606,0.760430104822,1.92923934001,0.54919952015,4.82128621971
T[C>T]T,2.29987804203,0.393141545646,0.943539709551,0.866853446411,2.95153170287,1.06148217324,2.69301958768,0.76662601401,4.2046618097
A[T>A]A,0.341183442333,0.0583219559544,0.139972694291,0.59471224811,0.322146342699,0.157469281077,0.399505398288,0.113727814111,1.06391931284
A[T>A]C,0.470938106004,0.0805022403426,0.193205376822,0.37877998708,0.520672230109,0.217356048925,0.551440346347,0.156979368668,0.90590282746
A[T>A]G,0.383201931508,0.0655046036766,0.157211048824,0.727291731856,0.383259749868,0.176862429927,0.448706535185,0.127733977169,1.16106629666
A[T>A]T,0.592677240823,0.101312348859,0.243149637261,0.558895501228,0.543129086314,0.273543341918,0.693989589681,0.197559080274,1.21410677118
C[T>A]A,0.312075619346,0.0533462597172,0.128031023321,0.836416199499,0.281803881515,0.144034901236,0.365421879063,0.104025206449,0.911908711702
C[T>A]C,0.644487780361,0.110168851344,0.264405243225,0.823659659119,0.948338716242,0.297455898628,0.754656631704,0.21482926012,1.33162139045
C[T>A]G,0.698924723047,0.119474311632,0.286738347917,1.98782564709,0.691542681821,0.322580641406,0.818399034679,0.232974907682,1.97339141247
C[T>A]T,1.0518044766,0.179795637026,0.431509528862,1.19547575874,1.13533723554,0.48544821997,1.23160011363,0.3506014922,1.37495474484
G[T>A]A,0.218658003092,0.0373774364259,0.0897058474222,0.569068965218,0.175819985449,0.10091907835,0.256035439518,0.0728860010306,0.647889984893
G[T>A]C,0.28908661561,0.0494165154889,0.118599637173,0.269657904119,0.30622249745,0.13342459182,0.338503131099,0.0963622052034,0.489485741003
G[T>A]G,0.289335367849,0.0494590372392,0.118701689374,0.607406224404,0.335272766748,0.133539400546,0.338794405089,0.0964451226165,0.706693296971
G[T>A]T,0.303636762277,0.0519037200474,0.124568928114,0.388886329617,0.355561052496,0.140140044128,0.355540482325,0.101212254092,0.617543149925
T[T>A]A,0.379230714028,0.0648257630818,0.155581831396,0.544611493417,0.323420345147,0.175029560321,0.44405647711,0.126410238009,1.10768897151
T[T>A]C,0.353659043456,0.0604545373429,0.145090889623,0.423932644886,0.533754871569,0.163227250826,0.414113580799,0.117886347819,1.32463358664
T[T>A]G,0.318806268618,0.0544967980544,0.13079231533,0.661333550425,0.307435371068,0.147141354747,0.373303066672,0.106268756206,0.963421899629
T[T>A]T,0.428854917583,0.0733085329201,0.175940479008,0.59678213313,0.669462207321,0.197933038884,0.502163450503,0.142951639194,1.28846509923
A[T>C]A,0.914646973293,0.156349909965,0.375239783915,0.780722004579,2.3413105251,0.422144756905,1.07099688326,0.304882324431,4.68933846857
A[T>C]C,0.758167806023,0.129601334363,0.311043202471,0.443067540405,1.05307801598,0.34992360278,0.887769140386,0.252722602008,2.77395638904
A[T>C]G,1.15083094579,0.196723238596,0.47213577263,0.869350521564,1.74130748538,0.531152744209,1.34755418438,0.383610315262,4.67612707806
A[T>C]T,0.714279551648,0.122099068658,0.293037764779,0.544045868905,1.7257736368,0.329667485376,0.836378620306,0.238093183883,2.82641295518
C[T>C]A,0.685572625702,0.117191901829,0.28126056439,0.418223182803,1.17875872278,0.316418134939,0.802764527531,0.228524208567,2.70402439909
C[T>C]C,1.481331297,0.253219025129,0.607725660308,0.807844185857,2.19782713591,0.683691367847,1.73455032213,0.493777099001,3.42741902951
C[T>C]G,1.64743242222,0.281612379866,0.675869711678,1.10708249035,2.29644129661,0.760353425638,1.92904480208,0.549144140739,4.07670329734
C[T>C]T,2.7555768009,0.471038769384,1.13049304652,1.46357543138,3.04742773673,1.27180467734,3.22661557028,0.918525600298,3.76911682375
G[T>C]A,1.39721646011,0.238840420532,0.573217009277,0.632563878643,1.2686482999,0.644869135437,1.63605688065,0.465738820038,4.70100364893
G[T>C]C,1.08906721381,0.186165335694,0.446796805666,0.433369496012,1.36990335504,0.502646406375,1.27523254951,0.363022404604,2.5683284838
G[T>C]G,1.1408987838,0.195025433129,0.468061039509,0.580571151076,1.19233710378,0.526568669447,1.33592421693,0.380299594601,3.41534742156
G[T>C]T,1.36832789918,0.233902204988,0.561365291972,0.571465726713,1.11220090531,0.631535953468,1.60223010417,0.456109299727,3.61892751085
T[T>C]A,0.817517225479,0.13974653427,0.335391682248,0.467939383984,1.05591101098,0.377315642529,0.957263759749,0.272505741826,4.02158951595
T[T>C]C,0.998947855271,0.17076031714,0.409824761137,0.442148074577,1.45590179065,0.461052856279,1.16970817241,0.332982618424,2.83042204327
T[T>C]G,0.70614596807,0.120708712491,0.289700909978,0.432333397028,1.04338036238,0.325913523725,0.826854680561,0.235381989357,2.93052471284
T[T>C]T,0.824121928879,0.140875543398,0.338101304155,0.427266527183,1.07623017607,0.380363967175,0.964997472277,0.274707309626,3.08906512156
A[T>G]A,0.323051036002,0.0552223993166,0.13253375836,0.0803488620293,0.227994103408,0.149100478155,0.378273435318,0.107683678667,0.239171308174
A[T>G]C,0.350112435008,0.0598482794885,0.143635870773,0.126449148612,0.473681573581,0.161590354619,0.409960714497,0.116704145003,0.269062593421
A[T>G]G,0.316409519768,0.0540870973963,0.129809033751,0.177640432482,0.358031647952,0.14603516297,0.370496617164,0.105469839923,0.343818957635
A[T>G]T,1.52704321209,0.261033027707,0.626479266497,0.483907519606,2.07536836827,0.70478917481,1.78807623979,0.509014404029,0.764346291948
C[T>G]A,0.279006389522,0.0476933999183,0.114464159804,0.0514760181924,0.153090136504,0.128772179779,0.32669978944,0.0930021298407,0.141759051341
C[T>G]C,0.825967249448,0.141190982812,0.338858358748,0.36554591352,1.14748672863,0.381215653592,0.96715823226,0.275322416483,0.741684586196
C[T>G]G,0.708307696071,0.121078238645,0.290587772747,0.408240989816,0.835647553876,0.326911244341,0.829385934716,0.236102565357,0.741166262195
C[T>G]T,7.12779391192,1.21842630973,2.92422314335,3.13414716412,7.58015511385,3.28975103627,8.34622022165,2.37593130397,3.35145037809
G[T>G]A,0.0787617391611,0.0134635451557,0.0323125083738,0.0205441866618,0.0165410661678,0.0363515719205,0.0922252843169,0.0262539130537,0.0348039993302
G[T>G]C,0.246399319103,0.0421195417271,0.101086900145,0.13498560103,0.300074238069,0.113722762663,0.28851886083,0.0821331063678,0.157952563163
G[T>G]G,0.317784064671,0.0543220623369,0.130372949609,0.194849925955,0.353274452597,0.14666956831,0.372106127008,0.105928021557,0.384718735865
G[T>G]T,1.97911424768,0.338310127809,0.811944306742,0.861851898824,2.14592333959,0.913437345085,2.31742437549,0.659704749228,1.0409895181
T[T>G]A,0.481632688795,0.0823303741529,0.197592897967,0.0710293884403,0.334334459017,0.222292010213,0.563963062948,0.160544229598,0.352623229168
T[T>G]C,0.549021649072,0.0938498545423,0.225239650901,0.202117929138,0.830304808184,0.253394607264,0.642871503615,0.183007216357,0.468436742014
T[T>G]G,0.370890145037,0.0634000247927,0.152160059502,0.189853165315,0.442575876637,0.17118006694,0.43429016983,0.123630048346,0.366003904028
T[T>G]T,3.43250587144,0.586753140418,1.408207537,1.04937222838,4.88241168207,1.58423347913,4.01925901186,1.14416862381,1.30471663585
