,1,3,2,5,4,7,6,9,8
A[C>A]A,0.214679708195,0.908260303902,0.88073726439,2.07705323636,0.352294905756,1.96685707543,0.616516085073,0.875232656488,0.363304121561
A[C>A]C,0.186637978876,0.789622218321,0.765694272312,1.22054262072,0.306277708925,1.6073744741,0.535985990618,0.76090868311,0.315848887329
A[C>A]G,0.0585970521989,0.247910605457,0.240398162867,0.908793800407,0.096159265147,0.750099430282,0.168278714007,0.238895674349,0.0991642421828
A[C>A]T,0.318328100823,1.34677273425,1.30596143927,1.54489244449,0.52238457571,1.2091955513,0.914173007492,1.29779918028,0.538709093701
C[C>A]A,0.361106746416,1.52775931176,1.48146357504,3.98147097623,0.592585430016,2.20154936823,1.03702450253,1.4722044277,0.611103724704
C[C>A]C,0.298156761363,1.26143245192,1.2232072261,2.04140611923,0.489282890441,2.45133421983,0.856245058272,1.21556218094,0.504572980767
C[C>A]G,0.0816228915381,0.345327618046,0.334863144772,1.23835420818,0.133945257909,0.433550089448,0.23440420134,0.332770250117,0.138131047218
C[C>A]T,1.13190109293,4.78881231624,4.64369679151,2.08579988712,1.8574787166,2.03217345039,3.25058775406,4.61467368656,1.9155249265
G[C>A]A,0.231907638686,0.981147702133,0.951415953583,3.92996110212,0.380566381433,1.955947562,0.665991167508,0.945469603873,0.392459080853
G[C>A]C,0.386341742677,1.63452275748,1.58499176483,5.06958169714,0.633996705932,2.0026408292,1.10949423538,1.5750855663,0.653809102992
G[C>A]G,0.10013804307,0.423660951451,0.410822740801,2.05350321679,0.16432909632,0.891770100311,0.28757591856,0.408255098671,0.16946438058
G[C>A]T,0.663840075497,2.80855416557,2.72344646358,3.44704890101,1.08937858543,1.4540119478,1.9064125245,2.70642492318,1.12342166623
T[C>A]A,0.26965358915,1.14084210794,1.10627113497,2.43742623888,0.44250845399,1.84162772424,0.774389794482,1.09935694038,0.456336843177
T[C>A]C,0.384816006856,1.62806772131,1.57873233582,3.35669213015,0.631492934328,2.32937690633,1.10511263507,1.56886525872,0.651227088525
T[C>A]G,0.041790059323,0.176804097136,0.171446397222,0.767727627285,0.068578558889,0.472661317511,0.120012478056,0.17037485724,0.0707216388543
T[C>A]T,0.610856964233,2.58439484868,2.50607985326,3.16637712765,1.00243194131,2.97210408512,1.75425589728,2.49041685418,1.03375793947
A[C>G]A,0.155763357144,0.658998818687,0.639029157515,0.714156472751,0.255611663006,0.623047802641,0.44732041026,0.63503522528,0.263599527475
A[C>G]C,0.0842567769795,0.356470979529,0.345668828634,0.47748364994,0.138267531454,0.31653128194,0.241968180044,0.343508398455,0.142588391811
A[C>G]G,0.019820738171,0.0838569691849,0.0813158489066,0.07979682239,0.0325263395626,0.139224577059,0.0569210942346,0.0808076248509,0.033542787674
A[C>G]T,0.139253744491,0.58915045746,0.571297413295,0.439051338669,0.228518965318,0.43946272427,0.399908189306,0.567726804462,0.235660182984
C[C>G]A,0.123714630661,0.523408052797,0.507547202712,0.64116736792,0.203018881085,0.538261788966,0.355283041899,0.504375032696,0.209363221119
C[C>G]C,0.106834724161,0.451993063758,0.43829630425,0.820110296699,0.1753185217,0.474530090894,0.306807412975,0.435556952349,0.180797225503
C[C>G]G,0.0230223179377,0.0974021143517,0.0944505351289,0.141670429092,0.0377802140516,0.26353908992,0.0661153745902,0.0938602192843,0.0389608457407
C[C>G]T,0.140185189982,0.593091188387,0.575118728133,0.615974515792,0.230047491253,0.548046343574,0.402583109693,0.571524236082,0.237236475355
G[C>G]A,0.080914436537,0.342330308426,0.331956662716,0.350534880822,0.132782665086,0.349964433826,0.232369663901,0.329881933574,0.13693212337
G[C>G]C,0.0879736435924,0.372196184429,0.360917512174,0.571253570122,0.14436700487,0.441784818449,0.252642258522,0.358661777723,0.148878473772
G[C>G]G,0.0191692746051,0.0811007771754,0.0786431778671,0.257869977492,0.0314572711468,0.221204587587,0.0550502245069,0.0781516580054,0.0324403108702
G[C>G]T,0.0953314795816,0.403325490538,0.391103505976,0.223628694717,0.15644140239,0.399912193649,0.273772454183,0.388659109063,0.161330196215
T[C>G]A,0.4677634315,1.97899913327,1.91902946256,0.504033025175,0.767611785026,0.880673976648,1.34332062379,1.90703552842,0.791599653308
T[C>G]C,0.206412235497,0.873282534794,0.846819427679,0.510847817995,0.338727771072,0.624212954629,0.592773599375,0.841526806256,0.349313013917
T[C>G]G,0.0280365163736,0.118616030811,0.115021605635,0.109025536675,0.0460086422541,0.15267267858,0.0805151239446,0.1143027206,0.0474464123245
T[C>G]T,0.630649452339,2.66813229836,2.58727980447,0.525009390255,1.03491192179,1.37507243231,1.81109586313,2.57110930569,1.06725291934
A[C>T]A,0.564466799763,2.38812876823,2.3157612298,2.25739789532,0.926304491919,0.892593458948,1.62103286086,2.30128772211,0.955251507291
A[C>T]C,1.06063532216,4.48730328606,4.3513243986,4.36705253956,1.74052975944,0.797609233715,3.04592707902,4.32412862111,1.79492131442
A[C>T]G,0.711448535148,3.00997457178,2.91876322112,2.01896763335,1.16750528845,0.747604311235,2.04313425478,2.90052095099,1.20398982871
A[C>T]T,0.743907468938,3.14730083012,3.05192807769,2.37903835658,1.22077123108,0.58083183956,2.13634965439,3.03285352721,1.25892033205
C[C>T]A,0.528673985271,2.23669762999,2.16891891393,3.93864787496,0.867567565573,1.39825508926,1.51824323975,2.15536317072,0.894679051997
C[C>T]C,1.26703165091,5.36051852308,5.19807856784,8.6768036447,2.07923142713,1.38142112139,3.63865499749,5.16559057679,2.14420740923
C[C>T]G,0.51092893294,2.16162240859,2.09611869924,2.10959674592,0.838447479696,0.849117862559,1.46728308947,2.08301795737,0.864648963436
C[C>T]T,0.984775115386,4.1663562574,4.04010303748,7.80663336768,1.61604121499,1.56981762592,2.82807212624,4.0148523935,1.66654250296
G[C>T]A,0.870169550879,3.68148656141,3.56992636258,4.4402837297,1.42797054503,0.912894657737,2.49894845381,3.54761432282,1.47259462457
G[C>T]C,1.57924582569,6.68142464715,6.4789572336,8.90159838957,2.59158289344,1.28198686751,4.53527006352,6.43846375089,2.67256985886
G[C>T]G,1.16368033357,4.92326294972,4.77407316337,2.4499793657,1.90962926535,0.455357011233,3.34185121436,4.7442352061,1.96930517989
G[C>T]T,1.17066328461,4.95280620413,4.80272116765,6.63421580251,1.92108846706,1.03109437578,3.36190481735,4.77270416035,1.98112248165
T[C>T]A,0.642904128792,2.71997900643,2.63755540017,3.07023264908,1.05502216007,3.14910845368,1.84628878012,2.62107067892,1.08799160257
T[C>T]C,1.25604742741,5.31404680829,5.15301508682,4.27627328755,2.06120603473,1.22079141669,3.60711056078,5.12080874253,2.12561872331
T[C>T]G,0.304350981932,1.28763876971,1.24861941305,1.04282015296,0.499447765221,1.26876657105,0.874033589137,1.24081554172,0.515055507884
T[C>T]T,0.858555436907,3.63234992538,3.52227871552,2.52413225421,1.40891148621,2.22495617026,2.46559510086,3.50026447354,1.45293997015
A[T>A]A,0.209543780938,0.886531380891,0.859666793591,0.83220914492,0.343866717436,0.776806904184,0.601766755514,0.854293876131,0.354612552356
A[T>A]C,0.264848762801,1.12051399647,1.08655902688,0.798847001549,0.43462361075,0.560870654497,0.760591318813,1.07976803296,0.448205598586
A[T>A]G,0.134534591984,0.569184812241,0.551936787628,1.13713328162,0.220774715051,0.968346672774,0.386355751339,0.548487182705,0.227673924896
A[T>A]T,0.188278079846,0.796561107039,0.772422891674,0.545622343015,0.30896915667,0.514740929516,0.540696024172,0.767595248601,0.318624442816
C[T>A]A,0.205101637579,0.867737697448,0.841442615707,0.990948540455,0.336577046283,1.03266751847,0.589009830995,0.836183599359,0.347095078979
C[T>A]C,0.226532654632,0.958407384981,0.929364736951,0.862376935657,0.37174589478,0.97385161158,0.650555315866,0.923556207345,0.383362953992
C[T>A]G,0.387748928478,1.64047623587,1.59076483478,2.27748776396,0.636305933912,2.96886824804,1.11353538435,1.58082255456,0.656190494347
C[T>A]T,0.24798438233,1.04916469447,1.01737182495,0.834937301663,0.406948729978,1.13465941091,0.712160277462,1.01101325104,0.41966587779
G[T>A]A,0.178857938948,0.756706664779,0.733776159786,0.66346377417,0.293510463914,0.790621022139,0.51364331185,0.729190058787,0.302682665912
G[T>A]C,0.154670912127,0.65437693592,0.634547331801,0.6304059025,0.253818932721,0.426413351886,0.444183132261,0.630581410978,0.261750774368
G[T>A]G,0.186708693156,0.789921394121,0.765984382178,0.604424498437,0.306393752871,1.02678951795,0.536189067525,0.76119697979,0.315968557649
G[T>A]T,0.142717312369,0.60380401387,0.58550692254,0.379791656698,0.234202769016,0.413278953876,0.409854845778,0.581847504275,0.241521605548
T[T>A]A,0.168316726102,0.712109225818,0.690530158369,0.726686353495,0.276212063347,0.731416921562,0.483371110858,0.686214344879,0.284843690327
T[T>A]C,0.183364294917,0.775772016956,0.752263774018,0.856666711227,0.300905509607,0.487383907089,0.526584641812,0.74756212543,0.310308806782
T[T>A]G,0.142950619398,0.60479108207,0.586464079583,1.27104451442,0.234585631833,0.936082825628,0.410524855708,0.582798679086,0.241916432828
T[T>A]T,0.174488907633,0.738222301525,0.715851928752,0.535140779698,0.286340771501,0.581649661812,0.501096350126,0.711377854197,0.29528892061
A[T>C]A,0.96789036801,4.09492078773,3.97083227901,1.59648311266,1.58833291161,1.25401900719,2.77958259531,3.94601457727,1.63796831509
A[T>C]C,0.534791552687,2.26257964598,2.19401662641,0.758018172821,0.877606650563,0.468153984666,1.53581163849,2.18030402249,0.905031858394
A[T>C]G,0.905824276259,3.83233347648,3.71620215901,1.3051143261,1.48648086361,0.949177391706,2.60134151131,3.69297589552,1.53293339059
A[T>C]T,0.697826909559,2.95234461737,2.86287962896,1.32974179854,1.14515185158,0.845546738222,2.00401574027,2.84498663128,1.18093784695
C[T>C]A,0.624981567148,2.64415278409,2.56402694215,0.860264387786,1.02561077686,0.588588567145,1.7948188595,2.54800177376,1.05766111364
C[T>C]C,0.509019740586,2.15354505632,2.08828611522,0.797700550908,0.835314446089,0.468221125267,1.46180028066,2.075234327,0.86141802253
C[T>C]G,0.786099526074,3.32580568724,3.22502369671,0.855420522634,1.29000947869,0.816007999263,2.2575165877,3.20486729861,1.33032227489
C[T>C]T,0.484043866859,2.04787789825,1.98582099224,0.922018019421,0.794328396897,0.74165750669,1.39007469457,1.97340961104,0.8191511593
G[T>C]A,1.55840121723,6.59323591906,6.39344089121,2.95794127929,2.55737635648,1.4960369286,4.47540862385,6.35348188564,2.63729436762
G[T>C]C,0.788714227775,3.33686788674,3.23575067805,1.8749478112,1.29430027122,0.735954424795,2.26502547464,3.21552723631,1.3347471547
G[T>C]G,0.84947986545,3.5939532769,3.48504560185,2.05067311247,1.39401824074,1.00807374627,2.43953192129,3.46326406683,1.43758131076
G[T>C]T,0.997838745802,4.22162546301,4.09369741868,2.50242391412,1.63747896747,1.11842947701,2.86558819307,4.06811180981,1.6886501852
T[T>C]A,0.628829862529,2.66043403378,2.57981482063,1.22618525763,1.03192592825,0.773160703204,1.80587037444,2.563690978,1.06417361351
T[T>C]C,0.670702306868,2.8375866829,2.75159920766,1.12770657935,1.10063968307,0.579441297846,1.92611944536,2.73440171262,1.13503467316
T[T>C]G,0.412709072904,1.7460768469,1.6931654273,0.864489381596,0.677266170919,0.515684771406,1.18521579911,1.68258314338,0.698430738761
T[T>C]T,0.549966097774,2.32677964443,2.25627117036,0.976077616557,0.902508468142,0.700792181938,1.57938981925,2.24216947554,0.930711857772
A[T>G]A,0.0839133149369,0.355017870887,0.344259753587,0.287155386513,0.137703901435,0.265717677928,0.240981827511,0.342108130127,0.142007148355
A[T>G]C,0.0357958548305,0.151444001206,0.146854789048,0.197264077324,0.0587419156193,0.0968212249015,0.102798352334,0.145936946617,0.0605776004824
A[T>G]G,0.0835345292922,0.353415316236,0.342705761199,0.230929394389,0.13708230448,0.230482964415,0.239894032839,0.340563850191,0.141366126494
A[T>G]T,0.123193495481,0.521203250114,0.505409212231,0.335118497935,0.202163684893,0.251444399013,0.353786448562,0.502250404655,0.208481300045
C[T>G]A,0.048464494423,0.20504209179,0.198828695069,0.181611857151,0.0795314780275,0.16276855828,0.139180086548,0.197586015725,0.0820168367159
C[T>G]C,0.11420300398,0.483166555301,0.468525144535,0.278629807002,0.187410057814,0.178937544461,0.327967601174,0.465596862381,0.193266622121
C[T>G]G,0.170364558096,0.720773130407,0.698931520394,0.313455091837,0.279572608158,0.420196113288,0.489252064276,0.694563198392,0.288309252163
C[T>G]T,0.285045230942,1.20596059245,1.16941633207,0.707449377237,0.467766532828,0.599732148867,0.818591432449,1.16210747999,0.482384236979
G[T>G]A,0.0395501831254,0.167327697838,0.16225716154,0.088947620437,0.064902864616,0.0895174996518,0.113580013078,0.16124305428,0.0669310791352
G[T>G]C,0.059026955373,0.249729426578,0.242161868197,0.0848245530081,0.0968647472787,0.0555384498588,0.169513307738,0.240648356521,0.0998917706312
G[T>G]G,0.11518946616,0.487340049141,0.472572168864,0.416942354764,0.189028867545,0.268483755908,0.330800518204,0.469618592808,0.194936019656
G[T>G]T,0.202133259701,0.855179175657,0.829264655183,0.337477569148,0.331705862073,0.24076491903,0.580485258628,0.824081751088,0.342071670263
T[T>G]A,0.114733824843,0.485412335874,0.47070287115,0.437303936837,0.18828114846,0.394620129196,0.329492009805,0.467760978205,0.194164934349
T[T>G]C,0.0833604284456,0.352678735731,0.341991501315,0.213368538,0.136796600526,0.167454375784,0.239394050921,0.339854054432,0.141071494293
T[T>G]G,0.0993791646734,0.42045031208,0.407709393532,0.268263132472,0.163083757413,0.306183457624,0.285396575472,0.405161209822,0.168180124832
T[T>G]T,0.211383627259,0.894315346097,0.867214881063,0.466947649777,0.346885952425,0.765320845606,0.607050416744,0.861794788057,0.357726138439
