,1,3,2,5,4,7,6,9,8
A[C>A]A,0.330200063307,0.465281907387,0.175106094178,0.995603221183,0.83050318953,0.660400126614,0.415251594765,0.495300094961,0.415251594765
A[C>A]C,0.282049990499,0.397434077521,0.149571964659,0.850423456201,0.709398460952,0.564099980998,0.354699230476,0.423074985748,0.354699230476
A[C>A]G,0.0775023335991,0.109207833708,0.0410997223631,0.233681278579,0.194930111779,0.155004667198,0.0974650558897,0.116253500399,0.0974650558897
A[C>A]T,0.23170414707,0.326492207235,0.122873411325,0.698623110105,0.58277103657,0.46340829414,0.291385518285,0.347556220605,0.291385518285
C[C>A]A,0.605735909956,0.853536964029,0.321223588613,1.82638554669,1.52351759171,1.21147181991,0.761758795854,0.908603864934,0.761758795854
C[C>A]C,0.907155939655,1.2782651877,0.481067543756,2.73521260593,2.2816346361,1.81431187931,1.14081731805,1.36073390948,1.14081731805
C[C>A]G,0.271109639368,0.382018128201,0.143770263301,0.817436639914,0.681881820229,0.542219278737,0.340940910115,0.406664459053,0.340940910115
C[C>A]T,2.2410761599,3.15788004349,1.18844947873,6.75718417909,5.63664609914,4.4821523198,2.81832304957,3.36161423985,2.81832304957
G[C>A]A,0.294942335898,0.41560056422,0.156408814492,0.889295830966,0.741824663017,0.589884671797,0.370912331509,0.442413503848,0.370912331509
G[C>A]C,0.338944636972,0.477603806642,0.179743368091,1.02196943572,0.852497117233,0.677889273944,0.426248558616,0.508416955458,0.426248558616
G[C>A]G,0.137788302981,0.19415624511,0.0730695546111,0.415452610503,0.346558459013,0.275576605962,0.173279229506,0.206682454471,0.173279229506
G[C>A]T,0.468218522684,0.659762463782,0.248297701424,1.41174978809,1.17764052675,0.936437045369,0.588820263376,0.702327784026,0.588820263376
T[C>A]A,0.625999258781,0.882089864646,0.331969303899,1.8874826136,1.57448298421,1.25199851756,0.787241492103,0.938998888171,0.787241492103
T[C>A]C,0.449001961792,0.632684582526,0.23810710095,1.3538089454,1.12930796451,0.898003923585,0.564653982254,0.673502942688,0.564653982254
T[C>A]G,0.100676265939,0.141862011096,0.0533889289071,0.303554195786,0.253216062817,0.201352531878,0.126608031408,0.151014398909,0.126608031408
T[C>A]T,1.52657999387,2.15108999136,0.809549996747,4.6028699815,3.83957998457,3.05315998773,1.91978999229,2.2898699908,1.91978999229
A[C>G]A,0.127736457093,0.17999228045,0.0677390302767,0.385144772145,0.321276543598,0.255472914187,0.160638271799,0.19160468564,0.160638271799
A[C>G]C,0.0991760999289,0.139748140809,0.052593386326,0.299030967968,0.249442918003,0.198352199858,0.124721459002,0.148764149893,0.124721459002
A[C>G]G,0.0144336256262,0.0203382906551,0.00765419540782,0.0435195681759,0.0363027553628,0.0288672512524,0.0181513776814,0.0216504384393,0.0181513776814
A[C>G]T,0.142242375149,0.200432437711,0.0754315625792,0.428882312951,0.357761125376,0.284484750299,0.178880562688,0.213363562724,0.178880562688
C[C>G]A,0.0851918106958,0.12004300598,0.045177475369,0.256866217098,0.21427031175,0.170383621392,0.107135155875,0.127787716044,0.107135155875
C[C>G]C,0.0779429264956,0.109828669153,0.0413333701113,0.235009732918,0.196038269671,0.155885852991,0.0980191348353,0.116914389743,0.0980191348353
C[C>G]G,0.0246820194077,0.0347792091654,0.0130889496859,0.0744200282142,0.0620790185103,0.0493640388154,0.0310395092552,0.0370230291116,0.0310395092552
C[C>G]T,0.10984146034,0.154776603206,0.058249259271,0.331188645569,0.2762679154,0.219682920679,0.1381339577,0.164762190509,0.1381339577
G[C>G]A,0.0785725874216,0.110715918639,0.0416672812084,0.236908256013,0.197621962303,0.157145174843,0.0988109811514,0.117858881132,0.0988109811514
G[C>G]C,0.0930233195017,0.131078313843,0.0493305482206,0.28047940274,0.233967742989,0.186046639003,0.116983871495,0.139534979253,0.116983871495
G[C>G]G,0.0164642709246,0.0231996544847,0.00873105276306,0.0496422714243,0.0414101359619,0.0329285418493,0.020705067981,0.0246964063869,0.020705067981
G[C>G]T,0.0823695219711,0.116066144596,0.0436808071059,0.248356588974,0.207171827988,0.164739043942,0.103585913994,0.123554282957,0.103585913994
T[C>G]A,1.59161892973,2.24273576462,0.844040341525,4.79897222753,4.00316276266,3.18323785946,2.00158138133,2.3874283946,2.00158138133
T[C>G]C,0.421079380365,0.593339126878,0.223299671406,1.26961813171,1.05907844152,0.84215876073,0.529539220762,0.631619070548,0.529539220762
T[C>G]G,0.0595992973063,0.0839808280225,0.0316056879655,0.179700911575,0.149901262922,0.119198594613,0.0749506314609,0.0893989459594,0.0749506314609
T[C>G]T,2.02344459646,2.85121738593,1.07303880116,6.10099204086,5.08926974262,4.04688919293,2.54463487131,3.0351668947,2.54463487131
A[C>T]A,1.06541156627,1.50126175248,0.564990982115,3.21237729831,2.67967151518,2.13082313255,1.33983575759,1.59811734941,1.33983575759
A[C>T]C,1.74441517266,2.45803956147,0.925068652166,5.25967605089,4.38746846456,3.48883034531,2.19373423228,2.61662275898,2.19373423228
A[C>T]G,1.49464162207,2.10608592201,0.792612981401,4.50657095139,3.75925014036,2.98928324414,1.87962507018,2.2419624331,1.87962507018
A[C>T]T,1.13977020017,1.60603982751,0.604423591,3.43657984597,2.86669474588,2.27954040034,1.43334737294,1.70965530026,1.43334737294
C[C>T]A,1.3116338231,1.84821129618,0.695563391037,3.95477470904,3.29895779749,2.6232676462,1.64947889875,1.96745073465,1.64947889875
C[C>T]C,3.03016431402,4.26977698794,1.60690531804,9.13640452257,7.62132236556,6.06032862804,3.81066118278,4.54524647103,3.81066118278
C[C>T]G,1.41205358307,1.98971186705,0.748816294052,4.25755550046,3.55152870893,2.82410716614,1.77576435447,2.1180803746,1.77576435447
C[C>T]T,2.70420122876,3.8104653678,1.43404610616,8.15357643217,6.80147581779,5.40840245752,3.40073790889,4.05630184314,3.40073790889
G[C>T]A,1.93013364512,2.71973377267,1.0235557209,5.81964538454,4.85457856198,3.86026729025,2.42728928099,2.89520046769,2.42728928099
G[C>T]C,3.45736374497,4.87173982246,1.83345047082,10.4244755341,8.69579366159,6.91472748994,4.3478968308,5.18604561746,4.3478968308
G[C>T]G,1.02268409346,1.44105485897,0.542332473805,3.08354749392,2.57220544719,2.04536818692,1.2861027236,1.53402614019,1.2861027236
G[C>T]T,2.81694476113,3.96933125432,1.49383434302,8.49351526462,7.08504288405,5.63388952226,3.54252144203,4.22541714169,3.54252144203
T[C>T]A,1.86186024064,2.62353033909,0.987350127613,5.61379072557,4.68286060525,3.72372048128,2.34143030263,2.79279036096,2.34143030263
T[C>T]C,1.50529695413,2.12110025355,0.79826353628,4.53869839199,3.78604991493,3.01059390826,1.89302495747,2.25794543119,1.89302495747
T[C>T]G,1.51114448576,2.12933995721,0.801364500026,4.55632958586,3.80075734298,3.02228897153,1.90037867149,2.26671672864,1.90037867149
T[C>T]T,1.44477562921,2.03582020479,0.766168894276,4.35621742745,3.63382961285,2.88955125841,1.81691480642,2.16716344381,1.81691480642
A[T>A]A,0.161413172457,0.227445833917,0.085597894485,0.4866851715,0.405978585272,0.322826344915,0.202989292636,0.242119758686,0.202989292636
A[T>A]C,0.320070060397,0.451007812378,0.169734122938,0.965059727562,0.805024697363,0.640140120795,0.402512348681,0.480105090596,0.402512348681
A[T>A]G,0.142034771689,0.200139905562,0.0753214698351,0.428256357063,0.357238971218,0.284069543378,0.178619485609,0.213052157534,0.178619485609
A[T>A]T,0.256650471625,0.361643846381,0.136102522831,0.773840058384,0.645514822572,0.51330094325,0.322757411286,0.384975707438,0.322757411286
C[T>A]A,0.185542994167,0.261446946327,0.0983940120584,0.559440239989,0.466668742906,0.371085988335,0.233334371453,0.278314491251,0.233334371453
C[T>A]C,0.238050772879,0.335435179966,0.126239046224,0.717759148529,0.598733762089,0.476101545758,0.299366881045,0.357076159318,0.299366881045
C[T>A]G,0.329697356588,0.464573547919,0.174839507281,0.994087484257,0.829238805963,0.659394713175,0.414619402982,0.494546034882,0.414619402982
C[T>A]T,0.171235699137,0.241286666966,0.0908068101484,0.516301577701,0.430683728132,0.342471398274,0.215341864066,0.256853548706,0.215341864066
G[T>A]A,0.12354133597,0.174080973413,0.0655143448328,0.372495846335,0.31072517835,0.247082671941,0.155362589175,0.185312003956,0.155362589175
G[T>A]C,0.177879913558,0.250648969104,0.0943302571898,0.536334890879,0.4473949341,0.355759827116,0.22369746705,0.266819870337,0.22369746705
G[T>A]G,0.119213309727,0.167982390979,0.0632191794009,0.359446191451,0.299839536587,0.238426619455,0.149919768293,0.178819964591,0.149919768293
G[T>A]T,0.123178598178,0.173569842887,0.0653219838822,0.37140213693,0.309812837841,0.246357196356,0.154906418921,0.184767897267,0.154906418921
T[T>A]A,0.103256775893,0.145498184213,0.0547573811553,0.311334824283,0.259706436337,0.206513551786,0.129853218168,0.154885163839,0.129853218168
T[T>A]C,0.169297656515,0.238555788725,0.0897790602729,0.510458085552,0.425809257294,0.338595313029,0.212904628647,0.253946484772,0.212904628647
T[T>A]G,0.112231505099,0.158144393549,0.0595167072497,0.338394992648,0.282279240099,0.224463010199,0.141139620049,0.168347257649,0.141139620049
T[T>A]T,0.147167531559,0.207372430833,0.0780433879481,0.443732405762,0.370148639982,0.294335063118,0.185074319991,0.220751297339,0.185074319991
A[T>C]A,1.41934817874,1.99999061549,0.752684640239,4.27954981164,3.56987572228,2.83869635747,1.78493786114,2.1290222681,1.78493786114
A[T>C]C,0.871372398521,1.22784292519,0.462091423458,2.62731980766,2.1916336084,1.74274479704,1.0958168042,1.30705859778,1.0958168042
A[T>C]G,1.93761400994,2.73027428673,1.02752258103,5.84219981784,4.87339281287,3.87522801988,2.43669640644,2.90642101491,2.43669640644
A[T>C]T,0.956508839837,1.34780791068,0.507239536277,2.88401907769,2.40576465777,1.91301767967,1.20288232889,1.43476325976,1.20288232889
C[T>C]A,0.969185733347,1.36567080608,0.51396213132,2.92224183236,2.43764896569,1.93837146669,1.21882448285,1.45377860002,1.21882448285
C[T>C]C,0.740222093817,1.04304022311,0.392542019448,2.23188176772,1.86177072081,1.48044418763,0.930885360406,1.11033314072,0.930885360406
C[T>C]G,2.08682425684,2.94052508918,1.10664922711,6.29209131986,5.24867919144,4.17364851368,2.62433959572,3.13023638526,2.62433959572
C[T>C]T,0.613920446278,0.865069719755,0.325563873026,1.85106316378,1.54410294064,1.22784089256,0.772051470319,0.920880669417,0.772051470319
G[T>C]A,1.88778340362,2.66005843237,1.0010972595,5.6919529897,4.74806128789,3.77556680724,2.37403064395,2.83167510543,2.37403064395
G[T>C]C,0.829267115971,1.16851275432,0.43976286453,2.50036600118,2.0857324432,1.65853423194,1.0428662216,1.24390067396,1.0428662216
G[T>C]G,1.30999804843,1.84590634097,0.694695934775,3.94984260058,3.29484357636,2.61999609687,1.64742178818,1.96499707265,1.64742178818
G[T>C]T,1.16508285175,1.64170765474,0.617846966838,3.51290132574,2.93035989986,2.3301657035,1.46517994993,1.74762427763,1.46517994993
T[T>C]A,0.692418911019,0.9756811928,0.367191846753,2.08774792868,1.74153847317,1.38483782204,0.870769236585,1.03862836653,0.870769236585
T[T>C]C,0.900347407098,1.26867134637,0.47745695831,2.71468384867,2.26451014513,1.8006948142,1.13225507256,1.35052111065,1.13225507256
T[T>C]G,0.793866558608,1.11863015077,0.420989841686,2.39362795702,1.99669467771,1.58773311722,0.998347338856,1.19079983791,0.998347338856
T[T>C]T,0.577389191413,0.813593860628,0.306191237871,1.74091589532,1.45222129962,1.15477838283,0.726110649808,0.86608378712,0.726110649808
A[T>G]A,0.0155339360035,0.021888728005,0.00823769333521,0.0468371706773,0.0390702026756,0.0310678720071,0.0195351013378,0.0233009040053,0.0195351013378
A[T>G]C,0.0260133040205,0.0366551102106,0.0137949339502,0.0784340530314,0.0654274010212,0.0520266080409,0.0327137005106,0.0390199560307,0.0327137005106
A[T>G]G,0.0571443028744,0.0805215176866,0.0303037969788,0.172298731394,0.143726579957,0.114288605749,0.0718632899784,0.0857164543116,0.0718632899784
A[T>G]T,0.0993655626717,0.140015111037,0.0526938589926,0.299602226843,0.249919445508,0.198731125343,0.124959722754,0.149048344008,0.124959722754
C[T>G]A,0.0139053736445,0.0195939355899,0.00737406178116,0.0419268084129,0.0349741215907,0.027810747289,0.0174870607953,0.0208580604667,0.0174870607953
C[T>G]C,0.224476602645,0.316307940091,0.119040622615,0.676830968582,0.564592667259,0.44895320529,0.28229633363,0.336714903968,0.28229633363
C[T>G]G,0.381918340823,0.538157662069,0.202532453467,1.151541664,0.960582493585,0.763836681646,0.480291246792,0.572877511234,0.480291246792
C[T>G]T,0.243695392444,0.343388962081,0.129232405084,0.734778531764,0.612930835542,0.487390784889,0.306465417771,0.365543088666,0.306465417771
G[T>G]A,0.00228078874485,0.00321383868592,0.00120950918287,0.00687692363977,0.00573652926734,0.00456157748969,0.00286826463367,0.00342118311727,0.00286826463367
G[T>G]C,0.0954632685157,0.134516423818,0.0506244605765,0.287836218706,0.240104584449,0.190926537031,0.120052292224,0.143194902774,0.120052292224
G[T>G]G,0.100387439826,0.141455028846,0.0532357635443,0.302683341295,0.252489621381,0.200774879653,0.126244810691,0.15058115974,0.126244810691
G[T>G]T,0.23112397326,0.325674689594,0.122565743396,0.696873798163,0.581311811533,0.46224794652,0.290655905767,0.34668595989,0.290655905767
T[T>G]A,0.0395421379918,0.0557184671703,0.0209693156017,0.119225537278,0.0994544682825,0.0790842759837,0.0497272341412,0.0593132069878,0.0497272341412
T[T>G]C,0.0978976915573,0.137946747194,0.0519154424925,0.295176373029,0.24622752725,0.195795383115,0.123113763625,0.146846537336,0.123113763625
T[T>G]G,0.0627063661196,0.0883589704413,0.0332533759725,0.189069194815,0.157716011755,0.125412732239,0.0788580058777,0.0940595491794,0.0788580058777
T[T>G]T,0.288334943029,0.406290146995,0.15290489403,0.869373540344,0.72520606883,0.576669886057,0.362603034415,0.432502414543,0.362603034415
