,1,3,2,5,4,7,6,9,8
A[C>A]A,0.297667982822,0.154639540348,0.153635087908,0.878600658974,0.48491074621,0.278463596833,0.676954606095,0.955418202928,0.86899846598
A[C>A]C,0.166150678879,0.140618687038,0.0857551890989,0.490412487659,0.270664815593,0.155431280242,0.377858801967,0.533290082209,0.485052788341
A[C>A]G,0.0423677421999,0.0273913400318,0.0218672217806,0.125053174558,0.069018418745,0.0396343394773,0.0963524459707,0.135986785448,0.123686473196
A[C>A]T,0.159233058892,0.0940665272497,0.0821848045894,0.469994351246,0.259395789485,0.148959958318,0.362126795222,0.51108675354,0.464857800959
C[C>A]A,0.460196079157,0.166059045056,0.237520556984,1.35832068525,0.749674257982,0.430506009534,1.04657495421,1.47708096375,1.34347565044
C[C>A]C,0.306346391161,0.14484195675,0.158114266406,0.904215961009,0.499048153344,0.286582107861,0.696690986351,0.983273094212,0.894333819358
C[C>A]G,0.0887005685925,0.0410029859903,0.0457809386284,0.261809742781,0.144496087546,0.0829779512639,0.201722260831,0.284700212095,0.258948434117
C[C>A]T,0.303603076403,0.15985787554,0.156698362014,0.89611875777,0.494579205108,0.284015781151,0.690452157626,0.974467938778,0.886325110144
G[C>A]A,0.364296601644,0.139826685351,0.188024052461,1.07526255001,0.593450915581,0.340793595086,0.828480981158,1.16927457624,1.06351104673
G[C>A]C,0.181889686978,0.155153110385,0.0938785481176,0.536867947047,0.296304167496,0.170154868463,0.413652352643,0.583807221106,0.53100053779
G[C>A]G,0.0495670995217,0.0346742188026,0.025583019108,0.146302890524,0.0807464040595,0.0463692221332,0.112725177944,0.159094400078,0.144703951829
G[C>A]T,0.207480343165,0.0949222860691,0.10708662873,0.612401658051,0.33799217193,0.194094514574,0.471850457843,0.665944972417,0.605708743756
T[C>A]A,0.721643075172,0.253598075455,0.372460942024,2.1300110122,1.17557984826,0.675085457419,1.64115602579,2.31624148321,2.10673220332
T[C>A]C,0.465632591776,0.207412031626,0.240326498981,1.37436716605,0.758530512409,0.435591779403,1.05893863614,1.49453041554,1.35934675986
T[C>A]G,0.103162605152,0.0395984335481,0.0532452155625,0.304496076498,0.168055211619,0.096506953207,0.234611731072,0.331118684279,0.301168250525
T[C>A]T,0.731337586645,0.252834720617,0.377464560849,2.15862545736,1.19137252018,0.684154516539,1.66320322124,2.34735773778,2.1350339223
A[C>G]A,0.110313241069,0.0407079838257,0.0569358663584,0.325601985737,0.179703828194,0.103196257775,0.250873661142,0.354069918916,0.32204349409
A[C>G]C,0.0570905995941,0.0364533996505,0.0294661159196,0.168509350415,0.0930024283711,0.0534073351042,0.129835073271,0.183242408375,0.16666771817
A[C>G]G,0.0132747528543,0.0082754760925,0.00685148534417,0.039181931812,0.0216250006175,0.0124183171863,0.0301893572978,0.0426076744841,0.038753713978
A[C>G]T,0.102757464817,0.0493469954208,0.0530361108734,0.303300259057,0.167395224944,0.096127950958,0.233690363536,0.329818314494,0.299985502128
C[C>G]A,0.0653260277869,0.0366354877637,0.0337166595029,0.192817146532,0.106418206556,0.061111445349,0.148564030935,0.209675476284,0.190709855313
C[C>G]C,0.0718600738267,0.0273542876476,0.0370890703621,0.212103121134,0.117062378331,0.0672239400314,0.163423716283,0.230647656315,0.209785054236
C[C>G]G,0.0132715014279,0.0118670082549,0.00684980718862,0.0391723348599,0.0216197039391,0.0124152755294,0.0301819629248,0.0425972384542,0.0387442219106
C[C>G]T,0.0810905490801,0.0479041323456,0.041853186622,0.239347910994,0.132099120276,0.0758589007523,0.184415603553,0.260274504305,0.236732086831
G[C>G]A,0.0421141900041,0.0166306116111,0.0217363561311,0.124304786625,0.0686053740389,0.0393971454877,0.0957758192029,0.135172964691,0.122946264367
G[C>G]C,0.0439557253455,0.0490341257444,0.0226868259848,0.1297402861,0.0716052945144,0.0411198720974,0.0999638269953,0.141083699093,0.128322359476
G[C>G]G,0.00365124819481,0.00594541199057,0.00188451519732,0.0107770712847,0.00594800109155,0.00341568379515,0.0083036450882,0.0117193288833,0.0106592890849
G[C>G]T,0.055030950928,0.0224026438507,0.0284030714467,0.162430064836,0.0896471942537,0.0514805669972,0.125151033562,0.176631600559,0.16065487287
T[C>G]A,1.09101130826,0.383027967852,0.563102610716,3.22024305503,1.77729261507,1.02062348192,2.48117087847,3.50179436039,3.18504914186
T[C>G]C,0.0898815541936,0.115263077309,0.0463904795838,0.26529555512,0.146419951186,0.0840827442456,0.204408050666,0.288490794912,0.262396150146
T[C>G]G,0.0513175467582,0.0218152403926,0.0264864757462,0.151469533173,0.0835979390739,0.0480067372899,0.116706033757,0.164712771047,0.149814128439
T[C>G]T,1.90767897424,0.461140421062,0.984608502831,5.63072987557,3.10767058706,1.78460291138,4.3384312156,6.12303412698,5.56919184414
A[C>T]A,0.715081285893,0.409520909189,0.369074212074,2.1106431503,1.16489048186,0.668947009384,1.62623324695,2.29518025633,2.08757601204
A[C>T]C,1.04693565563,0.2206827355,0.540353886775,3.09014878999,1.70549195513,0.97939141978,2.3809343136,3.36032573338,3.05637667207
A[C>T]G,0.364729591534,1.98284569319,0.188247531114,1.07654056856,0.594156270079,0.341198650145,0.829465683972,1.17066433412,1.06477509787
A[C>T]T,0.631863935216,0.159081308948,0.326123321402,1.86501774427,1.02932673318,0.591098520041,1.43698088493,2.02807940497,1.84463503668
C[C>T]A,1.35834532132,0.361579953361,0.701081456166,4.00930957745,2.21278834602,1.2707101393,3.08914016623,4.35985030553,3.96549198644
C[C>T]C,2.0322104591,0.335335497554,1.0488828176,5.99829861316,3.31053639305,1.9011001069,4.62163991506,6.52274002196,5.93274343706
C[C>T]G,0.499701147356,1.20301729318,0.257910269603,1.47492435429,0.814029288435,0.467462363656,1.13641712544,1.60387948909,1.45880496244
C[C>T]T,2.05997413013,0.264698368049,1.06321245426,6.08024622281,3.35576430876,1.92707257335,4.68477987659,6.61185244994,6.01379544441
G[C>T]A,0.967855453794,0.383360411382,0.499538298732,2.85673464588,1.57666775537,0.905413166452,2.20109062879,3.10650379524,2.8255135022
G[C>T]C,1.77751985331,0.491869049661,0.917429601708,5.24655053477,2.89563718039,1.6628411531,4.04242418253,5.70526533562,5.18921118466
G[C>T]G,0.339398381932,1.17160053448,0.175173358417,1.00177264344,0.552890912502,0.31750171213,0.771857610523,1.08935932265,0.990824308544
G[C>T]T,1.33492971924,0.280414888455,0.688995984122,3.9401957842,2.17464357489,1.24880522122,3.03588855504,4.28469377626,3.89713353519
T[C>T]A,11.8379182395,0.39729731021,6.10989328489,34.940952223,19.2843506804,11.0741815789,26.9217172866,37.9958988654,34.5590838927
T[C>T]C,3.03214411138,0.306242906371,1.56497760587,8.94971568358,4.93946056853,2.83652191064,6.89568257587,9.73220448651,8.85190458321
T[C>T]G,1.42731679082,0.894823006149,0.736679633973,4.21288665679,2.32514509473,1.33523183658,3.2459946372,4.58122647377,4.16684417966
T[C>T]T,6.74837896741,0.247005560704,3.48303430576,19.9186024361,10.9933270275,6.31299967919,15.3471199097,21.6601195889,19.7009127919
A[T>A]A,0.180814771128,0.614112737144,0.0933237528402,0.533695211555,0.294553094902,0.169149302023,0.411207785952,0.580357087975,0.527862477002
A[T>A]C,0.155989271799,0.257173229737,0.0805105918961,0.460419947406,0.254111555672,0.145925447812,0.354749795542,0.500675243354,0.455388035412
A[T>A]G,0.140978200192,0.772580773943,0.0727629420346,0.41611307476,0.229658035797,0.131882832438,0.32061171334,0.452494545778,0.411565390883
A[T>A]T,0.202115056982,0.274711432347,0.104317448765,0.596565410124,0.329251947664,0.189075375886,0.45964875862,0.648724134506,0.590045569576
C[T>A]A,0.100719407441,0.955266142729,0.0519842102923,0.297284702609,0.164075163735,0.0942213811548,0.229055426601,0.323276807755,0.294035689466
C[T>A]C,0.222952399249,0.630137742242,0.115072206064,0.658069178429,0.36319665039,0.208568373491,0.50703690797,0.715605281461,0.65087716555
C[T>A]G,0.188404488907,2.33601107608,0.0972410265327,0.556097120484,0.306916989994,0.176249360591,0.42846827316,0.604717633751,0.550019556326
C[T>A]T,0.208887193753,0.710124318388,0.107812745163,0.6165541364,0.34028397692,0.195410600608,0.475049908374,0.670460508981,0.609815839827
G[T>A]A,0.0983981542279,0.597975817783,0.0507861441176,0.290433261673,0.160293767371,0.0920498862132,0.223776447518,0.315826333731,0.287259127665
G[T>A]C,0.106291408751,0.163685660095,0.0548600819361,0.313731093572,0.173152133611,0.0994338985092,0.241727236031,0.34116113454,0.310302338451
G[T>A]G,0.110160728642,0.579045223329,0.0568571502668,0.325151828088,0.17945538053,0.103053584859,0.250526818363,0.353580403222,0.321598256197
G[T>A]T,0.115308102237,0.161918166343,0.0595138592191,0.340344882409,0.18784061816,0.107868869835,0.262232942184,0.370101812018,0.336625266208
T[T>A]A,0.210560959287,0.516693114789,0.108676624148,0.621494444346,0.343010594967,0.196976381268,0.478856375152,0.67583275642,0.614702155337
T[T>A]C,0.264610644949,0.325239151226,0.136573236103,0.781028193961,0.431059276449,0.247538990436,0.601775821577,0.849314812013,0.772492366705
T[T>A]G,0.132787548472,0.769727390885,0.0685355088886,0.391937441457,0.21631519993,0.124220609861,0.30198458604,0.426205195901,0.387653972151
T[T>A]T,0.255536754211,0.31481300134,0.131889937657,0.754245580977,0.41627761573,0.239050512003,0.581140037802,0.820190549805,0.746002459873
A[T>C]A,1.01676545556,0.432282062567,0.524782170612,3.00109803819,1.65634372599,0.951167684234,2.31232143926,3.26348912349,2.96829915252
A[T>C]C,0.651462703594,0.148215682025,0.336238814758,1.9228657219,1.06125375908,0.609432851749,1.48155227753,2.09098512928,1.90185079598
A[T>C]G,1.02058105138,0.253951721352,0.526751510391,3.01236020005,1.66255945467,0.954737112584,2.32099884266,3.27573595525,2.97943823065
A[T>C]T,0.611918708135,0.203013522573,0.31582901065,1.80614715466,0.996835314866,0.572440081804,1.39162157818,1.96406165998,1.78640784149
C[T>C]A,0.652552153726,0.181155961834,0.336801111601,1.92608135697,1.06302850849,0.610452014776,1.48402989799,2.09448191277,1.90503128749
C[T>C]C,0.781439212878,0.142245197787,0.403323464711,2.30650606382,1.2729896855,0.73102377979,1.77714401638,2.50816779617,2.28129834727
C[T>C]G,0.866159314997,0.207872089444,0.447049969031,2.55656701039,1.41100146475,0.810278068868,1.96981392604,2.78009199491,2.52862638733
C[T>C]T,0.711615379541,0.173997006703,0.367285357182,2.10041313639,1.15924440861,0.665704709893,1.61835110508,2.28405581498,2.07745780156
G[T>C]A,1.11790442503,0.658331911432,0.57698292905,3.2996211255,1.82110236981,1.0457815589,2.54233103113,3.58811259003,3.26355969244
G[T>C]C,0.558037679001,0.312613120231,0.288019447226,1.64711121383,0.909061380308,0.522035248098,1.26908568934,1.79112093744,1.62910999837
G[T>C]G,0.820199359089,0.382846481775,0.423328701465,2.42091101151,1.336131214,0.767283271406,1.86529209083,2.63257536224,2.39445296766
G[T>C]T,0.83858081686,0.481682358856,0.432815905476,2.47516595944,1.36607520166,0.784478828675,1.9070950835,2.69157391218,2.44811496535
T[T>C]A,0.993635550055,0.283829976203,0.512844154867,2.93282751065,1.6186643638,0.929530030697,2.25971955738,3.18924958808,2.90077475097
T[T>C]C,0.70937804009,0.196228410369,0.366130601337,2.09380937639,1.15559971047,0.663611714923,1.61326296214,2.27687467706,2.07092621381
T[T>C]G,0.642997721415,0.208053913881,0.331869791698,1.89788037127,1.04746403005,0.601513997453,1.46230126967,2.06381526712,1.87713850929
T[T>C]T,0.817834910528,0.17935692617,0.422108340918,2.41393207462,1.33227945102,0.765071367913,1.85991487717,2.62498624508,2.38755030332
A[T>G]A,0.126283378164,0.0439691022122,0.0651785177622,0.372739648453,0.205719696687,0.118136063444,0.28719284389,0.405328907334,0.368665991093
A[T>G]C,0.0373897707661,0.0433363194991,0.0192979462019,0.110360129842,0.0609091426997,0.0349775274909,0.085031575452,0.120009102943,0.109154008204
A[T>G]G,0.0757532726702,0.0424971881528,0.0390984633137,0.223594337075,0.123404524834,0.070865964756,0.172277603976,0.243143568732,0.221150683118
A[T>G]T,0.122509514349,0.106624236194,0.0632307170833,0.36160066332,0.199571950794,0.114605674713,0.278610347148,0.393216021862,0.357648743502
C[T>G]A,0.0886711643335,0.0239355942996,0.0457657622366,0.261722952791,0.144448187059,0.0829504440539,0.201655389855,0.284605833909,0.258862592651
C[T>G]C,0.124249857612,0.0647410150303,0.0641289587673,0.36673748295,0.202407026109,0.116233737766,0.282568224568,0.398801962334,0.362729423027
C[T>G]G,0.161494050717,0.0843936697779,0.0833517681121,0.476667923891,0.263079018104,0.151075079703,0.367268728244,0.518343807947,0.471458438384
C[T>G]T,0.291303237745,0.152369533571,0.150350058191,0.859814395279,0.474542371165,0.272509480471,0.662479943904,0.934989424375,0.850417516642
G[T>G]A,0.035632693999,0.00469432343331,0.0183910678704,0.105173919384,0.0580468079661,0.0333338105152,0.0810356428041,0.114369453319,0.104024477642
G[T>G]C,0.0148324661658,0.00557304296276,0.00765546640813,0.0437796985215,0.0241625658507,0.0138755328647,0.0337318988608,0.0476074317256,0.043301231871
G[T>G]G,0.0785862918003,0.0435124982008,0.0405606667357,0.231956312895,0.128019604384,0.0735162084584,0.178720437804,0.252236646262,0.229421271224
G[T>G]T,0.128494633111,0.03791180996,0.066319810638,0.379266417086,0.209321902326,0.120204656781,0.292221665624,0.412426322405,0.375121428921
T[T>G]A,0.184462285308,0.0442995647786,0.0952063408043,0.544461261475,0.300495013164,0.172561492708,0.419502939169,0.592064431877,0.538510865174
T[T>G]C,0.083623101947,0.0438326502509,0.0431603106823,0.246823026714,0.136224730591,0.0782280631117,0.190175118944,0.268403182056,0.244125507297
T[T>G]G,0.0764189430993,0.0671885675848,0.039442035148,0.225559138503,0.124488923436,0.0714886887058,0.173791467371,0.245280156077,0.223094011306
T[T>G]T,0.241513845899,0.216552345417,0.124652307561,0.712855383862,0.393433845738,0.225932307453,0.549249230189,0.775181537642,0.705064614639
