,1,3,2,5,4,7,6,9,8
A[C>A]A,1.45439830863,1.80373104408,2.75894987791,1.49193116821,1.35118294479,0.844489340494,0.619292183029,1.84849333419,0.628675397923
A[C>A]C,1.25901021785,1.41644907413,2.16387676152,1.29150080412,1.16966110562,0.73103819101,0.536094673407,1.60016137366,0.544217319974
A[C>A]G,0.243951294455,0.444537434816,0.306302241987,0.250246811731,0.226638621945,0.141649138716,0.103876035058,0.310054225856,0.105449914377
A[C>A]T,1.42026890895,0.738157541433,2.07551826953,1.45692100983,1.31947563154,0.824672269714,0.604759664457,1.80511596815,0.613922689676
C[C>A]A,1.51100941054,1.51532694216,2.88562227417,1.55000320178,1.40377648463,0.877360302892,0.643397555454,1.92044421855,0.653146003264
C[C>A]C,1.06624907402,0.94622600574,1.9928839674,1.09376517916,0.990579784897,0.619112365561,0.454015734744,1.35516817795,0.460894761028
C[C>A]G,0.303837986568,0.466688324838,0.450707938257,0.311678966867,0.282275290747,0.176422056717,0.129376174926,0.386168279703,0.13133642
C[C>A]T,2.2154876969,1.72289817429,2.95147223687,2.27266157295,2.05825953777,1.2864122111,0.943368954809,2.81581339541,0.957662423821
G[C>A]A,1.44689826451,2.07305442787,3.01378910431,1.48423757456,1.34421516187,0.840134476168,0.616098615857,1.83896102006,0.62543344337
G[C>A]C,1.3576837781,1.89780288832,1.66157503249,1.39272077882,1.2613320261,0.788332516315,0.578110511965,1.72557228571,0.586869762146
G[C>A]G,0.200963576791,0.462508840327,0.259197761695,0.206149733611,0.186701645535,0.116688528459,0.0855715875368,0.255418223405,0.0868681267419
G[C>A]T,1.7316747653,1.67240896598,2.36166389311,1.77636314634,1.60878171744,1.0054885734,0.737358287161,2.20090276622,0.748530382421
T[C>A]A,2.5607340104,0.803670578085,2.40063837714,2.62681746873,2.37900449998,1.48687781249,1.09037706249,3.25461032289,1.10689792708
T[C>A]C,1.34223540733,0.912399927609,1.75677175926,1.37687374043,1.24697999133,0.779362494581,0.571532496026,1.7059379048,0.580192079299
T[C>A]G,0.332279996208,0.340985179482,0.352391166102,0.340854963852,0.308698835187,0.192936771992,0.141486966127,0.422317156471,0.143630708038
T[C>A]T,14.9897227064,1.27486976,3.6443001087,15.3765542601,13.9259359336,8.70370995853,6.38272063625,19.0514540203,6.47942852468
A[C>G]A,0.584405707962,0.260860665216,0.624175104975,0.599487145587,0.542931754494,0.339332346559,0.24884372081,0.742760803023,0.252614080216
A[C>G]C,0.295609858659,0.115105936004,0.334251205678,0.303238500173,0.274631094496,0.17164443406,0.125872584977,0.375710594553,0.127779745356
A[C>G]G,0.164590613916,0.0154838105649,0.196420659658,0.16883811363,0.152909989703,0.0955687435641,0.0700837452803,0.209189360912,0.0711456202088
A[C>G]T,0.518659551248,0.135159953681,0.602392761313,0.532044313861,0.481851454063,0.301157158789,0.220848583112,0.659199558683,0.224194773765
C[C>G]A,0.418183997937,0.0839396675623,0.479464225649,0.428975843045,0.38850642389,0.242816514931,0.178065444283,0.531498371571,0.18076340556
C[C>G]C,0.317529895408,0.0495024763793,0.429317465454,0.32572421529,0.294995515734,0.184372197334,0.135206278045,0.403570254164,0.137254858015
C[C>G]G,0.142898300869,0.0545731224035,0.207794357371,0.146585998956,0.13275713113,0.0829732069561,0.0608470184345,0.181619130782,0.0617689429562
C[C>G]T,0.43671664459,0.0304794925809,0.495290386992,0.447986751547,0.405723850458,0.253577406536,0.185956764793,0.55505276764,0.188774291532
G[C>G]A,0.408709456787,0.0412965806082,0.483385428954,0.419256797608,0.379704269531,0.237315168457,0.174031123535,0.519456535401,0.17666795874
G[C>G]C,0.398135485124,0.0621497233122,0.457739048652,0.408409949257,0.369880708761,0.231175442975,0.169528658182,0.506017358513,0.172097274215
G[C>G]G,0.0619828934765,0.00447775109848,0.0718193366414,0.0635824520179,0.0575841074879,0.0359900671799,0.0263927159319,0.0787782581605,0.0267926055673
G[C>G]T,0.412238194665,0.144174011647,0.379767126233,0.422876599689,0.38298258085,0.239364113031,0.17553368289,0.523941447413,0.178193284145
T[C>G]A,0.373525167859,0.085439433519,1.30599715282,0.38316452703,0.34701693014,0.216885581338,0.159049426314,0.47473843915,0.161459266107
T[C>G]C,0.372165485037,0.0471132561976,0.572943631619,0.381769755619,0.345753740938,0.216096088086,0.158470464596,0.473010326144,0.160871532242
T[C>G]G,0.085824763249,0.0130591027697,0.139595817799,0.088039595849,0.0797339735991,0.0498337334994,0.0365447378996,0.109080505549,0.0370984460496
T[C>G]T,0.681531109224,0.150525203629,1.71908953925,0.699119008817,0.633164385344,0.39572774084,0.290200343283,0.86620405495,0.294597318181
A[C>T]A,2.41060422863,0.73608468352,3.79308053979,2.47281337001,2.23952908982,1.39970568114,1.02645083283,3.06380021316,1.04200311818
A[C>T]C,2.13028191743,1.40540356514,3.23668498503,2.18525693465,1.97910062006,1.23693788754,0.907087784195,2.70751959828,0.920831538501
A[C>T]G,2.43779304864,1.20209170597,4.49551467384,2.50070383699,2.26478838067,1.41549273792,1.03802800781,3.09835632634,1.0537557049
A[C>T]T,1.5951916469,0.854496452447,2.35158476259,1.63635788295,1.48198449777,0.926240311103,0.679242894809,2.02743712542,0.689534453821
C[C>T]A,2.35109037521,0.824435083578,4.92545682877,2.41176367521,2.18423880019,1.36514925012,1.00110945009,2.98816002526,1.01627777509
C[C>T]C,2.31247436515,1.70852370342,5.75157350676,2.37215112296,2.14836328118,1.34272705073,0.984666503872,2.93908032216,0.999585693324
C[C>T]G,2.04980140327,1.02630667176,3.4625167112,2.102699504,1.90433162626,1.19020726641,0.872818662037,2.60523146093,0.886043187219
C[C>T]T,1.98796352083,0.984620802889,5.0013857199,2.03926580524,1.84688223871,1.15430139919,0.846487692742,2.52663750713,0.859313263845
G[C>T]A,2.09359501728,1.07171067857,2.76898595572,2.14762327579,1.94501730637,1.21563581648,0.89146626542,2.66089173163,0.904973330048
G[C>T]C,3.44090641812,1.5821924947,3.78300633209,3.5297040031,3.19671305941,1.99794566213,1.46516015223,4.37328106045,1.48735954848
G[C>T]G,2.99602749695,0.902680517035,2.70853171197,3.07334433558,2.78340619071,1.7396288692,1.27572783741,3.80785430257,1.29505704707
G[C>T]T,2.32782952547,1.07941746819,2.56525820042,2.38790254548,2.16262872043,1.35164295027,0.991204830199,2.95859623559,1.0062230852
T[C>T]A,2.74021415006,1.40014626312,6.60234086188,2.81092935393,2.54574733941,1.59109208713,1.1668008639,3.48272379072,1.18447966486
T[C>T]C,3.76406392935,1.70664307967,10.2312433702,3.86120106301,3.49693681179,2.18558550737,1.6027627054,4.78400383279,1.62704698882
T[C>T]G,10.4769000427,0.752978759566,4.53972537634,10.7472716567,9.73337810416,6.0833613151,4.46113163107,13.3158019897,4.52872453457
T[C>T]T,3.72570907003,1.62632195713,4.59804584051,3.82185640087,3.46130391022,2.16331494389,1.58643095885,4.73525604384,1.61046779156
A[T>A]A,1.88868579083,0.254046261332,1.27868595835,1.9374260693,1.75465002503,1.09665626564,0.804214594803,2.40045871479,0.816399664422
A[T>A]C,1.07004089456,0.197609398861,1.06559597984,1.09765485313,0.994102508498,0.621314067811,0.455630316395,1.35998745954,0.462533806037
A[T>A]G,1.07149858699,0.253889674845,1.09499627281,1.09915016343,0.995456751782,0.622160469864,0.456251011234,1.36184013959,0.463163905343
A[T>A]T,1.14965637308,0.27756355514,1.96130338992,1.17932492464,1.06806785628,0.667542410173,0.489531100793,1.46117616449,0.496948238684
C[T>A]A,2.99868215877,0.458095498559,1.10660235494,3.0760675048,2.78587245718,1.74117028574,1.27685820954,3.81122829212,1.29620454605
C[T>A]C,1.31778031155,0.21038905087,1.46829413476,1.35178754539,1.22426041847,0.765162761542,0.561119358464,1.67485626693,0.569621166926
C[T>A]G,2.73374245625,0.477769039257,1.97644088585,2.80429064867,2.5397349271,1.58733432944,1.16404517492,3.47449847666,1.18168222303
C[T>A]T,1.68946067906,0.263744144024,1.91716609645,1.73305966432,1.56956346958,0.980977168485,0.719383256889,2.14725002435,0.730283003206
G[T>A]A,1.52981838386,0.258708771357,1.00329526113,1.56929756796,1.42125062759,0.888281642244,0.651406537646,1.94434981691,0.661276333671
G[T>A]C,0.643931958313,0.094178181946,0.684420440715,0.660549557237,0.598233561271,0.373895975795,0.274190382249,0.818416747017,0.27834478198
G[T>A]G,1.09023225178,0.13463583157,1.14215272648,1.11836727763,1.01286093069,0.63303808168,0.464227926565,1.38565002323,0.471261683028
G[T>A]T,0.881786050971,0.0824194661435,1.41930349996,0.904541820029,0.819207686064,0.51200480379,0.375470189446,1.12072162607,0.38115913171
T[T>A]A,1.28381473934,0.202691553961,1.39243120055,1.31694544229,1.19270530622,0.745440816389,0.546656598685,1.63168712032,0.554939274423
T[T>A]C,0.84669821946,0.160372353732,0.978240618191,0.868548496092,0.786609958724,0.491631224203,0.360529564415,1.07612612409,0.365992133573
T[T>A]G,0.890997788192,0.199436916356,0.726869729997,0.9139912795,0.827765687095,0.517353554434,0.379392606585,1.13242944693,0.385140979412
T[T>A]T,1.12965780726,0.122964960238,1.81343543296,1.15881026681,1.04948854352,0.655930339702,0.481015582448,1.43575863246,0.488303697334
A[T>C]A,1.78204529329,0.610779958833,1.64093436002,1.82803355892,1.6555775628,1.03473597675,0.758806382948,2.26492208244,0.770303449356
A[T>C]C,1.34922285728,0.458352534709,1.14162864075,1.38404151166,1.25347155773,0.78341972358,0.574507797292,1.71481872828,0.583212460888
A[T>C]G,1.76966937306,0.937791879294,1.81128868179,1.81533826011,1.64407993368,1.02754995855,0.753536636272,2.24919268705,0.764953858034
A[T>C]T,1.49140064825,0.397053706664,1.67190280853,1.52988840692,1.38555931193,0.865974569953,0.635048017966,1.89552211423,0.644669957632
C[T>C]A,1.02214961222,0.259233485884,0.769029333858,1.04852766673,0.94960996232,0.59350622645,0.435237899397,1.29911918456,0.441832413024
C[T>C]C,1.33069412953,0.412727484574,1.16533873542,1.36503462319,1.23625777195,0.772661107467,0.566618145475,1.69126931301,0.575203268892
C[T>C]G,1.55755719748,0.859531679305,1.44591896252,1.59775222193,1.44702088024,0.904388050149,0.663217903442,1.97960495421,0.673266659555
C[T>C]T,1.74861526654,0.486684663265,1.10213050574,1.79374082181,1.62451998956,1.01532499348,0.744571661883,2.22243359683,0.755853050699
G[T>C]A,3.31944804828,0.616132819042,1.40653139621,3.40511122372,3.08387431582,1.92742144739,1.41344239475,4.21891139039,1.43485818861
G[T>C]C,2.27284974855,0.478649457245,0.992703951979,2.33150393561,2.11155073414,1.31971920884,0.967794086481,2.88871871268,0.982457633246
G[T>C]G,2.3786886663,0.623716062049,1.44983911713,2.44007418026,2.20987850288,1.3811740643,1.01286098049,3.02323656297,1.02820735898
G[T>C]T,2.96102132862,0.628056811624,1.74461471981,3.03743478227,2.75088433111,1.71930270694,1.26082198509,3.76336259186,1.2799253485
T[T>C]A,1.41699127293,0.560111558712,0.924997276925,1.45355878965,1.31643060195,0.822769126217,0.603364025893,1.8009501985,0.612505905073
T[T>C]C,1.82164713173,0.381834348294,1.18513215004,1.86865738029,1.69236894818,1.05773059261,0.775669101251,2.31525474161,0.787421663391
T[T>C]G,1.22243233212,0.361895876287,0.863656351668,1.25397897295,1.13567906984,0.70979941865,0.520519573677,1.55367206082,0.528406233884
T[T>C]T,1.57917921921,0.331390949105,1.13229481241,1.61993223131,1.46710843591,0.916942772442,0.672424699791,2.00708584634,0.682612952818
A[T>G]A,0.270853696728,0.0418242043123,0.474560780205,0.277843469547,0.251631821476,0.157269888423,0.11533125151,0.344246311325,0.117078694715
A[T>G]C,0.38089277603,0.0311825289393,0.22684293475,0.390722267025,0.353861675796,0.221163547372,0.162186601406,0.484102431471,0.164643974155
A[T>G]G,0.551998176671,0.112914418676,0.715300954271,0.566243290908,0.51282411252,0.320515070325,0.235044384905,0.701571876156,0.238605663464
A[T>G]T,1.34239566903,0.103008912394,0.811481109933,1.37703813791,1.24712887961,0.779455549759,0.57160073649,1.70614159225,0.580261353709
C[T>G]A,0.284350648105,0.0572698339653,0.297359031815,0.291688729346,0.264170924691,0.165106827932,0.121078340483,0.36140050114,0.122912860794
C[T>G]C,0.591303543114,0.122717386968,0.573684477416,0.606562989388,0.549340065861,0.343337541163,0.25178086352,0.75152772899,0.255595725088
C[T>G]G,0.870314868168,0.227196170891,0.969373310635,0.892774606702,0.808550587201,0.505344117001,0.370585685801,1.10614212277,0.376200620434
C[T>G]T,3.39640053135,0.577063676541,1.21432412962,3.48404957732,3.15536565493,1.97210353433,1.44620925851,4.31671551404,1.46812152
G[T>G]A,0.165715638016,0.0122094096896,0.222303817597,0.169992170609,0.153955173382,0.0962219833638,0.0705627878002,0.210619230252,0.0716319209486
G[T>G]C,0.280543912719,0.0411738143866,0.105002646452,0.287783755628,0.26063434472,0.16289646545,0.119457407996,0.356562263262,0.121267368724
G[T>G]G,0.582800776252,0.155761643604,0.693234901012,0.597840796284,0.541440721163,0.338400450727,0.248160330533,0.740720986591,0.251920335541
G[T>G]T,1.12356096532,0.343400187586,0.693440401659,1.152556087,1.04382438068,0.652390237927,0.478419507813,1.42800974302,0.485668288234
T[T>G]A,0.531891287769,0.0596257300349,0.4203560879,0.54561751455,0.494144164121,0.308840102576,0.226482741889,0.676016668971,0.229914298584
T[T>G]C,0.771676022001,0.0470241789245,0.458417998275,0.791590241924,0.716911917214,0.448069948259,0.328584628723,0.980775331188,0.333563183704
T[T>G]G,0.652492733796,0.0569200663978,0.765315467178,0.669331255958,0.606186797849,0.378866748655,0.277835615681,0.829297216501,0.282045246221
T[T>G]T,4.01315349437,0.309140720557,1.53178676718,4.11671874584,3.72834905284,2.33021815802,1.70882664922,5.10058863478,1.73471796208
