,1,3,2,5,4,7,6,9,8
A[C>A]A,0.423830978396,0.31607733982,3.06208927346,0.804560501361,0.466932433826,0.639338255546,0.689623286881,0.439842393886,1.19965717614
A[C>A]C,0.326661910262,0.24361227206,2.34887257221,0.620103965243,0.359881765543,0.492761186666,0.531517684494,0.383768928542,0.924619305318
A[C>A]G,0.0650725820264,0.04852870524,0.228055880624,0.123527613338,0.0716901327409,0.0981603355991,0.105880811433,0.0918075240929,0.184188494888
A[C>A]T,0.290137686373,0.216373867804,2.54186893991,0.550769845318,0.319643213801,0.437665323512,0.472088438844,0.330931042052,0.821237180073
C[C>A]A,0.487898639549,0.363856612545,2.94563255786,0.926180468297,0.537515450351,0.735982693557,0.793868972826,0.725872972434,1.38100123398
C[C>A]C,0.474215592624,0.353652306364,2.04070314398,0.900205870744,0.522440907128,0.715342165145,0.771605032066,0.640941749814,1.3422712537
C[C>A]G,0.0959488204897,0.0715550525686,0.290914703127,0.182140133811,0.105706327658,0.144736356332,0.156120114695,0.249100898425,0.271583949522
C[C>A]T,0.615694922525,0.459162315104,2.76041538957,1.16877680208,0.678307965494,0.928760137369,1.0018086875,1.2696681428,1.74272969596
G[C>A]A,0.343013771843,0.255806880697,2.65231094449,0.651144787228,0.377896528302,0.517427554136,0.558124103338,0.529567702839,0.970903388099
G[C>A]C,0.305727128411,0.227999892374,1.42247784225,0.580363362407,0.336818022826,0.461181600484,0.497454310635,0.71178297155,0.865363227875
G[C>A]G,0.0657540954765,0.0490369525588,0.184197026126,0.124821333786,0.0724409526436,0.099188381312,0.106989714674,0.171683635,0.186117524484
G[C>A]T,0.292527026321,0.218155748443,2.24929614161,0.555305541491,0.322275537472,0.441269582077,0.475976178421,0.65667234158,0.828000227044
T[C>A]A,0.672602338154,0.501601743708,3.673910582,1.27680443853,0.741002575932,1.01460352705,1.09440380445,1.12547573933,1.90380661816
T[C>A]C,0.494790993903,0.368996673419,2.07035809061,0.939264259612,0.545108722096,0.74637963487,0.805083651096,0.800065506866,1.40051010139
T[C>A]G,0.0806754340131,0.0601647304504,0.395348661656,0.153146586601,0.0888797154381,0.121696841138,0.131268502801,0.139774419051,0.228352499664
T[C>A]T,0.730494532729,0.54477558373,9.34795677597,1.38670148586,0.804782112328,1.10193243073,1.18860127359,1.04110243258,2.06767096552
A[C>G]A,0.256167036019,0.191039823472,0.937177221814,0.486283187019,0.282217921038,0.386421461113,0.416814160302,0.242201020999,0.725082966358
A[C>G]C,0.1357425837,0.101231757336,0.507806144965,0.257680836854,0.149546914246,0.204764236429,0.220869288732,0.145772328286,0.384220533524
A[C>G]G,0.0439695818163,0.0327908745748,0.103403980568,0.083467680736,0.0484410647128,0.0663269962991,0.0715437263451,0.011871867448,0.124456273955
A[C>G]T,0.236960615669,0.176716391346,0.994383496905,0.449823541608,0.261058305398,0.357449064314,0.385563035664,0.255463460311,0.670719030791
C[C>G]A,0.185257294744,0.138157982521,0.610612541454,0.351674864599,0.204097019633,0.27945591919,0.301435598227,0.253411790204,0.52437234275
C[C>G]C,0.147119134585,0.109715964775,0.631368042184,0.279277001246,0.162080402509,0.221925474205,0.239380286783,0.144361208915,0.416421957216
C[C>G]G,0.0439551224993,0.0327800913554,0.144526586137,0.083440232541,0.0484251349568,0.066305184787,0.0715201993208,0.0397574743907,0.124415346735
C[C>G]T,0.222729470005,0.166103333563,0.815362790053,0.422808485434,0.245379924582,0.335981742889,0.362407273229,0.204735913862,0.630437652388
G[C>G]A,0.125804954418,0.0938206439729,0.406264679584,0.238816184658,0.138598678596,0.189773575309,0.20469958685,0.129960714941,0.356091989624
G[C>G]C,0.126170707011,0.0940934086182,0.36112290052,0.239510494665,0.139001626368,0.190325303796,0.205294709712,0.256575477856,0.357127255437
G[C>G]G,0.0199010340983,0.014841449158,0.047726629814,0.0377782342205,0.0219248680744,0.0300202039788,0.0323813436176,0.0213886517458,0.056330045668
G[C>G]T,0.177915563417,0.132682793057,0.55287389484,0.337738018691,0.196008671562,0.268381104138,0.289489730306,0.170022339486,0.503591510012
T[C>G]A,1.21240222791,0.90416437336,2.2405425644,2.30150931401,1.33569736974,1.82887793702,1.97272226915,4.06155064123,3.43171478071
T[C>G]C,0.333740509352,0.248891227314,0.907295981352,0.633541305889,0.367680222168,0.50343907343,0.543035405048,1.03634357063,0.944655340031
T[C>G]G,0.0663788629254,0.0495028808257,0.106512098127,0.126007333011,0.0731292557653,0.100130827125,0.108006285438,0.158503598372,0.187885934043
T[C>G]T,1.79664641429,1.33987190218,3.20302124461,3.41058302374,1.97935621913,2.71019543851,2.92335687749,4.9412912817,5.08542290147
A[C>T]A,0.931938892324,0.695005275631,2.54972637947,1.76910433797,1.026712339,1.40580612571,1.51637514683,1.23278786852,2.63786093251
A[C>T]C,1.36115627743,1.01509959673,2.55985186277,2.58388988258,1.49957894971,2.05326963883,2.21476275649,1.11577595964,3.85276437849
A[C>T]G,1.01824891992,0.75937207587,2.90645244548,1.93294710221,1.12179965753,1.53600260801,1.6568118019,3.52699792559,2.88216219705
A[C>T]T,0.896370098411,0.668479395425,2.83718383386,1.70158391563,0.987526379605,1.35215150438,1.45850049911,0.700869407792,2.53718315991
C[C>T]A,1.23204262173,0.918811446713,3.25316392203,2.33879277345,1.35733509173,1.85850497176,2.0046795201,2.07237818429,3.48730708184
C[C>T]C,2.15673668606,1.60841379977,5.42586026371,4.0941442176,2.37606584057,3.25338245863,3.50926647223,2.2703112322,6.10466146731
C[C>T]G,0.859295389635,0.640830460066,2.00618191054,1.63120480744,0.946681361462,1.29622524877,1.39817554924,3.14909983176,2.43224288253
C[C>T]T,1.86068959834,1.3876329208,6.5363013855,3.53215652567,2.04991226936,2.80680295343,3.02756273629,1.94960939245,5.26669767667
G[C>T]A,1.07561965464,0.802157030581,2.3581187083,2.04185425966,1.18500470427,1.62254490277,1.75016079399,1.89946485938,3.04455054789
G[C>T]C,1.88437158152,1.40529406079,4.67132623869,3.57711215475,2.07600258981,2.84252662297,3.06609613264,3.37799970544,5.33372973074
G[C>T]G,0.706726964009,0.527050617227,2.47230392309,1.3415833893,0.778597502721,1.06607965757,1.1499286194,3.4157091183,2.00039666084
G[C>T]T,1.33847169936,0.998182284271,4.62490299944,2.54082763269,1.4745874654,2.01905052955,2.17785225659,2.08057920394,3.78855548803
T[C>T]A,5.85418562424,4.36583334689,5.54496539619,11.1130303375,6.44952653518,8.83089017894,9.52545457504,5.20224771078,16.5703220212
T[C>T]C,2.48268020729,1.85149032408,4.35936206685,4.7128844613,2.73515616058,3.74505997371,4.03961525254,5.54368370379,7.02724736641
T[C>T]G,1.07459463026,0.801392605618,5.3263937781,2.03990845066,1.18387544012,1.62099867955,1.74849295771,3.33561060158,3.04164920769
T[C>T]T,3.76812872738,2.81012989839,4.76850055527,7.15305792316,4.15132825898,5.68412638537,6.13119250557,2.94191478698,10.6657202961
A[T>A]A,0.473485174812,0.353107587996,1.19146122356,0.898819314898,0.521636209539,0.714240348446,0.770416555627,1.6676364044,1.34020379989
A[T>A]C,0.187855163994,0.140095376538,1.19287070788,0.356606413005,0.206959078976,0.283374738906,0.305662639719,1.15834668617,0.531725633678
A[T>A]G,0.189817605316,0.1415588921,1.28634592756,0.360331725347,0.209121090603,0.286335031749,0.308855764583,0.260115151494,0.537280340472
A[T>A]T,0.332021501471,0.247609255335,2.0812731354,0.630278104488,0.365786399926,0.500845993745,0.540238375275,0.617911032999,0.939789673656
C[T>A]A,0.695275233359,0.518510343522,1.01907432544,1.31984451078,0.765981189293,1.04880501303,1.13129529496,2.88449426361,1.96798244018
C[T>A]C,0.310720532761,0.231723787144,1.85597141831,0.589842367275,0.342319231008,0.468714023995,0.50557917195,0.632525280377,0.879497101204
C[T>A]G,0.34939039671,0.26056232975,1.54623454815,0.663249566635,0.384921623494,0.52704653063,0.568499628544,0.83349254957,0.988952478822
C[T>A]T,0.388458352535,0.289697754433,2.12899732384,0.73741246583,0.427962591776,0.58597954874,0.632067827854,0.700224130128,1.09953465887
G[T>A]A,0.326139898195,0.243222974925,0.720374110871,0.619113027082,0.359306667503,0.491973744735,0.530668308928,1.19958117721,0.923141745739
G[T>A]C,0.136843677554,0.102052912074,0.699585959441,0.259771048917,0.150759983746,0.206425208514,0.222660899071,0.587959218727,0.387337189009
G[T>A]G,0.205716721397,0.153415860025,0.794076728825,0.390513098244,0.226637065945,0.310318444141,0.334725512781,0.50832213763,0.582282923275
G[T>A]T,0.193015324497,0.143943631828,1.31460132809,0.366401971927,0.212644001565,0.291158709835,0.31405883308,0.429371939624,0.546331511712
T[T>A]A,0.382190792828,0.285023642109,1.41172873983,0.725514725368,0.421057653115,0.576525094266,0.621869764601,0.784988803274,1.081794278
T[T>A]C,0.235983749954,0.175987881322,1.28574188072,0.447969152456,0.259982097407,0.355975487219,0.383973559248,0.422273928351,0.667954004108
T[T>A]G,0.193544285221,0.144338111012,0.990089492055,0.367406100759,0.213226754905,0.291956633639,0.314919514936,0.194299454047,0.547828739524
T[T>A]T,0.353112432795,0.263338085474,2.57659030595,0.670315126662,0.389022171723,0.532661127437,0.574555822853,0.498014850255,0.999487733505
A[T>C]A,0.805434730947,0.600663189181,3.02658361325,1.52896084519,0.887343347654,1.21497781448,1.3105378673,1.98069716744,2.27978983166
A[T>C]C,0.523974959422,0.390760986688,1.49902185938,0.99466432975,0.577260548516,0.790402904891,0.8525694255,1.10738438032,1.48311556311
A[T>C]G,0.853319787051,0.636374078479,2.31017089975,1.61986129067,0.94009807048,1.2872112042,1.38845253486,1.83090118138,2.41532888877
A[T>C]T,0.581191023899,0.433430594094,2.98384277588,1.10327787588,0.640295195821,0.876711883508,0.945666750751,1.38187361353,1.64506611849
C[T>C]A,0.51801209016,0.386314101137,1.77737609786,0.983344984711,0.57069128577,0.781408068208,0.842867129752,1.44064727136,1.46623761113
C[T>C]C,0.68829787227,0.513306887794,2.5440133196,1.30659935075,0.75829426606,1.03827984122,1.11994230064,1.32128591138,1.94823296049
C[T>C]G,0.826616658746,0.616459881099,2.41164141788,1.56917060643,0.910679369805,1.24693021404,1.34500337694,2.02612856895,2.33974545781
C[T>C]T,0.763688588888,0.569530473069,1.86795587347,1.44971393145,0.841351835215,1.15200482053,1.24261194124,1.50268721941,2.16162702278
G[T>C]A,0.702016955518,0.523538068522,1.82667128321,1.33264235624,0.773408510316,1.05897472951,1.14226487677,5.28113245845,1.98706494189
G[T>C]C,0.414540835282,0.309149097498,1.36885944216,0.78692497545,0.456697530395,0.625324310849,0.674507121814,2.67869958973,1.17336134732
G[T>C]G,0.596235533587,0.444650228438,1.51984765671,1.13183694512,0.656869655647,0.899406143886,0.970145952956,3.25437196827,1.68764973066
G[T>C]T,0.594295990105,0.443203789231,1.87517129578,1.12815509986,0.654732870455,0.896480391854,0.966990085595,3.71958267282,1.6821598364
T[T>C]A,0.664562091677,0.495605627691,1.53232133776,1.26154159776,0.732144677271,1.00247501965,1.08132136951,1.83965972229,1.88104863237
T[T>C]C,0.562466758986,0.419466735515,2.15154366576,1.06773350858,0.619666768374,0.848466805928,0.915200150214,1.77161120708,1.59206692798
T[T>C]G,0.501421062824,0.373941131597,1.32513382231,0.951850153157,0.552413035314,0.756380925276,0.815871559849,1.32532341462,1.41927656765
T[T>C]T,0.661964348602,0.493668327771,2.23176237075,1.25661028887,0.729282756935,0.998556390264,1.07709453332,1.49262774934,1.87369569859
A[T>G]A,0.228381606051,0.170318485868,0.918793221094,0.433537964028,0.251606854123,0.344507846415,0.371603969167,0.142889300048,0.646436071363
A[T>G]C,0.0789835518284,0.0589029878042,0.685673641072,0.149934878047,0.0870157774381,0.119144679877,0.128515609755,0.297689645383,0.223563612802
A[T>G]G,0.146080723363,0.108941556406,0.818167801038,0.277305779943,0.160936390146,0.220359057276,0.237690668523,0.24288044587,0.413482725451
A[T>G]T,0.307803694068,0.22954851761,3.06975139997,0.584305317553,0.339105764651,0.464314046984,0.500833129331,0.973397868204,0.871240964565
C[T>G]A,0.149673463854,0.111620888298,0.729959997999,0.284125897486,0.164894494076,0.225778614966,0.243536483559,0.088997593346,0.423652007858
C[T>G]C,0.21237852596,0.158383985462,1.28715192529,0.403159235721,0.233976342159,0.320367606957,0.345565059189,0.529255965888,0.601139217548
C[T>G]G,0.295381137416,0.220284238073,1.3398466286,0.560723515095,0.325419897154,0.445574936103,0.480620155796,0.462570596489,0.836078812687
C[T>G]T,0.940842937309,0.701645580366,4.75862791328,1.78600693184,1.03652188009,1.41923765119,1.53086308443,2.27363046029,2.6630639073
G[T>G]A,0.0780254489878,0.0581884704316,0.184786690407,0.148116106553,0.0859602404103,0.1176994061,0.12695666276,0.0475549663418,0.220851694593
G[T>G]C,0.0588445852814,0.043884097498,0.105045849435,0.111704975449,0.0648287803948,0.0887655608482,0.0957471218138,0.107688005615,0.166560097322
G[T>G]G,0.196949346385,0.14687747866,0.797519918141,0.37386994568,0.216978093475,0.297093081835,0.32045995344,0.253188466429,0.557466794004
G[T>G]T,0.325152093034,0.242486306669,1.61098048708,0.617237871521,0.358218407579,0.490483665762,0.529061032733,0.764107630327,0.920345754858
T[T>G]A,0.334346918701,0.249343464794,1.22569881,0.634692455839,0.368348300263,0.504353826515,0.544022105005,0.152823993994,0.946371786831
T[T>G]C,0.154185516565,0.114985808964,1.40152738425,0.292691150089,0.169865399605,0.232584931768,0.250878128648,0.429628363565,0.436423411294
T[T>G]G,0.190431160481,0.142016458664,0.996048856177,0.361496440235,0.209797041208,0.287260564116,0.30985409163,0.303696643024,0.539017013565
T[T>G]T,0.693764021161,0.517383337815,8.73848059696,1.31697576898,0.764316294499,1.04652538785,1.12883637341,2.3995197173,1.96370494125
