,1,3,2,5,4,7,6,9,8
A[C>A]A,0.674039143999,0.481456531428,0.248330210947,0.308625435439,0.831146012149,0.3142137363,0.445980787007,0.101359269774,0.724718778886
A[C>A]C,0.496003060705,0.354287900503,0.182737969733,0.258803426731,0.611612796658,0.231219471907,0.328182476256,0.0745869264217,0.533296523915
A[C>A]G,0.11442940029,0.0817352859217,0.042158200107,0.0288014741391,0.141100914644,0.0533430287068,0.0757126859065,0.0172074286151,0.123033114598
A[C>A]T,0.371012209833,0.265008721309,0.136688708886,0.296630471996,0.457488739945,0.172953060223,0.245481762897,0.0557913097494,0.398907864708
C[C>A]A,1.07338668725,0.766704776607,0.395458253197,0.344534823575,1.32357456172,0.500375748944,0.710210740436,0.161411531917,1.15409245321
C[C>A]C,0.705658673237,0.504041909455,0.259979511192,0.27511918876,0.870135506848,0.328953667223,0.466901979284,0.106114086201,0.758715716337
C[C>A]G,0.175033327375,0.125023805268,0.0644859627169,0.0449055674789,0.215830569093,0.0815944834378,0.115811524879,0.026320801109,0.188193727929
C[C>A]T,1.17200082052,0.837143443228,0.431789775981,0.493832581824,1.4451739441,0.546346247159,0.775459189516,0.17624072489,1.26012118296
G[C>A]A,0.876422569025,0.626016120732,0.32289252543,0.236627797605,1.08070151369,0.40855788932,0.579888617099,0.131792867523,0.942319002786
G[C>A]C,0.579283779508,0.41377412822,0.213420339819,0.183357229435,0.714304810822,0.270042062628,0.383285508246,0.0871103427832,0.6228389509
G[C>A]G,0.139745320609,0.0998180861494,0.0514851181191,0.0251782425361,0.172317538195,0.0651444351712,0.0924630692752,0.0210143339262,0.150252487572
G[C>A]T,0.698084379601,0.498631699715,0.257188981958,0.318013197605,0.860795776351,0.325422793498,0.461890416578,0.104975094677,0.75057192694
T[C>A]A,0.982349826001,0.701678447144,0.361918356948,0.527068269207,1.21131858244,0.457937512873,0.649975824722,0.147721778346,1.05621071517
T[C>A]C,0.929172221849,0.663694444178,0.342326608049,0.351695022499,1.14574619837,0.433147953042,0.614790643028,0.139725146143,0.99903479492
T[C>A]G,0.108569186977,0.077549419269,0.0399991741493,0.0478224245353,0.133874786949,0.050611199944,0.0718352515334,0.0163261935303,0.116732283742
T[C>A]T,1.8030328301,1.28788059293,0.664275253193,0.5291679668,2.22328860252,0.840511544856,1.19298412818,0.271132756405,1.9385992083
A[C>G]A,0.458394404364,0.327424574545,0.168882148976,0.176482703123,0.565238212899,0.213687617072,0.303298553263,0.068931489378,0.492860149052
A[C>G]C,0.134380421599,0.0959860154278,0.0495085763785,0.0869758790611,0.165702174002,0.0626435048055,0.0889133616594,0.0202075821953,0.144484212697
A[C>G]G,0.00780765094899,0.00557689353499,0.00287650298121,0.0264382249015,0.00962747936567,0.00363965683336,0.00516596453768,0.00117408284947,0.00839469237372
A[C>G]T,0.247380066513,0.176700047509,0.0911400245047,0.174774556787,0.305040082016,0.115320031006,0.163680044008,0.0372000100019,0.265980071514
C[C>G]A,0.401658306759,0.286898790542,0.147979376174,0.14333236659,0.495277912094,0.18723921067,0.26575887966,0.0603997453773,0.431858179448
C[C>G]C,0.29279623706,0.209140169329,0.107872297864,0.101622305622,0.361041976526,0.13649147893,0.193729841063,0.0440295093324,0.314810991727
C[C>G]G,0.0550855502111,0.0393468215794,0.0202946763936,0.0255596791239,0.0679250393581,0.0256789782939,0.0364475820946,0.00828354138513,0.0592273209037
C[C>G]T,0.108733692278,0.0776669230555,0.0400597813655,0.187276998905,0.134077635591,0.0506878866257,0.0719440971461,0.0163509311696,0.116909157862
G[C>G]A,0.232708838113,0.166220598652,0.0857348350943,0.0825809047831,0.286949243989,0.108480811752,0.153972765067,0.0349938102426,0.250205743234
G[C>G]C,0.160933647682,0.114952605487,0.059291343883,0.0708635687434,0.198444497894,0.0750217004234,0.106482413504,0.0242005485237,0.173033921944
G[C>G]G,0.0327920368878,0.0234228834913,0.0120812767481,0.00984231663904,0.040435293606,0.0152865134364,0.021696986813,0.00493113336659,0.0352576035711
G[C>G]T,0.148705578835,0.106218270596,0.0547862658864,0.127502822604,0.183366277661,0.0693213976522,0.0983916611838,0.0223617411781,0.159886449424
T[C>G]A,1.641748216,1.17267729714,0.604854605895,1.71085816413,2.02441133401,0.76532623603,1.0862694963,0.246879430977,1.76518793149
T[C>G]C,0.230194598784,0.164424713417,0.0848085363939,0.471858820142,0.283848978951,0.107308760335,0.152309208218,0.0346157291404,0.247502463354
T[C>G]G,0.153934832182,0.109953451559,0.0567128329093,0.0682223516425,0.189814379533,0.0717590947016,0.101851618286,0.023148095065,0.165508879715
T[C>G]T,2.9035546407,2.0739676005,1.0697306571,2.12250939433,3.5803230156,1.3535367498,1.9211489352,0.436624758,3.1218670197
A[C>T]A,1.66935754242,1.19239824459,0.615026462997,0.327186476684,2.05845591697,0.778196749099,1.1045373213,0.251031209387,1.79487314711
A[C>T]C,0.95108800533,0.679348575236,0.350400844069,0.207147373995,1.17277017199,0.443364333312,0.629291311797,0.143020752681,1.02259838167
A[C>T]G,1.63927823376,1.17091302411,0.603944612437,0.271565419723,2.02136564162,0.764174815736,1.08463522234,0.246508005076,1.76253223629
A[C>T]T,0.602378032466,0.43027002319,0.221928748803,0.264095679078,0.74278193477,0.280807804608,0.398565916218,0.0905831627768,0.647669613854
C[C>T]A,1.62886283434,1.1634734531,0.60010736002,0.317917494151,2.00852259272,0.75931951676,1.07774383024,0.2449417796,1.75133372414
C[C>T]C,0.71097425618,0.507838754414,0.261937883856,0.264316848365,0.876690060252,0.331431608144,0.470419056721,0.106913421982,0.764430967171
C[C>T]G,1.28025250446,0.914466074611,0.471671975326,0.235470391082,1.57865722354,0.596809438167,0.847084363851,0.192519173602,1.37651209126
C[C>T]T,1.27784279225,0.912744851606,0.470784186618,0.390331455285,1.57568584909,0.59568611368,0.845489967804,0.192156810864,1.37392119768
G[C>T]A,1.20319343458,0.859423881844,0.443281791688,0.329268836991,1.48363701708,0.560887164993,0.796097911603,0.180931343546,1.29365910636
G[C>T]C,0.938159301431,0.670113786736,0.345637637369,0.363050002183,1.15682801079,0.437337418712,0.620736981398,0.141076586681,1.00869759477
G[C>T]G,1.11728342579,0.798059589851,0.411630735818,0.2812221398,1.3777028709,0.520838890219,0.73925519902,0.168012545232,1.20128969841
G[C>T]T,1.00162929184,0.71544949417,0.369021318046,0.319283618884,1.23509175836,0.466924933037,0.662732163021,0.150620946141,1.07693976491
T[C>T]A,13.5247660547,9.66054718193,4.98280854647,1.62601597333,16.6771551351,6.30477816084,8.94871738957,2.03379940672,14.5416657581
T[C>T]C,3.11867655278,2.22762610913,1.14898609839,0.469203241657,3.84558612523,1.45381914491,2.06348523793,0.468973917711,3.35316351164
T[C>T]G,2.43061367258,1.73615262327,0.895489247793,0.233747506729,2.99714768649,1.13306802782,1.60822558787,0.365505815426,2.61336658029
T[C>T]T,7.79079782465,5.56485558904,2.8702939354,0.819871509157,9.6066980695,3.63180048969,5.15481359827,1.17154854506,8.37657209718
A[T>A]A,1.81346412825,1.29533152018,0.668118363041,0.368761257194,2.23615125589,0.845374255276,1.19988603975,0.27270137267,1.94981481459
A[T>A]C,0.782371367549,0.558836691106,0.288242082781,0.195482607256,0.964728603594,0.36471447209,0.517659250709,0.117649829707,0.841196282402
A[T>A]G,1.44759148477,1.0339939177,0.533323178601,0.328403810397,1.78500002634,0.674817083128,0.957804892181,0.217682930041,1.55643294979
A[T>A]T,1.14075502232,0.814825015944,0.420278166119,0.225779613614,1.40664529068,0.531780536721,0.754785277927,0.17154210862,1.22652607663
C[T>A]A,2.67142544801,1.90816103429,0.984209375581,0.546449156123,3.29408852235,1.24532614869,1.76755969492,0.401718112482,2.87228450425
C[T>A]C,2.12468733677,1.51763381198,0.782779545127,0.36049755049,2.61991521226,0.990455750977,1.40580816268,0.319501855154,2.28443826435
C[T>A]G,6.51780084319,4.65557203085,2.40129504749,0.810887404609,8.03698750589,3.0383733254,4.31252988121,0.980120427548,7.00786105697
C[T>A]T,3.11682412574,2.22630294696,1.14830362527,0.447072167889,3.84330192948,1.45295560749,2.06225957192,0.468695357254,3.35117180436
G[T>A]A,2.57465249607,1.83903749719,0.948556182762,0.288911218684,3.17475946883,1.20021394554,1.70352947108,0.387165788882,2.76823539051
G[T>A]C,0.571472763693,0.408194831209,0.21054259715,0.132068660579,0.704673182298,0.26640083721,0.378117317331,0.0859357539388,0.614440640662
G[T>A]G,2.66874301602,1.90624501144,0.983221111164,0.247837281858,3.29078086186,1.24407569168,1.7657848527,0.401314739251,2.86940038564
G[T>A]T,1.21760658556,0.869718989684,0.448591899942,0.170593703045,1.5014096243,0.567606077478,0.805634432549,0.18309873467,1.30915595289
T[T>A]A,1.71625340486,1.22589528919,0.632303886001,0.281013575287,2.11628239396,0.800057978206,1.13556616261,0.258083218776,1.84529501425
T[T>A]C,0.875736872009,0.62552633715,0.322639900214,0.239015077512,1.07985599255,0.408238241087,0.579434922833,0.131689755189,0.941581749604
T[T>A]G,1.66872835911,1.19194882793,0.614794658619,0.297451002437,2.05768008191,0.777903445599,1.10412101956,0.250936595355,1.79419665679
T[T>A]T,1.47276147373,1.05197248124,0.542596332427,0.29964519939,1.81603670445,0.686550461438,0.97445871946,0.221467890786,1.58349541912
A[T>C]A,1.99878057961,1.42770041401,0.736392845119,0.421225934678,2.46466176734,0.931762375457,1.32250143613,0.300568508212,2.14906483371
A[T>C]C,0.989178488118,0.706556062941,0.364434179833,0.253061757482,1.2197388876,0.461120798972,0.654494037251,0.14874864483,1.06355281053
A[T>C]G,1.79339530076,1.2809966434,0.66072458449,0.36912124095,2.21140473176,0.836018862008,1.18660741704,0.269683503874,1.9282370527
A[T>C]T,1.25198722974,0.894276592668,0.461258453061,0.314638713472,1.54380380208,0.583633144689,0.828382527945,0.188268756351,1.34612160791
C[T>C]A,1.29511540305,0.92508243075,0.477147780071,0.243102032188,1.59698440677,0.603738007437,0.856918462169,0.194754195947,1.39249250102
C[T>C]C,1.91115340287,1.36510957348,0.704109148425,0.355520497976,2.35661021105,0.890913616374,1.26452255227,0.287391489153,2.05484914744
C[T>C]G,2.14379784062,1.53128417187,0.78982025707,0.335731406259,2.64348004407,0.999364406904,1.41845270657,0.32237561513,2.30498564818
C[T>C]T,1.32458825805,0.946134470036,0.488006200334,0.418026690225,1.63332687459,0.617477233076,0.876419298559,0.199186204218,1.42418136016
G[T>C]A,1.61873510224,1.15623935874,0.596376090299,0.510372857523,1.99603426141,0.754598318337,1.07104277441,0.243418812367,1.74044450842
G[T>C]C,0.685182859611,0.489416328293,0.252435790383,0.288011165807,0.844887135159,0.319408551097,0.453354072524,0.103035016483,0.736700367852
G[T>C]G,1.27890555121,0.913503965148,0.471175729392,0.370284969818,1.57699631878,0.596181535149,0.846193146663,0.192316624242,1.37506386333
G[T>C]T,1.16562332242,0.832588087446,0.429440171419,0.404611591947,1.43730996149,0.543373278123,0.771239491529,0.17528170262,1.25326417373
T[T>C]A,1.35581974925,0.968442678032,0.499512539196,0.340843450955,1.67183788629,0.632036274084,0.897083743862,0.203882669059,1.45776108378
T[T>C]C,1.35410907204,0.967220765746,0.4988822897,0.289039179767,1.66972847981,0.631238815539,0.895951867217,0.203625424368,1.45592178423
T[T>C]G,0.912638426241,0.651884590172,0.336235209668,0.224815911691,1.12535866093,0.425440469376,0.603850988791,0.137238861089,0.981257856786
T[T>C]T,1.48741928252,1.06244234466,0.54799657777,0.293005299434,1.83411099499,0.693383424934,0.984157119261,0.223672072559,1.5992553188
A[T>G]A,0.423167843114,0.302262745081,0.1559039422,0.0402386381294,0.521800949403,0.197266212579,0.279990753338,0.0636342621223,0.454984974175
A[T>G]C,0.38654032147,0.276100229621,0.14240959212,0.0319279952188,0.476636185873,0.180191728806,0.255756002176,0.0581263641308,0.415603503535
A[T>G]G,0.54213481915,0.387239156535,0.199733880739,0.0872881654056,0.66849707023,0.25272450216,0.358705745001,0.0815240329548,0.582896835627
A[T>G]T,1.92863005326,1.37759289519,0.71054791436,0.111467896018,2.37816036643,0.899060626333,1.27608605028,0.290019556882,2.0736398317
C[T>G]A,0.21979299483,0.156994996307,0.0809763665162,0.0274877598659,0.271022940993,0.102459892327,0.145426943947,0.0330515781699,0.236318783915
C[T>G]C,1.00698541919,0.71927529942,0.370994628122,0.0931968227767,1.24169630637,0.469421774358,0.666276066831,0.151426378825,1.0826986086
C[T>G]G,1.15561938381,0.825442417008,0.425754509825,0.131041007143,1.42497427778,0.538709787942,0.764620344176,0.173777350949,1.24250805929
C[T>G]T,4.10065153091,2.92903680779,1.51076635349,0.478312181547,5.05644248924,1.91158191666,2.71321304301,0.616639327956,4.40897119489
G[T>G]A,0.26489973434,0.189214095957,0.0975946389672,0.0224861121085,0.326643281441,0.123487094203,0.175272004676,0.0398345465172,0.284817007598
G[T>G]C,0.0718361978676,0.0513115699054,0.0264659676354,0.04128298481,0.0885799733104,0.0334875508856,0.0475307173861,0.0108024357696,0.0772374157524
G[T>G]G,0.568874865346,0.406339189533,0.209585476706,0.12183511806,0.701469758772,0.265189786853,0.376398407146,0.0855450925332,0.611647411612
G[T>G]T,1.11822386008,0.79873132863,0.411977211609,0.166536498236,1.37886250416,0.521277288159,0.739877441257,0.168153963922,1.20230084204
T[T>G]A,0.343707870848,0.245505622034,0.126629215576,0.0470768771579,0.423820231722,0.160224721749,0.227415734095,0.0516853941125,0.369550567904
T[T>G]C,0.720607187977,0.514719419984,0.265486858728,0.0689048985922,0.888568261866,0.335922147779,0.47679272588,0.108361983154,0.774788179554
T[T>G]G,0.79451813081,0.567512950579,0.292717206088,0.0936362261363,0.979706567315,0.370376873009,0.525696206852,0.119476410648,0.854256336134
T[T>G]T,5.41231927555,3.86594233968,1.99401236468,0.189420687853,6.67383730219,2.52303605327,3.58108343044,0.813882597828,5.81926057447
