,1,3,2,5,4,7,6,9,8
A[C>A]A,0.760832079819,1.50023227007,1.74669900015,1.27519742956,1.67168738664,0.454387884786,0.929598290508,0.95371908597,2.03111866498
A[C>A]C,0.635547422401,1.25319210051,1.45907365988,1.06521328543,1.39641405485,0.365156227233,0.722668442509,0.796672121038,0.698888765074
A[C>A]G,0.165202105356,0.325750630279,0.379266805253,0.276888035737,0.362979273739,0.0573537749893,0.385199658623,0.207084329249,0.110027472471
A[C>A]T,0.438050761111,0.863762064163,1.00566583185,0.734197754539,0.962477728639,0.324818622694,0.550187525995,0.549105883647,1.09219803818
C[C>A]A,0.71535758491,1.41056425194,1.64229980761,1.19897961414,1.57177159501,0.494961494347,1.21434212738,0.896715845873,3.29397627445
C[C>A]C,0.475600348228,0.937803503548,1.09187122199,0.797132978016,1.04498104681,0.435361188715,0.870081409728,0.596175084398,1.21425581667
C[C>A]G,0.163169914029,0.321743492452,0.374601351926,0.273481968584,0.358514177303,0.10128123235,0.375521277241,0.204536934487,0.622471590023
C[C>A]T,1.09519862316,2.15954658089,2.51432923346,1.83561459375,2.40635190442,0.728647856111,0.919374813272,1.37285461214,2.19103328164
G[C>A]A,0.793583893799,1.56481331172,1.82188978436,1.33009131496,1.74364911877,0.399236447202,1.23104634064,0.994774176734,4.28024786402
G[C>A]C,0.776960702169,1.53203518738,1.78372668244,1.30222990927,1.70712492308,0.334476991002,1.6913568548,0.973936654832,0.814300700873
G[C>A]G,0.154304656614,0.304262703183,0.354248718706,0.258623297706,0.339035583547,0.0582126893247,0.64140752794,0.193424147024,0.342342203445
G[C>A]T,0.881461907784,1.73809390267,2.02363790097,1.47737981727,1.93673320584,0.369842676831,1.02245907572,1.10493112384,2.90588437248
T[C>A]A,1.20939381922,2.38472020691,2.77649566947,2.02701217587,2.65725965913,0.519832177852,1.30542537205,1.51600070296,4.16623945561
T[C>A]C,0.784453825853,1.54681036084,1.80092920583,1.31478880671,1.72358868779,0.328752100652,1.30633133583,0.983329443674,2.34792815439
T[C>A]G,0.167294899382,0.329877266387,0.384071388722,0.280395676429,0.367577525403,0.0596437389002,0.303978977608,0.209707690775,0.664548253015
T[C>A]T,1.48578062442,2.92970827349,3.41101748985,2.49025203247,3.26453207618,1.3570532218,1.13010534047,1.86245740244,5.09677881121
A[C>G]A,0.241534512191,0.476265235306,0.554508809678,0.40482545001,0.530695547913,0.143455051641,0.281997596419,0.302768613873,0.462883411542
A[C>G]C,0.10321481635,0.203522173085,0.236957958663,0.172993847122,0.226781850009,0.063583433337,0.161483472643,0.12938195289,0.24941707382
A[C>G]G,0.0163855528402,0.0323095408117,0.0376175368022,0.0274631096899,0.0360020597616,0.0029718715081,0.030964422805,0.0205396366589,0.103885735048
A[C>G]T,0.202386904795,0.399072770019,0.464634725094,0.339211854516,0.444681086593,0.123365503999,0.167039058482,0.253696260941,0.563035289105
C[C>G]A,0.188250725446,0.371198613556,0.432181242926,0.315518821523,0.413621312248,0.0939981750537,0.259550549993,0.235976261475,0.320371148463
C[C>G]C,0.0910838881685,0.179602033008,0.209108081288,0.152661728057,0.200127979638,0.0818003862028,0.229112528283,0.114175578127,0.315925737419
C[C>G]G,0.0411191139054,0.081079942912,0.0944002192476,0.0689179514752,0.090346222102,0.0185682006168,0.0598686862408,0.0515436779941,0.226879267081
C[C>G]T,0.181861825867,0.358600783399,0.417513769244,0.304810665889,0.399583730074,0.0981599565659,0.229026939787,0.227967640875,0.556171866467
G[C>G]A,0.088522074697,0.174550569825,0.203226734868,0.148367984351,0.194499206377,0.0533191657385,0.121818142488,0.110964290817,0.197617195776
G[C>G]C,0.085664887239,0.168916679063,0.196667276337,0.143579177203,0.188221442384,0.0671281574562,0.174440176924,0.107382745976,0.127060957445
G[C>G]G,0.0102554117504,0.0202219386628,0.0235441143003,0.0171886478634,0.0225330173671,0.00396200701213,0.0831227135787,0.0128553752928,0.0332083281013
G[C>G]T,0.141771652874,0.279549738061,0.325475766456,0.237617277352,0.311498279553,0.0892165964253,0.139060377589,0.177713762053,0.241757302455
T[C>G]A,4.40295140972,8.68187601917,10.1081842223,7.37959461629,9.67409042136,0.373891646335,3.16410042102,5.51919261218,9.88838461599
T[C>G]C,1.08777619548,2.14491080798,2.49728901215,1.82317418679,2.39004347175,0.138096334603,0.73169174828,1.36355044222,2.62835178141
T[C>G]G,0.162790642217,0.320995632541,0.373730629316,0.27284628766,0.357680847689,0.019313936515,0.143532570623,0.204061509258,0.404129555886
T[C>G]T,5.28242228876,10.4160439497,12.12725117,8.85363735722,11.6064489725,0.506429620947,4.00322586917,6.62162793943,11.9856701407
A[C>T]A,0.797153213119,1.57185140615,1.83008413716,1.33607369523,1.75149156685,0.527296618729,0.652292397725,0.99924839391,1.19047896127
A[C>T]C,1.87046258115,3.68823607551,4.29416057363,3.13500066418,4.10974876985,0.436060136931,0.61651748578,2.34466436229,1.4826126527
A[C>T]G,1.68601126116,3.32452924736,3.87070190943,2.82584986026,3.70447544706,0.831960178657,0.818970772126,2.11345073582,1.66840913623
A[C>T]T,1.15478014695,2.27703127568,2.65111498525,1.93547658433,2.53726342147,0.398157902202,0.39015862679,1.44754131097,1.25889016494
C[C>T]A,1.1005750233,2.17014793326,2.52667223659,1.84462574327,2.41816483992,0.524172374778,1.09772233004,1.37959404329,4.29241257001
C[C>T]C,2.63359047513,5.19299530307,6.04613024572,4.41404600761,5.78648048057,0.661277481043,1.06847005427,3.30126129981,5.25555446609
C[C>T]G,1.14845936916,2.26456777018,2.63660390385,1.92488260465,2.52337551534,0.732115228049,0.767506405796,1.43961808247,2.15549622414
C[C>T]T,1.80423262158,3.55764178903,4.14211151152,3.02399552068,3.96422942207,0.736986275425,1.0147380731,2.26164370874,5.53936336134
G[C>T]A,1.13350985227,2.23508984954,2.60228318197,1.89982637211,2.49052868949,0.615627081903,0.930708668768,1.42087854721,1.57271752727
G[C>T]C,2.60786251621,5.14226411647,5.98706464989,4.370924499,5.72995144407,0.848744547925,1.06493446786,3.26901075976,2.88756436173
G[C>T]G,2.05902531831,4.06004992344,4.72705812514,3.45104243492,4.52405562897,0.925018563435,0.796123649895,2.58103173704,2.07369736561
G[C>T]T,1.72858010925,3.40846782106,3.96843039166,2.8971976479,3.79800700061,0.721036759417,0.850100508241,2.16681168625,3.18117574498
T[C>T]A,2.83755137929,5.5951717338,6.51437851864,4.75589597373,6.23461993195,0.571416653071,7.51125939601,3.5569306022,8.93706190796
T[C>T]C,3.12836263317,6.16860237526,7.18201562262,5.24331201897,6.87358550386,0.744952882969,2.49954915715,3.92146865284,10.8491998638
T[C>T]G,1.44641018408,2.85207641931,3.32063183105,2.42426495641,3.17802801009,0.983057912238,1.3593386905,1.8131057237,4.11080732975
T[C>T]T,2.16797740592,4.27488502575,4.9771875657,3.63365227189,4.76344331441,0.609548147129,3.91062218147,2.71760548066,4.78573188223
A[T>A]A,0.233134874299,0.45970256904,0.535225133954,0.390747183684,0.512240005502,0.509053201985,0.3290657719,0.292239490318,0.839725695122
A[T>A]C,0.332410710248,0.655457738517,0.763140081274,0.55713907774,0.730367194348,0.229997365631,0.160355534509,0.416683848057,0.45608102905
A[T>A]G,0.133210136166,0.262667874129,0.30582045345,0.22326769301,0.292687059744,0.451544398424,0.336393664585,0.166981719982,1.10861216606
A[T>A]T,0.304572218248,0.60056493739,0.699229177104,0.510480196781,0.669200930234,0.418324655972,0.201408076571,0.381787710198,0.662669639146
C[T>A]A,0.225944837364,0.445525031422,0.518718429441,0.378696276708,0.49644217787,0.720326433963,0.57286199168,0.283226627118,1.06727006748
C[T>A]C,0.222650904772,0.439029953071,0.511156302504,0.37317546011,0.489204804851,0.520762956193,0.355383484109,0.279097613024,1.02416581909
C[T>A]G,0.408627484594,0.80574433582,0.938116619562,0.684882685447,0.897829402771,1.29473823411,0.794919992074,0.512223184914,2.58992918356
C[T>A]T,0.288478490143,0.568830825633,0.66228160413,0.483506201788,0.633840062849,0.631966038854,0.388958464836,0.36161388201,1.3542763796
G[T>A]A,0.240170781311,0.4735761885,0.551377990896,0.402539760225,0.527699181471,0.473995415814,0.305391335545,0.301059148403,0.739049248876
G[T>A]C,0.145828072673,0.287548312313,0.334788392193,0.244416065466,0.320410976578,0.156252022089,0.149803022669,0.182798569971,0.255660695401
G[T>A]G,0.239163701092,0.47159039652,0.549065961663,0.400851837042,0.525486441837,0.432276035561,0.222590956784,0.299796752074,0.73977373691
G[T>A]T,0.193743562234,0.382029559335,0.444791558368,0.324725125434,0.425690080402,0.255437546969,0.103645630876,0.242861648434,0.488553951593
T[T>A]A,0.18863717409,0.371960624965,0.433068441924,0.316166531221,0.414470410676,0.492063245899,0.215850794211,0.236460683014,0.862205950481
T[T>A]C,0.173058962459,0.341243024567,0.397304378603,0.290056570882,0.380242227375,0.283816663471,0.272357637638,0.216933065618,0.654501145046
T[T>A]G,0.101101799296,0.199355660583,0.232106947679,0.169452311496,0.22213916465,0.478930083189,0.345789049898,0.126733241371,1.04105696737
T[T>A]T,0.192889803952,0.3803460923,0.442831521749,0.323294178455,0.423814217134,0.463037385565,0.203558733016,0.241791444391,0.877564775747
A[T>C]A,1.12677555872,2.22181096085,2.58682276156,1.88853931672,2.47573221352,0.723910961847,0.532373628362,1.41243696797,1.17972657325
A[T>C]C,0.606999121788,1.19689967677,1.39353319509,1.01736472525,1.33368821125,0.329510137147,0.302045556166,0.760886223086,0.528760470019
A[T>C]G,1.07401060508,2.11776739031,2.46568631871,1.80010228176,2.3597979492,0.61741302485,0.570277630579,1.34629498384,0.977863929958
A[T>C]T,0.807950734136,1.59314229266,1.85487281217,1.35417094876,1.77521569754,0.52961496071,0.37368038247,1.01278331462,1.02810537102
C[T>C]A,0.633753645012,1.24965507467,1.45495555123,1.06220681347,1.39247279749,0.364989903522,0.343845034087,0.794423583185,0.567489441074
C[T>C]C,0.496434010491,0.978883964349,1.13970061563,0.832051369697,1.09075641742,0.463690997976,0.496650934909,0.622290520193,1.04017335665
C[T>C]G,0.898715471865,1.77211501495,2.06324819597,1.5062977627,1.97464244522,0.609667920377,0.632735714135,1.12655883093,0.921063504918
C[T>C]T,0.476975714733,0.940515493839,1.09502875354,0.799438169763,1.04800297885,0.426289754761,0.499384727254,0.597899135369,1.9342030351
G[T>C]A,1.69701846822,3.3462335993,3.89597197633,2.84429855941,3.72866029637,0.417601159996,0.499322571477,2.12724850241,0.550161768293
G[T>C]C,0.943173626123,1.85977898109,2.16531409941,1.58081213393,2.07232515036,0.259832520993,0.352826367794,1.18228806655,0.59028192157
G[T>C]G,0.894473278692,1.763750127,2.05350907643,1.49918760795,1.96532157008,0.376018478148,0.366398465725,1.12124115216,0.718117268472
G[T>C]T,1.13009688294,2.22836005087,2.59444777351,1.89410604324,2.48302977097,0.370823010638,0.436432949305,1.41660031805,1.06434407734
T[T>C]A,0.702685217685,1.38557648558,1.61320690821,1.17774001274,1.54392808393,0.434780263021,0.37152693123,0.880830765831,0.619146008797
T[T>C]C,0.709021841273,1.39807123631,1.62775436799,1.18836055087,1.55785080618,0.391352179529,0.39899496345,0.88877385737,0.728292075707
T[T>C]G,0.416382141495,0.821035208583,0.955919564278,0.697879927295,0.914867803849,0.331127805269,0.293348965304,0.52194381117,0.555658803976
T[T>C]T,0.560028630829,1.10428180727,1.28569953275,0.938639536179,1.23048544239,0.48984139677,0.294799961791,0.702007720335,0.649869415011
A[T>G]A,0.0468523491095,0.092384913737,0.10756243528,0.0785271766765,0.102943189593,0.24954511759,0.0500904928443,0.0587304094471,0.216346102354
A[T>G]C,0.0267613917377,0.0527689414546,0.0614381246935,0.0448536002364,0.0587996776208,0.109354880372,0.104991411366,0.0335459699247,0.17210376252
A[T>G]G,0.109686461555,0.216283163629,0.251815397654,0.183840689085,0.241001239473,0.14005750281,0.101446368333,0.137494296879,0.254253224192
A[T>G]T,0.0962378546496,0.189764783816,0.220940426872,0.161300066244,0.211452187681,0.439513281264,0.433305795823,0.120636183997,0.571474836855
C[T>G]A,0.0214502822051,0.0422963311086,0.0492450140764,0.0359518814423,0.047130197521,0.162990777302,0.0597243455242,0.026888381919,0.106934647037
C[T>G]C,0.107841156146,0.212644533245,0.247578992278,0.180747853258,0.236946765616,0.219451081878,0.248149025782,0.135181167563,0.44702197619
C[T>G]G,0.19750657741,0.389449589259,0.453430593209,0.33103215087,0.433958113746,0.283850844755,0.215005802953,0.247578667458,0.54988849392
C[T>G]T,0.24685959531,0.486765399203,0.566734000501,0.413750589322,0.54239573054,0.818144143985,1.16328776336,0.309443718065,3.76076269296
G[T>G]A,0.0313920159674,0.0618997497948,0.072068994404,0.0526147873256,0.0689740069142,0.0603053199622,0.0101903366723,0.0393505552267,0.0809603907534
G[T>G]C,0.0554533993796,0.109344731171,0.127308508435,0.0929430214953,0.121841271876,0.0288093796874,0.0478782672025,0.069512007673,0.133833470782
G[T>G]G,0.141988344149,0.279977016631,0.325973240792,0.237980464137,0.311974389961,0.131048080736,0.121078183446,0.177985389144,0.603996851387
G[T>G]T,0.274734256945,0.541729520737,0.630727942001,0.460470092627,0.603641465965,0.277978042006,0.36129307679,0.344385195326,1.10702045102
T[T>G]A,0.0407128219315,0.0802788038086,0.0934674644343,0.0682369832373,0.0894535242438,0.342354633129,0.0744980783937,0.0510343824212,0.322594909358
T[T>G]C,0.0803858528161,0.158507315412,0.184547802944,0.1347312181,0.176622437173,0.200681177262,0.166961717815,0.100765364798,0.382638541265
T[T>G]G,0.105391041688,0.207813321639,0.241954081622,0.176641323393,0.23156341554,0.183365114549,0.129701893349,0.132109897327,0.249987396042
T[T>G]T,0.28389897642,0.559800798574,0.651768072626,0.475830678788,0.623778032697,1.26985735084,1.0612860052,0.355873364808,1.20766613633
