,1,3,2,5,4,7,6,9,8
A[C>A]A,4.16878458283,2.20019186316,2.57654047133,1.33856942266,1.73699357618,1.12747486517,0.212053263336,5.64522912258,1.44749464682
A[C>A]C,2.89000119501,1.52527840848,1.78618129414,0.697010997271,1.20416716459,0.901810254297,0.152953455494,3.91354328491,1.00347263716
A[C>A]G,0.724094115702,0.382160783287,0.447530390955,0.265751030624,0.301705881543,0.146670074859,0.10693212519,0.980544115013,0.251421567952
A[C>A]T,2.01669944672,1.06436915243,1.24643229693,0.76291829874,0.840291436133,1.32180382261,0.171682085289,2.73094716743,0.700242863444
C[C>A]A,4.0786789941,2.15263613578,2.52085021163,1.78211021683,1.69944958088,1.35788810323,0.413063232887,5.52321113784,1.41620798406
C[C>A]C,2.10864725015,1.1128971598,1.30326114766,0.736937361834,0.878603020896,0.915793979028,0.303152571475,2.85545981791,0.73216918408
C[C>A]G,0.828654641507,0.43734550524,0.51215460482,0.467287063409,0.345272767295,0.204071753358,0.177893456087,1.12213649371,0.287727306079
C[C>A]T,2.7664637626,1.46007809693,1.70982829772,1.08705400014,1.15269323442,3.53296356135,0.558939476134,3.74625301185,0.960577695346
G[C>A]A,5.04839902431,2.66443281839,3.12019106364,2.20529401173,2.10349959346,1.3188477086,0.350326167968,6.83637367876,1.75291632789
G[C>A]C,3.16780457033,1.67189685656,1.95787921361,1.55852980801,1.31991857097,1.08160760221,0.616270797853,4.28973535565,1.09993214248
G[C>A]G,0.762298792135,0.402324362516,0.471143003472,0.574365106123,0.317624496723,0.199214800267,0.222460863331,1.03227961435,0.264687080602
G[C>A]T,3.59898779186,1.89946577904,2.22437439914,1.58777130522,1.49957824661,2.44059091172,0.386376682721,4.87362930148,1.24964853884
T[C>A]A,2.99142726535,1.57880883449,1.84886824039,1.9294007498,1.24642802723,1.63625098074,0.316311268949,4.0508910885,1.03869002269
T[C>A]C,2.65971139792,1.40373657112,1.64384940566,1.5694797244,1.10821308247,1.45803604302,0.374298615563,3.60169251801,0.923510902055
T[C>A]G,0.773196698909,0.408076035535,0.477878515298,0.444181445304,0.322165291212,0.260376367224,0.08851630259,1.04703719644,0.26847107601
T[C>A]T,4.51234543626,2.38151564691,2.78888016547,2.41476864613,1.88014393177,3.02951293073,0.476919102854,6.11046777827,1.56678660981
A[C>G]A,1.03302711491,0.54520875509,0.638468147408,0.562012865548,0.430427964545,0.246331296277,0.111469443006,1.39889088477,0.358689970454
A[C>G]C,0.494449787094,0.260959609855,0.305597437857,0.389745464097,0.206020744623,0.150991304628,0.0819996982943,0.669567420023,0.171683953852
A[C>G]G,0.15170431684,0.0800661672211,0.0937616958247,0.112985557108,0.0632101320167,0.0239017490374,0.0357062546083,0.205432929054,0.0526751100139
A[C>G]T,0.891314502433,0.470415987395,0.550881879976,0.541275278452,0.37138104268,0.285704614814,0.0997915677734,1.20698838871,0.309484202234
C[C>G]A,0.575739922674,0.303862736967,0.355839257764,0.460905245322,0.239891634447,0.222920416599,0.0985481377021,0.779647811954,0.199909695373
C[C>G]C,0.519677329476,0.274274146112,0.321189460579,0.473659302539,0.216532220615,0.198583464975,0.105080365875,0.703729716999,0.180443517179
C[C>G]G,0.240701921428,0.127037125198,0.148767159771,0.157674008958,0.100292467262,0.0869761468127,0.0347801056663,0.3259505186,0.0835770560513
C[C>G]T,0.694288605446,0.366430097319,0.429108929755,0.505902806537,0.289286918936,0.247056500008,0.108545833518,0.940182486542,0.241072432447
G[C>G]A,0.362199417288,0.191160803569,0.223859362074,0.276498775316,0.15091642387,0.117581951302,0.100144235707,0.490478377578,0.125763686558
G[C>G]C,0.31744058449,0.167538086259,0.196195916803,0.333513020657,0.132266910204,0.150263295356,0.153635672086,0.429867458164,0.11022242517
G[C>G]G,0.0461920661102,0.0243791460026,0.028549263082,0.0896428478944,0.0192466942126,0.00792901634307,0.0365420357598,0.0625517561909,0.0160389118438
G[C>G]T,0.60773863853,0.320750948113,0.375616241869,0.333429253402,0.253224432721,0.225777472841,0.0554646400118,0.822979406342,0.211020360601
T[C>G]A,1.38616047789,0.731584696664,0.856724184252,1.01308599882,0.577566865788,1.72497162643,0.471298812741,1.87709231381,0.48130572149
T[C>G]C,0.648130964349,0.342069120073,0.400580943244,0.478435346425,0.270054568479,0.251525333286,0.172188647249,0.877677347557,0.225045473732
T[C>G]G,0.130973392936,0.0691248462718,0.0809488331341,0.109073356951,0.0545722470567,0.0847756620768,0.0344833583284,0.177359802934,0.0454768725473
T[C>G]T,2.65835072861,1.4030184401,1.64300843643,1.76210337572,1.10764613692,3.10961939361,0.576998822174,3.59984994499,0.923038447435
A[C>T]A,1.75373051901,0.925579996145,1.08390289022,2.35270569429,0.730721049588,1.84310687736,0.664286595119,2.37484341116,0.60893420799
A[C>T]C,1.13927288034,0.60128290907,0.70413393299,5.0335196251,0.474697033476,2.44917699286,0.560184836214,1.5427653588,0.39558086123
A[C>T]G,3.61366957067,1.90721449563,2.2334485541,1.66480403182,1.50569565445,1.94990721055,0.65138836564,4.89351087695,1.25474637871
A[C>T]T,1.31202636597,0.692458359817,0.810905184522,2.59376229563,0.546677652487,1.73053245218,0.3471448802,1.77670237058,0.455564710406
C[C>T]A,2.1481037651,1.13372143158,1.32764746593,4.79987838124,0.895043235457,4.01686865672,0.635276560662,2.90889051524,0.745869362881
C[C>T]C,1.69780352341,0.896062970687,1.04933689988,10.7606380552,0.707418134753,5.06617668018,0.61084192468,2.29910893795,0.589515112294
C[C>T]G,2.40401603172,1.26878623896,1.48581546405,1.98230119068,1.00167334655,2.13042192213,0.642731608303,3.25543837629,0.834727788792
C[C>T]T,2.51114793262,1.32532807555,1.55202893058,9.36750282618,1.04631163859,4.63504481072,0.424773822197,3.40051282543,0.871926365494
G[C>T]A,1.73485470085,0.915617758782,1.07223658594,4.27891698418,0.722856125354,2.42641545928,0.831151938495,2.3492824074,0.602380104462
G[C>T]C,1.43931890648,0.759640533978,0.889579046369,10.2353986794,0.599716211035,3.83811836926,1.10265151487,1.94907768586,0.499763509196
G[C>T]G,2.28776296755,1.2074304551,1.41396461189,1.85666032693,0.953234569815,2.63471355221,0.444394920927,3.0980123519,0.794362141512
G[C>T]T,1.83590917572,0.968952064961,1.13469386555,6.95167765129,0.764962156548,2.95664477371,0.681027830153,2.48612700878,0.63746846379
T[C>T]A,11.0541694596,5.83414499254,6.83209084653,10.5227490991,4.60590394148,21.7746141662,0.980347892031,14.9691878098,3.83825328457
T[C>T]C,2.99781513971,1.58218021262,1.85281630163,5.15551077869,1.24908964155,13.0879772997,0.856700069482,4.05954133502,1.04090803462
T[C>T]G,2.78586590551,1.4703181168,1.72181989994,1.77279778415,1.16077746063,5.25772168555,0.49660254263,3.77252674705,0.967314550526
T[C>T]T,6.70825171576,3.54046618332,4.14607224099,6.78385162916,2.79510488157,13.3939510442,0.549389070242,9.08409086509,2.32925406797
A[T>A]A,0.920140285507,0.485629595129,0.568697815348,2.57329611747,0.383391785628,3.07919761631,0.203464433381,1.24602330329,0.31949315469
A[T>A]C,0.677753794444,0.357703391512,0.418889497955,0.625547077783,0.282397414351,0.595165041217,0.413284338855,0.917791596642,0.235331178626
A[T>A]G,1.05184211708,0.555138895123,0.650096864026,0.90266159256,0.438267548782,0.815520155293,0.148813387673,1.42436953354,0.365222957318
A[T>A]T,1.01413897236,0.535240013189,0.626794225971,0.603359165417,0.422557905149,0.736338614277,0.209255942448,1.37331319173,0.352131587624
C[T>A]A,1.12138367443,0.591841383729,0.693077409893,5.05451880261,0.467243197681,6.25988063964,0.0925333374115,1.51854039246,0.389369331401
C[T>A]C,1.11266912584,0.587242038639,0.687691334723,0.671823973025,0.463612135768,0.937063626838,0.18998264322,1.50673944125,0.386343446473
C[T>A]G,2.41783372899,1.27607891252,1.49435556861,1.63464326939,1.00743072041,1.8203985451,0.183088603547,3.27414984134,0.839525600344
C[T>A]T,1.48134306236,0.78181994958,0.915552309376,0.904750310999,0.617226275984,1.0367400324,0.101076572301,2.00598539695,0.514355229987
G[T>A]A,0.951116390221,0.501978094839,0.587842768956,1.99795900168,0.396298495925,2.31352670054,0.0688001497019,1.28797011176,0.330248746604
G[T>A]C,0.370692520963,0.195643274953,0.229108571984,0.394871325731,0.154455217068,0.378576145677,0.235977348461,0.501979455471,0.12871268089
G[T>A]G,0.954500333769,0.503764065045,0.589934234066,0.569098703691,0.397708472404,0.55263951834,0.101367505294,1.29255253531,0.331423727003
G[T>A]T,0.730084472732,0.385322360608,0.451232764397,0.326876657658,0.304201863638,0.401270370629,0.120799267785,0.988656056824,0.253501553032
T[T>A]A,0.983703244077,0.519176712152,0.60798325502,1.3013636054,0.409876351699,1.55562160858,0.136146665881,1.33209814302,0.341563626416
T[T>A]C,0.769444638664,0.406095781517,0.475559533619,0.521792918903,0.320601932777,0.592724761327,0.192622447965,1.04195628152,0.267168277314
T[T>A]G,0.907929162859,0.479184835953,0.561150663156,0.718697551398,0.378303817858,0.705475570658,0.116189770414,1.22948740804,0.315253181548
T[T>A]T,1.07629626958,0.568045253389,0.665210888838,0.592649094525,0.448456778992,0.838932676779,0.101877168868,1.45748453172,0.373713982493
A[T>C]A,2.19652344886,1.15927626468,1.35757352048,1.8326748715,0.915218103692,1.8770321883,0.831229965094,2.974458837,0.762681753076
A[T>C]C,1.04226280263,0.550083145835,0.644176315517,0.751403808892,0.434276167764,0.817610998211,0.487557304742,1.41139754523,0.36189680647
A[T>C]G,1.89231264924,0.998720564879,1.16955434571,1.44109466754,0.788463603852,1.32864653139,0.831052277577,2.56250671252,0.65705300321
A[T>C]T,1.79935151392,0.949657743458,1.11209919958,1.37056146088,0.749729797467,1.37769060638,0.607239759101,2.43662184177,0.624774831223
C[T>C]A,0.764979681421,0.403739276305,0.472799941989,0.874386186325,0.318741533925,0.799011644801,0.552130318245,1.03590998526,0.265617944938
C[T>C]C,1.16870256313,0.616815241653,0.722323111936,0.862030133858,0.486959401305,0.975269534733,0.413723462972,1.58261805424,0.405799501088
C[T>C]G,1.1754204299,0.620360782449,0.726475126815,1.14657278039,0.489758512459,0.968563707694,0.779419887758,1.59171516549,0.408132093716
C[T>C]T,1.09817237565,0.57959097604,0.678731537731,1.17393136881,0.45757182319,1.15181305389,0.460689229692,1.48710842537,0.381309852658
G[T>C]A,1.30921196839,0.690972983315,0.809165730461,1.94345965191,0.545504986828,1.88055814253,1.94970867652,1.77289120719,0.454587489023
G[T>C]C,0.845843393465,0.446417346551,0.522778208461,1.15367136433,0.352434747277,1.15818658752,0.993031360734,1.14541292865,0.293695622731
G[T>C]G,1.08666070957,0.573515374497,0.671616688555,1.38672867222,0.452775295655,1.35212807734,1.26761370489,1.47151971088,0.377312746379
G[T>C]T,1.40845585008,0.743351698652,0.870503962895,1.64157178677,0.586856604199,1.76432138074,1.38604984736,1.90728396365,0.489047170166
T[T>C]A,1.43975803763,0.759872297638,0.889850453813,1.04509621351,0.599899182346,1.17617482233,0.65402200408,1.94967234262,0.499915985288
T[T>C]C,1.00743641647,0.531702553136,0.622651674067,1.02287764456,0.419765173528,1.0382229771,0.705624130471,1.36423681397,0.349804311273
T[T>C]G,0.766446303708,0.404513326957,0.473706396041,0.774847376551,0.319352626545,0.795945270001,0.525326114608,1.03789603627,0.266127188787
T[T>C]T,1.10813834018,0.584850790651,0.684891057473,0.965798594872,0.461724308409,1.02596118597,0.529276627993,1.50060400233,0.384770257007
A[T>G]A,0.21689587514,0.11447282299,0.134053700607,0.166012475375,0.0903732813082,0.25762204076,0.0937483058622,0.293713164252,0.0753110677569
A[T>G]C,0.105603791548,0.0557353344279,0.0652690100537,0.190543452657,0.0440015798115,0.161252790538,0.0975286579149,0.143005134387,0.0366679831762
A[T>G]G,0.506257687305,0.267191557189,0.312895376181,0.274565002627,0.210940703044,0.247720893009,0.103806062408,0.685557284892,0.175783919203
A[T>G]T,0.285443093353,0.150650521492,0.176419689642,0.413560065651,0.118934622231,0.345600350499,0.273280797428,0.386537522249,0.0991121851922
C[T>G]A,0.118145035918,0.0623543245122,0.0730201958103,0.102160954804,0.0492270982991,0.128006634769,0.0716842228874,0.159988069472,0.0410225819159
C[T>G]C,0.310351293206,0.163796515859,0.19181434094,0.296219903438,0.129313038836,0.255911041123,0.172595862913,0.420267376217,0.107760865697
C[T>G]G,0.633806226118,0.334508841562,0.391727459198,0.407040961744,0.264085927549,0.321290401709,0.185878287308,0.858279264535,0.220071606291
C[T>G]T,0.579672169951,0.305938089696,0.358269605039,1.27654131653,0.241530070813,0.716423822291,0.443856697521,0.784972730142,0.201275059011
G[T>G]A,0.153246860146,0.080880287299,0.0947150732844,0.0733260072239,0.063852858394,0.0438268192508,0.0307361323107,0.20752178978,0.0532107153283
G[T>G]C,0.11349925686,0.0599023855652,0.0701488462539,0.0477702587923,0.0472913570251,0.0911147228282,0.0489357014846,0.153696910332,0.0394094641876
G[T>G]G,0.756792357477,0.399418188669,0.467739720941,0.437349307883,0.315330148949,0.309466142606,0.0768712677444,1.02482298408,0.262775124124
G[T>G]T,0.528576344002,0.278970848223,0.326689545946,0.410406975014,0.220240143334,0.368011163786,0.187101637131,0.715780465836,0.183533452778
T[T>G]A,0.248473232743,0.131138650614,0.153570261903,0.233830868853,0.103530513643,0.31772045409,0.144775952448,0.336474169339,0.0862754280356
T[T>G]C,0.283841717765,0.149805351043,0.175429950563,0.315486027685,0.118267382402,0.233507257887,0.14164067533,0.384368992807,0.0985561520018
T[T>G]G,0.449240438877,0.237099120518,0.277655549028,0.336300640905,0.187183516199,0.252452882807,0.118325251908,0.608346427645,0.155986263499
T[T>G]T,0.781603045072,0.412512718233,0.483074104246,1.10422330462,0.325667935447,0.584649293628,0.536538762312,1.0584207902,0.271389946206
