,1,3,2,5,4,7,6,9,8
A[C>A]A,0.80251655624,0.54407902118,1.03375014024,2.42822568242,0.455666180238,0.862619685177,0.588660771495,1.47736015047,0.783298334816
A[C>A]C,0.652290976785,0.442231170702,0.840239224333,0.964649995286,0.370368605463,0.653003005464,0.233854544312,1.11836146913,0.592956752088
A[C>A]G,0.231638258137,0.157042886872,0.298381485058,0.155087126948,0.131523417756,0.182824937385,0.03759687926,0.313113973223,0.16601344889
A[C>A]T,0.626446447302,0.424709455798,0.806947966017,1.25115624148,0.355694169231,0.554183637048,0.303310603996,0.949119102531,0.503224222147
C[C>A]A,1.82804533986,1.23935277279,2.3547702683,3.66772573053,1.03795794721,1.04820470328,0.889145631643,1.79520115848,0.951818063894
C[C>A]C,2.40413798488,1.62992405754,3.09685570933,1.39845198598,1.36506139819,0.899813338966,0.339018663269,1.5410596265,0.817071882509
C[C>A]G,0.870587461041,0.590228787147,1.12143469558,0.637554260714,0.494316609235,0.194781820532,0.154558608658,0.333591853555,0.176870848529
C[C>A]T,5.72118706904,3.87877089426,7.3696646991,2.94159494283,3.24847062395,0.765816569807,0.713113925534,1.31157090691,0.695396655342
G[C>A]A,0.905854140618,0.614138400419,1.1668629608,4.91275045082,0.514340910351,0.782517109382,1.19096980626,1.34017298044,0.710561513117
G[C>A]C,1.31191041055,0.889430786816,1.68991849495,1.47329876794,0.744898283958,0.687985844248,0.357163337682,1.17827460682,0.62472277811
G[C>A]G,0.606720522057,0.411335947157,0.781538299598,0.359286186608,0.344493855744,0.252590003072,0.0870996816019,0.432596671928,0.229363336123
G[C>A]T,1.34040828435,0.908751379221,1.72662762052,3.29530414119,0.761079280098,0.606027837623,0.798861609986,1.03790974489,0.550301139911
T[C>A]A,0.591730292129,0.40117307941,0.762228850879,3.75678722379,0.335982454006,0.950892409016,0.910736296677,1.62853987291,0.863454026578
T[C>A]C,1.04130282832,0.705968019202,1.34133923648,2.05402548356,0.591248216081,1.01247878166,0.497945571773,1.73401538468,0.919377284497
T[C>A]G,0.242494116012,0.164402790516,0.312365301981,0.537368134833,0.137687337058,0.187369734444,0.13027106299,0.320897591174,0.170140333575
T[C>A]T,1.29661767176,0.879062828309,1.67021937379,7.70236051312,0.736215118709,1.03264212083,1.86723891227,1.76854800004,0.937686523512
A[C>G]A,0.273295659695,0.185285193014,0.352041866726,0.48473064315,0.155176349149,0.480973399438,0.117510458945,0.823736051912,0.43674596041
A[C>G]C,0.240504864011,0.163054145092,0.309802875676,0.279669547816,0.136557846515,0.240715022316,0.0677986782585,0.412259061208,0.21858030762
A[C>G]G,0.0114047902436,0.00773206118209,0.014690916246,0.0791114026825,0.00647560124,0.0881933353506,0.0191785218624,0.151043758244,0.0800836033643
A[C>G]T,0.231686689125,0.15707572144,0.298443870737,0.429972694761,0.131550916706,0.473112962178,0.10423580479,0.810273923731,0.429608321978
C[C>G]A,0.199906002417,0.135529493164,0.257506037012,0.359637086859,0.113505950525,0.362116376041,0.0871847483294,0.620176322186,0.328818318474
C[C>G]C,0.246199392204,0.166914842172,0.317138200127,0.332374088818,0.139791180319,0.334031194012,0.0805755366832,0.572076412733,0.303315681919
C[C>G]G,0.0600960761704,0.0407431024884,0.077411894728,0.182242197388,0.0341223483341,0.147547017,0.0441799266395,0.252695465896,0.133979475207
C[C>G]T,0.233270882563,0.15814975089,0.300484526692,0.372935365623,0.132450416371,0.525851118739,0.0904085734844,0.900595594163,0.477496992878
G[C>G]A,0.17114322131,0.116029302583,0.220455674908,0.19822578799,0.0971745409135,0.239730369581,0.0480547364825,0.410572701925,0.217686197665
G[C>G]C,0.228659411078,0.155023329544,0.294544326134,0.267698820036,0.129832038493,0.227305212792,0.064896683645,0.3892928357,0.206403584029
G[C>G]G,0.0413050949254,0.0280034541867,0.0532065629547,0.0239806793686,0.0234528928814,0.0679162058769,0.00581349802875,0.11631626064,0.0616710375204
G[C>G]T,0.180650867303,0.122475164273,0.232702812119,0.423417875568,0.102572950079,0.315493504111,0.102646757714,0.540327955317,0.286482607181
T[C>G]A,0.180772847224,0.122557862525,0.232859938798,0.930493064155,0.102642209865,1.48763555118,0.225574076159,2.54778962214,1.35084147751
T[C>G]C,0.212119735077,0.143809989883,0.273238980777,0.504608748445,0.120440866527,0.708339741178,0.122329393562,1.21313357972,0.643205052334
T[C>G]G,0.022987031533,0.015584428158,0.0296104135002,0.101932220618,0.0130519585823,0.107126883753,0.024710841362,0.183470180221,0.0972761358218
T[C>G]T,0.358924757225,0.243338818458,0.46234375507,1.5221413323,0.203796260458,2.08935972072,0.369003959346,3.5783287171,1.89723468893
A[C>T]A,2.07269706279,1.40521834766,2.66991486055,1.96968462842,1.17687036616,1.06117674326,0.477499303859,1.81741764076,0.963597272619
A[C>T]C,1.82390342234,1.23654469311,2.34943491691,1.61686880309,1.03560618048,2.19936368277,0.391968194689,3.76672630727,1.99712334412
A[C>T]G,2.04708192785,1.38785215448,2.6369190935,2.54642660803,1.16232617937,0.770367367911,0.61731554134,1.31936480251,0.699528989252
A[C>T]T,1.33100686653,0.90237753663,1.7145173196,1.30574312905,0.755741186928,1.49819700603,0.316543788859,2.56587763101,1.36043176409
C[C>T]A,2.9498694982,1.9999115242,3.79983189598,2.26216539202,1.67492590152,1.51557204798,0.548403731399,2.59563488677,1.37620910104
C[C>T]C,3.62673167349,2.45880113457,4.67172215569,2.31151804581,2.0592459502,3.41420726793,0.560368011106,5.84732049336,3.10025717433
C[C>T]G,2.9721846076,2.01504041193,3.82857678267,2.39119069936,1.68759634499,0.740774984851,0.579682593785,1.26868359474,0.672657744865
C[C>T]T,3.10874905774,2.10762647982,4.00449031166,2.49791733232,1.76513717685,2.6188565453,0.605555716925,4.48516810632,2.37804215033
G[C>T]A,3.3315393968,2.25867077749,4.29147447723,2.2161700886,1.89163677615,1.15351882789,0.537253354811,1.97556672822,1.04744813107
G[C>T]C,3.5632456688,2.41575977546,4.58994357338,3.25303010233,2.02319881195,2.38928024878,0.788613358142,4.09198571344,2.16957631786
G[C>T]G,0.47860829446,0.324480199634,0.616512379305,2.99106795299,0.271752167194,0.600920711204,0.725107382543,1.02916305712,0.545663634312
G[C>T]T,3.26215734773,2.21163210015,4.20210099029,2.49025670585,1.85224188388,1.71006181273,0.603698595358,2.92872655284,1.55281474949
T[C>T]A,4.12356605051,2.79563800035,5.31171220066,6.80725365517,2.34134682529,1.53885686193,1.65024331035,2.63551347618,1.39735278267
T[C>T]C,7.91928492986,5.36900673211,10.201112791,2.64800200627,4.49654313814,3.17782770178,0.641939880307,5.44248652374,2.88561366024
T[C>T]G,3.82929357322,2.59613123608,4.93264934856,3.05650486823,2.17425991022,0.441673513889,0.740970877147,0.756429351374,0.40105985744
T[C>T]T,3.05055157527,2.06817055951,3.92952406306,4.50166703111,1.73209284359,2.19948294642,1.09131321966,3.76693056341,1.997231641
A[T>A]A,0.222620840736,0.15092938355,0.286765828744,4.63423972813,0.126403358723,1.29820409623,1.12345205531,2.22336103837,1.17882900692
A[T>A]C,0.313076597319,0.212255320216,0.403285108411,0.501545216076,0.177763830681,0.492808080444,0.121586719049,0.84400464352,0.447492394886
A[T>A]G,0.249876715533,0.169407942734,0.321875091195,0.634389457282,0.14187915204,1.73203881777,0.153791383583,2.96636533158,1.5727708805
A[T>A]T,0.717920732371,0.486725920251,0.924779248477,1.39027789095,0.40763295821,0.604809490325,0.337037064472,1.0358231501,0.549194824548
C[T>A]A,0.150046365309,0.101726349362,0.193280063787,9.01126755658,0.0851958175905,2.08783584605,2.18454971069,3.57571886277,1.89585094066
C[T>A]C,0.747703751649,0.506917797728,0.963143815684,0.813049506612,0.424543655597,1.7023207751,0.197102910694,2.91546891368,1.54578553141
C[T>A]G,0.433992129187,0.294231951991,0.559040708784,1.71329719942,0.246419259793,5.10599854611,0.415344775617,8.7447561307,4.63648143842
C[T>A]T,0.620901922891,0.420950456198,0.799805866775,1.31952161655,0.352546007065,1.79713895838,0.319884028255,3.07785867585,1.63188480129
G[T>A]A,0.0977383256545,0.0662632716302,0.125900216097,3.60390260169,0.0554954899903,1.29106002347,0.873673357986,2.21112578733,1.17234186039
G[T>A]C,0.352000713463,0.2386445515,0.453424647851,0.358894712173,0.199864811882,0.381457509051,0.0870047787086,0.653300791363,0.346380956494
G[T>A]G,0.185429673442,0.125715032842,0.2388585624,0.934511318122,0.105286340005,1.3290982429,0.226548198333,2.27627170335,1.20688231251
G[T>A]T,0.252588218872,0.171246250082,0.325367875157,0.692214424408,0.143418734444,0.439092683807,0.167809557432,0.752009309048,0.398716345066
T[T>A]A,0.232631180693,0.157716054707,0.299660503943,2.89228824867,0.132087195817,1.10335013851,0.701160787556,1.88964563951,1.0018926545
T[T>A]C,0.444034997869,0.301040676522,0.571977285391,0.390488448899,0.252121566587,0.892525675539,0.0946638663997,1.52857845581,0.810454349053
T[T>A]G,0.254555640053,0.172580094951,0.327902180408,0.933591572877,0.144535829522,1.74057676771,0.226325229788,2.98098779758,1.5805237316
T[T>A]T,0.636864138854,0.431772297528,0.820367365304,1.18032190642,0.36160929918,0.984908772019,0.286138643979,1.68679778196,0.894342448155
A[T>C]A,1.95493776094,1.32538153284,2.5182249124,2.165280991,1.11000703376,1.40106148619,0.52491660388,2.39951909703,1.27222824608
A[T>C]C,1.48290957196,1.00536242167,1.91018860117,1.06365909787,0.841991028146,0.438135492844,0.257856750998,0.750369981998,0.397847171663
A[T>C]G,3.56767156528,2.41876038324,4.59564472815,1.95436542602,2.02571182096,0.772359442463,0.473785557822,1.3227765164,0.701337884535
A[T>C]T,1.20030299064,0.81376473942,1.5461530049,1.87064109486,0.681527969265,0.898422340328,0.453488750269,1.53867734148,0.815808791792
C[T>C]A,1.37332406464,0.93106716247,1.76902760869,1.32491078477,0.779768748569,0.568440209896,0.321190493277,0.973535531891,0.516169845767
C[T>C]C,2.03821125775,1.38183814085,2.62549246761,1.40854263464,1.15728944296,0.833176074155,0.341464881124,1.4269337362,0.756562182279
C[T>C]G,4.73382751803,3.2093745885,6.09781171814,1.79764139215,2.68785121787,0.754007306636,0.435791852642,1.291345847,0.684673301428
C[T>C]T,1.58580309088,1.07512073958,2.0427294052,1.84548728681,0.900413619399,0.576537743408,0.447390857409,0.987403721468,0.523522778497
G[T>C]A,0.692415028751,0.469433917797,0.891924443815,1.39465268716,0.393150906155,0.451885212316,0.33809762113,0.773918352128,0.410332549115
G[T>C]C,0.526186621495,0.356736692539,0.677799715824,0.982484824654,0.298766980002,0.305235566526,0.23817813931,0.522759763361,0.277167928225
G[T>C]G,1.90262406766,1.28991462214,2.45083778208,1.31024296926,1.08030349605,0.418029791541,0.317634659214,0.715936079765,0.379590270479
G[T>C]T,0.760610822299,0.515668354101,0.979769872792,1.46431193658,0.43187224656,0.38922613091,0.354984711899,0.666605672478,0.353435222321
T[T>C]A,1.04258077118,0.706834421142,1.34298540017,1.44260749207,0.591973827706,0.596729651527,0.349723028381,1.02198526526,0.541857959433
T[T>C]C,1.38451853031,0.93865663072,1.78344759837,1.44503775162,0.786124928228,0.633549579403,0.350312182212,1.08504468197,0.575292146814
T[T>C]G,1.79532361348,1.21716855152,2.31262024788,1.00087722156,1.01937866189,0.478028280416,0.242636902197,0.818692112437,0.43407165693
T[T>C]T,0.965953542512,0.654883757635,1.24427913951,2.19712493597,0.54846514702,0.498718359633,0.532636348113,0.854126845808,0.452859200126
A[T>G]A,0.136619468568,0.0926233685205,0.175984400189,1.73059439269,0.0775720711359,0.179479026508,0.419538034592,0.307383620111,0.162975207978
A[T>G]C,0.280303979176,0.190036596051,0.361069532498,0.401005344712,0.159155649193,0.209200871617,0.0972134168998,0.35828655024,0.189964009859
A[T>G]G,0.250071840286,0.169540230702,0.322126438335,0.49536122029,0.141989943213,0.272196312247,0.120087568555,0.466175293388,0.247166766293
A[T>G]T,1.17871510268,0.799128883175,1.51834487803,1.32901779302,0.669270439659,0.914994760564,0.322186131642,1.56705999223,0.830857311317
C[T>G]A,0.124518609136,0.0844193960245,0.160396852447,1.06395789986,0.0707012441706,0.132851562971,0.257929187844,0.227527389456,0.120635327296
C[T>G]C,1.01799962311,0.690169236007,1.31132154841,0.609148814363,0.578016735156,0.487785377512,0.147672439845,0.835402543095,0.442931549695
C[T>G]G,1.174204759,0.79607102305,1.51253494379,1.12192600752,0.666709481804,0.501728498784,0.27198206243,0.859282141596,0.455592544873
C[T>G]T,2.62961754026,1.78279155272,3.38730395016,3.24919090369,1.4930879254,1.38226030143,0.787682643318,2.36731936682,1.2551559059
G[T>G]A,0.00926648930539,0.00628236563078,0.0119364946985,0.478269794741,0.00526148121577,0.0538731082809,0.115944192665,0.0922654383202,0.0489192592436
G[T>G]C,0.225203549422,0.152680372489,0.29009270773,0.0640635055324,0.12786981196,0.0889327091233,0.0155305467957,0.152310042062,0.0807549887441
G[T>G]G,0.326771846776,0.221540235103,0.420926446695,0.833972239098,0.185539946898,0.351075404211,0.202175088266,0.60126707158,0.318792608422
G[T>G]T,0.879720347515,0.596420574586,1.13319909171,1.23762272493,0.499502231216,0.419176839297,0.300029751499,0.717900563853,0.38063184258
T[T>G]A,0.18922287776,0.128286696787,0.243744723895,2.49321922653,0.107440108559,0.265876282939,0.60441678219,0.455351335148,0.241427889105
T[T>G]C,0.497480283735,0.337274768634,0.640822060404,0.672278959601,0.282467618731,0.418126288019,0.162976717479,0.716101343849,0.379677893718
T[T>G]G,0.296513598913,0.201026168754,0.381949720633,0.736673867259,0.168359416332,0.380383465412,0.178587604184,0.651461337315,0.345405675489
T[T>G]T,3.00730068828,2.03884792425,3.87381105608,3.91776190183,1.70753513656,2.34595467657,0.94976046105,4.01778444607,2.13023470631
