,1,3,2,5,4,7,6,9,8
A[C>A]A,2.57420782421,1.08116728617,1.09832867166,1.75046132047,1.18413559914,2.11085041586,3.10621077455,2.96891969059,0.68645541979
A[C>A]C,2.08993003957,0.877770616618,0.891703483548,1.4211524269,0.9613678182,1.71374263244,2.52184891441,2.41038597897,0.557314677217
A[C>A]G,0.742898260446,0.312017269387,0.316969924457,0.505170817103,0.341733199805,0.609176573566,0.896430567605,0.856809327048,0.198106202786
A[C>A]T,1.52645348584,0.641110464054,0.651286820626,1.03798837037,0.702168603487,1.25169185839,1.84192053958,1.760509687,0.407054262891
C[C>A]A,2.7347804524,1.14860779001,1.16683965969,1.85965070763,1.2579990081,2.24251997097,3.29996841256,3.1541134551,0.729274787306
C[C>A]C,1.63202900081,0.685452180341,0.696332373679,1.10977972055,0.750733340373,1.33826378067,1.96931499431,1.8822734476,0.43520773355
C[C>A]G,0.765249107814,0.321404625282,0.326506286001,0.520369393314,0.352014589595,0.627504268408,0.923400590096,0.882587304346,0.204066428751
C[C>A]T,3.15860260732,1.32661309507,1.34767044579,2.14784977297,1.45295719937,2.590054138,3.81138047949,3.64292167377,0.842294028617
G[C>A]A,3.22278733743,1.35357068172,1.37505593064,2.19149538945,1.48248217522,2.64268561669,3.88883005383,3.7169480625,0.859409956648
G[C>A]C,3.71921298154,1.56206945225,1.58686420546,2.52906482745,1.71083797151,3.04975464487,4.48785033106,4.28949230538,0.991790128412
G[C>A]G,1.06240880643,0.446211698701,0.453294424077,0.722437988373,0.488708050958,0.871175221273,1.28197329309,1.22531149008,0.283309015048
G[C>A]T,3.46462023115,1.45514049708,1.47823796529,2.35594175718,1.59372530633,2.84098858954,4.18064174559,3.99586199993,0.923898728307
T[C>A]A,1.6276132522,0.683597565923,0.694448320938,1.10677701149,0.748702096011,1.3346428668,1.96398665765,1.87718061753,0.434030200586
T[C>A]C,2.02144657843,0.849007562939,0.862483873462,1.37458367333,0.929865426076,1.65758619431,2.43921220464,2.33140172045,0.539052420914
T[C>A]G,0.610026607873,0.256211175307,0.260278019359,0.414818093354,0.280612239622,0.500221818456,0.736098773501,0.703564021081,0.1626737621
T[C>A]T,2.74109029558,1.15125792414,1.16953185945,1.86394140099,1.26090153597,2.24769404237,3.30758229,3.16139080757,0.730957412154
A[C>G]A,0.542735312513,0.227948831255,0.231567066672,0.369060012509,0.249658243756,0.445042956261,0.654900610432,0.625954727098,0.14472941667
A[C>G]C,0.25371785818,0.106561500436,0.108252952823,0.172528143562,0.116710214763,0.208048643708,0.306152882204,0.292621263101,0.0676580955146
A[C>G]G,0.0297084602071,0.012477553287,0.0126756096884,0.0202017529408,0.0136658916953,0.0243609373698,0.0358482086499,0.0342637574389,0.00792225605523
A[C>G]T,0.271011278771,0.113824737084,0.115631478942,0.184287669564,0.124665188235,0.222229248592,0.327020276383,0.312566341515,0.0722696743388
C[C>G]A,0.342024488623,0.143650285222,0.145930448479,0.232576652264,0.157331264767,0.280460080671,0.412709549606,0.394468243546,0.0912065302996
C[C>G]C,0.298011702632,0.125164915106,0.12715165979,0.20264795779,0.137085383211,0.244369596158,0.359600787843,0.343706830369,0.0794697873686
C[C>G]G,0.0948458931311,0.0398352751151,0.0404675810693,0.0644952073292,0.0436291108403,0.0777736323675,0.114447377712,0.109388930078,0.0252922381683
C[C>G]T,0.287017606106,0.120547394565,0.122460845272,0.195171972152,0.132028098809,0.235354437007,0.346334578035,0.331026972376,0.076538028295
G[C>G]A,0.172443783172,0.0724263889322,0.0735760141533,0.117261772557,0.0793241402591,0.141403902201,0.208082165027,0.198885163258,0.0459850088458
G[C>G]C,0.20509790945,0.086141121969,0.0875084413653,0.139466578426,0.094345038347,0.168180285749,0.247484810736,0.236546255566,0.0546927758533
G[C>G]G,0.0836767518968,0.0351442357967,0.0357020808093,0.0569001912898,0.0384913058725,0.0686149365554,0.100969947289,0.0965071871877,0.0223138005058
G[C>G]T,0.311482331543,0.130822579248,0.132899128125,0.211807985449,0.14328187251,0.255415511865,0.375855346728,0.359242955713,0.0830619550781
T[C>G]A,0.229121009925,0.0962308241687,0.0977582975682,0.155802286749,0.105395664566,0.187879228139,0.27647268531,0.264252898114,0.0610989359801
T[C>G]C,0.214454929403,0.0900710703494,0.0915007698788,0.145829351994,0.0986492675256,0.175853042111,0.258775614813,0.247338018579,0.0571879811743
T[C>G]G,0.0539289384201,0.0226501541365,0.0230096803926,0.0366716781257,0.0248073116733,0.0442217295045,0.0650742523603,0.0621980423112,0.0143810502454
T[C>G]T,0.324114864707,0.136128243177,0.138289008942,0.220398108001,0.149092837765,0.26577418906,0.391098603413,0.373812477295,0.0864306305885
A[C>T]A,1.44304551389,0.606079115833,0.615699419259,0.981270949443,0.663800936388,1.18329732139,1.74127492009,1.66431249268,0.384812137037
A[C>T]C,1.27982996344,0.537528584646,0.546060784402,0.87028437514,0.588721783183,1.04946057002,1.54432815589,1.47607055784,0.341287990251
A[C>T]G,2.63622165081,1.10721309334,1.12478790435,1.79263072255,1.21266195937,2.16170175366,3.18104079198,3.04044230393,0.702992440216
A[C>T]T,0.817735500095,0.34344891004,0.34890048004,0.556060140064,0.376158330044,0.670543110078,0.986734170114,0.943121610109,0.218062800025
C[C>T]A,1.70341999518,0.715436397975,0.726792531276,1.15832559672,0.783573197782,1.39680439605,2.05546012752,1.96461106111,0.454245332048
C[C>T]C,1.22101691813,0.512827105613,0.5209672184,0.830291504326,0.561667782338,1.00123387286,1.47336041454,1.40823951224,0.3256045115
C[C>T]G,2.02718060129,0.851415852542,0.864930389884,1.37848280888,0.932503076593,1.66228809306,2.44613125889,2.33801496015,0.540581493677
C[C>T]T,1.08035920199,0.453750864837,0.460953259517,0.734644257355,0.496965232916,0.885894545634,1.30363343707,1.24601427963,0.288095787198
G[C>T]A,2.27217840025,0.954314928106,0.969462784108,1.54508131217,1.04520206412,1.86318628821,2.7417619363,2.62057908829,0.605914240067
G[C>T]C,3.26592731966,1.37168947426,1.39346232306,2.22083057737,1.50232656704,2.67806040212,3.94088563239,3.76670284201,0.87091395191
G[C>T]G,4.8571887781,2.0400192868,2.07240054532,3.30288836911,2.23430683793,3.98289479804,5.86100779224,5.60195772408,1.29525034083
G[C>T]T,2.31351569497,0.971676591886,0.987100029853,1.57319067258,1.06421721968,1.89708286987,2.79164227193,2.6682547682,0.616937518658
T[C>T]A,1.7123877984,0.719202875329,0.730618793985,1.16442370291,0.787698387265,1.40415799469,2.06628127674,1.97495392749,0.456636746241
T[C>T]C,1.45922521231,0.61287458917,0.622602757252,0.992273144371,0.671243597662,1.19656467409,1.76079842285,1.6829730782,0.389126723283
T[C>T]G,1.4106596052,0.592477034183,0.601881431551,0.959248531534,0.648903418391,1.15674087626,1.70219592361,1.62696074466,0.376175894719
T[C>T]T,1.53099928372,0.643019699164,0.653226361056,1.04107951293,0.704259670513,1.25541941265,1.84740580236,1.76575250723,0.40826647566
A[T>A]A,2.67479742979,1.12341492051,1.14124690338,1.81886225226,1.2304068177,2.19333389243,3.22758889861,3.08493303569,0.71327931461
A[T>A]C,0.924777495977,0.388406548311,0.394571731617,0.628848697265,0.42539764815,0.758317546702,1.11589817848,1.06657671203,0.246607332261
A[T>A]G,3.62838959219,1.52392362872,1.54811289267,2.46730492269,1.66905921241,2.9752794656,4.37825677458,4.184742663,0.967570557918
A[T>A]T,1.27170008939,0.534114037546,0.542592038142,0.864756060788,0.584982041121,1.0427940733,1.53451810787,1.4666941031,0.339120023839
C[T>A]A,4.49188554008,1.88659192683,1.91653783043,3.05448216725,2.06626734844,3.68334614287,5.4202085517,5.18064132289,1.19783614402
C[T>A]C,3.10701083662,1.30494455138,1.32565795696,2.1127673689,1.42922498484,2.54774888603,3.74912640952,3.5834191649,0.828536223098
C[T>A]G,10.9962866429,4.61844039002,4.69174896764,7.47747491718,5.05829185574,9.01695504719,13.2688525491,12.6823839282,2.93234310478
C[T>A]T,4.0057331075,1.68240790515,1.70911279253,2.7238985131,1.84263722945,3.28470114815,4.83358461638,4.61994551731,1.06819549533
G[T>A]A,2.88686357424,1.21248270118,1.23172845834,1.96306723049,1.32795724415,2.36722813088,3.48348204625,3.32951598896,0.769830286465
G[T>A]C,0.709266691556,0.297892010453,0.302620455064,0.482301350258,0.326262678116,0.581598687076,0.855848474477,0.818020917594,0.189137784415
G[T>A]G,2.75975641275,1.15909769335,1.17749606944,1.87663436067,1.26948794986,2.26300025845,3.33010607138,3.1829190627,0.735935043399
G[T>A]T,0.798038185908,0.335176038081,0.340496292654,0.542665966417,0.367097565518,0.654391312445,0.962966077662,0.920404041081,0.212810182909
T[T>A]A,2.32789664817,0.977716592232,0.99323590322,1.58296972076,1.07083245816,1.9088752515,2.80899528879,2.68484080089,0.620772439512
T[T>A]C,1.54259960458,0.647891833924,0.658175831288,1.04896773111,0.709595818107,1.26493167576,1.86140352286,1.77913154395,0.411359894555
T[T>A]G,3.75851995124,1.57857837952,1.60363517919,2.55579356684,1.72891917757,3.08198636001,4.53528074116,4.33482634376,1.002271987
T[T>A]T,1.42107575693,0.59685181791,0.60632565629,0.966331514712,0.653694848188,1.16528212068,1.71476474669,1.63897403966,0.378953535181
A[T>C]A,1.81485230461,0.762237967938,0.774336983302,1.23409956714,0.834832060122,1.48817888978,2.1899217809,2.09312965799,0.483960614564
A[T>C]C,0.744200659234,0.312564276878,0.317525614606,0.506056448279,0.342332303248,0.610244540572,0.898002128809,0.858311426983,0.198453509129
A[T>C]G,1.27407432873,0.535111218066,0.543605046925,0.866370543536,0.586074191216,1.04474094956,1.53738302333,1.46943239247,0.339753154328
A[T>C]T,0.93892719688,0.394349422689,0.400608937335,0.638470493878,0.431906510565,0.769920301441,1.1329721509,1.08289603373,0.250380585835
C[T>C]A,0.619962013797,0.260384045795,0.264517125887,0.421574169382,0.285182526347,0.508368851314,0.748087496649,0.715022855913,0.165323203679
C[T>C]C,1.33620830463,0.561207487944,0.570115543309,0.908621647148,0.61465582013,1.0956908098,1.61235802092,1.54109357801,0.356322214568
C[T>C]G,1.42162067467,0.597080683362,0.606558154526,0.966702058776,0.653945510349,1.16572895323,1.71542228077,1.63960251145,0.379098846579
C[T>C]T,2.79543157909,1.17408126322,1.19271747375,1.90089347378,1.28589852638,2.29225389485,3.37315410544,3.22406442122,0.745448421091
G[T>C]A,0.946396910572,0.39748670244,0.403796015177,0.643549899189,0.435342578863,0.776045466669,1.14198560542,1.09151110353,0.252372509486
G[T>C]C,1.41192091585,0.593006784655,0.602419590761,0.960106222775,0.649483621289,1.15777515099,1.70371790512,1.62841545628,0.376512244226
G[T>C]G,0.819402373517,0.344148996877,0.349611679367,0.557193613992,0.376925091818,0.671909946284,0.988745530711,0.94504407079,0.218507299605
G[T>C]T,1.02464300142,0.430350060596,0.437181013939,0.696757240966,0.471335780653,0.840207261164,1.23640255505,1.1817549283,0.273238133712
T[T>C]A,0.955742264758,0.401411751198,0.407783366297,0.649904740035,0.439641441789,0.783708657101,1.15326233281,1.10228941202,0.254864603935
T[T>C]C,0.796427545894,0.334499569275,0.339809086248,0.541570731208,0.366356671111,0.653070587633,0.961022572045,0.918546436264,0.212380678905
T[T>C]G,0.524511293543,0.220294743288,0.223791485245,0.356667679609,0.24127519503,0.430099260705,0.632910294208,0.604936358553,0.139869678278
T[T>C]T,0.688074127295,0.288991133464,0.293578294312,0.46789040656,0.316514098556,0.564220784382,0.830276113602,0.793578826813,0.183486433945
A[T>G]A,0.382135123795,0.160496751994,0.163044319486,0.259851884181,0.175782156946,0.313350801512,0.461109716046,0.44072917611,0.101902699679
A[T>G]C,0.239441853446,0.100565578447,0.10216185747,0.162820460343,0.110143252585,0.196342319826,0.288926503159,0.276156270975,0.063851160919
A[T>G]G,0.341587591173,0.143466788293,0.1457440389,0.232279561998,0.15713029194,0.280101824762,0.412182360015,0.393964355153,0.0910900243128
A[T>G]T,0.967308886117,0.406269732169,0.412718458077,0.65777004256,0.444962087614,0.793193286616,1.16721938925,1.11562958199,0.257949036298
C[T>G]A,0.268614965893,0.112818285675,0.114609052114,0.182658176807,0.123562884311,0.220264272032,0.324128725511,0.309802593997,0.0716306575715
C[T>G]C,0.652690460926,0.274129993589,0.278481263328,0.44382951343,0.300237612026,0.535206177959,0.787579822851,0.752769664935,0.17405078958
C[T>G]G,0.761659401934,0.319896948812,0.324974678159,0.517928393315,0.35036332489,0.624560709586,0.919069011667,0.878447176897,0.203109173849
C[T>G]T,6.42626700439,2.69903214184,2.74187392187,4.36986156298,2.95608282202,5.2695389436,7.7543621853,7.41162794506,1.71367120117
G[T>G]A,0.0858252682944,0.0360466126837,0.036618781139,0.0583611824402,0.0394796234154,0.0703767200014,0.103562490409,0.0989851427662,0.0228867382118
G[T>G]C,0.274843529412,0.115434282353,0.117266572549,0.1868936,0.126428023529,0.225371694118,0.33164452549,0.316986203922,0.0732916078432
G[T>G]G,0.472813765483,0.198581781503,0.201733873273,0.321513360528,0.217494332122,0.387707287696,0.570528610349,0.54531187619,0.126083670795
G[T>G]T,2.03957914698,0.856623241733,0.870220436046,1.38691381995,0.938206407612,1.67245490053,2.46109217069,2.35231461619,0.543887772529
T[T>G]A,0.516784205191,0.21704936618,0.220494594215,0.35141325953,0.237720734388,0.423763048256,0.623586274263,0.596024449986,0.137809121384
T[T>G]C,0.322849501667,0.1355967907,0.137749120711,0.219537661134,0.148510770767,0.264736591367,0.389571732012,0.372353091923,0.0860932004446
T[T>G]G,0.401767685222,0.168742427793,0.171420879028,0.273202025951,0.184813135202,0.329449501882,0.484799673501,0.463372063623,0.107138049393
T[T>G]T,1.99119713053,0.836302794824,0.849577442361,1.35401404876,0.915950680046,1.63278164704,2.40271120418,2.29651402388,0.530985901476
