,1,3,2,5,4,7,6,9,8
A[C>A]A,1.72501902361,0.473148075048,0.552006087556,1.87287779706,0.571720590683,1.07805712543,0.542148835992,0.255810165356,0.548164640048
A[C>A]C,1.51897037672,0.416631874756,0.486070520549,1.64916783758,0.503430181997,0.97207278901,0.477390689825,0.230661339765,0.494274299497
A[C>A]G,0.762235562666,0.20907032576,0.243915380053,0.827570039466,0.252626643627,0.2468116958,0.239559748267,0.0585654871389,0.125497472441
A[C>A]T,1.6931443785,0.464405315246,0.54180620112,1.83827103951,0.561156422589,0.871773655241,0.532131090386,0.206861545311,0.443274739953
C[C>A]A,2.36463615382,0.648585916477,0.756683569223,2.56731925272,0.78370798241,1.43372467901,0.74317136263,0.340205856036,0.729012548648
C[C>A]C,2.97643266264,0.816392958895,0.952458452045,3.23155546229,0.986474825332,1.17914451682,0.935450265401,0.279797003991,0.599565008553
C[C>A]G,0.638329548688,0.175084676212,0.20426545558,0.693043510004,0.211560650422,0.33247047785,0.200617858159,0.0788912998289,0.169052785348
C[C>A]T,4.51060970753,1.23719580549,1.44339510641,4.89723339675,1.49494493164,1.7665124408,1.41762019379,0.41917244358,0.898226664813
G[C>A]A,2.20476739328,0.6047361993,0.70552556585,2.39374745556,0.730722907488,0.982624471574,0.692926895031,0.233165128848,0.499639561818
G[C>A]C,2.37189106008,0.650575833621,0.759005139224,2.57519600808,0.786112465625,1.45316227191,0.745451476024,0.344818166217,0.738896070464
G[C>A]G,1.00296576533,0.275099181347,0.320949044905,1.0889342595,0.332411510794,0.335353026756,0.31521781196,0.0795752944844,0.170518488181
G[C>A]T,2.65669350363,0.728693075283,0.850141921163,2.88441008966,0.880504132633,1.96280555717,0.834960815428,0.465750471193,0.998036723984
T[C>A]A,1.66071461919,0.45551029555,0.531428678142,1.80306158655,0.55040827379,0.944679767293,0.521938880318,0.224161300714,0.480345644386
T[C>A]C,2.52024666969,0.691267657972,0.806478934301,2.73626781281,0.835281753383,1.19782947719,0.79207752476,0.2842307234,0.609065835857
T[C>A]G,0.550933876743,0.151113291907,0.176298840558,0.598156780464,0.18259522772,0.279879875226,0.173150646976,0.0664121737823,0.142311800962
T[C>A]T,2.68111131168,0.735390531203,0.857955619737,2.91092085268,0.88859689187,1.47110855521,0.84263498367,0.349076606321,0.748021299259
A[C>G]A,0.521289168956,0.142982172057,0.166812534066,0.565971097724,0.172770124568,0.685128412483,0.163833738815,0.16257284364,0.348370379229
A[C>G]C,0.330143004028,0.0905535096762,0.105645761289,0.358440975801,0.109418824192,0.35746785804,0.103759229837,0.0848228815688,0.181763317647
A[C>G]G,0.284882494434,0.0781391984732,0.0911623982188,0.309300993957,0.0944181981552,0.193943278385,0.0895344982506,0.0460204389389,0.0986152262977
A[C>G]T,0.364935618562,0.100096626805,0.11677939794,0.396215814438,0.120950090723,0.661881286908,0.114694051548,0.157056576554,0.336549806902
C[C>G]A,0.533989057207,0.146465569977,0.170876498306,0.579759547825,0.176979230389,0.493868193903,0.167825132265,0.11718906296,0.251119420629
C[C>G]C,0.460270457003,0.126245611064,0.147286546241,0.49972221046,0.152546780035,0.397218433755,0.144656429344,0.0942552215689,0.201975474791
C[C>G]G,0.350581864587,0.096159597144,0.112186196668,0.380631738695,0.116192846549,0.175164566385,0.110182871727,0.0415644733794,0.0890667286702
C[C>G]T,0.478398000953,0.131217737404,0.153087360305,0.519403543892,0.15855476603,0.66746187003,0.150353657442,0.158380782719,0.339387391541
G[C>G]A,0.616094640215,0.168985958459,0.197150284869,0.668902752234,0.204191366471,0.465633589431,0.193629744068,0.110489326306,0.236762842084
G[C>G]C,0.671230794095,0.184109017809,0.21479385411,0.72876486216,0.222465063186,0.47180021811,0.210958249573,0.111952594128,0.239898415988
G[C>G]G,0.281839692342,0.077304601328,0.0901887015494,0.305997380257,0.0934097266047,0.105080521918,0.0885781890217,0.0249343611331,0.0534307738566
G[C>G]T,0.361399443438,0.0991267044859,0.1156478219,0.39237653859,0.119778101254,0.51147711277,0.113582682223,0.121367450488,0.260073108188
T[C>G]A,0.734645658573,0.201502809209,0.235086610743,0.797615286451,0.243482561127,0.624243852489,0.230888635551,0.148125659913,0.317412128384
T[C>G]C,0.584279860864,0.16025961898,0.186969555477,0.634360991796,0.193647039601,0.621373267701,0.183630813414,0.1474445042,0.315952509
T[C>G]G,0.205162428337,0.0562731232011,0.065651977068,0.222747779338,0.0679966905347,0.0979773333895,0.0644796203346,0.0232488587704,0.0498189830794
T[C>G]T,0.990083827204,0.271565849748,0.316826824705,1.07494815525,0.328142068445,1.18785533813,0.311169202836,0.28186397854,0.603994239729
A[C>T]A,4.32966857163,1.18756623679,1.38549394292,4.70078302063,1.43497586946,2.02783006589,1.36075297966,0.481180015635,1.0311000335
A[C>T]C,4.28037909631,1.17404683784,1.36972131082,4.64726873313,1.41863992906,1.72732783528,1.3452620017,0.409874401591,0.878302289123
A[C>T]G,2.67329691837,0.733247154753,0.855455013878,2.90243665423,0.886006978659,3.67003414157,0.840179031487,0.870855559017,1.86611905504
A[C>T]T,2.61560584111,0.717423316417,0.836993869154,2.83980062749,0.866886507338,1.06347238118,0.822047550062,0.252349378585,0.540748668396
C[C>T]A,4.70684012788,1.2910190065,1.50618884092,5.11028356741,1.55998129953,1.72124112309,1.47929261162,0.408430097003,0.875207350721
C[C>T]C,5.13063197206,1.40725905519,1.64180223106,5.57040042681,1.70043802503,1.62370161425,1.61248433408,0.385285128805,0.825610990297
C[C>T]G,2.76052091324,0.75717145049,0.883366692238,2.99713699152,0.914915502675,2.56340452183,0.867592287019,0.608265479757,1.30342602805
C[C>T]T,3.78185142285,1.03730781884,1.21019245531,4.10601011624,1.25341361443,1.50777929792,1.18858187575,0.357778138489,0.76666743962
G[C>T]A,4.00522700425,1.09857654974,1.28167264136,4.34853217604,1.32744666426,3.41664509816,1.25878562991,0.810729345326,1.73727716855
G[C>T]C,4.97434282432,1.36439117467,1.59178970378,5.4007150664,1.64863933606,6.8633915754,1.56336488764,1.62860139077,3.48986012309
G[C>T]G,2.47007578761,0.677506501746,0.790424252037,2.68179656941,0.818653689609,8.02378556977,0.77630953325,1.90394911825,4.07989096768
G[C>T]T,3.05806160822,0.838782612541,0.978579714631,3.32018117464,1.01352899015,4.0667705864,0.96110507687,0.964996410332,2.06784945071
T[C>T]A,4.76876886976,1.30800517571,1.52600603832,5.17752048717,1.58050625398,3.78540071772,1.4987559305,0.898230678782,1.92478002596
T[C>T]C,6.36157988862,1.74489048374,2.03570556436,6.90685816478,2.10840933451,2.55561620506,1.99935367928,0.606417404592,1.29946586698
T[C>T]G,1.77040350044,0.485596388693,0.566529120142,1.92215237191,0.586762303004,1.83076775336,0.556412528711,0.434419466899,0.930898857641
T[C>T]T,4.21290063897,1.15553846097,1.34812820447,4.57400640802,1.39627564034,2.40294611272,1.32405448653,0.570190603018,1.22183700647
A[T>A]A,1.64691990952,0.451726603755,0.527014371047,1.7880844732,0.54583631287,0.625291638224,0.517603400136,0.148374287036,0.317944900792
A[T>A]C,0.926156725227,0.254031558919,0.296370152073,1.00554158739,0.306954800361,1.24988201034,0.291077827928,0.296582171945,0.635533225596
A[T>A]G,1.57340437203,0.431562342041,0.503489399048,1.70826760391,0.5214711633,0.438060311282,0.494498516922,0.103946514541,0.22274253116
A[T>A]T,1.03860796435,0.284875327365,0.332354548592,1.12763150415,0.344224353899,0.816142363254,0.326419645939,0.193660899755,0.414987642333
C[T>A]A,2.46368469662,0.675753516788,0.788379102919,2.67485767062,0.816535499452,0.370624495192,0.774300904653,0.0879447954692,0.188453133148
C[T>A]C,1.88980172946,0.518345617222,0.604736553426,2.05178473484,0.626334287477,0.715804146009,0.593937686401,0.169851831256,0.363968209835
C[T>A]G,4.24793032663,1.16514660388,1.35933770452,4.61203864034,1.40788547968,0.76066326152,1.33506381694,0.18049636714,0.386777929587
C[T>A]T,2.41192504361,0.661556583389,0.771816013954,2.61866147592,0.799380871596,0.555124839056,0.758033585134,0.131724538081,0.282266867316
G[T>A]A,1.36607201468,0.374694038312,0.437143044698,1.48316390165,0.452755296294,0.231795603826,0.4293369189,0.0550023466706,0.117862171437
G[T>A]C,0.796408597866,0.218443501129,0.254850751317,0.864672191968,0.263952563864,0.663984848841,0.250299845043,0.157555726844,0.337619414665
G[T>A]G,1.44845373209,0.397290166516,0.463505194268,1.57260690912,0.480058951207,0.50734706836,0.455228315799,0.12038743995,0.257973085607
G[T>A]T,0.862597348871,0.236598129976,0.276031151639,0.936534264489,0.285889407055,0.567636134936,0.271102023931,0.134693320154,0.288628543188
T[T>A]A,1.2521410665,0.343444406812,0.400685141281,1.35946744363,0.414995324898,0.445928416495,0.393530049472,0.105813522558,0.226743262625
T[T>A]C,1.0055203307,0.275799862135,0.321766505825,1.09170778762,0.333258166747,0.53461744611,0.316020675364,0.126858377043,0.271839379378
T[T>A]G,1.31367474703,0.360322216328,0.42037591905,1.42627543963,0.43538934473,0.304843734165,0.41286920621,0.0723358013274,0.155005288559
T[T>A]T,0.871719457013,0.239100193924,0.278950226244,0.946438267614,0.288912734324,0.449703959617,0.273968972204,0.106709414147,0.228663030314
A[T>C]A,1.37008983401,0.375796068756,0.438428746882,1.48752610549,0.454086916414,1.84837860606,0.430599662116,0.438598313303,0.939853528506
A[T>C]C,1.28120778673,0.351416992933,0.409986491755,1.39102559703,0.42462886646,1.1218006217,0.402665304402,0.266189978031,0.57040709578
A[T>C]G,1.91806434807,0.526097649757,0.613780591383,2.08246986362,0.63570132679,1.52332885996,0.60282022368,0.361467865075,0.77457399659
A[T>C]T,0.851363022119,0.233516714638,0.272436167078,0.924336995444,0.282166030188,1.38256503048,0.267571235523,0.32806627842,0.702999168043
C[T>C]A,1.01743123686,0.279066853538,0.325577995794,1.10463962859,0.337205781358,0.947884561492,0.319764103012,0.224921760354,0.481975200759
C[T>C]C,1.98300766092,0.543910672709,0.634562451493,2.15297974614,0.657225396189,0.932309357108,0.623230979145,0.221225949144,0.474055605309
C[T>C]G,2.48232991677,0.680867634315,0.794345573368,2.6951010525,0.822715058131,1.41638377776,0.780160830986,0.336091065909,0.720195141233
C[T>C]T,4.04354477612,1.10908656717,1.29393432836,4.39013432836,1.34014626866,1.08175691342,1.27082835821,0.25668808115,0.550045888178
G[T>C]A,2.13393315344,0.58530737923,0.682858609102,2.31684170945,0.70724641657,4.30071880353,0.670664705368,1.0205095466,2.18680617129
G[T>C]C,1.64163794037,0.450277835074,0.52532414092,1.78234976384,0.544085717381,3.65267717788,0.515943352689,0.866736957463,1.85729348028
G[T>C]G,2.10037071148,0.576101680862,0.672118627672,2.28040248675,0.696122864375,2.9253824226,0.660116509321,0.694158540956,1.48748258776
G[T>C]T,2.08622983857,0.572223041437,0.667593548343,2.26504953902,0.69143617507,3.05734550063,0.65567223498,0.72547181371,1.55458245795
T[T>C]A,0.922164415504,0.252936525395,0.295092612961,1.00120707969,0.305631634853,1.60774304502,0.289823102016,0.381498349666,0.81749646357
T[T>C]C,1.45603527868,0.399369676437,0.465931289177,1.58083830256,0.482571692361,1.56538518931,0.457611087584,0.371447333056,0.795958570835
T[T>C]G,1.23117016895,0.337692389198,0.393974454065,1.33669904058,0.408044970281,1.09899014004,0.386939195956,0.260777321366,0.558808545785
T[T>C]T,0.904175690503,0.248002475109,0.289336220961,0.981676463975,0.299669657424,1.22346463135,0.28416950273,0.290313641337,0.622100660008
A[T>G]A,0.257017138148,0.0704961293205,0.0822454842072,0.27904717856,0.0851828229289,0.142133934457,0.0807768148464,0.0337266963118,0.0722714920967
A[T>G]C,0.378896433042,0.103925878777,0.121246858574,0.41137327016,0.125577103523,0.182617913042,0.119081736099,0.0433330641117,0.0928565659535
A[T>G]G,0.501187906993,0.137468683061,0.160380130238,0.544146870449,0.166107992032,0.391394986442,0.157516199341,0.0928733866134,0.199014399886
A[T>G]T,1.47077640589,0.403412957043,0.470648449883,1.59684295496,0.487457323093,0.450928293434,0.462244013278,0.106999934035,0.229285572932
C[T>G]A,0.208877371299,0.057292078985,0.0668407588158,0.226781145982,0.0692279287735,0.0949066901504,0.065647173837,0.0225202315611,0.0482576390595
C[T>G]C,1.06271105811,0.291486461653,0.340067538595,1.15380057738,0.352212807831,0.334785435323,0.333994903977,0.0794406117717,0.170229882368
C[T>G]G,1.14879846813,0.315099008401,0.367615509801,1.24726690825,0.380744635152,0.414513650585,0.361050947126,0.0983591713251,0.21076965284
C[T>G]T,8.93401493146,2.45047266692,2.85888477807,9.69978763988,2.96098780586,0.644572135185,2.80783326417,0.152949320213,0.327748543315
G[T>G]A,0.127288989359,0.0349135513672,0.040732476595,0.138199474162,0.042187207902,0.125626145045,0.0400051109415,0.0298095937395,0.0638777008705
G[T>G]C,0.423815294535,0.116246480787,0.135620894251,0.46014231978,0.140464497617,0.223733381515,0.133199092568,0.0530892769697,0.113762736364
G[T>G]G,0.486462423047,0.133429693179,0.155667975375,0.528159202166,0.161227545924,0.565439183225,0.152888190101,0.134172009579,0.287511449097
G[T>G]T,2.38939804405,0.655377749224,0.764607374095,2.59420359068,0.791914780313,0.965299733685,0.750953670986,0.229054174095,0.49083037306
T[T>G]A,0.36319586287,0.099619436673,0.116222676118,0.394326936831,0.12037348598,0.241222646345,0.114147271188,0.0572392720142,0.122655582887
T[T>G]C,0.54698973981,0.150031471491,0.175036716739,0.593874574651,0.181288028051,0.269630682754,0.171911061083,0.0639801620094,0.137100347163
T[T>G]G,0.651630206642,0.178732856679,0.208521666125,0.707484224354,0.215968868487,0.414495085638,0.204798064945,0.0983547660837,0.210760213036
T[T>G]T,2.00308327507,0.549417126877,0.640986648023,2.17477612722,0.66387902831,0.539435071756,0.62954045788,0.128001542451,0.274289019537
