,1,3,2,5,4,7,6,9,8
A[C>A]A,0.806084828885,0.12516845169,0.245330165313,0.946273494778,0.165222356231,0.971307185116,0.110148237487,0.305411022124,0.320431236327
A[C>A]C,0.764347936113,0.118687567719,0.23262763273,0.897278011958,0.15666758939,0.921015525502,0.104445059593,0.289597665235,0.303840173362
A[C>A]G,0.0901643065667,0.0140006687215,0.0274413106942,0.105845055535,0.0184808827124,0.108645189279,0.012320588475,0.0341616316806,0.0358417119272
A[C>A]T,0.77418396768,0.120214901814,0.235621207555,0.908824657711,0.158683670394,0.932867638074,0.105789113596,0.293324360425,0.307750148643
C[C>A]A,1.28853588887,0.200083212557,0.392163096613,1.51262908693,0.264109840576,1.55264572945,0.176073227051,0.48820303864,0.512213024147
C[C>A]C,1.10730606194,0.171941935083,0.337006192764,1.29988102923,0.22696335431,1.33426941625,0.151308902873,0.419538321604,0.440171353814
C[C>A]G,0.290442675492,0.045099794331,0.0883955968888,0.340954445143,0.059531728517,0.349974404009,0.0396878190113,0.110043498168,0.115455473487
C[C>A]T,2.26902384214,0.352332894742,0.690572473694,2.66363668425,0.465079421059,2.7341032632,0.310052947373,0.85969226317,0.901972210539
G[C>A]A,0.790357640451,0.122726341685,0.240543629702,0.927811143138,0.161998771024,0.952356411475,0.107999180683,0.299452273711,0.314179434713
G[C>A]C,0.901835356872,0.140036546098,0.274471630352,1.0586762885,0.184848240849,1.08668359772,0.123232160566,0.341689172479,0.358493558011
G[C>A]G,0.106186839865,0.0164886397306,0.0323177338719,0.124654116363,0.0217650044443,0.127951844309,0.0145100029629,0.0402322809426,0.0422109177102
G[C>A]T,1.63507834785,0.253894153393,0.497632540651,1.91943979965,0.335140282479,1.97021863033,0.223426854986,0.619501734279,0.649969032686
T[C>A]A,1.45614044577,0.226108764871,0.443173179147,1.70938226242,0.29846356963,1.7546040154,0.198975713086,0.551705386285,0.57883843807
T[C>A]C,1.02910483759,0.159798887825,0.313205820137,1.20807959196,0.210934531929,1.24003936952,0.140623021286,0.389909286293,0.409085152832
T[C>A]G,0.196966178582,0.0305848103389,0.0599462282642,0.231221166162,0.0403719496473,0.23733812823,0.0269146330982,0.0746269372269,0.0782971144675
T[C>A]T,6.23423252989,0.968048529486,1.89737511779,7.31844688291,1.27782405892,7.51205658881,0.851882705947,2.36203841194,2.47820423548
A[C>G]A,0.418586298866,0.0649978724947,0.12739583009,0.49138391606,0.085797191693,0.504383490559,0.0571981277953,0.158594808887,0.166394553586
A[C>G]C,0.187082860703,0.0290501336495,0.056938261953,0.21961901039,0.0383461764173,0.22542903712,0.0255641176116,0.0708823261048,0.0743683421427
A[C>G]G,0.0407241366545,0.00632362370411,0.0123943024601,0.0478065952031,0.00834718328943,0.0490713199439,0.00556478885962,0.015429641838,0.0161884766825
A[C>G]T,0.360231526722,0.0559365724724,0.109635682046,0.422880487892,0.0738362756636,0.434067802386,0.0492241837757,0.136485236833,0.143197625529
C[C>G]A,0.29972929603,0.0465418161537,0.0912219596612,0.351856130122,0.0614351973229,0.361164493353,0.0409567982152,0.113562031415,0.119147049353
C[C>G]C,0.213532063214,0.0331571526729,0.0649880192389,0.250668074207,0.0437674415282,0.257299504742,0.0291782943522,0.0809034525219,0.0848823108427
C[C>G]G,0.0614025167499,0.00953455229035,0.0186877224891,0.0720812153151,0.0125856090233,0.0739881257731,0.00839040601551,0.0232643075885,0.0244084538633
C[C>G]T,0.217485164863,0.0337709883327,0.0661911371321,0.255308671795,0.0445777045991,0.262062869462,0.0297184697328,0.0824012115318,0.0864537301317
G[C>G]A,0.230466340685,0.0357866988642,0.0701419297738,0.270547443413,0.0472384425007,0.277704783186,0.0314922950005,0.0873195452286,0.0916139490923
G[C>G]C,0.311784798153,0.0484137885331,0.0948910255249,0.36600824131,0.0639062008637,0.375690999017,0.0426041339091,0.118129644021,0.123939298645
G[C>G]G,0.0352553851421,0.00547443868667,0.0107298998259,0.0413867564712,0.0072262590664,0.0424816442085,0.00481750604427,0.0133576303955,0.0140145630379
G[C>G]T,0.232209462467,0.0360573699483,0.0706724450986,0.272593716809,0.0475957283317,0.279805190799,0.0317304855545,0.0879799826738,0.0923068670676
T[C>G]A,0.371864715085,0.0577429681809,0.113176217634,0.436536839447,0.0762207179987,0.448085433083,0.0508138119992,0.140892842361,0.147821998543
T[C>G]C,0.285524246313,0.0443360630921,0.0868986836605,0.335180636976,0.0585236032815,0.344047849594,0.039015735521,0.108179993945,0.113500321516
T[C>G]G,0.0699219178349,0.0108574406576,0.0212805836889,0.0820822513714,0.014331821668,0.084253739503,0.00955454777869,0.0264921552045,0.0277950480835
T[C>G]T,0.662416126451,0.102859646964,0.20160490805,0.777618931051,0.135774733993,0.798190860444,0.0905164893287,0.250977538593,0.263320696229
A[C>T]A,2.15379675774,0.334440490332,0.655503361051,2.52837010691,0.441461447238,2.59525820498,0.294307631492,0.81603479641,0.85616765525
A[C>T]C,1.6688597356,0.259139710498,0.507913832575,1.95909621136,0.342064417857,2.01092415346,0.228042945238,0.632300893614,0.663397658874
A[C>T]G,7.02363190146,1.09062607166,2.13762710045,8.24513310172,1.43962641459,8.46325831605,0.959750943057,2.66112761484,2.79200274344
A[C>T]T,1.09994576376,0.170799031639,0.334766102013,1.29124067919,0.225454721764,1.32540048552,0.150303147842,0.416749637199,0.437245520996
C[C>T]A,1.70706410399,0.265072065837,0.519541249041,2.00394481773,0.349895126905,2.0569592309,0.233263417937,0.646775840643,0.678584488543
C[C>T]C,1.87475426429,0.291110910604,0.570577384785,2.20079848417,0.384266401998,2.25902066629,0.256177601332,0.710310621875,0.745243931147
C[C>T]G,4.91211894249,0.762751388586,1.49499272163,5.76640049771,1.00683183293,5.91895077542,0.671221221955,1.86111338815,1.95264355478
C[C>T]T,2.02366091093,0.314233060703,0.615896798978,2.37560193891,0.414787640128,2.43844855105,0.276525093419,0.766728668115,0.804436635399
G[C>T]A,3.38184051104,0.525130514136,1.02925580771,3.96998668687,0.69317227866,4.0750127897,0.46211485244,1.28131845449,1.34433411619
G[C>T]C,6.86492161755,1.06598161763,2.08932397056,8.0588210293,1.40709573527,8.27201735282,0.938063823516,2.60099514702,2.72891294114
G[C>T]G,9.44641628243,1.46683482646,2.87499625987,11.0892712881,1.93622197093,11.3826382534,1.29081464729,3.57907697657,3.75509715575
G[C>T]T,4.47047992544,0.694173901465,1.36058084687,5.24795469508,0.916309549934,5.38678947537,0.61087303329,1.69378431958,1.77708518775
T[C>T]A,1.65086219012,0.256345060578,0.502436318733,1.93796865797,0.338375479963,1.98923767009,0.225583653309,0.62548194781,0.65624335508
T[C>T]C,2.49294268708,0.387102901721,0.758721687373,2.92649793701,0.510975830271,3.00391851735,0.340650553514,0.944531080199,0.990983428405
T[C>T]G,6.37324001502,0.989633542705,1.9396817437,7.48162958285,1.30631627637,7.67955629139,0.870877517581,2.4147058442,2.53346186933
T[C>T]T,2.00915746445,0.31198097274,0.611482706571,2.35857615392,0.411814884017,2.42097234846,0.274543256011,0.761233573486,0.798671290215
A[T>A]A,2.0303089034,0.315265357671,0.617920101036,2.383406104,0.416150272126,2.44645917553,0.277433514751,0.769247472718,0.807079315639
A[T>A]C,1.69260535851,0.262826919023,0.515140761286,1.98697150782,0.346931533111,2.03953689162,0.23128768874,0.641297682417,0.6728369127
A[T>A]G,1.83328810075,0.284672065335,0.557957248056,2.15212081393,0.375767126242,2.209055227,0.250511417494,0.694599839416,0.728760487256
A[T>A]T,1.44096287893,0.223751999834,0.438553919674,1.69156511874,0.295352639781,1.73631551871,0.196901759854,0.545954879595,0.572805119575
C[T>A]A,2.61011736313,0.405297727194,0.794383545301,3.06405081759,0.534992999897,3.14511036303,0.356661999931,0.988926454354,1.03756218162
C[T>A]C,1.90845884038,0.296344540432,0.580835299247,2.24036472567,0.39117479337,2.29963363375,0.26078319558,0.723080678654,0.758642023506
C[T>A]G,6.26008368726,0.972062684357,1.90524286134,7.34879389374,1.28312274335,7.54320643061,0.855415162234,2.37183294983,2.48848047195
C[T>A]T,2.43728103813,0.37845978853,0.741781185519,2.86115600129,0.49956692086,2.93684795899,0.333044613907,0.923441884014,0.968857058637
G[T>A]A,2.06470324691,0.320606094241,0.628387944711,2.42378207246,0.423200044397,2.48790329131,0.282133362932,0.782278869947,0.820751601256
G[T>A]C,0.924555891749,0.143564579464,0.28138657575,1.08534822075,0.189505244893,1.11406113664,0.126336829928,0.350297573892,0.367525323428
G[T>A]G,2.22308698868,0.345199842962,0.676591692206,2.6097108128,0.45566379271,2.67875078139,0.303775861807,0.842287616828,0.883711597984
G[T>A]T,1.11194189759,0.17266178534,0.338417099267,1.30532309717,0.227913556649,1.33985545424,0.1519423711,0.421294756231,0.442014170472
T[T>A]A,1.77977570213,0.276362686667,0.541670865867,2.0893019112,0.3647987464,2.14457444853,0.243199164267,0.674324955467,0.707488477866
T[T>A]C,0.938169191735,0.145678445922,0.285529754006,1.10132905117,0.192295548617,1.13046474035,0.128197032411,0.355455408049,0.372936821559
T[T>A]G,1.87434101547,0.291046741533,0.570451613405,2.20031336599,0.384181698824,2.2585227143,0.256121132549,0.71015404934,0.745079658324
T[T>A]T,1.21750471831,0.189053527688,0.370544914269,1.42924466932,0.249550656549,1.46705537486,0.166367104366,0.46129060756,0.483977030883
A[T>C]A,2.56806089258,0.398767219345,0.781583749917,3.01468017825,0.526372729536,3.09443362212,0.350915153024,0.972992015203,1.02084408152
A[T>C]C,1.28359554062,0.199316077736,0.390659512362,1.50682954768,0.263097222611,1.54669276323,0.175398148408,0.486331229676,0.510249159004
A[T>C]G,2.04778684351,0.317979323526,0.62323947411,2.40392368585,0.419732707054,2.46751955056,0.279821804703,0.775869549403,0.814027068226
A[T>C]T,1.65812678589,0.257473103399,0.504647282662,1.9464966617,0.339864496486,1.99799128238,0.226576330991,0.628234372293,0.659131144701
C[T>C]A,1.28790132684,0.199984678081,0.391969969038,1.51188416629,0.263979775066,1.55188110191,0.175986516711,0.487962614517,0.511960775886
C[T>C]C,1.02466899058,0.159110091705,0.311855779742,1.20287229329,0.210025321051,1.23469431163,0.140016880701,0.38822862376,0.407321834765
C[T>C]G,1.86571245019,0.289706902203,0.567825528318,2.19018418065,0.382413110908,2.24812556109,0.254942073938,0.706884841375,0.741649669639
C[T>C]T,1.35818801812,0.210898760577,0.413361570731,1.59439462996,0.278386363962,1.63657438208,0.185590909308,0.514592975808,0.539900827078
G[T>C]A,5.55304737609,0.862274437281,1.69005789707,6.51879474584,1.13820225721,6.6912496333,0.758801504807,2.10394962697,2.20742255944
G[T>C]C,3.77408726258,0.586038394811,1.14863525383,4.43045026477,0.77357068115,4.54765794373,0.515713787434,1.42993368334,1.50025829072
G[T>C]G,3.62660977701,0.563138164132,1.1037508017,4.25732452084,0.743342376654,4.36995215367,0.495561584436,1.37405712048,1.44163370018
G[T>C]T,4.02725638172,0.625350369832,1.22568672487,4.72764879593,0.825462488178,4.85271886989,0.550308325452,1.52585490239,1.60089694677
T[T>C]A,2.1269505959,0.330271831662,0.647332790058,2.49685504737,0.435958817794,2.5629094137,0.290639211863,0.805863269256,0.845495889055
T[T>C]C,1.73940163508,0.270093421596,0.529383106327,2.04190626726,0.356523316506,2.09592495158,0.237682211004,0.659027948693,0.691439159285
T[T>C]G,1.41562373875,0.219817350737,0.430842007445,1.66181917157,0.290158902973,1.70578264172,0.193439268649,0.536354335799,0.562732417887
T[T>C]T,1.83470635678,0.284892291425,0.558388891194,2.15378572317,0.376057824681,2.21076418146,0.250705216454,0.695137191078,0.729324266049
A[T>G]A,0.39417346317,0.0612070594985,0.119965836617,0.462725369809,0.080793318538,0.474966781708,0.0538622123587,0.149345225176,0.156690072316
A[T>G]C,0.24578792802,0.0381658273323,0.0748050215713,0.288533654632,0.0503788920786,0.296166820099,0.0335859280524,0.0931246186908,0.0977045179707
A[T>G]G,0.397689439315,0.0617530185272,0.121035916313,0.466852820066,0.0815139844559,0.479203423771,0.0543426563039,0.150677365206,0.15808772743
A[T>G]T,0.551062016319,0.0855686360743,0.167714526706,0.646898888722,0.112950599618,0.664012615937,0.0753003997454,0.208787472021,0.21905570835
C[T>G]A,0.187378939039,0.0290961085464,0.0570283727509,0.219966580611,0.0384068632812,0.22578580232,0.0256045755208,0.0709945048532,0.0744860378788
C[T>G]C,0.321392714585,0.0499057010225,0.0978151740042,0.37728709973,0.0658755253498,0.387268239935,0.0439170168998,0.121769910495,0.127758594618
C[T>G]G,0.644400859957,0.100062245335,0.196122000856,0.756470574732,0.132082163842,0.776483023799,0.0880547758947,0.244151878617,0.256159348057
C[T>G]T,1.1628180895,0.18056181514,0.353901157675,1.36504732246,0.238341595985,1.40115968549,0.158894397324,0.440570828943,0.462238246759
G[T>G]A,0.184501929445,0.0286493679262,0.0561527611354,0.216589221522,0.0378171656626,0.222319095108,0.0252114437751,0.06990445774,0.0733423818912
G[T>G]C,0.138537667652,0.0215120601944,0.0421636379811,0.16263117507,0.0283959194567,0.166933587109,0.0189306129711,0.0524894268744,0.0550708740978
G[T>G]G,0.502119928969,0.0779689330698,0.152819108817,0.589445134007,0.102918991652,0.605038920621,0.0686126611014,0.19024419669,0.199600468659
G[T>G]T,0.846910756363,0.131507881423,0.257755447589,0.994199583556,0.173590403478,1.02050115984,0.115726935652,0.320879230672,0.336660176442
T[T>G]A,0.488150092042,0.0757997037332,0.148567419317,0.573045760223,0.100055608928,0.58820570097,0.0667037392852,0.184951277109,0.194047241557
T[T>G]C,0.32217935776,0.0500278505839,0.0980545871445,0.378210550414,0.0660367627708,0.388216120531,0.0440245085138,0.122067955425,0.128071297495
T[T>G]G,0.488446390459,0.0758457128042,0.148657597096,0.5733935888,0.100116340902,0.588562731361,0.0667442272677,0.185063539242,0.194165024779
T[T>G]T,1.69364001816,0.26298758046,0.515455657702,1.98818610828,0.347143606207,2.04078362437,0.231429070805,0.641689696323,0.673248205978
