,1,3,2,5,4,7,6,9,8
A[C>A]A,2.02047990899,1.04879873138,1.14133979592,0.95625766685,1.37269245725,1.52692756481,0.475798335795,2.15929150579,2.08217395201
A[C>A]C,1.09489630675,0.56834312106,0.618491043506,0.518195198613,0.743860849622,0.827440720367,0.408099867904,1.17011819042,1.12832825505
A[C>A]G,0.530176173669,0.275205952744,0.299488830928,0.250923074561,0.360196026386,0.400667490025,0.157451091702,0.566600490944,0.546364759125
A[C>A]T,1.41099395892,0.73242434509,0.797050022598,0.667798667582,0.958614216368,1.06632367888,0.677945238285,1.50793247519,1.45407774393
C[C>A]A,3.80717410917,1.97624304904,2.15061743571,1.80186866236,2.58655340241,2.87717738021,0.793266907594,4.06873568919,3.92342370029
C[C>A]C,2.09403350509,1.08697922402,1.18288915555,0.991069292487,1.42266398438,1.58251387026,0.704883692252,2.23789840239,2.15797345945
C[C>A]G,1.08751727731,0.564512785167,0.614322736799,0.514702833534,0.73884761588,0.821864201934,0.168499761563,1.16223220475,1.12072391173
C[C>A]T,4.21328037848,2.18704630333,2.38002097716,1.99407162951,2.86245766171,3.18408211809,1.41784762735,4.50274238921,4.34193016103
G[C>A]A,4.08449177895,2.12019420587,2.30727016521,1.93311824653,2.77496006356,3.08675332913,0.560113978918,4.36510571796,4.20920908518
G[C>A]C,3.14820426051,1.63418236424,1.77837492579,1.48998980269,2.13885632966,2.37917726558,0.569502902838,3.36449310284,3.24433263488
G[C>A]G,1.23550899782,0.641332914897,0.69792111327,0.584744716524,0.839391609203,0.933705273159,0.183847281762,1.32039129538,1.2732344634
G[C>A]T,4.07058283228,2.11297429462,2.29941320297,1.92653538627,2.76551047384,3.07624198776,0.761160169569,4.35024119481,4.19487543785
T[C>A]A,2.49963540521,1.29752066835,1.41200778615,1.18303355056,1.69822558064,1.88903744363,3.11386053347,2.6713660819,2.57596015041
T[C>A]C,2.62408426067,1.36212007424,1.48230713962,1.24193300887,1.78277480305,1.98308657868,1.43446958076,2.80436485873,2.70420897092
T[C>A]G,0.734942673994,0.381496960547,0.415158457066,0.347835464028,0.499312198363,0.555414692561,0.300878909047,0.785434918773,0.757383671674
T[C>A]T,4.12525323241,2.14135282293,2.33029571907,1.95240992679,2.80265295943,3.11755778633,14.3624407628,4.40866757663,4.25121516317
A[C>G]A,0.42870831362,0.222535613177,0.242171108457,0.202900117897,0.291259846658,0.323985672125,0.272105862944,0.458161556541,0.441798643807
A[C>G]C,0.30866187076,0.160221429097,0.174358614017,0.146084244176,0.209701576318,0.233263551185,0.108576832601,0.32986764814,0.318086660707
A[C>G]G,0.0758273730685,0.0393607738066,0.0428337832601,0.035887764353,0.0515163068939,0.0573046559831,0.0344624942915,0.0810368872488,0.0781427127042
A[C>G]T,0.301565087237,0.156537602535,0.170349743935,0.142725461135,0.204880097436,0.227900333102,0.205332271278,0.322283299337,0.310773181503
C[C>G]A,0.359850501216,0.186792626585,0.203274328931,0.170310924239,0.244478584795,0.271948088705,0.273053062327,0.384573054734,0.370838302779
C[C>G]C,0.433188783718,0.22486135338,0.244702061032,0.205020645729,0.29430383016,0.327371676245,0.158044747634,0.462949845195,0.446415922152
C[C>G]G,0.144216996412,0.0748607309617,0.081466089576,0.0682553723474,0.0979794861116,0.108988417135,0.0773954537645,0.154125034333,0.148620568821
C[C>G]T,0.411272608503,0.213485018154,0.232321931521,0.194648104788,0.279414214937,0.310809070548,0.225170927205,0.439527978553,0.423830550747
G[C>G]A,0.222902065447,0.115704888934,0.12591414384,0.105495634028,0.151437281105,0.168452705948,0.147216370729,0.238215947806,0.229708235384
G[C>G]C,0.276789162623,0.14367681724,0.156354183467,0.130999451013,0.188047599034,0.209176542746,0.153784548307,0.295805211964,0.285240740108
G[C>G]G,0.131474561648,0.0682463373442,0.0742680729923,0.0622246016962,0.0893224121123,0.0993586381923,0.0457352266893,0.14050716512,0.13548905208
G[C>G]T,0.234033843455,0.12148321645,0.132202323784,0.110764109116,0.159000092118,0.176865271008,0.166292725399,0.250112504455,0.241179915011
T[C>G]A,1.10609365989,0.574155487578,0.624816265894,0.523494709262,0.751468211683,0.835902842209,5.90567719952,1.18208482737,1.1398675121
T[C>G]C,0.52338797278,0.271682306481,0.2956542747,0.247710338262,0.355584195247,0.395537475612,1.34002285822,0.559345925108,0.539369284926
T[C>G]G,0.0943196370117,0.0489598115786,0.0532797949532,0.044639828204,0.0640797533896,0.0712797256806,0.248698948462,0.100799612074,0.0971996259281
T[C>G]T,1.4854726509,0.77108504016,0.839121955468,0.703048124851,1.00921424374,1.12260910259,7.38299393225,1.58752802386,1.53083059443
A[C>T]A,1.74669993794,0.906683937253,0.986685461129,0.826682413378,1.18668927082,1.32002514394,0.950488758135,1.86670222376,1.80003428719
A[C>T]C,1.80303128559,0.935924636793,1.01850622239,0.853343051194,1.22496018639,1.36259616239,1.12165931135,1.92690366399,1.85808567599
A[C>T]G,2.86779955838,1.4886287784,1.61997837649,1.3572791803,1.94835237173,2.16726836855,1.30172792112,3.06482395552,2.95536595711
A[C>T]T,1.2453995512,0.646466942607,0.703508143425,0.589425741788,0.846111145471,0.941179813501,0.745710170128,1.33096135243,1.28342701841
C[C>T]A,1.66354002221,0.863516958091,0.939709630864,0.787324285318,1.1301913128,1.25717910075,2.00408859317,1.77782903136,1.71433513739
C[C>T]C,2.09608572545,1.08804449871,1.18404842507,0.992040572352,1.42405824096,1.58406478488,2.13310283056,2.24009161499,2.16008834302
C[C>T]G,2.64114766834,1.37097741562,1.49194601112,1.25000882013,1.79436749986,1.99598182569,1.45119842112,2.82260056158,2.72179339867
C[C>T]T,2.12806052804,1.10464210616,1.20211052729,1.00717368503,1.44578158012,1.60822894867,1.98498236277,2.27426315974,2.19303947547
G[C>T]A,3.79246817339,1.96860943352,2.14231026589,1.79490860115,2.57656234681,2.86606373409,0.933862623408,4.05301942195,3.90826872831
G[C>T]C,6.54287399239,3.39630100368,3.69597462166,3.09662738571,4.44515866659,4.94461469654,1.85380517387,6.99238441935,6.74265640437
G[C>T]G,7.22492571575,3.75034311963,4.08125574783,3.41943049142,4.90853731833,5.46005836534,2.00792228496,7.72129465805,7.44553413455
G[C>T]T,4.5597296072,2.3668825442,2.57572512163,2.15803996677,3.0978315652,3.44590252758,1.57139955149,4.87299347335,4.69895799216
T[C>T]A,5.81568018401,3.01882635506,3.28519338638,2.75245932373,3.95111096471,4.39505601692,10.4982113495,6.215230731,5.99325820489
T[C>T]C,2.48373745014,1.28926829473,1.40302726191,1.17550932755,1.68742467987,1.87702295851,6.44458244546,2.65437590092,2.5595767616
T[C>T]G,1.97470340812,1.0250368836,1.11548131451,0.934592452698,1.34159239178,1.49233310995,11.4862472024,2.11037005448,2.03499969539
T[C>T]T,3.36538399421,1.74691688249,1.90105660741,1.59277715756,2.28640591973,2.54330546127,7.21459308253,3.5965935816,3.46814381082
A[T>A]A,0.226235582227,0.117435264057,0.127797199121,0.107073328993,0.15370203678,0.170971928554,1.19489232283,0.241778484823,0.233143538937
A[T>A]C,0.409604431299,0.212619094109,0.231379602413,0.193858585806,0.278280873173,0.309548387012,0.285260191011,0.437745193755,0.422111436835
A[T>A]G,0.336450199599,0.174645905136,0.190055837942,0.15923597233,0.228580669957,0.2542638913,0.506665596698,0.359565098809,0.346723488137
A[T>A]T,0.511850604879,0.265693443754,0.289136982909,0.242249904599,0.347745830796,0.386818396053,0.449904580757,0.547015913611,0.527479630982
C[T>A]A,0.144250215992,0.0748779747136,0.0814848548354,0.0682710945919,0.0980020551399,0.10901352201,2.20409482136,0.154160536175,0.14865480274
C[T>A]C,0.495450380179,0.257180350017,0.279872733842,0.234487966192,0.336603693404,0.374424333113,0.608360083348,0.529488955917,0.510578636063
C[T>A]G,0.446612102043,0.23182918274,0.252284698864,0.211373666616,0.303423489174,0.337516016048,1.84463695108,0.477295376229,0.460249112792
C[T>A]T,0.612037213304,0.317698706142,0.34573094492,0.289666467365,0.415811541863,0.462531939825,0.834590663694,0.65408557147,0.630725372489
G[T>A]A,0.127595423542,0.0662327389377,0.0720768041381,0.0603886737373,0.086686967139,0.0964270758064,1.14028308675,0.136361521342,0.131491467009
G[T>A]C,0.365250892758,0.189595883264,0.206324931787,0.17286683474,0.248147553095,0.276029300634,0.194783796307,0.390344465543,0.376403591773
G[T>A]G,0.19115024353,0.0992230271758,0.107978000162,0.0904680541897,0.129865432627,0.144457054271,0.714329233978,0.204282703009,0.196986892187
G[T>A]T,0.30541914617,0.158538182745,0.172526845928,0.144549519562,0.207498503887,0.230812942526,0.34920033453,0.326402140946,0.314744921626
T[T>A]A,0.209385277262,0.108688540869,0.118278706239,0.0990983754978,0.142254119666,0.158237728618,0.747354010573,0.223770525318,0.215778720842
T[T>A]C,0.42668658659,0.221486167085,0.241029064181,0.201943269989,0.28988630692,0.32245780208,0.359462778217,0.456000932234,0.439715184654
T[T>A]G,0.324187191113,0.168280374013,0.183128642308,0.153432105717,0.220249313046,0.244996426871,0.513226181302,0.346459593555,0.334086036643
T[T>A]T,0.253775202688,0.131730639563,0.143353931289,0.120107347837,0.172412160605,0.191784313482,0.538523032165,0.271210140277,0.261524063839
A[T>C]A,1.25037368508,0.649048935766,0.70631795951,0.591779912022,0.84949051887,0.944938891777,1.02300842232,1.33627722069,1.28855303424
A[T>C]C,0.904333107942,0.46942481939,0.510844656395,0.428004982385,0.614394248907,0.683427310582,0.634728585742,0.96646286345,0.931946332612
A[T>C]G,1.65106778979,0.857042822179,0.932664247666,0.781421396693,1.12171781138,1.24775352053,0.915878437509,1.76449992802,1.70148207344
A[T>C]T,0.872163571346,0.452726128638,0.492672551753,0.412779705523,0.59253860954,0.659115981399,0.694228720433,0.932083206019,0.898794520089
C[T>C]A,0.696760059353,0.361676977374,0.393589651848,0.3297643029,0.473371338034,0.526559128824,0.446384460311,0.744629071064,0.718035175669
C[T>C]C,1.29735519095,0.673436282324,0.732857130765,0.614015433884,0.881409251866,0.980443999266,0.545168333192,1.38648646361,1.33696908991
C[T>C]G,2.08782695316,1.0837575024,1.17938316438,0.988131840425,1.41844731932,1.57782342261,0.708399799407,2.23126544612,2.15157739447
C[T>C]T,1.73705995172,0.901679974939,0.981239972727,0.82211997715,1.1801399672,1.31273996351,0.569126601661,1.8563999484,1.79009995025
G[T>C]A,1.23656461199,0.641880867293,0.698517414407,0.585244320179,0.840108782192,0.934503027382,0.970404417421,1.32151943266,1.27432231007
G[T>C]C,1.95136730799,1.01292348812,1.10229909001,0.923547886224,1.32573809474,1.47469743123,0.739265097222,2.08543071083,2.01095104258
G[T>C]G,1.36592004376,0.709027198289,0.771588421667,0.64646597491,0.927991480113,1.03226018574,0.765718838352,1.45976187883,1.40762752601
G[T>C]T,1.02583448502,0.532494236498,0.579479022071,0.485509450925,0.696940986005,0.77524896196,1.13815488776,1.09631166338,1.0571576754
T[T>C]A,0.845486806408,0.438878647601,0.477603234154,0.400154061048,0.574414700537,0.638955678125,0.74174319865,0.903573686238,0.871303197443
T[T>C]C,1.03888133136,0.539266645284,0.586848996338,0.49168429423,0.705804873975,0.785108792399,0.840931838851,1.11025485794,1.07060289873
T[T>C]G,0.849822585899,0.44112928123,0.480052453103,0.402206109357,0.577360382786,0.642232335908,0.680184191205,0.908207343709,0.875771367148
T[T>C]T,0.690524162281,0.358440023169,0.390067084036,0.326812962301,0.469134736206,0.521846504319,0.924578021535,0.737964753582,0.711608869526
A[T>G]A,0.0298536838334,0.0154965687074,0.0168639130051,0.0141292244097,0.0202822737494,0.0225611809122,0.107243823211,0.0319047002799,0.0307652466985
A[T>G]C,0.182361979301,0.094661180095,0.103013637162,0.0863087230278,0.12389477983,0.137815541609,0.211542499875,0.194890664901,0.187930284012
A[T>G]G,0.194691706885,0.101061344032,0.109978521446,0.0921441666172,0.132271464983,0.14713342734,0.208948678748,0.208067473007,0.200636491828
A[T>G]T,0.537787422884,0.2791568302,0.303788315217,0.254525345182,0.365367027761,0.406419502791,0.675554026039,0.574734650411,0.554208412896
C[T>G]A,0.0267255819461,0.0138728211628,0.0150968936184,0.0126487487073,0.0181570747572,0.0201971955165,0.123010801989,0.0285616906294,0.0275416302498
C[T>G]C,0.523632599623,0.271809288354,0.295792460856,0.247826115852,0.35575039211,0.39572234628,0.216091499772,0.559607358376,0.539621381291
C[T>G]G,0.538232250095,0.279387732874,0.304039591657,0.254735874091,0.365669238614,0.406755669919,0.418824851488,0.57521003827,0.554666822617
C[T>G]T,3.28176744204,1.70351287068,1.85382282986,1.5532029115,2.2295977278,2.48011432643,1.05968330575,3.50723238081,3.38197408149
G[T>G]A,0.0323946995381,0.0168155692259,0.0182992959223,0.0153318425295,0.0220086126633,0.0244814904906,0.0631601285015,0.0346202895827,0.033383850669
G[T>G]C,0.231782465949,0.120314562477,0.130930553284,0.10969857167,0.157470530301,0.175163848312,0.111974628964,0.247706452159,0.238859793153
G[T>G]G,0.473826602998,0.245955793922,0.267657775739,0.224253812106,0.321912730281,0.358082699975,0.204828051681,0.506379575723,0.488294590875
G[T>G]T,1.395141435,0.724195554043,0.788095161753,0.660295946334,0.947844181027,1.05434352721,0.240032272885,1.49099084656,1.43774117347
T[T>G]A,0.0442230441104,0.0229554732787,0.0249809562151,0.0209299903423,0.030044663556,0.0334204684499,0.317338513045,0.047261268515,0.045573366068
T[T>G]C,0.244514739825,0.126923681741,0.13812283013,0.115724533352,0.166120701102,0.184785948417,0.474684704882,0.261313462408,0.251980838751
T[T>G]G,0.161310903044,0.0837339038701,0.0911221895057,0.0763456182345,0.109592903595,0.121906712987,0.285011137988,0.172393331497,0.166236426801
T[T>G]T,0.944184154767,0.490110858963,0.533355934754,0.446865783172,0.641468624231,0.713543750549,2.92038737376,1.00905176845,0.973014205294
