,1,3,2,5,4,7,6,9,8
A[C>A]A,1.15999837138,0.623326848869,0.554781829791,1.09695498163,1.75260623502,2.50912691201,0.750240676356,0.403477694393,1.23565043908
A[C>A]C,0.785644078688,0.54557081884,0.375742820242,0.742946030933,1.18700572758,1.69938230064,0.735426825873,0.273267505631,0.836881735994
A[C>A]G,0.336687136718,0.11294701645,0.161024282778,0.318388922766,0.508690347867,0.728268915292,0.270554545109,0.117108569293,0.35864499346
A[C>A]T,0.741998874024,0.884796393862,0.354869026707,0.701672848262,1.12106351619,1.60497582533,0.63348763338,0.258086564878,0.790390104939
C[C>A]A,1.56984798999,0.669225643572,0.750796864779,1.48453016445,2.3718355501,3.39564945661,1.31272506656,0.546034083475,1.67222938064
C[C>A]C,1.22421320552,0.55022386469,0.585493272203,1.15767987913,1.84962647355,2.64802639019,2.10149097913,0.425813288875,1.30405319718
C[C>A]G,0.370301235963,0.132970017147,0.177100591113,0.350176168791,0.559476867379,0.800977673442,0.581993779691,0.1288004299,0.394451316569
C[C>A]T,1.4350457257,2.32329641221,0.686326216641,1.35705411018,2.16816691166,3.10406629799,4.1489645386,0.499146339376,1.52863566434
G[C>A]A,1.48212584202,0.642949972696,0.708842794009,1.40157552452,2.23929882653,3.20590263654,0.991005604684,0.515522032006,1.57878622302
G[C>A]C,1.40481145468,0.710640132478,0.67186634789,1.32846300606,2.12248687174,3.03866825523,1.27634159071,0.488630071193,1.49642959303
G[C>A]G,0.541617719448,0.125636486778,0.259034561475,0.512181973826,0.818313728296,1.17154267576,0.439445474316,0.188388771982,0.576940614195
G[C>A]T,1.15780119883,1.55178290118,0.553731008134,1.09487722063,1.74928659388,2.50437433224,1.34269932172,0.402713460461,1.23330997266
T[C>A]A,1.14420739931,1.17224031714,0.547229625755,1.08202221456,1.72874813591,2.47497035285,1.30555354174,0.397985182367,1.218829621
T[C>A]C,1.37020702325,0.809827282718,0.655316402426,1.29573925025,2.07020408948,2.96381736552,1.31865255597,0.476593747219,1.45956835086
T[C>A]G,0.293513544892,0.183438769626,0.140376043209,0.2775617218,0.443460681957,0.634882559061,0.277884023698,0.102091667789,0.312655732603
T[C>A]T,1.53483073125,7.58668979521,0.734049480163,1.45141601759,2.31892903961,3.31990560346,1.69204872141,0.533854167391,1.63492838764
A[C>G]A,0.544802540665,0.274884228469,0.26055773684,0.515193706934,0.823125577744,1.17843158253,0.255656301454,0.189496535884,0.580333141144
A[C>G]C,0.324422961046,0.141807993163,0.155158807457,0.30679127838,0.490160778102,0.701740970089,0.208855565327,0.112842769059,0.345580980245
A[C>G]G,0.125636740809,0.0317050463599,0.0600871369087,0.118808657069,0.189820727961,0.271757732837,0.0415650033033,0.0436997359336,0.133830441297
A[C>G]T,0.482945088018,0.252107325551,0.230973737748,0.456698072365,0.729667035158,1.044631223,0.241052903213,0.16798090018,0.514441506802
C[C>G]A,0.438001981177,0.166134775987,0.209479208389,0.414197525678,0.661763862865,0.947417328849,0.3306941064,0.152348515192,0.466567327775
C[C>G]C,0.422235708093,0.134686486785,0.201938816914,0.399288115262,0.637943080705,0.913314194679,0.172867211105,0.146864594119,0.44977281949
C[C>G]G,0.155228216335,0.0426930989189,0.0742395817255,0.14679190023,0.234529587724,0.335765380986,0.0895594414809,0.0539924230731,0.165351795661
C[C>G]T,0.511752820859,0.184172941978,0.244751349107,0.483940167552,0.77319176195,1.10694360164,0.1747901178,0.178000981168,0.545128004828
G[C>G]A,0.323829918516,0.114128116178,0.154875178421,0.306230466423,0.489264768193,0.700458193312,0.147545522542,0.112636493397,0.344949261028
G[C>G]C,0.35322008837,0.0870892957987,0.168931346612,0.334023344437,0.533669481341,0.764030408539,0.313170062964,0.122859161172,0.37625618109
G[C>G]G,0.116347822782,0.0120948755444,0.0556446108956,0.110024571544,0.17578638442,0.251665399278,0.0721442100618,0.040468807924,0.123935724267
G[C>G]T,0.334641625315,0.192031936892,0.160045994716,0.316454580461,0.505599846943,0.723844385192,0.345857252557,0.116397087066,0.35646607914
T[C>G]A,0.393581318144,0.206693912198,0.18823454346,0.372191029114,0.594650035021,0.851333503376,2.33251337665,0.136897849789,0.419249664979
T[C>G]C,0.484519574653,0.174988169979,0.231726753095,0.458186989074,0.732045879096,1.04803690604,0.599735442263,0.168528547706,0.516118677348
T[C>G]G,0.0865026616013,0.0235710258082,0.0413708381572,0.0818014299926,0.130694238724,0.187109018029,0.118152705157,0.0300878822961,0.0921441395319
T[C>G]T,0.72194138593,0.483460388366,0.34527631501,0.682705441042,1.09075926787,1.56159060652,3.13736370814,0.25111004728,0.769024519795
A[C>T]A,1.54384257709,0.962460888618,0.73835949339,1.4599380892,2.33254476321,3.33939861783,2.57897663639,0.536988722465,1.64452796255
A[C>T]C,1.93156428395,1.18885436396,0.923791614064,1.82658796417,2.91834168988,4.17805752724,1.35188292363,0.671848446592,2.05753586769
A[C>T]G,1.91371916196,1.60706615003,0.915256990501,1.80971268576,2.89138003817,4.13945775249,5.53679769959,0.665641447637,2.03852693339
A[C>T]T,1.27037677639,1.05378244018,0.607571501753,1.20133456028,1.91937360781,2.74788020111,1.20659931532,0.441870183093,1.35322743572
C[C>T]A,2.23464924706,1.52256407605,1.06874529207,2.11320091841,3.37626353632,4.83364348005,1.72051077666,0.777269303324,2.38038724143
C[C>T]C,3.4907618269,1.99975647905,1.66949478678,3.30104651022,5.27408580368,7.55066960383,1.1629425024,1.21417802675,3.71842020691
C[C>T]G,1.49534792278,1.32323672882,0.715166397851,1.41407901393,2.25927566594,3.2345025721,5.28315311461,0.520121016619,1.5928706134
C[C>T]T,3.32011109576,2.18691024686,1.58787921971,3.13967027534,5.01625480773,7.18154465279,1.25256856736,1.1548212507,3.53664008027
G[C>T]A,1.9927590006,1.34333670672,0.953058652461,1.884456881,3.01079892482,4.31042435999,4.3046274775,0.693133565426,2.12272154412
G[C>T]C,3.41271246174,2.12792123045,1.63216682953,3.22723895839,5.15616339328,7.38184543355,5.02671573671,1.18703042148,3.63528066577
G[C>T]G,1.61311222376,2.3335729983,0.771488454843,1.52544308117,2.43720216416,3.48923187531,7.47037263628,0.561082512613,1.71831519488
G[C>T]T,2.64999695022,2.14864445495,1.26738984576,2.50597537684,4.00379974001,5.73205862059,3.3364632346,0.921738069643,2.82282283828
T[C>T]A,1.64291640881,2.30078413668,0.785742630301,1.55362747355,2.48223240027,3.55369962341,9.32979342121,0.571449185673,1.75006313112
T[C>T]C,2.21497330842,3.49600531813,1.05933506055,2.09459432427,3.34653575947,4.79108356931,2.4462857106,0.770425498582,2.35942808941
T[C>T]G,1.0864939058,5.62884367492,0.519627520167,1.02744532397,1.64155057507,2.35013355712,3.28832955515,0.377910923758,1.15735220401
T[C>T]T,1.36125824283,2.83857005517,0.651036550921,1.28727681659,2.0566836495,2.94446076439,5.16356633855,0.473481127942,1.45003595432
A[T>A]A,0.775910583812,1.32688353122,0.371087670519,0.733741530344,1.17229968641,1.67832832803,5.50813699771,0.269881942196,0.826513447974
A[T>A]C,0.486115223984,0.312098463787,0.232489889731,0.459695918333,0.734456697106,1.05148836492,0.297366751774,0.169083556168,0.517818390765
A[T>A]G,0.518073956796,0.750532212243,0.247774501076,0.489917763492,0.782742173855,1.1206164935,0.288310707487,0.180199637147,0.551861388761
A[T>A]T,0.510275076734,0.3701942939,0.244044601916,0.482542735607,0.770959083326,1.10374717685,0.463667248134,0.177486983212,0.543553886086
C[T>A]A,1.14548580082,2.69463491876,0.547841035173,1.08323113773,1.73067963384,2.4777355909,12.5373995329,0.398429843762,1.22019139652
C[T>A]C,0.634565266521,0.850276640836,0.303487736162,0.600078023775,0.95874534833,1.37259226128,0.481366779141,0.220718353572,0.675949957816
C[T>A]G,1.17405024772,2.14842505932,0.56150229239,1.11024316904,1.77383678732,2.53952173149,0.944201864727,0.408365303556,1.25061874214
C[T>A]T,0.735530100139,1.14702788098,0.351775265284,0.695555638175,1.1112900426,1.59098358617,0.516185331955,0.25583655657,0.783499454496
G[T>A]A,0.622114008162,1.15546407151,0.297532786512,0.58830346424,0.939933121027,1.34565964809,4.25687604938,0.2163874811,0.662686660868
G[T>A]C,0.321931868334,0.209465879279,0.15396741529,0.304435571142,0.486397061939,0.696352628244,0.23623152069,0.111976302029,0.342927424964
G[T>A]G,0.497939411638,0.580123491154,0.238144936001,0.470877487093,0.752321502367,1.07706459691,0.326896540374,0.173196317092,0.530413721093
G[T>A]T,0.365891010991,0.27218088965,0.174991353083,0.346005629959,0.552813592693,0.791438165079,0.187887827801,0.127266438606,0.38975346823
T[T>A]A,0.568109355315,0.771502073755,0.271704474281,0.537233846874,0.858339134661,1.22884523595,2.11738280891,0.197603254023,0.605159965445
T[T>A]C,0.467363394489,0.447764418253,0.223521623451,0.441963210006,0.706125128631,1.01092734243,0.15250394242,0.162561180692,0.497843615869
T[T>A]G,0.486625636184,0.749076106219,0.232733999914,0.460178590739,0.735227863365,1.0525924087,0.211056805786,0.169261090847,0.518362090718
T[T>A]T,0.497221329437,0.577982793286,0.237801505383,0.470198431098,0.751236573824,1.07551135389,0.225415831682,0.17294654937,0.529648807444
A[T>C]A,1.79166012583,0.794951987063,0.856880929743,1.6942872929,2.70696475532,3.87543875043,0.797032849956,0.623186130722,1.90850752534
A[T>C]C,0.901857323041,0.531602470441,0.431323067541,0.852843338093,1.36258878155,1.95075660093,0.461640964271,0.313689503666,0.960674104979
A[T>C]G,1.66122380703,0.698063228466,0.794498342493,1.57093990448,2.50989249106,3.59329932173,1.54942064527,0.577816976359,1.7695644901
A[T>C]T,1.37488260985,0.637880229802,0.657552552535,1.30016072888,2.07726829096,2.9739308626,0.343120754526,0.478220038208,1.46454886701
C[T>C]A,1.06355178575,0.47984117305,0.508655201878,1.00575005826,1.60688802412,2.30050875395,0.60895229237,0.369931055911,1.13291385873
C[T>C]C,1.00936313886,0.940663344823,0.482738892498,0.954506446531,1.52501604676,2.18329635471,0.53371097041,0.351082830908,1.07519116966
C[T>C]G,1.48952448573,0.82742491311,0.712381275785,1.40857206803,2.25047721214,3.22190622457,1.84618865984,0.518095473298,1.58666738698
C[T>C]T,1.16429201791,1.51308266746,0.556835312913,1.10101527781,1.75909337489,2.51841425613,0.442679917587,0.404971136664,1.24022410603
G[T>C]A,2.02292997955,0.793776189125,0.96748825109,1.91298813284,3.05638333867,4.37568549925,0.911673889962,0.703627818975,2.15486019561
G[T>C]C,1.02398288683,0.757061290973,0.489730945874,0.968331642978,1.54710457901,2.2149195052,0.456770858967,0.356167960636,1.09076437945
G[T>C]G,1.18407594094,0.597496667072,0.566297189143,1.11972398762,1.78898430207,2.56120774181,0.769033008922,0.411852501195,1.26129828491
G[T>C]T,1.4217292528,0.93624741089,0.679957468728,1.34446135862,2.14804745803,3.07526218811,0.459231626884,0.494514522711,1.5144507258
T[T>C]A,0.946117424133,0.464057938516,0.452490941977,0.894697998908,1.42946002124,2.04649312394,0.439568074433,0.329084321438,1.0078207344
T[T>C]C,1.11390069489,0.750304942127,0.532735114948,1.05336261365,1.68295865859,2.40941563351,0.396115810823,0.387443719962,1.18654639238
T[T>C]G,0.745588193381,0.485793719441,0.356585657704,0.705067095914,1.12648650956,1.61273967916,0.70001169177,0.259335023785,0.79421351034
T[T>C]T,0.891940376523,0.610647665525,0.426580180076,0.84346535606,1.34760556888,1.92930581444,0.278560520775,0.310240130964,0.950110401079
A[T>G]A,0.222346867083,0.0964260048584,0.106339805996,0.21026279822,0.335937114397,0.480945940755,0.0534586628926,0.0773380407245,0.236847749719
A[T>G]C,0.133575526758,0.23812048298,0.0638839475797,0.12631598726,0.201815198036,0.288929672008,0.134561226367,0.0464610527853,0.142286974155
A[T>G]G,0.271158818289,0.191142613277,0.129684652225,0.25642192599,0.409685605893,0.586528313472,0.0690976714734,0.0943161107091,0.288843089047
A[T>G]T,0.485973872691,0.984794256198,0.232422286939,0.459562249176,0.73424313374,1.05118261593,0.188913444933,0.169034390501,0.51766782091
C[T>G]A,0.138952180451,0.118893084177,0.0664553906503,0.131400431513,0.209938620463,0.300559607714,0.00975627656165,0.0483311932002,0.148014279176
C[T>G]C,0.381884838016,0.441933160086,0.182640574703,0.361130227254,0.576978179176,0.826033508317,0.259635376106,0.132829508875,0.40679037093
C[T>G]G,0.510028204691,0.436524003943,0.243926532678,0.482309280523,0.77058609187,1.10321318189,0.364841155473,0.177401114675,0.543290913693
C[T>G]T,1.50608399708,3.81089726857,0.720301042083,1.42423160594,2.27549647385,3.2577251676,0.51861538033,0.523855303333,1.60430686646
G[T>G]A,0.10644247942,0.0310865626217,0.0509072727663,0.100657562061,0.160820702602,0.23023971092,0.00218341547279,0.0370234711027,0.113384380252
G[T>G]C,0.139491762244,0.199999269439,0.0667134515079,0.131910688209,0.210753858173,0.301726746592,0.0949392693945,0.0485188738239,0.148589051086
G[T>G]G,0.382915741887,0.300236813925,0.183133615685,0.362105103741,0.57853574046,0.828263398212,0.266052291448,0.133188084135,0.407888507662
G[T>G]T,0.581459482486,1.0399635692,0.278089317711,0.549858423655,0.878509435495,1.25772214146,0.282456548706,0.202246776517,0.619380753083
T[T>G]A,0.33183187193,0.257396734009,0.158702199619,0.313797531065,0.501354676069,0.717766766458,0.0983719245744,0.115419781541,0.353473080969
T[T>G]C,0.291327278813,0.463078326335,0.139330437693,0.27549427453,0.440157519077,0.630153570476,0.116375501133,0.101331227413,0.310326883953
T[T>G]G,0.352678916034,0.257565300007,0.16867252506,0.333511583641,0.53285184053,0.762859829248,0.19079395143,0.122670927316,0.375679714906
T[T>G]T,1.00296846996,2.73929174796,0.479680572592,0.948459313988,1.51535453614,2.16946440786,0.385725369902,0.348858598249,1.06837945714
