,1,3,2,5,4,7,6,9,8
A[C>A]A,1.54433315235,1.00197805718,1.39725380451,1.28694429363,1.13067248654,1.29613675287,0.698626902254,1.13067248654,0.965208220219
A[C>A]C,1.28551544775,0.834054665505,1.16308540511,1.07126287313,0.941180952817,1.07891475079,0.581542702554,0.941180952817,0.803447154844
A[C>A]G,0.583477174758,0.378565547909,0.527907920019,0.486230978965,0.427188645805,0.489704057386,0.26395396001,0.427188645805,0.364673234224
A[C>A]T,1.25610228832,0.814971127539,1.13647349895,1.04675190693,0.919646318232,1.05422870627,0.568236749477,0.919646318232,0.785063930198
C[C>A]A,2.17947948763,1.41406704852,1.97191001262,1.81623290636,1.59569033916,1.82920599855,0.985955006311,1.59569033916,1.36217467977
C[C>A]C,1.4409471814,0.934900254596,1.3037141165,1.20078931783,1.05497918638,1.20936638439,0.651857058251,1.05497918638,0.900591988373
C[C>A]G,0.653145503679,0.42376702322,0.590941169996,0.544287919733,0.478195815194,0.548175690588,0.295470584998,0.478195815194,0.4082159398
C[C>A]T,2.39070467097,1.55111195914,2.16301851183,1.99225389247,1.75033734839,2.00648427742,1.08150925591,1.75033734839,1.49419041935
G[C>A]A,1.97956137954,1.28435827601,1.79103172435,1.64963448295,1.44932172431,1.6614175864,0.895515862175,1.44932172431,1.23722586222
G[C>A]C,3.01613819317,1.95689918486,2.72888693668,2.51344849431,2.20824403429,2.53140169784,1.36444346834,2.20824403429,1.88508637073
G[C>A]G,1.02377432162,0.664234530101,0.926272005278,0.853145268019,0.749549056902,0.859239162791,0.463136002639,0.749549056902,0.639858951014
G[C>A]T,2.33234903279,1.51325026532,2.11022055348,1.94362419399,1.70761268472,1.95750722395,1.05511027674,1.70761268472,1.45771814549
T[C>A]A,3.02288063765,1.96127374704,2.73498724358,2.51906719804,2.21318046685,2.53706053517,1.36749362179,2.21318046685,1.88930039853
T[C>A]C,2.4875535566,1.61394843851,2.25064369406,2.07296129716,1.82124456822,2.08776816357,1.12532184703,1.82124456822,1.55472097287
T[C>A]G,0.511999219108,0.33218996954,0.463237388717,0.426666015924,0.374856571133,0.429713630323,0.231618694359,0.374856571133,0.319999511943
T[C>A]T,5.95848613034,3.86592254885,5.39101126078,4.96540510862,4.36246305971,5.00087228796,2.69550563039,4.36246305971,3.72405383146
A[C>G]A,0.586378507381,0.380447960146,0.530532935249,0.48864875615,0.429312835761,0.492139104409,0.265266467625,0.429312835761,0.366486567113
A[C>G]C,0.321539039203,0.208617590912,0.290916273565,0.267949199336,0.235412510845,0.269863122189,0.145458136783,0.235412510845,0.200961899502
A[C>G]G,0.0548918268506,0.03561434004,0.0496640338172,0.0457431890421,0.0401886589442,0.0460699261067,0.0248320169086,0.0401886589442,0.0343073917816
A[C>G]T,0.420716856616,0.272965103399,0.380648584557,0.350597380513,0.308024841451,0.353101647517,0.190324292278,0.308024841451,0.262948035385
C[C>G]A,0.527859462728,0.342480246651,0.477587132944,0.439882885606,0.386468535211,0.443024906218,0.238793566472,0.386468535211,0.329912164205
C[C>G]C,0.435006392318,0.282236290254,0.393577212097,0.362505326932,0.318486822947,0.365094650696,0.196788606049,0.318486822947,0.271878995199
C[C>G]G,0.0978845729905,0.0635084431903,0.0885622327057,0.0815704774921,0.0716654909395,0.0821531237599,0.0442811163529,0.0716654909395,0.0611778581191
C[C>G]T,0.572545641968,0.371473065325,0.518017485591,0.477121368307,0.419185202155,0.480529378081,0.259008742795,0.419185202155,0.35784102623
G[C>G]A,0.235980412101,0.153106338803,0.213506087139,0.196650343417,0.172771373145,0.198054988727,0.106753043569,0.172771373145,0.147487757563
G[C>G]C,0.397892652974,0.258156542703,0.359998114596,0.331577210812,0.291314263785,0.33394561946,0.179999057298,0.291314263785,0.248682908109
G[C>G]G,0.1331102484,0.0863631968785,0.120433081886,0.110925207,0.0974557175785,0.111717529907,0.0602165409428,0.0974557175785,0.0831939052499
G[C>G]T,0.327543383843,0.212513266898,0.296348775858,0.27295281987,0.239808548885,0.274902482869,0.148174387929,0.239808548885,0.204714614902
T[C>G]A,7.34786015887,4.7673616507,6.64806395327,6.12321679906,5.3796833306,6.16695406191,3.32403197663,5.3796833306,4.5924125993
T[C>G]C,1.87056675433,1.21364152513,1.69241753963,1.5588056286,1.36952208799,1.56993995452,0.846208769814,1.36952208799,1.16910422145
T[C>G]G,0.310198745503,0.201259900356,0.280656007836,0.258498954586,0.227109795815,0.26034537569,0.140328003918,0.227109795815,0.19387421594
T[C>G]T,8.81261220411,5.71770672767,7.97331580372,7.34384350342,6.45209107801,7.39629952845,3.98665790186,6.45209107801,5.50788262757
A[C>T]A,1.46674386184,0.951637386554,1.32705397024,1.22228655154,1.07386604171,1.23101716976,0.66352698512,1.07386604171,0.916714913653
A[C>T]C,1.75625906205,1.13947760574,1.58899629424,1.46354921838,1.28583252757,1.47400314137,0.794498147119,1.28583252757,1.09766191378
A[C>T]G,3.60179351796,2.33687793725,3.25876556387,3.0014945983,2.63702739708,3.02293384543,1.62938278193,2.63702739708,2.25112094872
A[C>T]T,1.05312049089,0.683274604206,0.952823301278,0.877600409072,0.771034645113,0.883868983422,0.476411650639,0.771034645113,0.658200306804
C[C>T]A,1.87618991899,1.21728988792,1.6975051648,1.56349159916,1.37363904783,1.5746593963,0.848752582401,1.37363904783,1.17261869937
C[C>T]C,2.85526331645,1.8525220327,2.58333347679,2.37938609704,2.0904606424,2.39638171202,1.29166673839,2.0904606424,1.78453957278
C[C>T]G,2.72361167775,1.76710519568,2.46422008939,2.26967639813,1.9940728355,2.2858883724,1.2321100447,1.9940728355,1.70225729859
C[C>T]T,2.44247262876,1.58469950318,2.20985618792,2.0353938573,1.78823888891,2.04993238485,1.10492809396,1.78823888891,1.52654539297
G[C>T]A,2.51250584396,1.63013772019,2.2732195731,2.09375486996,1.83951320718,2.10871026189,1.13660978655,1.83951320718,1.57031615247
G[C>T]C,4.30994799453,2.79633530598,3.89947675696,3.59162332878,3.15549763885,3.61727778113,1.94973837848,3.15549763885,2.69371749658
G[C>T]G,3.53031729048,2.29050348013,3.19409659615,2.9419310754,2.58469658767,2.96294486879,1.59704829807,2.58469658767,2.20644830655
G[C>T]T,2.95658431613,1.91826006225,2.67500485745,2.46382026345,2.1646420886,2.48141897961,1.33750242873,2.1646420886,1.84786519758
T[C>T]A,7.05006702434,4.57415062889,6.37863206964,5.87505585361,5.16165621425,5.91702053828,3.18931603482,5.16165621425,4.40629189021
T[C>T]C,2.75047889409,1.78453690152,2.48852852323,2.29206574508,2.01374347603,2.30843764325,1.24426426161,2.01374347603,1.71904930881
T[C>T]G,4.46870088312,2.89933569203,4.04311032283,3.7239174026,3.27172743229,3.75051681262,2.02155516141,3.27172743229,2.79293805195
T[C>T]T,3.82993283099,2.48489689629,3.46517732327,3.19161069249,2.80405796554,3.21440791172,1.73258866164,2.80405796554,2.39370801937
A[T>A]A,2.11349871674,1.37125809598,1.91221312467,1.76124893061,1.54738298904,1.77382928012,0.956106562334,1.54738298904,1.32093669796
A[T>A]C,1.20991493448,0.785004332493,1.09468494072,1.0082624454,0.885830577033,1.01546432001,0.547342470362,0.885830577033,0.756196834053
A[T>A]G,2.68625551372,1.74286816069,2.43042165527,2.23854626143,1.96672278683,2.25453587759,1.21521082763,1.96672278683,1.67890969607
A[T>A]T,0.961510579992,0.623837221543,0.869938143803,0.80125881666,0.703963103209,0.806982093922,0.434969071901,0.703963103209,0.600944112495
C[T>A]A,3.18859957125,2.06879376944,2.8849234216,2.65716630937,2.33451040038,2.67614606872,1.4424617108,2.33451040038,1.99287473203
C[T>A]C,2.17565610393,1.41158640077,1.9684507607,1.81304675328,1.59289107609,1.82599708723,0.984225380351,1.59289107609,1.35978506496
C[T>A]G,7.78716200225,5.05238487051,7.04552752584,6.48930166854,5.70131503736,6.53565382331,3.52276376292,5.70131503736,4.8669762514
C[T>A]T,2.41903815561,1.56949499382,2.18865356936,2.01586512968,1.77108150679,2.03026416632,1.09432678468,1.77108150679,1.51189884726
G[T>A]A,1.9918423197,1.29232626695,1.80214305116,1.65986859975,1.45831312693,1.67172480404,0.90107152558,1.45831312693,1.24490144981
G[T>A]C,0.812027010005,0.526850857682,0.73469110429,0.676689175004,0.594519775182,0.681522669111,0.367345552145,0.594519775182,0.507516881253
G[T>A]G,1.9340973094,1.25486075431,1.74989756565,1.61174775783,1.41603553009,1.62326024182,0.874948782823,1.41603553009,1.20881081837
G[T>A]T,0.588789670254,0.382012345582,0.532714463563,0.490658058545,0.431078151436,0.494162758963,0.266357231782,0.431078151436,0.367993543909
T[T>A]A,1.71284116324,1.11130765949,1.54971343341,1.42736763604,1.25404442309,1.43756311915,0.774856716706,1.25404442309,1.07052572703
T[T>A]C,1.27293472453,0.825892172462,1.151702846,1.06077893711,0.931970066172,1.06835592951,0.575851423001,0.931970066172,0.79558420283
T[T>A]G,2.76389922068,1.79324413723,2.50067072347,2.30324935057,2.02356907228,2.31970113164,1.25033536174,2.02356907228,1.72743701292
T[T>A]T,1.07090025982,0.69481028762,0.968909758882,0.892416883181,0.784051975938,0.89879128949,0.484454879441,0.784051975938,0.669312662386
A[T>C]A,1.86273882721,1.20856269146,1.68533512938,1.552282356,1.36379092706,1.56337008712,0.842667564688,1.36379092706,1.164211767
A[T>C]C,0.795189596677,0.515926583559,0.719457254137,0.662657997231,0.582192383282,0.66739126864,0.359728627068,0.582192383282,0.496993497923
A[T>C]G,1.27239200644,0.825540051797,1.15121181535,1.06032667203,0.931572719,1.06790043398,0.575605907675,0.931572719,0.795245004024
A[T>C]T,1.13849985103,0.738669546206,1.03007129379,0.94874987586,0.833544533792,0.955526660688,0.515035646896,0.833544533792,0.711562406895
C[T>C]A,0.879366189176,0.570541158453,0.795617028302,0.732805157646,0.643821674218,0.738039480201,0.397808514151,0.643821674218,0.549603868235
C[T>C]C,0.647091748038,0.419839288905,0.58546396251,0.539243123365,0.473763601242,0.54309485996,0.292731981255,0.473763601242,0.404432342524
C[T>C]G,0.967835722148,0.627941034012,0.875660891467,0.806529768456,0.708594010858,0.812290695374,0.437830445733,0.708594010858,0.604897326342
C[T>C]T,0.918059875361,0.595645990562,0.830625601517,0.765049896134,0.672150980175,0.770514538249,0.415312800758,0.672150980175,0.573787422101
G[T>C]A,3.73616799726,2.42406137918,3.38034247371,3.11347333105,2.73540871228,3.13571242627,1.69017123686,2.73540871228,2.33510499829
G[T>C]C,2.16074575358,1.40191242345,1.95496044372,1.80062146132,1.58197456959,1.81348304318,0.977480221858,1.58197456959,1.35046609599
G[T>C]G,2.32165525905,1.50631204307,2.10054523437,1.93471271587,1.69978331466,1.94853209241,1.05027261719,1.69978331466,1.4510345369
G[T>C]T,2.85104193336,1.84978315915,2.57951413019,2.3758682778,2.08736998693,2.3928387655,1.28975706509,2.08736998693,1.78190120835
T[T>C]A,1.43592217133,0.931639980211,1.29916767883,1.19660180945,1.05130016116,1.20514896523,0.649583839413,1.05130016116,0.897451357084
T[T>C]C,1.18567302933,0.769275953553,1.07275178844,0.988060857775,0.868082039331,0.99511843533,0.536375894221,0.868082039331,0.741045643331
T[T>C]G,0.925230098406,0.600298099561,0.837112946177,0.771025082005,0.677400607761,0.776532404019,0.418556473088,0.677400607761,0.578268811504
T[T>C]T,1.06619048022,0.691754537761,0.964648529722,0.888492066849,0.780603744446,0.894838438755,0.482324264861,0.780603744446,0.666369050137
A[T>G]A,0.271555409083,0.176187735655,0.245692989171,0.226296174236,0.198817353079,0.227912575481,0.122846494585,0.198817353079,0.169722130677
A[T>G]C,0.206819152984,0.134186236162,0.187122090795,0.172349294153,0.151421165578,0.17358036054,0.0935610453975,0.151421165578,0.129261970615
A[T>G]G,0.23780648089,0.154291109625,0.215158244615,0.198172067408,0.174108316366,0.199587582176,0.107579122307,0.174108316366,0.148629050556
A[T>G]T,0.447452589974,0.290311501829,0.404838057596,0.372877158312,0.32759921766,0.375540566586,0.202419028798,0.32759921766,0.279657868734
C[T>G]A,0.204136164233,0.132445487509,0.184694624783,0.170113470194,0.149456834528,0.17132856641,0.0923473123913,0.149456834528,0.127585102646
C[T>G]C,0.230804986438,0.149748473344,0.208823559159,0.192337488699,0.168982222214,0.193711327904,0.104411779579,0.168982222214,0.144253116524
C[T>G]G,0.388927521985,0.252339880335,0.351886805605,0.324106268321,0.284750507167,0.326421313094,0.175943402803,0.284750507167,0.24307970124
C[T>G]T,0.807258084021,0.523756733085,0.730376361734,0.672715070018,0.591028240087,0.677520177661,0.365188180867,0.591028240087,0.504536302513
G[T>G]A,0.0629453468123,0.0408395404913,0.0569505518778,0.0524544556769,0.046084986059,0.0528291303604,0.0284752759389,0.046084986059,0.0393408417577
G[T>G]C,0.108327667131,0.0702840221266,0.0980107464517,0.0902730559424,0.0793113277208,0.0909178634848,0.0490053732259,0.0793113277208,0.0677047919568
G[T>G]G,0.308766554443,0.200330681156,0.279360215925,0.257305462036,0.22606122736,0.259143358193,0.139680107962,0.22606122736,0.192979096527
G[T>G]T,0.371663834135,0.241139035242,0.336267278503,0.309719861779,0.27211102142,0.311932146506,0.168133639251,0.27211102142,0.232289896334
T[T>G]A,0.434880811581,0.282154812276,0.393463591431,0.362400676318,0.318394879908,0.364989252577,0.196731795715,0.318394879908,0.271800507238
T[T>G]C,0.25483961336,0.165342368192,0.230569173993,0.212366344467,0.186579002639,0.213883246928,0.115284586996,0.186579002639,0.15927475835
T[T>G]G,0.295772144642,0.191899784322,0.267603368962,0.246476787202,0.216547463042,0.248237335682,0.133801684481,0.216547463042,0.184857590402
T[T>G]T,1.2122520538,0.786520677762,1.09679947725,1.01021004483,0.887541682246,1.01742583087,0.548399738623,0.887541682246,0.757657533624
