,1,3,2,5,4,7,6,9,8
A[C>A]A,0.85182310078,2.0930623787,1.70364620156,3.31520341925,2.3876415283,4.3972489797,3.89075956843,0.62037180292,0.719734973789
A[C>A]C,0.679768505721,1.86173557908,1.35953701144,2.64558553578,2.12375762354,3.50907525926,3.10488858019,0.484669769498,0.47406998406
A[C>A]G,0.397391483516,0.237639423147,0.794782967032,1.5466046926,0.27108497159,2.05139927977,1.81511245174,0.231289566513,0.102174409938
A[C>A]T,0.699198482699,1.86412803488,1.3983969654,2.72120490564,2.12648679535,3.60937595123,3.19363631287,0.507073798937,0.529595265384
C[C>A]A,1.22794132148,2.15471322441,2.45588264296,4.77901487278,2.4579691597,6.33883222709,5.60870495486,1.18291072132,0.965078595656
C[C>A]C,1.05601204076,1.65894666852,2.11202408151,4.10988469916,1.8924280515,5.45130539958,4.82340634832,0.833721546568,0.703709399258
C[C>A]G,0.322772813023,0.225742997066,0.645545626046,1.25619689393,0.25751423369,1.66620560236,1.47428663246,0.393645523715,0.184050782599
C[C>A]T,1.0906333085,1.95933036079,2.181266617,4.24462693038,2.23508796713,5.63002599793,4.98154132801,1.21170031348,0.979731162723
G[C>A]A,1.04479927625,1.58655463167,2.0895985525,4.06624583189,1.80984750576,5.39342329092,4.77219128882,0.791559497684,0.803186507486
G[C>A]C,1.57093556756,1.43340798205,3.14187113513,6.11391139809,1.63514688322,8.10942414608,7.17535434915,1.45720364164,0.7675656285
G[C>A]G,0.656494028511,0.267239926755,1.31298805702,2.55500378664,0.304851472002,3.38892863367,2.99858083293,0.513989066529,0.124317685631
G[C>A]T,1.07269335977,1.39732858694,2.14538671954,4.17480658938,1.59398964733,5.53741707341,4.89959940003,1.11777923338,0.69193330941
T[C>A]A,0.852286066861,2.13974855289,1.70457213372,3.31700523319,2.44089834923,4.39963888569,3.89287419728,1.60283077302,1.29703309455
T[C>A]C,1.30039443341,1.50956921288,2.60078886681,5.06099455163,1.7220271021,6.71284694001,5.93963943907,1.31944184505,0.885732056048
T[C>A]G,0.251008428845,0.200941337038,0.50201685769,0.976897669018,0.229221969658,1.29574621377,1.14649795878,0.271548383604,0.166460092988
T[C>A]T,1.95436305244,3.29912226649,3.90872610489,7.60616971761,3.76344317807,10.0887390004,8.92668529359,1.26969215059,1.40303989677
A[C>G]A,0.395295639367,0.558366900657,0.790591278733,1.53844789375,0.636951871861,2.04058019241,1.80553954197,0.336816380307,0.337754922294
A[C>G]C,0.22298823965,0.295311810396,0.445976479299,0.867846121879,0.33687421334,1.15110145333,1.01851385137,0.174165745853,0.200391521568
A[C>G]G,0.0821055333163,0.0464438288247,0.164211066633,0.319545859393,0.0529803676963,0.42384207739,0.375022571093,0.0146595106307,0.00725072323344
A[C>G]T,0.266864481421,0.539131829922,0.533728962842,1.03860771148,0.615009643022,1.37759772842,1.21892155027,0.325278133951,0.314739019011
C[C>G]A,0.351917139566,0.463554626378,0.703834279131,1.36962346209,0.528795647869,1.81665334208,1.60740531315,0.351801504848,0.289796866786
C[C>G]C,0.340626235063,0.429571703102,0.681252470125,1.32568048241,0.490029942798,1.75836786208,1.55583334393,0.271706311716,0.185829405769
C[C>G]G,0.109721516322,0.0625267626439,0.219443032645,0.427024279741,0.0713268255345,0.566400259934,0.501160439418,0.0767682508883,0.0280471839012
C[C>G]T,0.357911458418,0.564435877455,0.715822916835,1.39295270303,0.643875000949,1.84759698805,1.63478476953,0.389947823168,0.260259320887
G[C>G]A,0.224104016552,0.262047510936,0.448208033103,0.872188604958,0.298928271735,1.15686127463,1.02361023776,0.191952610339,0.146759319582
G[C>G]C,0.266377280824,0.254869718506,0.532754561648,1.03671157942,0.290740271481,1.37508271993,1.21669622863,0.301532229468,0.2288692285
G[C>G]G,0.125855284016,0.0523950148695,0.251710568032,0.489815159414,0.0597691280733,0.649685385056,0.574852513479,0.0616961028949,0.0039529386749
G[C>G]T,0.224406110832,0.360938096022,0.448812221663,0.873364323237,0.411736791018,1.15842073429,1.0249900738,0.195481768295,0.269953789164
T[C>G]A,0.246235323887,2.10393778439,0.492470647775,0.958321260535,2.40004754663,1.27110667196,1.12469647938,5.97577096366,2.51992475573
T[C>G]C,0.317906907029,0.701501373307,0.635813814059,1.23725931384,0.800231196217,1.64108700656,1.45206127805,1.54803472402,0.792968109255
T[C>G]G,0.0699589170244,0.085702753161,0.139917834049,0.272272541933,0.0977646221244,0.361139274369,0.319542080463,0.220917573747,0.0878509643171
T[C>G]T,0.35444018869,2.59749451234,0.708880377381,1.37944289653,2.96306781408,1.82967773081,1.61892951051,7.20622128362,2.96312816222
A[C>T]A,0.596982790703,1.60700237653,1.19396558141,2.32339248274,1.83317308138,3.08172197363,2.72675923321,1.06050692897,1.28322928669
A[C>T]C,0.44237233136,1.33820984719,0.88474466272,1.72166528962,1.52655049236,2.28359771053,2.02056551351,0.982235625544,1.08532060093
A[C>T]G,0.361566038583,1.54294307813,0.723132077167,1.40717593395,1.76009802987,1.8664625235,1.65147731137,1.83951713952,1.16512168042
A[C>T]T,0.358114345589,1.70511908268,0.716228691178,1.39374231797,1.94509880543,1.84864432453,1.63571147039,0.646472839688,0.825007029185
C[C>T]A,0.618246273361,1.22061387461,1.23649254672,2.40614765849,1.39240397548,3.19148751924,2.82388162697,0.960092269643,3.18740731349
C[C>T]C,0.457446814579,1.65115744184,0.914893629158,1.78033354863,1.88354256329,2.36141463742,2.08941923416,1.0004900375,2.91669179026
C[C>T]G,0.319503226767,0.95105951217,0.639006453534,1.24347201769,1.0849123324,1.6493274679,1.45935257631,1.73321199727,1.69127908316
C[C>T]T,0.529824583628,1.94783640002,1.05964916726,2.06202000115,2.2219763378,2.73504041819,2.42000958468,0.961533808121,3.00316668278
G[C>T]A,0.709791177125,0.870613322453,1.41958235425,2.76243052719,0.993144086354,3.66405715759,3.24201916038,2.08880168383,1.40854122986
G[C>T]C,0.628251465342,1.33212906752,1.25650293068,2.44508678403,1.51961389925,3.24313594271,2.86958101737,3.74523633841,2.16860310289
G[C>T]G,0.540596474745,1.22760762769,1.08119294949,2.10394303685,1.40038203455,2.79064666693,2.46921092519,3.46023399947,0.854997945006
G[C>T]T,0.577083885133,1.16790128153,1.15416777027,2.24594809349,1.332272573,2.97900059623,2.6358696375,2.2864794558,1.61365682351
T[C>T]A,0.641861427068,2.69804570052,1.28372285414,2.49805528373,3.07777065097,3.31339277216,2.93174543715,3.47429623671,4.65388280477
T[C>T]C,0.688683840668,2.06122489755,1.37736768134,2.68028305557,2.35132321646,3.55509766399,3.14560997494,1.55292871346,6.93655292799
T[C>T]G,0.873207168743,1.32380756653,1.74641433749,3.39842789997,1.51012122404,4.50763700621,3.98843274372,1.03434430947,2.66073502923
T[C>T]T,0.545567551561,2.25950183943,1.09113510312,2.1232899304,2.57750580202,2.81630817157,2.49191665443,1.56234616897,3.09990493539
A[T>A]A,0.170658648247,2.02236354139,0.341317296493,0.664185009392,2.30699248425,0.880967616624,0.779494906856,0.900283947696,3.18026629457
A[T>A]C,0.121777103906,1.16967159124,0.243554207812,0.47394332331,1.33429203741,0.628633158001,0.556225150273,1.00477327914,0.952399322741
A[T>A]G,0.24399369827,2.45702133931,0.487987396539,0.949597095969,2.80282434262,1.25953503701,1.11445770291,0.309646560383,0.456769403289
A[T>A]T,0.161699432098,1.79773417045,0.323398864196,0.629316708707,2.05074860925,0.834718690021,0.738573081746,0.479943680863,0.863637958096
C[T>A]A,0.198436453319,2.80173314958,0.396872906638,0.772293223728,3.19605114841,1.02436115092,0.906371908403,1.19815846675,5.98603173901
C[T>A]C,0.269057205894,2.63465243979,0.538114411788,1.04714155807,3.00545537576,1.38891692772,1.22893696746,0.490900501083,0.795799205424
C[T>A]G,0.567913002977,6.15432826844,1.13582600595,2.21025601159,7.0204929877,2.93165901537,2.5939810136,0.674065317461,0.469489325962
C[T>A]T,0.306777295765,3.02579381315,0.61355459153,1.19394407,3.45164627575,1.58363414841,1.4012260266,0.39932914086,0.957310542963
G[T>A]A,0.172354075818,1.75668715611,0.344708151636,0.67078343021,2.00392460771,0.889719688681,0.787238886843,0.542142039066,2.0644722384
G[T>A]C,0.15741093388,0.797403124549,0.314821867761,0.612626337265,0.909630230968,0.812580766788,0.718985076373,0.541746275603,0.519200166056
G[T>A]G,0.243992164253,1.73345483943,0.487984328506,0.949591125742,1.97742255757,1.25952711817,1.11445069618,0.372024139077,0.294778368776
G[T>A]T,0.15097235935,1.23591653424,0.301944718701,0.587568101255,1.40986034276,0.77934380097,0.689576452167,0.31442867192,0.358076468393
T[T>A]A,0.15710623966,1.85971516152,0.31421247932,0.611440500299,2.12145285091,0.811007885814,0.717593364935,0.481601605343,1.66850854974
T[T>A]C,0.214267740579,1.60363282331,0.428535481159,0.833906882255,1.82932929474,1.10608482299,0.978682382646,0.392694084959,0.797001838746
T[T>A]G,0.258827980115,2.25967751136,0.51765596023,1.0073305172,2.57770619814,1.33611200546,1.18221428755,0.266255159025,0.466001759326
T[T>A]T,0.189841796772,2.31718711218,0.379683593545,0.7388437496,2.64330974278,0.979994140095,0.867115233906,0.238680659668,0.920350044987
A[T>C]A,0.3008360491,2.41600282768,0.6016720982,1.17082138028,2.75603285528,1.55296446968,1.37408898102,2.20171430837,3.12744123094
A[T>C]C,0.173677535033,1.21657571093,0.347355070066,0.675934190398,1.38779747766,0.896551599764,0.793283876231,0.875213299014,2.01144808957
A[T>C]G,0.291592552704,1.82146605159,0.583185105408,1.1348466916,2.07782053292,1.50524804234,1.33186868667,1.50644660198,3.02440584257
A[T>C]T,0.291488572226,1.96365469839,0.582977144452,1.13444201083,2.2400209152,1.50471127825,1.33139374882,1.52724412391,2.03045490422
C[T>C]A,0.152716647149,1.44628922643,0.305433294298,0.594356680797,1.64984104348,0.788348097445,0.697543604546,0.912658427532,2.25861798878
C[T>C]C,0.212392837875,1.90616250583,0.42478567575,0.826609963621,2.17443722888,1.09640627119,0.970118637861,0.75760398044,2.77422266621
C[T>C]G,0.205811301268,1.89224904276,0.411622602536,0.800995334665,2.1585655747,1.06243131195,0.940057024711,1.23482576276,3.01323608801
C[T>C]T,0.203890463713,1.30648014854,0.407780927425,0.793519642557,1.49035513241,1.052515637,0.93128346939,1.05897655366,3.73589316007
G[T>C]A,0.197563967527,2.13829165024,0.395127935054,0.768897603349,2.43923640102,1.01985723778,0.902386770597,4.03547217616,5.16540400918
G[T>C]C,0.222568352627,1.18937703743,0.445136705254,0.866211966981,1.35677084269,1.14893392843,1.01659598903,2.45779781214,2.69692968187
G[T>C]G,0.179020653732,1.37462050141,0.358041307464,0.696729030741,1.56808560901,0.924133644941,0.817688931911,2.66702399887,3.56733040284
G[T>C]T,0.241298519429,1.59152761387,0.482597038858,0.939107751291,1.81552038916,1.24562208678,1.10214729145,2.85816857615,4.03550710235
T[T>C]A,0.16666676674,1.36248423711,0.333333533479,0.648649038121,1.55424127789,0.860360876953,0.761261718351,1.54988679162,3.22686206395
T[T>C]C,0.212837101588,1.61526105937,0.425674203177,0.828338989965,1.84259409736,1.09869963252,0.97214784239,1.26659430587,2.58198212843
T[T>C]G,0.149432952734,0.955750593885,0.298865905468,0.581576897127,1.09026364043,0.771397134384,0.682545108434,1.02481558236,2.16138915424
T[T>C]T,0.189464329967,1.48480445296,0.378928659933,0.7373746896,1.69377693152,0.978045595233,0.865391128766,1.09805915885,2.859720226
A[T>G]A,0.0592999541593,0.471610703801,0.118599908319,0.230789010782,0.537985543595,0.306115979579,0.270856547376,0.131009465049,0.722861361132
A[T>G]C,0.0544316547437,0.35176410553,0.108863309487,0.211842115759,0.401271646308,0.280985028542,0.248620260856,0.185327092976,0.340705532691
A[T>G]G,0.126625002677,0.535735820098,0.253250005354,0.492810821229,0.61113567626,0.653658797602,0.57836825547,0.209525296708,0.296181154805
A[T>G]T,0.159676707124,1.68148844071,0.319353414248,0.62144448178,1.9181423694,0.824277055695,0.729334148756,0.256482213581,1.14699103767
C[T>G]A,0.0496798146287,0.391403116193,0.0993596292574,0.193348467744,0.446489480694,0.2564552593,0.226915910061,0.0113056908904,0.486856413888
C[T>G]C,0.109182342208,0.802861377517,0.218364684415,0.424925872375,0.9158566825,0.56361695572,0.498697725218,0.248491822734,0.704328878185
C[T>G]G,0.178827974685,0.891569950444,0.35765594937,0.69597914472,1.01705016569,0.923139004455,0.816808857345,0.233784307107,0.692031333358
C[T>G]T,0.243015939893,2.52984892397,0.486031879786,0.94579176607,2.88590173549,1.25448768972,1.10999172546,0.59689485197,4.96790624659
G[T>G]A,0.0491799154609,0.0784233077055,0.0983598309218,0.191402914226,0.0894606621233,0.253874698731,0.224632586835,0.0282302900076,0.139385503485
G[T>G]C,0.057587422862,0.0753569838903,0.115174845724,0.224124024111,0.0859627816231,0.297275615315,0.263034444964,0.120922147447,0.160162670814
G[T>G]G,0.191810770463,0.470759858045,0.383621540926,0.746506782342,0.537014949177,0.990158301578,0.876108654276,0.156142708354,0.353208838504
G[T>G]T,0.115076591409,0.962548444132,0.230153182819,0.447865653053,1.09801822516,0.594044025924,0.525620106708,0.379848229357,1.44959053688
T[T>G]A,0.11476243469,0.479188735598,0.22952486938,0.446642989064,0.546630113201,0.592422297995,0.524185174666,0.160117999784,1.07858265801
T[T>G]C,0.101089592628,0.717862189985,0.202179185256,0.393429765903,0.818894646354,0.521840870052,0.461733544706,0.193930778802,0.534073086414
T[T>G]G,0.168648936366,0.643150697887,0.337297872732,0.65636342802,0.733668203515,0.870593157999,0.770315412051,0.180745973231,0.381895000018
T[T>G]T,0.370431274586,4.43624322761,0.740862549172,1.44167847406,5.06060338557,1.91222630935,1.69196987581,0.42716003917,2.53531444054
