,1,3,2,5,4,7,6,9,8
A[C>A]A,0.218287514172,0.382003149801,0.413836745617,0.254668766534,0.200096887991,0.118239070176,0.509337533067,0.791292238873,0.413836745617
A[C>A]C,0.184513672458,0.322898926801,0.349807170701,0.215265951201,0.169137533086,0.0999449059147,0.430531902402,0.66886206266,0.349807170701
A[C>A]G,0.0473245708128,0.0828179989224,0.0897194988325,0.0552119992816,0.0433808565784,0.0256341425236,0.110423998563,0.171551569196,0.0897194988325
A[C>A]T,0.237509154846,0.415641020981,0.45027777273,0.277094013987,0.217716725276,0.128650792208,0.554188027975,0.860970686318,0.45027777273
C[C>A]A,0.375436926784,0.657014621872,0.711765840361,0.438009747915,0.344150516219,0.203361668675,0.876019495829,1.36095885959,0.711765840361
C[C>A]C,0.299454635563,0.524045612236,0.567716079922,0.349363741491,0.2745000826,0.162204594264,0.698727482981,1.08552305392,0.567716079922
C[C>A]G,0.0896191362646,0.156833488463,0.169902945835,0.104555658975,0.0821508749092,0.04854369881,0.209111317951,0.324869368959,0.169902945835
C[C>A]T,0.578346894591,1.01210706553,1.096449321,0.67473804369,0.530151320042,0.31327123457,1.34947608738,2.09650749289,1.096449321
G[C>A]A,0.208691117203,0.365209455105,0.395643576364,0.24347297007,0.191300190769,0.113041021818,0.48694594014,0.756505299861,0.395643576364
G[C>A]C,0.285625187498,0.499844078122,0.541497751299,0.333229385415,0.26182308854,0.154713643228,0.666458770829,1.03539130468,0.541497751299
G[C>A]G,0.0788192895359,0.137933756688,0.149428236412,0.0919558377918,0.0722510154079,0.0426937818319,0.183911675584,0.285719924567,0.149428236412
G[C>A]T,0.397291657428,0.695260400498,0.753198767206,0.463506933666,0.364184019309,0.215199647773,0.927013867331,1.44018225818,0.753198767206
T[C>A]A,0.543953640959,0.951918871678,1.03124544432,0.634612581119,0.498624170879,0.294641555519,1.26922516224,1.97183194848,1.03124544432
T[C>A]C,0.398468915275,0.697320601732,0.755430651876,0.464880401154,0.365263172336,0.215837329107,0.929760802309,1.44444981787,0.755430651876
T[C>A]G,0.091969139533,0.160945994183,0.174358160365,0.107297329455,0.0843050445719,0.049816617247,0.21459465891,0.333388130807,0.174358160365
T[C>A]T,1.84255888372,3.22447804651,3.49318455038,2.14965203101,1.68901231008,0.998052728681,4.29930406201,6.67927595348,3.49318455038
A[C>G]A,0.101920214996,0.178360376242,0.193223740929,0.118906917495,0.0934268637459,0.0552067831226,0.23781383499,0.369460779359,0.193223740929
A[C>G]C,0.0591018409147,0.103428221601,0.112047240067,0.0689521477338,0.0541766875051,0.0320134971621,0.137904295468,0.214244173316,0.112047240067
A[C>G]G,0.0133187243544,0.0233077676202,0.0252500815886,0.0155385117468,0.0122088306582,0.00721430902531,0.0310770234937,0.0482803757848,0.0252500815886
A[C>G]T,0.0931448243656,0.16300344264,0.17658706286,0.10866896176,0.0853827556685,0.0504534465314,0.21733792352,0.337649988325,0.17658706286
C[C>G]A,0.0688505716714,0.120488500425,0.130529208794,0.08032566695,0.0631130240321,0.0372940596554,0.1606513339,0.249583322309,0.130529208794
C[C>G]C,0.0721085942603,0.126190039956,0.136705876619,0.0841266933037,0.0660995447386,0.039058821891,0.168253386607,0.261393654194,0.136705876619
C[C>G]G,0.0164210136893,0.0287367739563,0.0311315051193,0.0191578493042,0.0150525958819,0.00889471574838,0.0383156986084,0.0595261746238,0.0311315051193
C[C>G]T,0.0891856791362,0.156074938488,0.169081183362,0.104049958992,0.0817535392081,0.0483089095321,0.208099917984,0.323298086869,0.169081183362
G[C>G]A,0.0491814910641,0.0860676093622,0.0932399101423,0.0573784062414,0.0450830334754,0.0266399743264,0.114756812483,0.178282905107,0.0932399101423
G[C>G]C,0.0513791553758,0.0899135219076,0.0974063153999,0.0599423479384,0.0470975590944,0.0278303758285,0.119884695877,0.186249438237,0.0974063153999
G[C>G]G,0.0130455464556,0.0228297062973,0.0247321818221,0.0152198041982,0.0119584175843,0.00706633766346,0.0304396083965,0.0472901059016,0.0247321818221
G[C>G]T,0.054111367259,0.0946948927033,0.102586133762,0.0631299284689,0.0496020866541,0.029310323932,0.126259856938,0.196153706314,0.102586133762
T[C>G]A,0.398440871177,0.69727152456,0.75537748494,0.46484768304,0.365237465246,0.215822138554,0.92969536608,1.44434815802,0.75537748494
T[C>G]C,0.0837835659404,0.146621240396,0.158839677095,0.0977474935971,0.076801602112,0.0453827648844,0.195494987194,0.303715426534,0.158839677095
T[C>G]G,0.0244848671117,0.0428485174455,0.0464192272326,0.028565678297,0.0224444615191,0.0132626363522,0.057131356594,0.0887576432799,0.0464192272326
T[C>G]T,0.683065523603,1.1953646663,1.2949783885,0.796909777536,0.626143396636,0.369993825285,1.59381955507,2.47611252306,1.2949783885
A[C>T]A,0.506975879176,0.887207788558,0.961141770938,0.591471859039,0.464727889245,0.274611934554,1.18294371808,1.83778756201,0.961141770938
A[C>T]C,0.519471848357,0.909075734625,0.984832045844,0.60605048975,0.476182527661,0.281380584527,1.2121009795,1.88308545029,0.984832045844
A[C>T]G,0.736307736302,1.28853853853,1.39591675007,0.859025692352,0.674948758277,0.398833357163,1.7180513847,2.66911554409,1.39591675007
A[C>T]T,0.405521475178,0.709662581561,0.768801130025,0.473108387708,0.371728018913,0.219657465721,0.946216775415,1.47001534752,0.768801130025
C[C>T]A,0.60558368394,1.05977144689,1.14808573414,0.706514297929,0.555118376945,0.328024495467,1.41302859586,2.19524085428,1.14808573414
C[C>T]C,0.649681600645,1.13694280113,1.23168803456,0.757961867419,0.595541467258,0.351910867016,1.51592373484,2.35509580234,1.23168803456
C[C>T]G,0.578516698632,1.01240422261,1.09677124116,0.674936148404,0.530306973746,0.313363211759,1.34987229681,2.09712303254,1.09677124116
C[C>T]T,0.679344760227,1.1888533304,1.28792444126,0.792568886932,0.622732696875,0.36797841179,1.58513777386,2.46262475582,1.28792444126
G[C>T]A,0.711543531762,1.24520118058,1.34896794563,0.830134120389,0.652248237449,0.385419413038,1.66026824078,2.57934530264,1.34896794563
G[C>T]C,1.27078758714,2.22387827749,2.40920146729,1.48258551833,1.16488862154,0.688343276367,2.96517103666,4.60660500338,2.40920146729
G[C>T]G,1.36737861477,2.39291257584,2.59232195716,1.59527505056,1.25343039687,0.740663416332,3.19055010112,4.95674747853,2.59232195716
G[C>T]T,0.914496220354,1.60036838562,1.73373241775,1.06691225708,0.838288201991,0.495352119359,2.13382451416,3.31504879878,1.73373241775
T[C>T]A,4.28886364318,7.50551137557,8.13097065687,5.00367425038,3.93145833959,2.32313447339,10.0073485008,15.5471307065,8.13097065687
T[C>T]C,1.49397944815,2.61446403426,2.83233603712,1.74297602284,1.3694811608,0.809238867747,3.48595204568,5.41567549954,2.83233603712
T[C>T]G,1.68612275997,2.95071482995,3.19660773245,1.96714321997,1.54561252997,0.913316494984,3.93428643993,6.1121950049,3.19660773245
T[C>T]T,2.72740162446,4.77295284281,5.17069891305,3.18196856188,2.50011815576,1.47734254659,6.36393712375,9.88683088869,5.17069891305
A[T>A]A,0.49223822555,0.861416894712,0.933201635938,0.574277929808,0.45121837342,0.266629038839,1.14855585962,1.78436356762,0.933201635938
A[T>A]C,0.270956603077,0.474174055385,0.513688560001,0.316116036924,0.248376886154,0.14676816,0.632232073847,0.982217686156,0.513688560001
A[T>A]G,0.621947369939,1.08840789739,1.17910855551,0.725605264928,0.570118422444,0.336888158717,1.45121052986,2.25455921603,1.17910855551
A[T>A]T,0.295018003298,0.516281505771,0.559304964586,0.344187670514,0.27043316969,0.159801418453,0.688375341028,1.06944026195,0.559304964586
C[T>A]A,0.704520619749,1.23291108456,1.33565367494,0.821940723041,0.645810568104,0.381615335698,1.64388144608,2.55388724659,1.33565367494
C[T>A]C,0.583538266436,1.02119196626,1.10629129679,0.680794644176,0.534910077567,0.316083227653,1.36158928835,2.11532621583,1.10629129679
C[T>A]G,1.70177181953,2.97810068418,3.22627574119,1.98540045612,1.55995750124,0.921793068912,3.97080091224,6.16892284579,3.22627574119
C[T>A]T,0.599463493199,1.0490611131,1.13648287252,0.699374075399,0.549508202099,0.324709392149,1.3987481508,2.17305516285,1.13648287252
G[T>A]A,0.446482214612,0.781343875572,0.846455865202,0.520895917048,0.409275363395,0.241844532915,1.0417918341,1.61849802797,0.846455865202
G[T>A]C,0.179242704583,0.31367473302,0.339814294105,0.20911648868,0.164305812534,0.0970897983157,0.41823297736,0.649754804113,0.339814294105
G[T>A]G,0.443179908434,0.77556483976,0.840195243073,0.517043226507,0.406248249398,0.240055783735,1.03408645301,1.60652716807,0.840195243073
G[T>A]T,0.174469675503,0.305321932131,0.330765426475,0.203547954754,0.159930535878,0.0945044075644,0.407095909508,0.6324525737,0.330765426475
T[T>A]A,0.41698243023,0.729719252903,0.790529190644,0.486479501935,0.382233894378,0.225865483041,0.97295900387,1.51156130958,0.790529190644
T[T>A]C,0.392604095269,0.687057166721,0.744311930614,0.458038111147,0.35988708733,0.212660551604,0.916076222294,1.42318984535,0.744311930614
T[T>A]G,0.602860160939,1.05500528164,1.14292238845,0.703336854429,0.552621814194,0.326549253842,1.40667370886,2.1853680834,1.14292238845
T[T>A]T,0.367774848483,0.643605984844,0.697239816915,0.429070656563,0.337126944442,0.199211376261,0.858141313126,1.33318382575,0.697239816915
A[T>C]A,0.865533968329,1.51468444458,1.64090814829,1.00978962972,0.793406137635,0.468830899512,2.01957925943,3.13756063519,1.64090814829
A[T>C]C,0.493289946551,0.863257406464,0.935195523669,0.575504937643,0.452182451005,0.267198721048,1.15100987529,1.78817605625,0.935195523669
A[T>C]G,0.763490030807,1.33610755391,1.44744985007,0.890738369275,0.699865861573,0.413557100021,1.78147673855,2.76765136168,1.44744985007
A[T>C]T,0.48305156143,0.845340232503,0.915785251878,0.563560155002,0.442797264644,0.261652929108,1.12712031,1.75106191018,0.915785251878
C[T>C]A,0.480336364529,0.840588637926,0.910637691086,0.560392425284,0.440308334152,0.260182197453,1.12078485057,1.74121932142,0.910637691086
C[T>C]C,0.569917885072,0.997356298876,1.08046932378,0.66490419925,0.522424727982,0.308705521081,1.3298083985,2.06595233339,1.08046932378
C[T>C]G,0.703602159832,1.23130377971,1.33391242802,0.820869186471,0.644968646513,0.381117836576,1.64173837294,2.55055782939,1.33391242802
C[T>C]T,0.490487673485,0.858353428599,0.929882880983,0.572235619066,0.449613700695,0.265680823138,1.14447123813,1.77801781638,0.929882880983
G[T>C]A,0.974072226392,1.70462639619,1.84667859587,1.13641759746,0.892899540859,0.527622455962,2.27283519491,3.53101182067,1.84667859587
G[T>C]C,0.704403292492,1.23270576186,1.33543124202,0.82180384124,0.645703018117,0.381551783433,1.64360768248,2.55346193528,1.33543124202
G[T>C]G,0.714445499439,1.25027962402,1.35446959269,0.833519749345,0.654908374486,0.386991312196,1.66703949869,2.58986493547,1.35446959269
G[T>C]T,0.723717914088,1.26650634965,1.37204854546,0.844337566436,0.663408087914,0.392013870131,1.68867513287,2.62347743857,1.37204854546
T[T>C]A,0.711784375093,1.24562265641,1.34942454445,0.830415104275,0.652469010502,0.385549869842,1.66083020855,2.58021835971,1.34942454445
T[T>C]C,0.585556164237,1.02472328742,1.1101168947,0.683148858277,0.536759817218,0.317176255629,1.36629771655,2.12264109536,1.1101168947
T[T>C]G,0.504483489432,0.882846106506,0.956416615381,0.588564071004,0.462443198646,0.273261890109,1.17712814201,1.82875264919,0.956416615381
T[T>C]T,0.571176038966,0.999558068191,1.08285457387,0.666372045461,0.523578035719,0.309387021107,1.33274409092,2.07051314125,1.08285457387
A[T>G]A,0.0483600343707,0.0846300601487,0.0916825651611,0.0564200400991,0.0443300315065,0.0261950186174,0.112840080198,0.175305124594,0.0916825651611
A[T>G]C,0.0686267999567,0.120096899924,0.130104974918,0.0800645999495,0.0629078999603,0.0371728499765,0.160129199899,0.248772149843,0.130104974918
A[T>G]G,0.0766886396369,0.134205119365,0.145388879312,0.0894700795764,0.0702979196672,0.0415396798033,0.178940159153,0.277996318684,0.145388879312
A[T>G]T,0.240351234646,0.42061466063,0.455665882349,0.280409773753,0.220321965092,0.1301902521,0.560819547507,0.87127322559,0.455665882349
C[T>G]A,0.0524022676659,0.0917039684153,0.0993459657833,0.0611359789435,0.0480354120271,0.0283845616524,0.122271957887,0.189958220289,0.0993459657833
C[T>G]C,0.14171363748,0.24799886559,0.268665437722,0.16533257706,0.12990416769,0.076761553635,0.33066515412,0.513711935865,0.268665437722
C[T>G]G,0.164671751183,0.28817556457,0.312190194951,0.192117043047,0.150949105251,0.0891971985575,0.384234086094,0.596935098039,0.312190194951
C[T>G]T,0.382415606485,0.669227311348,0.72499625396,0.446151540899,0.350547639278,0.207141786846,0.892303081797,1.38625657351,0.72499625396
G[T>G]A,0.00675731846776,0.0118253073186,0.0128107495951,0.00788353821238,0.00619420859544,0.00366021417003,0.0157670764248,0.0244952794456,0.0128107495951
G[T>G]C,0.0310015959143,0.0542527928501,0.0587738589209,0.0361685285667,0.0284181295881,0.0167925311203,0.0723370571334,0.112380785189,0.0587738589209
G[T>G]G,0.0849088616004,0.148590507801,0.160973050117,0.0990603385338,0.0778331231337,0.0459923000335,0.198120677068,0.307794623301,0.160973050117
G[T>G]T,0.196857704134,0.344500982234,0.373209397421,0.22966732149,0.180452895456,0.106631256406,0.459334642979,0.713609177485,0.373209397421
T[T>G]A,0.0853362728049,0.149338477409,0.161783350526,0.099558984939,0.0782249167378,0.046223814436,0.199117969878,0.309343988918,0.161783350526
T[T>G]C,0.13060183282,0.228553207435,0.247599308055,0.152368804957,0.119718346752,0.0707426594442,0.304737609913,0.473431643972,0.247599308055
T[T>G]G,0.0903017254211,0.158028019487,0.171197021111,0.105352012991,0.082776581636,0.0489134346031,0.210704025982,0.327343754651,0.171197021111
T[T>G]T,0.675214388094,1.18162517916,1.28009394409,0.787750119442,0.618946522419,0.365741126884,1.57550023888,2.44765215684,1.28009394409
