,1,3,2,5,4,7,6,9,8
A[C>A]A,0.587098863464,0.118605831003,0.450702157811,0.598959446565,0.255002536656,0.189769329605,0.765007609969,0.160117871854,1.16826743538
A[C>A]C,0.461516990022,0.09323575556,0.354295871128,0.470840565578,0.200456874454,0.149177208896,0.601370623362,0.125868270006,0.918372192266
A[C>A]G,0.0797586134989,0.0161128512119,0.0612288346052,0.0813698986201,0.0346426301056,0.025780561939,0.103927890317,0.0217523491361,0.158711584437
A[C>A]T,0.372682562841,0.0752894066345,0.286099745211,0.380211503504,0.161872224264,0.120463050615,0.485616672792,0.101640698957,0.741600655349
C[C>A]A,0.603699584073,0.121959511934,0.463446145349,0.615895535267,0.262212950658,0.195135219094,0.786638851974,0.164645341111,1.20130119255
C[C>A]C,0.688214646244,0.139033261867,0.528326395096,0.702117972431,0.298921513015,0.222453218988,0.896764539045,0.187694903521,1.36947762939
C[C>A]G,0.184074742702,0.0371868167075,0.141309903489,0.187793424373,0.0799516559211,0.059498906732,0.239854967763,0.0502022025551,0.366290144569
C[C>A]T,1.32754100102,0.268190101217,1.01912238462,1.35436001115,0.576608717617,0.429104161947,1.72982615285,0.362056636643,2.64167249699
G[C>A]A,0.553184348711,0.111754413881,0.424666772748,0.564359790099,0.240271989844,0.17880706221,0.720815969533,0.150868458739,1.10078097673
G[C>A]C,0.516459743971,0.104335301812,0.396474146887,0.526893274152,0.224320898896,0.1669364829,0.672962696689,0.140852657447,1.02770272285
G[C>A]G,0.101394257994,0.0204836884836,0.0778380162377,0.103442626842,0.0440399302397,0.0327739015738,0.132119790719,0.0276529794529,0.201764331563
G[C>A]T,0.510873435418,0.10320675463,0.392185667594,0.521194110881,0.221894522454,0.165130807408,0.665683567363,0.13932911875,1.01658653311
T[C>A]A,0.924330050428,0.186733343521,0.709586705379,0.94300338478,0.40147668857,0.298773349633,1.20443006571,0.252090013753,1.83932343368
T[C>A]C,0.665424201069,0.134429131529,0.510830699811,0.678867114222,0.289022632788,0.215086610447,0.867067898363,0.181479327564,1.32412694556
T[C>A]G,0.153803629978,0.0310714403995,0.118071473518,0.156910774018,0.066803596859,0.0497143046393,0.200410790577,0.0419464445394,0.306053687935
T[C>A]T,1.7907033049,0.361758243414,1.37468132497,1.82687912924,0.777780223339,0.578813189462,2.33334067002,0.488373628608,3.56331869762
A[C>G]A,0.232990177094,0.0470687226453,0.178861146052,0.237697049359,0.101197753687,0.0753099562325,0.303593261062,0.0635427755712,0.463626918057
A[C>G]C,0.180977266343,0.0365610639077,0.138932042849,0.184633372734,0.0786062874016,0.0584977022523,0.235818862205,0.0493574362754,0.360126479491
A[C>G]G,0.050670136248,0.0102363911612,0.0388982864126,0.0516937753641,0.0220082409966,0.0163782258579,0.0660247229898,0.0138191280676,0.100828452938
A[C>G]T,0.262084083087,0.0529462794115,0.201195861764,0.267378711028,0.113834500735,0.0847140470584,0.341503502204,0.0714774772055,0.521520852203
C[C>G]A,0.18941653637,0.0382659669434,0.145410674385,0.193243133064,0.0822718289284,0.0612255471095,0.246815486785,0.0516590553737,0.376919774393
C[C>G]C,0.144722117257,0.0292367913651,0.111099807188,0.147645796394,0.0628591014351,0.0467788661842,0.188577304305,0.039469668343,0.287982394947
C[C>G]G,0.0590254131744,0.0119243258938,0.0453124383965,0.0602178457638,0.0256373006717,0.0190789214301,0.0769119020152,0.0160978399567,0.117454610054
C[C>G]T,0.176352459969,0.0356267595897,0.135381686441,0.179915135928,0.0765975331179,0.0570028153436,0.229792599354,0.0480961254461,0.350923581959
G[C>G]A,0.134599142697,0.0271917459994,0.103328634798,0.137318317297,0.0584622538987,0.043506793599,0.175386761696,0.0367088570992,0.267838698094
G[C>G]C,0.187284857047,0.037835324656,0.143774233693,0.191068389513,0.0813459480104,0.0605365194496,0.244037844031,0.0510776882856,0.372677947861
G[C>G]G,0.0156566904627,0.00316296777025,0.012019277527,0.0159729872398,0.00680038070604,0.0050607484324,0.0204011421181,0.00427000648984,0.031155232537
G[C>G]T,0.183739602806,0.037119111678,0.141052624376,0.187451513974,0.0798060901076,0.0593905786847,0.239418270323,0.0501108007653,0.365623250028
T[C>G]A,0.642805328997,0.129859662424,0.493466717209,0.655791295239,0.279198274211,0.207775459878,0.837594822632,0.175310544272,1.27911767487
T[C>G]C,0.202560595862,0.0409213324973,0.15550106349,0.206652729111,0.0879808648692,0.0654741319957,0.263942594608,0.0552437988713,0.403075125098
T[C>G]G,0.050657809607,0.0102339009307,0.0388888235367,0.0516811997001,0.022002887001,0.0163742414891,0.0660086610031,0.0138157662565,0.100803924167
T[C>G]T,1.1719815908,0.236763957738,0.899703039404,1.19565798658,0.509042509136,0.37882233238,1.52712752741,0.319631342946,2.33212498372
A[C>T]A,1.99464501934,0.402958589766,1.53124264111,2.03494087832,0.866360967996,0.644733743625,2.59908290399,0.543994096184,3.96914210919
A[C>T]C,2.05229618974,0.414605290857,1.57550010526,2.09375671883,0.891401375343,0.663368465372,2.67420412603,0.559717142657,4.08386211494
A[C>T]G,4.97040669349,1.00412256434,3.81566574449,5.07081894992,2.15886351333,1.60659610295,6.47659054,1.35556546186,9.89060725876
A[C>T]T,1.2933109268,0.261274934708,0.99284475189,1.31943842027,0.561741109622,0.418039895533,1.68522332887,0.352721161856,2.57355810687
C[C>T]A,2.50884973443,0.506838330188,1.92598565471,2.55953356745,1.0897024099,0.810941328301,3.26910722971,0.684231745754,4.99235755235
C[C>T]C,3.79946912955,0.767569521121,2.91676418026,3.87622608166,1.65027447041,1.22811123379,4.95082341123,1.03621885351,7.56055978305
C[C>T]G,3.45292966559,0.697561548604,2.65073388469,3.52268582045,1.4997573295,1.11609847777,4.4992719885,0.941708090615,6.87098125375
C[C>T]T,3.45394752201,0.697767176164,2.65151526942,3.52372423963,1.50019942875,1.11642748186,4.50059828626,0.941985687821,6.87300668522
G[C>T]A,2.54843294078,0.514834937532,1.95637276262,2.59991643454,1.10689511569,0.823735900051,3.32068534708,0.695027165668,5.07112413469
G[C>T]C,4.12862195219,0.834065040846,3.16944715522,4.21202845627,1.79323983782,1.33450406535,5.37971951346,1.12598780514,8.21554065233
G[C>T]G,3.57635727279,0.722496418746,2.74548639123,3.64860691467,1.5533673003,1.15599426999,4.66010190091,0.975370165307,7.11658972464
G[C>T]T,2.94537518029,0.595025288948,2.261096098,3.00487770919,1.27930437124,0.952040462317,3.83791311372,0.80328414008,5.86099909614
T[C>T]A,6.99477618716,1.41308609842,5.36972717398,7.136084797,3.03813511159,2.26093775747,9.11440533478,1.90766623286,13.9188980694
T[C>T]C,3.55871077245,0.718931469181,2.73193958289,3.63060391937,1.54570265874,1.15029035069,4.63710797622,0.970557483395,7.08147497144
T[C>T]G,3.60838068028,0.728965793995,2.77007001718,3.68127725967,1.56727645709,1.16634527039,4.70182937127,0.984103821893,7.18031307085
T[C>T]T,4.45512362008,0.900024973754,3.42009490027,4.54512611746,1.93505369357,1.44003995801,5.80516108072,1.21503371457,8.86524599148
A[T>A]A,2.13197949781,0.43070292885,1.63667112963,2.17504979069,0.926011297027,0.68912468616,2.77803389108,0.581448953947,4.24242384917
A[T>A]C,0.280785941418,0.0567244326098,0.215552843917,0.286458384679,0.121957530111,0.0907590921757,0.365872590333,0.0765779840232,0.558735661207
A[T>A]G,0.467566918581,0.0944579633496,0.358940260728,0.477012714915,0.203084621202,0.151132741359,0.609253863605,0.127518250522,0.930410938994
A[T>A]T,0.57469621532,0.116100245519,0.441180932973,0.586306239872,0.249615527866,0.185760392831,0.748846583599,0.156735331451,1.14358741836
C[T>A]A,4.34584356919,0.877948195796,3.33620314402,4.43363838877,1.88758862096,1.40471711327,5.66276586288,1.18523006432,8.64778972859
C[T>A]C,0.464075534983,0.0937526333299,0.356260006654,0.473450798316,0.201568161659,0.150004213328,0.604704484978,0.126566054995,0.9234634383
C[T>A]G,1.05893850665,0.21392697104,0.812922489951,1.08033120375,0.459942987735,0.342283153664,1.37982896321,0.288801410904,2.10718066474
C[T>A]T,0.555234212471,0.112168527772,0.426240405533,0.566451065248,0.24116233471,0.179469644435,0.723487004129,0.151427512492,1.10485999855
G[T>A]A,1.63266492555,0.329831298091,1.25335893274,1.66564805536,0.709137290895,0.527730076945,2.12741187269,0.445272252423,3.24883828619
G[T>A]C,0.164127369034,0.0331570442492,0.125996768147,0.167443073458,0.0712876451358,0.0530512707987,0.213862935407,0.0447620097364,0.326596885855
G[T>A]G,0.38483212098,0.0777438628242,0.295426678732,0.392606507262,0.167149305072,0.124390180519,0.501447915216,0.104954214813,0.765777048818
G[T>A]T,0.243874380213,0.0492675515582,0.187216695921,0.248801135369,0.10592523585,0.0788280824931,0.31777570755,0.0665111946036,0.485285382848
T[T>A]A,1.1191632165,0.22609357909,0.859155600543,1.14177257441,0.486101195044,0.361749726544,1.45830358513,0.305226331772,2.22702175404
T[T>A]C,0.265883521087,0.0537138426439,0.204112602047,0.271254905352,0.115484761684,0.0859421482303,0.346454285053,0.0725136875693,0.529081350042
T[T>A]G,0.410323439127,0.0828936240661,0.314995771451,0.418612801534,0.178221291742,0.132629798506,0.534663875226,0.111906392489,0.816502197051
T[T>A]T,0.423413256303,0.0855380315764,0.32504451999,0.431967059461,0.183906767889,0.136860850522,0.551720303668,0.115476342628,0.842549611027
A[T>C]A,1.23052309117,0.248590523468,0.94464398918,1.25538214351,0.534469625457,0.397744837549,1.60340887637,0.335597206682,2.44861665616
A[T>C]C,0.578326533865,0.116833643205,0.443967844179,0.590009898185,0.251192332891,0.186933829128,0.753576998672,0.157725418327,1.15081138557
A[T>C]G,1.22863760238,0.248209616642,0.943196543239,1.25345856404,0.53365067578,0.397135386627,1.60095202734,0.335082982466,2.44486472392
A[T>C]T,0.844384628692,0.170582753271,0.64821446243,0.861442904019,0.366752919533,0.272932405234,1.1002587586,0.230286716916,1.68024011972
C[T>C]A,0.549246752283,0.110958939855,0.42164397145,0.560342646269,0.238561720689,0.177534303768,0.715685162066,0.149794568804,1.09294555757
C[T>C]C,0.566080512292,0.114359699453,0.434566857921,0.577516482237,0.245873353824,0.182975519125,0.737620061472,0.154385594261,1.12644303961
C[T>C]G,1.10031068862,0.2222849876,0.844682952881,1.12253918738,0.47791272334,0.35565598016,1.43373817002,0.30008473326,2.18950712786
C[T>C]T,0.653098132503,0.131939016667,0.501368263336,0.66629203417,0.283668885835,0.211102426668,0.851006657504,0.178117672501,1.29959931417
G[T>C]A,0.743797846866,0.150262191286,0.570996326887,0.758824065995,0.323063711265,0.240419506058,0.969191133795,0.202853958236,1.48008258417
G[T>C]C,0.452266207705,0.0913669106474,0.34719426046,0.461402898769,0.196438857892,0.146187057036,0.589316573676,0.123345329374,0.899964069877
G[T>C]G,0.626585695746,0.126582968838,0.481015281583,0.63924399263,0.272153383001,0.20253275014,0.816460149003,0.170887007931,1.24684224305
G[T>C]T,0.702698995035,0.141959392936,0.539445693158,0.716894934328,0.305212694813,0.227135028698,0.915638084439,0.191645180464,1.39830002042
T[T>C]A,0.596932320158,0.120592387911,0.45825107406,0.608991558949,0.259273634008,0.192947820657,0.777820902024,0.162799723679,1.18783502092
T[T>C]C,0.549646207458,0.11103963787,0.421950623907,0.560750171245,0.238735221421,0.177663420592,0.716205664263,0.149903511125,1.09374043302
T[T>C]G,0.632304386404,0.12773825988,0.485405387542,0.645078212392,0.274637258741,0.204381215807,0.823911776223,0.172446650837,1.25822185981
T[T>C]T,0.580519977761,0.117276763184,0.4456517001,0.59224765408,0.252145040846,0.187642821095,0.756435122537,0.158323630299,1.15517611736
A[T>G]A,0.242837399304,0.0490580604655,0.186420629769,0.247743205351,0.105474830001,0.0784928967449,0.316424490003,0.0662283816285,0.483221895586
A[T>G]C,0.123438973437,0.0249371663509,0.0947612321335,0.125932690072,0.0536149076545,0.0398994661615,0.160844722964,0.0336651745738,0.245631088557
A[T>G]G,0.167991433393,0.0339376633117,0.128963120584,0.171385199724,0.0729659761201,0.0543002612987,0.21889792836,0.0458158454708,0.33428598362
A[T>G]T,0.281182202372,0.0568044853278,0.215857044246,0.286862650905,0.122129643455,0.0908871765244,0.366388930364,0.0766860551925,0.559524180479
C[T>G]A,0.12496571577,0.0252455991454,0.0959332767526,0.127490275684,0.0542780381627,0.0403929586327,0.162834114488,0.0340815588463,0.248669151582
C[T>G]C,0.233533681385,0.047178521492,0.179278381669,0.238251533534,0.101433821208,0.0754856343871,0.304301463623,0.0636910040141,0.464708436696
C[T>G]G,0.35060506837,0.0708293067414,0.269151365617,0.357687999044,0.152283009494,0.113326890786,0.456849028482,0.0956195641009,0.697668671403
C[T>G]T,0.562884856222,0.113714112368,0.432113626999,0.574256267459,0.244485341592,0.181942579789,0.733456024775,0.153514051697,1.12008400683
G[T>G]A,0.0657006591389,0.0132728604321,0.0504368696419,0.0670279451821,0.028536649929,0.0212365766913,0.085609949787,0.0179183615833,0.130737675256
G[T>G]C,0.0613121564792,0.0123862942382,0.0470679181053,0.0625507859031,0.0266305326122,0.0198180707812,0.0798915978366,0.0167214972216,0.122004998247
G[T>G]G,0.232287096334,0.0469266861281,0.178321407287,0.236979764947,0.100892375175,0.0750826978049,0.302677125526,0.0633510262729,0.462227858362
G[T>G]T,0.237601622529,0.0480003277837,0.182401245578,0.242401655308,0.103200704735,0.0768005244539,0.309602114205,0.064800442508,0.47280322867
T[T>G]A,0.343228567976,0.0693391046415,0.263488597638,0.35016247844,0.149079074979,0.110942567426,0.447237224938,0.0936077912661,0.682990180719
T[T>G]C,0.175957743209,0.0355470188301,0.135078671554,0.179512445092,0.0764260904846,0.0568752301281,0.229278271454,0.0479884754206,0.350138135476
T[T>G]G,0.245276551645,0.0495508185141,0.188293110353,0.250231633496,0.106534259805,0.0792813096225,0.319602779416,0.066893604994,0.488075562364
T[T>G]T,0.644516797062,0.130205413548,0.494780571482,0.657537338417,0.279941639128,0.208328661677,0.839824917383,0.17577730829,1.28252332345
