,1,3,2,5,4,7,6,9,8
A[C>A]A,1.43363630727,1.72763971583,0.577580095014,1.23701483815,1.98027461148,2.61887245988,0.309417908043,1.86682137853,1.54708954022
A[C>A]C,1.05880509836,1.00657842541,0.426568960492,1.07856159375,1.46252215026,0.947820646313,0.228519085978,1.37873181873,1.14259542989
A[C>A]G,0.245559244949,0.17187798251,0.0989303432887,0.263398404531,0.339189748418,0.363640420342,0.0529983981904,0.319757002415,0.264991990952
A[C>A]T,0.883952845308,1.37769374501,0.356124887318,0.782065277259,1.22099961366,1.30118251755,0.190781189635,1.1510465108,0.953905948174
C[C>A]A,1.4571744112,2.41359989951,0.587063072138,1.438069342,2.0127876759,4.86678679295,0.314498074359,1.8974717153,1.5724903718
C[C>A]C,1.36842261107,1.17082197482,0.551306951224,1.52694946453,1.89019526134,2.33063113135,0.295343009584,1.78190282449,1.47671504792
C[C>A]G,0.218984031206,0.414576549775,0.0882237823563,0.620716326838,0.302481539507,1.33556620525,0.047262740548,0.285151867973,0.23631370274
C[C>A]T,1.35253857735,2.7005042879,0.544907628286,3.72987132176,1.86825472555,4.72376594679,0.291914800868,1.76121929857,1.45957400434
G[C>A]A,1.3414907832,2.83842992169,0.54045671841,1.3309557483,1.85299446312,5.96375442467,0.289530384862,1.746833322,1.44765192431
G[C>A]C,0.986937974341,1.19482831925,0.397615299015,1.51334831829,1.36325245377,2.31409118396,0.213008195901,1.2851494486,1.0650409795
G[C>A]G,0.228162967431,0.333904947283,0.0919217710513,0.335365747731,0.31516035789,1.00120357602,0.0492438059203,0.297104295719,0.246219029602
G[C>A]T,1.19197077265,2.58075647082,0.48021844078,1.83201852432,1.64646322553,4.16162788701,0.257259878989,1.55213460324,1.28629939495
T[C>A]A,1.49393082944,1.82695705035,0.601871413299,1.03136666787,2.06355913131,3.34857936442,0.322431114267,1.94533438941,1.61215557134
T[C>A]C,1.37996050443,1.53297791392,0.555955311138,0.882693104426,1.90613249533,2.69838089967,0.297833202395,1.79692698779,1.48916601198
T[C>A]G,0.278414155533,0.3504512368,0.112166854028,0.2451001875,0.384572070952,0.861775201698,0.0600893860862,0.362539296054,0.300446930431
T[C>A]T,2.17643748127,3.41333780714,0.876838121951,1.66774181825,3.0063021324,5.63875260168,0.469734708188,2.83406607273,2.34867354094
A[C>G]A,0.508243133768,0.381058328003,0.204759823676,0.279480935232,0.702033681176,0.439223167215,0.109692762684,0.661813001525,0.548463813419
A[C>G]C,0.304901409102,0.241062536504,0.122837977768,0.159813068239,0.421158780918,0.381648534791,0.0658060595184,0.397029892428,0.329030297592
A[C>G]G,0.0953283546917,0.0869683718378,0.0384056680772,0.0102028697014,0.131676576265,0.144666847084,0.0205744650414,0.12413260575,0.102872325207
A[C>G]T,0.505551353581,0.393977201794,0.203675365472,0.257464085621,0.69831553876,0.497978661084,0.109111802931,0.658307877685,0.545559014656
C[C>G]A,0.304287350674,0.315930798301,0.122590587322,0.104142806289,0.420310585104,0.319842525754,0.0656735289225,0.396230291165,0.328367644612
C[C>G]C,0.288985601075,0.311213689998,0.11642585367,0.0678403096747,0.399174355441,0.45491901988,0.0623709930377,0.376304991328,0.311854965189
C[C>G]G,0.116205971338,0.134266017345,0.0468167942082,0.0345587566157,0.160514722999,0.26389368331,0.0250804254687,0.151318566994,0.125402127343
C[C>G]T,0.33228025266,0.390575698442,0.13386830323,0.120468486817,0.458977039645,0.532650946315,0.0717151624445,0.432681480082,0.358575812223
G[C>G]A,0.258857823124,0.198247344965,0.104288043849,0.0693467449549,0.357559007481,0.225638066805,0.0558685949189,0.337073856011,0.279342974595
G[C>G]C,0.307201071799,0.185415882895,0.123764460581,0.267583603976,0.42433529342,0.372083923478,0.0663023895968,0.400024417234,0.331511947984
G[C>G]G,0.0622891646164,0.0415589542225,0.0250949152412,0.00617080803455,0.0860397093983,0.105763084224,0.0134437045935,0.0811103510473,0.0672185229674
G[C>G]T,0.25120026079,0.289114070948,0.101202982764,0.21302618982,0.346981655192,0.292231981261,0.0542158836238,0.327102497864,0.271079418119
T[C>G]A,0.328255890576,0.256207556766,0.132246977498,1.37220960585,0.453418208566,0.332183681065,0.0708465950884,0.4274411237,0.354232975442
T[C>G]C,0.389836282327,0.372997649628,0.157056343959,0.330747043313,0.538478893574,0.600642100036,0.084137327121,0.507628540296,0.420686635605
T[C>G]G,0.070069313732,0.0493147400927,0.0282293638057,0.0516593940074,0.096786390191,0.0939782805116,0.0151228734673,0.0912413365863,0.0756143673367
T[C>G]T,0.710266909559,0.404490826896,0.286150697376,1.81439728978,0.981088105291,0.52046689121,0.153295016452,0.924879932592,0.766475082258
A[C>T]A,2.71753580242,1.28374954239,1.09483456788,1.92386775976,3.75371851845,1.99182151827,0.586518518508,3.53866172833,2.93259259254
A[C>T]C,1.67804370174,0.834337448304,0.676046383436,2.32789854721,2.31787331464,1.39816638089,0.362167705412,2.18507848932,1.81083852706
A[C>T]G,9.23313436996,1.44310571909,3.71982391883,4.50488760186,12.7536820074,4.67944903416,1.99276281366,12.0230023091,9.96381406831
A[C>T]T,1.50218105988,1.03411530195,0.605195247147,1.64049381435,2.07495513307,1.41016631456,0.324211739543,1.95607749524,1.62105869771
C[C>T]A,2.67614483116,1.08876142187,1.07815906867,1.13742338209,3.6965453783,1.53240072442,0.577585215359,3.48476413266,2.88792607679
C[C>T]C,2.79195847514,0.92423041074,1.12481780293,2.51438545366,3.85651818149,1.28407732681,0.602580965858,3.63557182734,3.01290482929
C[C>T]G,5.2945395559,1.18211299696,2.13305190741,4.35051714234,7.31332082541,4.68340710589,1.14270637897,6.89432848645,5.71353189485
C[C>T]T,3.52312306477,1.26037136553,1.41938770955,1.65357431151,4.86647214702,1.26955533193,0.760386272972,4.58766384693,3.80193136486
G[C>T]A,2.78980184873,1.35670063419,1.12394894625,3.6858463426,3.85353924429,3.73668731129,0.60211550692,3.63276355842,3.0105775346
G[C>T]C,3.88501366929,1.50295468801,1.56518536317,5.87281296952,5.36634981657,5.16666077099,0.838492158839,5.05890269166,4.1924607942
G[C>T]G,7.03489367637,1.94595985098,2.8342017689,5.85269511264,9.71726320765,7.51631847782,1.51832237619,9.16054500304,7.59161188097
G[C>T]T,3.4628202963,1.29546424945,1.39509306901,3.73109997181,4.78317623661,3.63202803757,0.74737128697,4.50914009805,3.73685643485
T[C>T]A,1.93595003832,1.24652475832,0.779951094573,4.40048669625,2.67411803854,1.98074015916,0.417830943521,2.52091335925,2.08915471761
T[C>T]C,2.29056286187,1.38942904226,0.922816692553,3.03282021841,3.1639429459,1.99351225357,0.494366085296,2.98267538129,2.47183042648
T[C>T]G,3.99719350502,0.7456273735,1.61038011713,2.36525697178,5.52130325874,2.62811798996,0.862703634178,5.20497859287,4.31351817089
T[C>T]T,1.83347203554,1.06914383018,0.738664992737,3.46394312721,2.53256568938,1.11800000538,0.395713388966,2.3874707801,1.97856694483
A[T>A]A,0.711988063429,2.1914883943,0.286844111885,0.432957604843,0.983465526463,0.770733647356,0.15366648851,0.927121147343,0.768332442549
A[T>A]C,0.600866651792,0.395704238075,0.242075773384,1.14317448558,0.829974080173,0.742980395494,0.129683450027,0.782423481829,0.648417250135
A[T>A]G,0.570772248608,0.62801516905,0.229951409511,0.268417732171,0.78840483261,0.44907317834,0.123188255095,0.743235805741,0.615941275476
A[T>A]T,1.14888039731,0.691583796705,0.462858289565,0.734780956638,1.58694270708,0.650875979942,0.247959797981,1.49602411449,1.23979898991
C[T>A]A,0.587534180052,4.36338832775,0.236704417863,0.154317845758,0.811558004101,1.00820737705,0.126805938141,0.76506249345,0.634029690704
C[T>A]C,1.07719633088,0.76748292637,0.433978377908,0.527571491026,1.48792586711,0.50626620576,0.232488416736,1.40268011431,1.16244208368
C[T>A]G,1.22440029668,1.18958932156,0.493283572764,0.34707915607,1.69125796376,0.578273196255,0.264259056838,1.59436297625,1.32129528419
C[T>A]T,0.967332313236,0.964096267277,0.389716615404,0.362943594127,1.33617125281,0.543711598242,0.208776758252,1.25961977479,1.04388379126
G[T>A]A,0.506180465365,1.66982359054,0.203928820579,0.103061459267,0.699184527698,0.503169046435,0.109247582453,0.659127080799,0.546237912264
G[T>A]C,0.319132982895,0.298646625344,0.128571561454,0.619891115394,0.440816782128,0.486908334455,0.0688776222075,0.415561653985,0.344388111037
G[T>A]G,0.644289969985,0.443518689474,0.25957005985,0.213406067816,0.889954490915,0.2588568963,0.139055389205,0.838967514873,0.695276946027
G[T>A]T,0.584431272234,0.496971473114,0.235454325504,0.332609504602,0.807271973157,0.414409654854,0.126136245806,0.761022016362,0.630681229029
T[T>A]A,0.932309303123,1.18574668309,0.375606625718,0.351101744301,1.28779414532,0.474596885508,0.201217835206,1.21401427241,1.00608917603
T[T>A]C,0.687589652204,0.518330105,0.27701453614,0.344398097337,0.949764123907,0.471863944728,0.148400644361,0.895350554309,0.742003221803
T[T>A]G,0.614702334409,0.496321926233,0.247649861345,0.211993871567,0.849085238896,0.299634646956,0.132669568578,0.800439730418,0.663347842888
T[T>A]T,1.18339410201,0.819296735015,0.476763091458,0.421256735248,1.63461631357,0.342024305219,0.255408798995,1.5409664206,1.27704399498
A[T>C]A,2.08734574489,0.933647705371,0.840945048301,1.59903547873,2.8832401656,2.44887633844,0.450506275876,2.71805453112,2.25253137938
A[T>C]C,1.16569720429,0.541511333496,0.469633406047,1.09111446277,1.61017167787,1.30333416427,0.251589324668,1.51792225883,1.25794662334
A[T>C]G,1.81498533071,0.842499043139,0.731217111652,2.06800331401,2.50703009709,2.81997784591,0.391723452671,2.36339816445,1.95861726335
A[T>C]T,1.58818035825,0.871834486581,0.639842446487,1.12620120654,2.19374553081,1.81546012566,0.34277273919,2.06806219311,1.71386369595
C[T>C]A,1.41486037582,0.514075658106,0.57001569098,1.22066452199,1.95433951193,1.51635257154,0.305365548739,1.84237214406,1.5268277437
C[T>C]C,2.04327463566,0.862666081884,0.823189781273,1.08867196824,2.82236496437,1.3083346957,0.440994525682,2.66066697162,2.20497262841
C[T>C]G,2.12702081269,0.754980015041,0.85692924828,2.43802912804,2.93804313696,2.9123516403,0.45906924015,2.7697177489,2.29534620075
C[T>C]T,1.33566035088,0.747666391017,0.538107767261,1.13325459206,1.84494091632,1.54839938281,0.288272018175,1.73924117633,1.44136009088
G[T>C]A,1.59895709337,0.672897942296,0.644184152724,4.75224215966,2.20863138077,3.68028484346,0.345098653245,2.08209520791,1.72549326623
G[T>C]C,1.38734649086,0.550849461864,0.558930960347,2.71839258247,1.91633472119,2.14709118629,0.299427300186,1.80654471112,1.49713650093
G[T>C]G,1.29390698384,0.640703385658,0.521286266869,3.37155194906,1.78726720069,2.40499138732,0.279260500108,1.68487168399,1.39630250054
G[T>C]T,1.420534505,0.71480996846,0.572301671078,3.35722231148,1.96217715798,2.39585278437,0.306590180934,1.8497607583,1.53295090467
T[T>C]A,1.51920295651,0.557970114511,0.612052989675,1.72780109585,2.09846739317,1.3638809485,0.327885530183,1.97824269877,1.63942765091
T[T>C]C,1.63897388053,0.70722597212,0.660306023812,1.5659384356,2.26390636736,1.72988719041,0.3537353699,2.13420339839,1.7686768495
T[T>C]G,1.37636815456,0.437969542571,0.554508033493,1.42286009753,1.90117040055,1.26257087008,0.297057875086,1.79224917968,1.48528937543
T[T>C]T,1.70433484429,0.634901284061,0.686638498418,1.41829641021,2.35418913743,1.122537213,0.367842052724,2.2193137181,1.83921026362
A[T>G]A,0.775887316546,0.198790783792,0.312587695875,0.348252160545,1.071729243,0.065297616901,0.167457694218,1.01032808845,0.837288471092
A[T>G]C,0.579158286979,0.15776774947,0.233329957344,0.323932161916,0.79998842518,0.206227370234,0.124998191434,0.754155754987,0.624990957172
A[T>G]G,0.46110562676,0.273033397055,0.185769173371,0.241371638626,0.636922880129,0.262550313796,0.0995192000201,0.600432506788,0.497596000101
A[T>G]T,2.5975106944,0.519651053234,1.04647912868,1.02941480208,3.58792844119,0.396762512604,0.560613818935,3.38237004091,2.80306909468
C[T>G]A,0.566416905617,0.130615770147,0.228196738953,0.283908510403,0.782388819269,0.0353100339068,0.122248253011,0.737564459832,0.611241265054
C[T>G]C,1.13904878523,0.314982601747,0.458897352321,0.528406319034,1.57336235081,0.512516215363,0.245837867315,1.48322179947,1.22918933657
C[T>G]G,0.946058110206,0.421384107817,0.381145713464,0.570101481103,1.30678530331,0.715872881203,0.204185203642,1.2319173953,1.02092601821
C[T>G]T,3.91579688212,1.1013814286,1.57758723308,1.79873395773,5.40887051343,2.01824920329,0.845136017723,5.09898730693,4.22568008862
G[T>G]A,0.173142404296,0.0794342038559,0.0697552132415,0.0646809244299,0.239160731114,0.0747715440966,0.0373688642365,0.225458814227,0.186844321183
G[T>G]C,0.0592834564515,0.0710033357288,0.0238839824553,0.109017917457,0.0818879398467,0.199649554127,0.012794990601,0.077196443293,0.0639749530052
G[T>G]G,0.500220970665,0.467206218074,0.201527873074,0.243658391717,0.690952707682,0.616940045366,0.107961360575,0.651366875471,0.539806802876
G[T>G]T,1.33322077342,0.475416556149,0.537124915911,0.799404101606,1.84157114027,0.946741240304,0.287745490666,1.73606446035,1.43872745333
T[T>G]A,1.09613143778,0.216830613792,0.441606910183,0.527915327065,1.51408083491,0.104257522138,0.236575130455,1.42733662041,1.18287565228
T[T>G]C,0.995520932876,0.292656710207,0.40107318159,0.42783745187,1.37510805117,0.381667567318,0.214860632995,1.29632581907,1.07430316497
T[T>G]G,0.716621852974,0.299494839357,0.288710962349,0.253491668313,0.989866156625,0.232047066401,0.154666586973,0.933155074735,0.773332934864
T[T>G]T,6.69071774654,1.1642134255,2.69554096263,2.6492739037,9.24185472903,0.87401943575,1.44403980141,8.71237346852,7.22019900706
