,1,3,2,5,4,7,6,9,8
A[C>A]A,0.18135100714,0.924026560191,0.267708629588,0.474966923463,0.846304699988,1.05356299386,0.742675553051,0.854940462233,1.12264909182
A[C>A]C,0.134422880101,0.68491657956,0.198433775387,0.352059924073,0.627306773803,0.780932922489,0.550493699459,0.633707863331,0.832141638718
A[C>A]G,0.0893412570609,0.455214976453,0.131884712804,0.233989006588,0.416925866284,0.519030160068,0.365873719392,0.421180211858,0.553064924663
A[C>A]T,0.145026697313,0.738945552975,0.214087029367,0.379831826296,0.676791254127,0.842536051056,0.593918855662,0.683697287332,0.897784316699
C[C>A]A,0.370370789552,1.88712735629,0.546737832195,0.97001873454,1.72839701791,2.15167792025,1.51675656674,1.74603372217,2.29277155437
C[C>A]C,0.237275501528,1.20897517445,0.350263835589,0.621435837335,1.1072856738,1.37845767554,0.971699672924,1.1185845072,1.46884834279
C[C>A]G,0.110710963235,0.564098717436,0.163430469537,0.289957284663,0.516651161763,0.643177976889,0.453387754201,0.521923112394,0.685353581931
C[C>A]T,0.186333727212,0.949414705318,0.275064073503,0.488016904603,0.869557393656,1.08251022476,0.763080978106,0.878430428285,1.15349450179
G[C>A]A,0.274491956064,1.39860187137,0.405202411332,0.718907503976,1.28096246163,1.59466755427,1.12410991531,1.29403350716,1.69923591849
G[C>A]C,0.487840612322,2.48566407231,0.720145665808,1.27767779418,2.27658952417,2.83412165254,1.99782345998,2.29982002952,3.01996569532
G[C>A]G,0.186739000944,0.951479671477,0.275662334727,0.489078335806,0.871448671073,1.08486467215,0.764740670533,0.880341004451,1.15600333918
G[C>A]T,0.268787551053,1.36953656965,0.396781622984,0.703967395616,1.25434190492,1.56152767755,1.1007490186,1.26714131211,1.66392293509
T[C>A]A,0.208991158906,1.06485971443,0.308510758385,0.547357797135,0.975292074896,1.21413911365,0.855868555521,0.985244034844,1.29375479323
T[C>A]C,0.337036017733,1.71727875702,0.497529359511,0.882713379777,1.57283474942,1.95801876969,1.38024273929,1.5888840836,2.08641344311
T[C>A]G,0.0700289172481,0.356814006931,0.1033760207,0.183409068983,0.326801613825,0.406834662108,0.286785089683,0.33013632417,0.433512344869
T[C>A]T,0.287378554111,1.46426215666,0.42422548464,0.752658117909,1.34109991918,1.66953255245,1.17688360255,1.35478461224,1.77901009688
A[C>G]A,0.0740761597427,0.37743567107,0.109350521525,0.194008989802,0.345688745466,0.430347213743,0.303359511327,0.349216181644,0.458566703169
A[C>G]C,0.0465764490729,0.237318097657,0.0687557105361,0.121985938048,0.21735676234,0.270586989852,0.190741648584,0.219574688486,0.288330399023
A[C>G]G,0.00261817342093,0.0133402169542,0.00386492266899,0.00685712086433,0.012218142631,0.0152103408263,0.0107220435333,0.0123428175558,0.0162077402248
A[C>G]T,0.0417402108369,0.212676312359,0.0616165017116,0.109319599811,0.194787650572,0.242490748672,0.170936101523,0.19677527966,0.258391781371
C[C>G]A,0.0723917966605,0.368853440127,0.106864080785,0.189597562682,0.337828384416,0.420561866313,0.296461643467,0.341275612828,0.448139693613
C[C>G]C,0.0787056021711,0.401023782491,0.116184460348,0.206133719972,0.367292810132,0.457242069756,0.32231818032,0.371040695949,0.487225156297
C[C>G]G,0.00797855398017,0.0406526321847,0.0117778653993,0.0208962128052,0.0372332519075,0.0463515993134,0.0326740782045,0.0376131830494,0.0493910484487
C[C>G]T,0.0602728695413,0.307104620996,0.0889742359896,0.157857515465,0.281273391193,0.350156670669,0.246831751455,0.284143527838,0.373117763827
G[C>G]A,0.0348694248968,0.177668022093,0.0514739129429,0.0913246842535,0.162723982852,0.202574754162,0.142798597196,0.164384431656,0.215858344599
G[C>G]C,0.0511431536276,0.260586544674,0.0754970363074,0.133946354739,0.238668050262,0.297117368694,0.209443391046,0.24110343853,0.316600474837
G[C>G]G,0.0225659903076,0.114979093472,0.0333116999779,0.0591014031866,0.105307954769,0.131097657978,0.0924131031645,0.106382525736,0.139694225714
G[C>G]T,0.0281411602673,0.143385911838,0.0415417127756,0.0737030387954,0.131325414581,0.163486740601,0.115244751571,0.132665469832,0.174207182607
T[C>G]A,0.0612656857999,0.312163256218,0.0904398218951,0.160457748523,0.285906533733,0.355924460361,0.250897570419,0.288823947342,0.379263769237
T[C>G]C,0.0598250964688,0.304823110579,0.0883132376444,0.156684776466,0.279183783521,0.347555322342,0.24499801411,0.282032597639,0.370345835283
T[C>G]G,0.00845065597171,0.0430581042368,0.012474777863,0.0221326704021,0.0394363945346,0.0490942870737,0.0346074482651,0.0398388067238,0.0523135845868
T[C>G]T,0.0468982985434,0.23895799734,0.0692308216593,0.122828877138,0.218858726536,0.272456782014,0.192059698797,0.221091978848,0.290322800507
A[C>T]A,0.216911136311,1.10521388501,0.320202153601,0.568100595099,1.01225196945,1.26015041095,0.8883027487,1.02258107118,1.34278322478
A[C>T]C,0.248028604327,1.26376479347,0.36613746353,0.649598725618,1.15746682019,1.44092808228,1.01573618915,1.16927770611,1.53541516964
A[C>T]G,0.213556118937,1.08811927268,0.315249508907,0.559313644836,0.996595221707,1.24065935764,0.874563153743,1.0067645607,1.32201406961
A[C>T]T,0.162351342873,0.827218747018,0.239661506145,0.425205898,0.757639600073,0.943183991927,0.664867404145,0.7653706164,1.00503212255
C[C>T]A,0.400198049084,2.03910434533,0.590768548648,1.0481377476,1.86759089573,2.32496009468,1.63890629625,1.88664794568,2.47741649433
C[C>T]C,0.46185304618,2.3532512353,0.68178306817,1.20961512095,2.15531421551,2.68314626828,1.89139818912,2.1773072177,2.85909028587
C[C>T]G,0.215265849054,1.0968307547,0.317773396223,0.563791509427,1.00457396225,1.25059207546,0.88156490565,1.01482471697,1.33259811319
C[C>T]T,0.453852785356,2.31248800158,0.669973159336,1.18866205689,2.117979665,2.63666856255,1.85863521622,2.13959170239,2.80956486173
G[C>T]A,0.335377380647,1.70882760615,0.495080895241,0.878369330266,1.56509444302,1.94838287804,1.37345022551,1.58106479448,2.07614568972
G[C>T]C,0.534165563642,2.72170072903,0.788530117757,1.39900504763,2.49277263033,3.1032475602,2.18753516539,2.51820908574,3.3067392035
G[C>T]G,0.405371123066,2.06546238896,0.598404991193,1.0616862747,1.89173190764,2.35501319115,1.66009126589,1.91103529445,2.50944028565
G[C>T]T,0.401556124482,2.04602406283,0.592773326616,1.05169461174,1.87392858091,2.33284986604,1.64446793835,1.89305030113,2.48582362774
T[C>T]A,0.504406753145,2.57007250412,0.744600445118,1.32106530586,2.35389818134,2.93036304208,2.06566575097,2.37791755054,3.12251799566
T[C>T]C,0.800888655529,4.08071838769,1.18226420578,2.09756552639,3.73748039247,4.65278171307,3.27982973217,3.77561794749,4.95788215327
T[C>T]G,0.325562256066,1.65881720948,0.480591901811,0.8526630516,1.51929052831,1.8913616781,1.33325495341,1.53479349288,2.01538539469
T[C>T]T,0.376149717533,1.91657237029,0.555268630644,0.985154022111,1.75536534849,2.18525073995,1.54042265276,1.7732772398,2.32854587044
A[T>A]A,0.386950292166,1.97160386961,0.571212336054,1.01344124139,1.80576803011,2.24799693544,1.58465357744,1.82419423449,2.39540657055
A[T>A]C,0.116067993442,0.591394061825,0.17133846651,0.303987601873,0.541650636064,0.674299771427,0.475326068383,0.547177683371,0.718516149881
A[T>A]G,0.251272891804,1.28029521062,0.370926649806,0.65809566901,1.17260682842,1.45977584762,1.02902231882,1.18457220422,1.55549885402
A[T>A]T,0.114521192508,0.583512742777,0.169055093702,0.299936456567,0.534432231702,0.665313594568,0.468991550269,0.539885621821,0.708940715523
C[T>A]A,0.714037816538,3.63819268427,1.05405582441,1.87009904331,3.33217647718,4.14821969608,2.92415486773,3.36617827797,4.42023410238
C[T>A]C,0.24698130662,1.2584285623,0.364591452629,0.646855803052,1.15257943089,1.43484378132,1.01144725568,1.16434044549,1.52893189812
C[T>A]G,0.647125133115,3.29725663064,0.955279958409,1.69485153911,3.01991728787,3.75948886858,2.65013149752,3.0507327704,4.00601272881
C[T>A]T,0.236271890964,1.20386153967,0.348782315233,0.618807333477,1.10260215783,1.37262717608,0.96758964871,1.11385320026,1.46263551549
G[T>A]A,0.316126757969,1.61074110013,0.466663309383,0.827951032776,1.47525820386,1.83654592725,1.29461434216,1.490311859,1.95697516838
G[T>A]C,0.0876201970442,0.446445765892,0.129344100399,0.229481468449,0.408894252873,0.509031620924,0.358825568848,0.413066643208,0.542410743607
G[T>A]G,0.162883066027,0.829928003091,0.240446430802,0.426598506262,0.760120974794,0.946273050253,0.667044937064,0.767877311271,1.00832374207
G[T>A]T,0.0661935386213,0.337271839642,0.0977142712981,0.173364029722,0.308903180233,0.384552938657,0.271078301021,0.3120552535,0.409769524799
T[T>A]A,0.231830939952,1.1812338369,0.342226625643,0.607176271302,1.08187771978,1.34682736543,0.949402896945,1.09291728834,1.43514391399
T[T>A]C,0.207159321639,1.0555260674,0.305806617657,0.542560128101,0.96674350098,1.20349701142,0.848366745758,0.976608230582,1.28241484824
T[T>A]G,0.263748206311,1.34385990835,0.389342590269,0.690769111768,1.23082496279,1.53225148429,1.08011170204,1.24338440118,1.63272699145
T[T>A]T,0.157581555479,0.802915544586,0.232620391422,0.412713597684,0.735380592237,0.915473798499,0.645333989106,0.742884475831,0.975504867253
A[T>C]A,0.431127336405,2.19669642835,0.636426068026,1.12914302392,2.01192756989,2.50464452578,1.76556909194,2.03245744305,2.66888351108
A[T>C]C,0.256076720006,1.30477185908,0.378018015247,0.670677123826,1.19502469336,1.48768380194,1.04869513907,1.20721882289,1.58523683813
A[T>C]G,0.400355949021,2.0399088831,0.59100163903,1.04855129505,1.8683277621,2.32587741812,1.63955293408,1.8873923311,2.47839397013
A[T>C]T,0.240908034572,1.2274837952,0.355626146273,0.630949614355,1.12423749467,1.39956096275,0.986575760628,1.13570930584,1.49133545211
C[T>C]A,0.272251397978,1.38718569446,0.401894920824,0.713039375656,1.2705065239,1.58165097873,1.11493429648,1.28347087618,1.685365797
C[T>C]C,0.335901660076,1.71149893467,0.495854831541,0.879742443056,1.56754108035,1.95142869187,1.3755972746,1.5835363975,2.07939122904
C[T>C]G,0.355760406012,1.81268397349,0.52517012316,0.931753444317,1.66021522806,2.06679854921,1.45692356748,1.67715619977,2.20232632293
C[T>C]T,0.269147753871,1.37137188877,0.397313350952,0.704910783947,1.2560228514,1.56362028439,1.1022241349,1.2688394111,1.66615276206
G[T>C]A,0.535364686933,2.72781054771,0.79030025214,1.40214560864,2.49836853902,3.11021389552,2.19244586078,2.52386209554,3.31416234768
G[T>C]C,0.33465139358,1.70512852919,0.494009200046,0.876467935566,1.56170650337,1.94416523889,1.37047713561,1.57764228402,2.07165148407
G[T>C]G,0.37469342183,1.90915219694,0.553118860797,0.981339914316,1.74856930187,2.17679035539,1.53445877511,1.76641184577,2.31953070657
G[T>C]T,0.402933983611,2.05304458316,0.59480730914,1.05530329041,1.88035859018,2.34085457145,1.65011059955,1.89954592274,2.49435323188
T[T>C]A,0.407205589551,2.07480943247,0.601113013147,1.06649082978,1.90029275124,2.36567056787,1.66760384292,1.9196834936,2.52079650674
T[T>C]C,0.310169187048,1.58038585781,0.457868799927,0.812347870839,1.44745620622,1.80193527713,1.27021667077,1.46222616751,1.92009496744
T[T>C]G,0.26775673717,1.36428432748,0.395259945346,0.701267644968,1.24953144013,1.55553913975,1.09652759031,1.26228176094,1.65754170629
T[T>C]T,0.298716348375,1.52203091791,0.440962228553,0.782352340981,1.39400962575,1.73539973818,1.22331456953,1.40823421377,1.84919644232
A[T>G]A,0.0215294262951,0.109697553027,0.0317815340546,0.0563865926775,0.100470656044,0.125075714667,0.0881681267321,0.10149586682,0.133277400874
A[T>G]C,0.0304597801053,0.155199831965,0.0449644372984,0.0797756145616,0.142145640492,0.176956817755,0.12474005186,0.143596106211,0.188560543509
A[T>G]G,0.0304128041474,0.154960478275,0.0448950918366,0.0796525822908,0.141926419355,0.176683909809,0.124547674127,0.143374648123,0.18826973996
A[T>G]T,0.0986675455403,0.502734636801,0.145652091036,0.258415000225,0.460448545855,0.573211455044,0.40406709126,0.465147000404,0.61079909144
C[T>G]A,0.0206678304139,0.105307516871,0.0305096544205,0.0541300320364,0.0964498752649,0.120070252881,0.0846396864569,0.0974340576655,0.127943712086
C[T>G]C,0.0758749599187,0.386600986252,0.112005893213,0.19872013312,0.354083146287,0.440797386194,0.310726026334,0.357696239617,0.46970213283
C[T>G]G,0.0635604796623,0.323855777327,0.0938273747396,0.166467922925,0.296615571758,0.369256119943,0.260295297665,0.299642261265,0.393469636005
C[T>G]T,0.161679644823,0.823796285528,0.238669951882,0.423446688823,0.754505009175,0.939281746116,0.662116640704,0.762204039881,1.00087399176
G[T>G]A,0.00109892367239,0.00559927775931,0.00162222065924,0.00287813342769,0.00512831047115,0.00638422323959,0.00450035408693,0.00518064016983,0.00680286082907
G[T>G]C,0.0112193234546,0.0571651242687,0.016561858433,0.0293839423811,0.0523568427882,0.0651789267363,0.0459458008141,0.052891096286,0.069452954719
G[T>G]G,0.0449605999723,0.229084961764,0.0663704094829,0.117753952308,0.209816133204,0.261199676029,0.184124361791,0.211957114155,0.278327523638
G[T>G]T,0.0805602071419,0.41047343639,0.118922210543,0.210991018705,0.375947633329,0.468016441491,0.329913229248,0.379783833669,0.498706044212
T[T>G]A,0.0315790369369,0.160902712012,0.0466166735734,0.0827070015013,0.147368839039,0.183459166966,0.129323675075,0.148872602702,0.195489276276
T[T>G]C,0.0480403745891,0.244777146716,0.0709167434411,0.125820028686,0.224188414749,0.279091699994,0.196736772127,0.226476051634,0.297392795075
T[T>G]G,0.0392714092821,0.200097180628,0.0579720803688,0.102853690977,0.18326657665,0.228148187258,0.160825771346,0.185136643758,0.243108724127
T[T>G]T,0.211884568736,1.07960232642,0.31278198242,0.554935775262,0.988794654103,1.23094844695,0.867717757683,0.998884395472,1.31166637789
