,1,3,2,5,4,7,6,9,8
A[C>A]A,2.72983942068,0.68627248006,2.4400799291,0.601600560124,1.46404795746,2.63833642334,1.38779545968,2.50108192733,0.915029973414
A[C>A]C,1.94377454208,0.488658404433,1.73745210465,0.53860136233,1.04247126279,1.87862008815,0.98817588452,1.78088840727,0.651544539244
A[C>A]G,1.25147660887,0.314617024576,1.11863830961,0.144044134637,0.671182985763,1.20952767226,0.636225538588,1.14660426735,0.419489366102
A[C>A]T,1.92401143732,0.483690026143,1.71978675962,0.436326520296,1.03187205577,1.85951943384,0.978128719534,1.76278142861,0.644920034858
C[C>A]A,4.29452245107,1.07962854915,3.83867928587,1.03194520091,2.30320757152,4.15057197785,2.18324884384,3.93464626802,1.4395047322
C[C>A]C,2.94414986759,0.740149408054,2.63164233975,1.51363209537,1.57898540385,2.84546327985,1.49674658073,2.69743339824,0.986865877405
C[C>A]G,1.29892503335,0.326545399446,1.16105030914,0.502708545472,0.696630185484,1.25538564676,0.660347363324,1.19007656687,0.435393865928
C[C>A]T,2.88581392607,0.725483947896,2.57949848141,2.90108688795,1.54769908884,2.78908273302,1.4670897613,2.64398594344,0.967311930528
G[C>A]A,3.9595843061,0.995426222205,3.53929323451,0.627567473952,2.1235759407,3.82686080981,2.01297302713,3.62777556537,1.32723496294
G[C>A]C,6.01237314616,1.51149045574,5.37418828707,0.818041963392,3.22451297224,5.8108410854,3.05656958827,5.50854299425,2.01532060765
G[C>A]G,2.40578023803,0.604805087772,2.15041808986,0.261847657832,1.29025085391,2.32513955966,1.22305028861,2.2041785421,0.806406783697
G[C>A]T,3.35496964563,0.843428123203,2.99885554916,0.78485462278,1.7993133295,3.24251256253,1.70559909359,3.07382693789,1.12457083094
T[C>A]A,2.71518601057,0.682588661875,2.42698190889,0.638130746022,1.45618914533,2.62417418899,1.38034596068,2.48765645661,0.910118215834
T[C>A]C,3.9804543935,1.00067289222,3.55794806122,0.688223914748,2.13476883673,3.8470313412,2.02358295982,3.64689676276,1.33423052296
T[C>A]G,0.878731295248,0.220910102157,0.785458141003,0.146499207235,0.471274884602,0.84927661496,0.446729317696,0.805094594528,0.294546802876
T[C>A]T,3.25721724215,0.818853496629,2.91147909913,1.02287788128,1.74688745948,3.14803677593,1.65590373763,2.9842660766,1.09180466217
A[C>G]A,1.10590687962,0.278021282585,0.988520115859,0.258514866393,0.593112069515,1.06883737527,0.562220815895,1.01323311876,0.370695043447
A[C>G]C,0.690157513086,0.173503285413,0.616900570356,0.168422111919,0.370140342214,0.667023741698,0.35086219939,0.632323084615,0.231337713884
A[C>G]G,0.0885472402416,0.0222604793903,0.0791483711657,0.0218919172533,0.0474890226994,0.0855791763229,0.0450156361005,0.0811270804448,0.0296806391871
A[C>G]T,0.647591795916,0.162802406795,0.578853001936,0.248412843947,0.347311801162,0.625884808344,0.329222644851,0.593324326985,0.217069875726
C[C>G]A,0.997202007675,0.250693242153,0.891353749877,0.160111545296,0.534812249926,0.963776242055,0.506957445243,0.913637593624,0.334257656204
C[C>G]C,1.04422917788,0.262515715109,0.933389209277,0.147789419743,0.560033525566,1.00922708253,0.530865112776,0.956723939509,0.350020953479
C[C>G]G,0.17034492331,0.0428241427316,0.152263618601,0.041408109416,0.0913581711607,0.164635037612,0.0865999330794,0.156070209066,0.0570988569754
C[C>G]T,0.843313042338,0.212006072096,0.753799367453,0.153185547463,0.452279620472,0.815045566059,0.428723390239,0.77264435164,0.282674762795
G[C>G]A,0.524493014173,0.131855785686,0.468820571328,0.0929392308045,0.281292342797,0.506912242748,0.266641699943,0.480541085611,0.175807714248
G[C>G]C,0.744717985856,0.187219605383,0.665669708028,0.268620608251,0.399401824817,0.719755371805,0.378599646441,0.682311450729,0.24962614051
G[C>G]G,0.332818690752,0.0836695032616,0.297491567152,0.0346150600609,0.178494940291,0.321662756983,0.169198328818,0.304928856331,0.111559337682
G[C>G]T,0.493354495568,0.124027666484,0.440987258608,0.177186136805,0.264592355165,0.47681747337,0.250811503333,0.452011940074,0.165370221978
T[C>G]A,0.791216637669,0.198909210587,0.707232748755,0.135800854052,0.424339649253,0.764695409591,0.402238625854,0.724913567474,0.265212280783
T[C>G]C,0.738945976467,0.18576854157,0.660510370026,0.148112812665,0.396306222016,0.714176837591,0.375665272952,0.677023129277,0.24769138876
T[C>G]G,0.145123096214,0.0364834599421,0.129718968683,0.0322812794911,0.0778313812098,0.140258634888,0.0737776634385,0.1329619429,0.0486446132561
T[C>G]T,0.941676153889,0.236734228631,0.8417217018,0.230171655486,0.50503302108,0.910111590072,0.478729217899,0.862764744345,0.315645638175
A[C>T]A,2.14195003074,0.538479058008,1.91459220625,2.02961533532,1.14875532375,2.07015282301,1.08892431731,1.96245701141,0.717972077345
A[C>T]C,1.71172734038,0.430322515738,1.53003561151,1.12822654223,0.918021366907,1.65435100495,0.870207754048,1.5682865018,0.573763354317
A[C>T]G,2.40578459838,0.604806183949,2.15042198737,6.02043610809,1.29025319242,2.32514377385,1.22305250532,2.20418253706,0.806408245266
A[C>T]T,1.47396690311,0.370550338771,1.31751231563,1.02026941857,0.790507389377,1.42456019127,0.749335129514,1.35045012352,0.494067118361
C[C>T]A,2.71721841912,0.683099602572,2.42879858692,1.15799699194,1.45727915215,2.62613847211,1.38137919631,2.4895185516,0.910799470097
C[C>T]C,2.08137643025,0.523251057883,1.86044820581,1.21145550466,1.11626892348,2.01160962253,1.05812991705,1.90695941095,0.697668077178
C[C>T]G,2.12237929797,0.533559041389,1.89709881383,5.22350191737,1.1382592883,2.05123809245,1.07897495036,1.94452628417,0.711412055185
C[C>T]T,2.62798811547,0.66066740333,2.34903965629,1.26112209888,1.40942379377,2.53989912836,1.33601630451,2.40776564769,0.880889871107
G[C>T]A,2.88832732978,0.726115809162,2.58174509924,3.42366470601,1.54904705955,2.79151188856,1.46836752519,2.64628872672,0.968154412216
G[C>T]C,3.11447948305,0.782969702443,2.78389227535,4.17012451807,1.67033536521,3.01008352273,1.58333873161,2.85348958224,1.04395960326
G[C>T]G,2.79886777495,0.703625976944,2.50178125135,6.89517214877,1.50106875081,2.70505097803,1.42288808671,2.56432578264,0.938167969258
G[C>T]T,2.94310729269,0.739887308217,2.63071042922,2.95467364241,1.57842625753,2.84445565159,1.49621655662,2.69647818995,0.986516410956
T[C>T]A,2.84926585857,0.716295886233,2.54682981772,0.951499960584,1.52809789063,2.75375974041,1.44850945883,2.61050056316,0.955061181644
T[C>T]C,2.43582640798,0.612358594184,2.17727500154,1.18323925061,1.30636500093,2.35417859542,1.23832515713,2.23170687658,0.816478125579
T[C>T]G,1.62112094141,0.407544370746,1.44904665154,2.76135416205,0.869427990925,1.56678169198,0.824145283064,1.48527281783,0.543392494328
T[C>T]T,1.95995634904,0.492726456463,1.75191628965,0.784402970961,1.05114977379,1.89425948818,0.996402389737,1.79571419689,0.656968608618
A[T>A]A,0.961065171164,0.241608562583,0.859052666962,1.11128148846,0.515431600177,0.928850696153,0.488586204335,0.880528983636,0.322144750111
A[T>A]C,0.821183443001,0.206442765,0.734018720001,0.625339532298,0.440411232,0.793657741001,0.417473147,0.752369188001,0.27525702
A[T>A]G,1.03312128655,0.259723228462,0.923460367866,0.930891654567,0.55407622072,0.998491522755,0.525218084224,0.946546877063,0.34629763795
A[T>A]T,0.998279441351,0.250964105368,0.892316819085,0.75835708559,0.535390091451,0.964817560636,0.507505190855,0.914624739562,0.334618807157
C[T>A]A,0.943513090905,0.23719602844,0.843363656674,1.71894543983,0.506018194005,0.911886953779,0.479663079734,0.864447748091,0.316261371253
C[T>A]C,1.20635905628,0.303274623088,1.07830977098,0.956176531865,0.646985862588,1.16592243987,0.613288682245,1.10526751525,0.404366164117
C[T>A]G,2.22846209211,0.560227900252,1.99192142312,2.79698998961,1.19515285387,2.15376503874,1.1329053094,2.04171945869,0.746970533669
C[T>A]T,1.92498979882,0.483935982943,1.72066127269,1.07957469262,1.03239676361,1.86046500109,0.978626098841,1.7636778045,0.645247977258
G[T>A]A,0.865677376178,0.217628390659,0.773789833455,1.00686532213,0.464273900073,0.836660257424,0.440092967778,0.793134579292,0.290171187546
G[T>A]C,0.711214894984,0.178797040638,0.635722811159,0.416904723628,0.381433686695,0.687375289565,0.361567348846,0.651615881438,0.238396054185
G[T>A]G,0.931716646001,0.234230441732,0.832819348381,0.860058160563,0.499691609028,0.900485920437,0.473666004392,0.85363983209,0.312307255643
G[T>A]T,0.634447730254,0.159498032745,0.567104116428,0.439714101284,0.340262469857,0.613181325888,0.322540466218,0.581281719339,0.212664043661
T[T>A]A,0.991788196063,0.249332228061,0.88651458866,0.880448085108,0.531908753196,0.958543898988,0.5042051723,0.908677453376,0.332442970747
T[T>A]C,1.03962030733,0.261357060503,0.929269548454,0.485299127502,0.557561729072,1.00477269927,0.528522055683,0.952501287165,0.34847608067
T[T>A]G,1.24086233886,0.311948632675,1.10915069395,0.950144061759,0.665490416373,1.19926918784,0.630829457187,1.1368794613,0.415931510233
T[T>A]T,0.914642049847,0.229937945492,0.817557139528,0.615356341272,0.490534283717,0.883983657115,0.464985623107,0.837996068016,0.306583927323
A[T>C]A,3.58432895051,0.901088283648,3.20386945297,1.24546007489,1.92232167178,3.46418384603,1.82220075138,3.2839661893,1.20145104486
A[T>C]C,1.93017749699,0.485240152875,1.72529832133,0.609295563555,1.0351789928,1.86547880994,0.981263420258,1.76843077937,0.6469868705
A[T>C]G,3.38301147196,0.850477744348,3.02392086879,1.57210672262,1.81435252128,3.26961443938,1.71985499413,3.09951889051,1.1339703258
A[T>C]T,2.70222916916,0.679331355374,2.41540037466,0.729159749336,1.4492402248,2.61165165511,1.37375896309,2.47578538403,0.905775140499
C[T>C]A,2.26589616203,0.569638699951,2.02538204427,0.74605343811,1.21522922656,2.18994433537,1.15193603768,2.07601659538,0.759518266601
C[T>C]C,2.85249134722,0.717106763266,2.54971293606,0.601437455479,1.52982776164,2.75687711211,1.45014923238,2.61345575946,0.956142351022
C[T>C]G,3.41883790837,0.859484390373,3.05594449911,1.69429851408,1.83356669946,3.30423998966,1.73806843387,3.13234311158,1.14597918716
C[T>C]T,4.60186151169,1.1568925588,4.11339576464,0.67129628381,2.46803745878,4.44760917052,2.33949384114,4.21623065876,1.54252341174
G[T>C]A,3.90091828414,0.980677780929,3.48685433219,1.87310328694,2.09211259932,3.77016124668,1.98314840143,3.5740256905,1.30757037457
G[T>C]C,2.32096264896,0.583482230187,2.07460348511,0.918079534291,1.24476209106,2.24316501827,1.17993073216,2.12646857224,0.777976306915
G[T>C]G,2.43616494265,0.612443700665,2.17757760237,1.3574814927,1.30654656142,2.35450578256,1.23849726135,2.23201704242,0.816591600887
G[T>C]T,2.9964474968,0.753296856738,2.67838882396,1.2319029063,1.60703329437,2.8960079159,1.52333364362,2.74534854455,1.00439580898
T[T>C]A,2.31111980108,0.58100777122,2.06580540878,0.895555587822,1.23948324527,2.23365209825,1.17492682625,2.117450544,0.774677028294
T[T>C]C,2.32932428831,0.58558431829,2.08207757614,0.655941855365,1.24924654569,2.25124637921,1.18418162143,2.13412951555,0.780779091054
T[T>C]G,1.62865261613,0.409437808523,1.45577887475,0.884280325283,0.87346732485,1.57406090832,0.827974235014,1.49217334662,0.545917078031
T[T>C]T,2.28050605462,0.573311577977,2.03844116614,0.725586163062,1.22306469968,2.20406451089,1.15936341324,2.08940219529,0.764415437303
A[T>G]A,0.717998885852,0.180502513203,0.64178671361,0.249825955332,0.385072028166,0.693931884091,0.365016193366,0.657831381451,0.240670017604
A[T>G]C,0.385708886822,0.0969659212682,0.344767720065,0.181597827337,0.206860632039,0.37278009732,0.196086640787,0.353386913066,0.129287895024
A[T>G]G,0.468336990061,0.117738349457,0.418625242512,0.176905526697,0.251175145507,0.452638543467,0.238093106679,0.429090873575,0.156984465942
A[T>G]T,1.37504151848,0.345680828668,1.22908739082,0.459989762683,0.737452434493,1.32895074133,0.699043453529,1.25981457559,0.460907771558
C[T>G]A,0.449269906812,0.11294494864,0.401582039609,0.149565805107,0.240949223765,0.434210580327,0.228399785027,0.411621590599,0.150593264853
C[T>G]C,1.01613608389,0.255453205447,0.908278063813,0.343112150118,0.544966838288,0.982075656497,0.516583148793,0.930985015408,0.34060427393
C[T>G]G,1.09501236779,0.27528243883,0.978782004728,0.47545402236,0.587269202837,1.05830804261,0.556682265189,1.00325155485,0.367043251773
C[T>G]T,8.37222185516,2.10474851107,7.4835502616,1.01240610188,4.49013015696,8.09158872035,4.25626921128,7.67063901814,2.8063313481
G[T>G]A,0.207569762112,0.0521823424304,0.18553721753,0.0676368332217,0.111322330518,0.200612116455,0.10552429247,0.190175647968,0.0695764565738
G[T>G]C,0.373590714126,0.0939194532718,0.333935833855,0.0796946011907,0.200361500313,0.361068120356,0.189926005505,0.342284229702,0.125225937696
G[T>G]G,0.593610595663,0.149231713993,0.530601649755,0.21048364568,0.318360989853,0.573713033797,0.301779688298,0.543866690998,0.198975618658
G[T>G]T,2.38286070246,0.599043193355,2.12993135415,0.358549868196,1.27795881249,2.30298827667,1.21139845767,2.183179638,0.798724257806
T[T>G]A,1.03248965388,0.259564438127,0.922895780008,0.358216096337,0.553737468005,0.997881062134,0.52489697488,0.945968174508,0.346085917503
T[T>G]C,0.597336481379,0.150168389174,0.533932050395,0.235766813584,0.320359230237,0.57731402949,0.303673853662,0.547280351655,0.200224518898
T[T>G]G,0.615011157827,0.154611743588,0.549730643868,0.25579843349,0.329838386321,0.594396258682,0.3126593037,0.563473909965,0.206148991451
T[T>G]T,2.89814059942,0.728582832257,2.59051673691,1.18740321519,1.55431004215,2.80099622179,1.47335639412,2.65527965534,0.971443776343
