,1,3,2,5,4,7,6,9,8
A[C>A]A,1.52004012162,2.8711868964,0.20390383064,0.641773085458,1.02990935888,2.44127655897,2.74835537142,2.76370931204,2.27238321212
A[C>A]C,1.20517189183,2.27643579567,0.15969836996,0.532745400174,0.5847840086,1.935579099,2.17904816805,2.1912216215,1.80167111101
A[C>A]G,0.477743572579,0.902404525983,0.0189904722784,0.124672929637,0.218319169147,0.767285131718,0.863798984764,0.868624677417,0.714202512543
A[C>A]T,0.957366671214,1.80835926785,0.15850745915,0.464548145582,0.662168515031,1.53758889619,1.73099630452,1.74066667493,1.43121482161
C[C>A]A,1.66864857091,3.15189174506,0.188252169824,0.589779083981,1.99419564143,2.6799507351,3.0170514565,3.03390649257,2.49454533833
C[C>A]C,1.17798586942,2.22508442002,0.157342867856,0.441630016364,1.59015843744,1.89191669937,2.12989364269,2.14179248986,1.76102938055
C[C>A]G,0.46383797793,0.876138402757,0.0387381267204,0.123645272429,0.653140860002,0.744951903948,0.838656545955,0.843341778055,0.693414350845
C[C>A]T,1.46184201627,2.76125714185,0.232022274442,0.703557361323,3.34888120223,2.34780687462,2.64312849407,2.65789457504,2.18537998393
G[C>A]A,1.675232705,3.16432844278,0.129465681658,0.65223041859,1.73289750814,2.69052525349,3.02895610298,3.04587764546,2.50438828627
G[C>A]C,2.11697168483,3.99872429356,0.128342257965,0.590184979523,1.25074672191,3.39998482714,3.82765587458,3.84903942696,3.16476575105
G[C>A]G,0.691938320437,1.30699460527,0.0179843998867,0.0902207498431,0.533202109729,1.11129487828,1.25108039756,1.25806967352,1.03441284267
G[C>A]T,1.51429202629,2.86032938299,0.142947956797,0.612193697185,1.53564227073,2.4320447695,2.73796235057,2.75325822962,2.26379009991
T[C>A]A,1.86691369369,3.52639253253,0.181303561782,1.1689398746,1.15525088145,2.99837653836,3.37553081991,3.39438853399,2.7909416835
T[C>A]C,1.64862081805,3.11406154521,0.172315868081,0.741294918238,1.27568876158,2.6477849502,2.98083966092,2.99749239646,2.46460485931
T[C>A]G,0.378651572004,0.715230747119,0.0292280108977,0.174046362266,0.285833671762,0.608137373219,0.684632640291,0.688457403644,0.56606497633
T[C>A]T,5.0819287151,9.59919868408,0.208751098884,4.47705167517,2.77532123401,8.16188551213,9.18853777781,9.23987039109,7.59722676601
A[C>G]A,0.595452610207,1.12474381928,0.199763647802,0.26647008765,0.40325007457,0.95633298003,1.07662643664,1.08264110947,0.890171578896
A[C>G]C,0.309336610256,0.584302486039,0.111511871747,0.155128718018,0.248721301386,0.496813343745,0.559305588241,0.562430200466,0.462442609272
A[C>G]G,0.0828451549908,0.15648529276,0.0392229104009,0.097665283826,0.0461539874843,0.133054339834,0.149790734781,0.150627554529,0.123849322613
A[C>G]T,0.451059546107,0.852001364868,0.206498812586,0.256122960282,0.318322043977,0.72442896799,0.815552108617,0.820108265649,0.674311240644
C[C>G]A,0.434882273412,0.821444294222,0.144016473654,0.201272615656,0.313630849081,0.698447287601,0.78630229233,0.790695042567,0.650127034999
C[C>G]C,0.37213371717,0.702919243543,0.112030960831,0.138212227592,0.332053082648,0.597669303334,0.672847832055,0.676606758491,0.556321112537
C[C>G]G,0.108608247841,0.205148912589,0.0324957914239,0.0926055477054,0.0978887886398,0.174431428351,0.196372488521,0.19746954153,0.162363845258
C[C>G]T,0.489384217389,0.924392410624,0.196528647528,0.228714545099,0.268429316131,0.785980712776,0.884846211239,0.889789486162,0.731604688622
G[C>G]A,0.235679692393,0.445172752297,0.103245511013,0.196476298909,0.218412895876,0.378515869601,0.42612792867,0.428508531623,0.352329237112
G[C>G]C,0.303372895894,0.573037692244,0.106379626824,0.211174347459,0.248098959134,0.487235257041,0.548522710757,0.551587083443,0.453527157498
G[C>G]G,0.0950072771886,0.179458190245,0.013329592346,0.0320728564885,0.0603562226095,0.152587445182,0.171780834513,0.172740503979,0.14203108105
G[C>G]T,0.373529185826,0.705555128782,0.147241703855,0.173390148429,0.184097525536,0.599910510568,0.675370952149,0.679143974228,0.558407267699
T[C>G]A,2.50564562162,4.73288617417,0.429008682801,1.38612933128,0.330194766085,4.02421872563,4.5304097603,4.55571931203,3.74581365656
T[C>G]C,0.790400060895,1.4929778928,0.229776358716,0.477922203211,0.30235546245,1.26943040083,1.42910718081,1.43709101981,1.18160817184
T[C>G]G,0.139524038433,0.263545405929,0.0286360530181,0.0984969859469,0.0709205593148,0.224084061726,0.252270736157,0.253680069879,0.208581390789
T[C>G]T,3.33821175722,6.30551109697,0.632017321754,1.77209605694,0.586050122912,5.36137039796,6.03575661154,6.06947592221,4.99045798049
A[C>T]A,0.898884929494,1.69789375571,0.301563742589,1.70032114265,1.68936287233,1.44366367464,1.62525658969,1.63433623544,1.34378757136
A[C>T]C,1.4742769852,2.78474541649,0.332638906926,1.32576241894,1.5926643124,2.36777818835,2.66561192274,2.68050360946,2.20396963444
A[C>T]G,1.25733218539,2.37496079463,0.358937875091,4.4381937895,2.37926009134,2.01935169169,2.27335819379,2.2860585189,1.87964811554
A[C>T]T,0.903969724267,1.70749836806,0.296677757575,0.783157972318,1.11570136138,1.45183016322,1.63445030953,1.64358131685,1.35138908274
C[C>T]A,1.58632477486,2.9963912414,0.39340861652,2.23807182226,1.99741103686,2.54773372932,2.8682033808,2.88422686338,2.371475421
C[C>T]C,2.79017225198,5.27032536486,0.51530360519,2.2014080445,2.78788717853,4.48118573803,5.04485690005,5.07304045815,4.17116659892
C[C>T]G,1.27153320525,2.40178494325,0.37552407848,2.82099500714,2.36467996349,2.04215939025,2.29903478525,2.311878555,1.900877923
C[C>T]T,2.4749005647,4.67481217777,0.527309407616,1.73615934038,2.70372811319,3.97484030089,4.47482021295,4.49981920855,3.69985134925
G[C>T]A,1.56922730991,2.96409602983,0.375956541352,1.39937454178,2.42589602162,2.5202741644,2.83728978257,2.85314056347,2.34591557441
G[C>T]C,2.8546973782,5.39220615882,0.659410827946,1.82208688327,3.1413079903,4.58481700135,5.1615235424,5.19035886946,4.26762840378
G[C>T]G,1.32971716798,2.51168798397,0.198642216092,3.14923668898,1.21202448864,2.1356063607,2.4042360916,2.41766757815,1.9878600087
G[C>T]T,2.10761878276,3.98105770077,0.469359493995,1.1824356763,2.77659649629,3.38496349958,3.81074507186,3.83203415047,3.15078363483
T[C>T]A,6.28218984502,11.8663585962,0.404763458176,3.04214315967,2.14505628708,10.0895776299,11.3587068915,11.4221633546,9.39155653599
T[C>T]C,3.01839614411,5.70141493887,0.447793375746,4.28401419455,3.59364183245,4.84772714053,5.45750413934,5.48799298928,4.51234979119
T[C>T]G,3.82419976721,7.22348844917,0.233973482893,5.38499017486,2.74309268134,6.14189659581,6.91446220535,6.95309048583,5.71698551057
T[C>T]T,4.10382930034,7.75167756731,0.370190207395,2.33342608145,1.76152717322,6.59099857328,7.42005499759,7.4615078188,6.1350175399
A[T>A]A,0.359112306443,0.678323245504,0.141910994568,1.06348008883,0.522774000838,0.57675612853,0.649304069226,0.652931466261,0.536854761148
A[T>A]C,0.406299676986,0.767454945418,0.296656456178,0.363598676968,0.449517071755,0.652541905462,0.734622648288,0.738726685429,0.607397496908
A[T>A]G,0.446119733949,0.84267060857,0.0975691908656,0.977545738096,0.325809032885,0.716495330281,0.806620529059,0.811126788998,0.666926470954
A[T>A]T,0.38076738935,0.719227290995,0.138969281765,0.654304832008,0.631317454375,0.611535504108,0.688458209027,0.692304344273,0.569228016402
C[T>A]A,0.409972971744,0.774393391073,0.0802997867194,1.62585430948,0.522248259868,0.658441439468,0.741264262043,0.745405403172,0.612888887052
C[T>A]C,0.522169429569,0.98632003363,0.210901042723,0.917732111576,0.552896161312,0.83863575052,0.94412452417,0.949398962853,0.780616925012
C[T>A]G,0.974945749792,1.84156419405,0.151841506752,2.81511135245,1.25389792369,1.56582196179,1.76278069912,1.77262863598,1.45749465625
C[T>A]T,0.562285485876,1.06209480665,0.311097989883,1.0520589179,0.835470500608,0.903064568225,1.01665759567,1.02233724705,0.840588403127
G[T>A]A,0.274349357247,0.518215452577,0.0505747180197,0.965702725107,0.665086029592,0.440621694972,0.496045807547,0.498817013176,0.410138433056
G[T>A]C,0.285519749986,0.539315083307,0.163782142003,0.233701227381,0.345993763202,0.458562022705,0.516242780278,0.519126818156,0.42683760604
G[T>A]G,0.328817620525,0.621099949881,0.108939344493,0.850711192687,0.729132763171,0.528101026904,0.594528829031,0.597850219137,0.491565735735
G[T>A]T,0.217195202452,0.410257604631,0.127943809995,0.394168176083,0.501583900503,0.348828658483,0.39270647716,0.394900368094,0.32469585821
T[T>A]A,0.31361998995,0.59239331435,0.0878237151887,0.878425102953,0.54309171719,0.503692711132,0.56705028486,0.570218163546,0.468846045582
T[T>A]C,0.385981088291,0.729075388995,0.145456623191,0.533935568376,0.295420754486,0.619909020589,0.697884998022,0.701783796894,0.577022233001
T[T>A]G,0.466303377941,0.880795269443,0.0620918340944,0.930703203653,0.359009290152,0.748911485783,0.843114188398,0.847824323528,0.697099999345
T[T>A]T,0.451953291756,0.853689551094,0.172282137095,0.601810530489,0.516790643277,0.725864377668,0.817168072973,0.821733257738,0.675647345251
A[T>C]A,0.750899239934,1.41836523099,0.515405449423,0.93809146479,1.49814340702,1.20598968838,1.35768650453,1.36527134533,1.1225564395
A[T>C]C,0.46978697853,0.88737540389,0.328979202585,0.526785924989,0.92363144003,0.754506359457,0.849412819766,0.854158142781,0.702307806287
A[T>C]G,0.723044965753,1.36575160198,0.469685428597,0.771769060217,2.1868724714,1.16125403591,1.30732372596,1.31462721046,1.08091570638
A[T>C]T,0.672150107148,1.26961686906,0.433239537414,0.608937422921,1.06421155949,1.07951380845,1.21530170888,1.22209110391,1.00483046321
C[T>C]A,0.481471733299,0.909446607343,0.400466744331,0.360857841561,0.83010791391,0.773272783783,0.870539800611,0.875403151453,0.719775924528
C[T>C]C,0.637445936932,1.20406454754,0.501209259605,0.474957233929,0.942848386558,1.0237768078,1.15255376476,1.1589926126,0.952949481474
C[T>C]G,0.734283037056,1.38697906999,0.560711462786,0.533250998122,2.35719367676,1.17930305951,1.327643067,1.33506006737,1.0977160554
C[T>C]T,0.524873625548,0.991427959369,0.811813069138,0.540943898094,0.827966203199,0.842978853154,0.949013929022,0.954315682815,0.784659561426
G[T>C]A,1.27453679165,2.40745838423,1.26500744536,0.713437810592,1.31489865077,2.04698333204,2.30446551218,2.31733962118,1.90536813297
G[T>C]C,0.851729233631,1.60882188575,0.648912137175,0.573435878516,0.666823215113,1.36792876916,1.53999528101,1.5485986066,1.27329218765
G[T>C]G,0.897219677868,1.69474828042,0.774501579299,0.524624709429,1.53365626057,1.44098917961,1.62224568018,1.63130850521,1.34129810429
G[T>C]T,1.13705139189,2.14776374023,0.908295713267,0.829325271232,1.15304948295,1.82617344758,2.05588079947,2.06736616707,1.69983440404
T[T>C]A,0.692193530248,1.30747666825,0.437130974534,0.5594603536,0.842422010484,1.1117047607,1.25154183752,1.25853369136,1.03479436845
T[T>C]C,0.739883016161,1.3975568083,0.497129088321,0.605701569049,0.843657614027,1.18829696535,1.33776828175,1.34524184757,1.10608774133
T[T>C]G,0.513402477338,0.969760234972,0.321441313885,0.524664308929,1.00193954002,0.824555493907,0.928273166096,0.933459049706,0.767510774203
T[T>C]T,0.697470855337,1.31744494897,0.396670653235,0.529849525644,0.799807406164,1.12018046463,1.26108366773,1.26812882789,1.04268370293
A[T>G]A,0.185989856495,0.35131417338,0.0300407619705,0.165522177998,0.135621371987,0.298710981644,0.336284690027,0.338163375446,0.278045442033
A[T>G]C,0.210901032037,0.398368616071,0.0821981029932,0.156877923882,0.0873859503574,0.338719839333,0.381326108431,0.383456421886,0.315286391329
A[T>G]G,0.248055981087,0.468550186498,0.108297980132,0.246655096503,0.247961434059,0.398392939322,0.448505258733,0.451010874704,0.370831163645
A[T>G]T,0.815616569932,1.54060907654,0.321789432605,0.525861288376,0.145799492772,1.30992964262,1.47470066685,1.48293921806,1.21930557929
C[T>G]A,0.193279694691,0.365083867749,0.0280422681455,0.123712151687,0.0221601961938,0.310418903594,0.349465306562,0.35141762671,0.288943381962
C[T>G]C,0.345705379077,0.652999049367,0.198249204509,0.277302220281,0.36607025868,0.555223790639,0.625063261159,0.628555234685,0.516812081852
C[T>G]G,0.396214966414,0.74840604767,0.191311248949,0.378502115064,0.705405508517,0.636345249089,0.716388676647,0.720390848025,0.592321363932
C[T>G]T,1.24208624184,2.34616290125,1.54540046348,0.918698498468,0.450660524705,1.99486578235,2.24579229585,2.25833862153,1.85685619992
G[T>G]A,0.0766567617164,0.144796105464,0.0301662058444,0.0834021861881,0.115129135123,0.123115405181,0.138601619669,0.139375930394,0.114597987212
G[T>G]C,0.0990265102368,0.187050074892,0.0880827372803,0.0923071718076,0.11029504252,0.159042577047,0.17904793265,0.180048200431,0.148039631465
G[T>G]G,0.341184869379,0.644460308826,0.155084917255,0.262632994141,0.405609064233,0.547963578093,0.616889814331,0.620336126143,0.510054148162
G[T>G]T,0.452998592439,0.85566400794,0.437347113452,0.323340138559,0.242134259645,0.727543193917,0.819058061076,0.823633804434,0.677210016979
T[T>G]A,0.360779337913,0.681472082725,0.0562840259595,0.270018480406,0.121572305122,0.579433482103,0.652318196833,0.655962432569,0.539346889001
T[T>G]C,0.39750390449,0.750840708481,0.151140808993,0.290987576118,0.156469592301,0.638415361757,0.718719180846,0.7227343718,0.594248261258
T[T>G]G,0.307874015231,0.581539806547,0.127429235072,0.330417451907,0.277203805998,0.494464327492,0.556661098245,0.559770936783,0.460256103577
T[T>G]T,2.46374181606,4.65373454145,0.669443894149,1.32458437952,0.488339341997,3.95691867428,4.45464429369,4.47953057466,3.68316958361
