,1,3,2,5,4,7,6,9,8
A[C>A]A,0.55655830923,0.582147197011,0.140738882794,0.355045817957,0.25908748878,0.403024982546,0.361443039902,0.626927750627,0.44460692519
A[C>A]C,0.327461842887,0.342517559802,0.082806443029,0.208898072187,0.152439133758,0.237127541401,0.212662001415,0.368865064402,0.261593081387
A[C>A]G,0.17941147225,0.187660275572,0.0453684182702,0.114452146091,0.0835191336338,0.129918652319,0.116514346921,0.202095681385,0.143322957717
A[C>A]T,1.07279900549,1.12212309769,0.271282507135,0.684371779363,0.499406433589,0.77685445225,0.696702802414,1.20844025906,0.857006102085
C[C>A]A,0.87961180909,0.920053731347,0.222430572414,0.561131671316,0.409474462852,0.636960275548,0.57124215188,0.990827095297,0.702678399216
C[C>A]C,0.553527538236,0.578977080224,0.139972480933,0.353112395082,0.257676612627,0.400830286309,0.359474780579,0.623513778703,0.442185792039
C[C>A]G,0.321572582529,0.336357528853,0.0813172047776,0.205141130234,0.149697581522,0.23286290459,0.208837366815,0.362231184918,0.256888442366
C[C>A]T,3.51189163554,3.67335791763,0.888064551515,2.24034466405,1.6348461062,2.54309394298,2.28071123457,3.9559239113,2.80547665138
G[C>A]A,1.70944738722,1.78804266939,0.432274051941,1.09050954012,0.795777231983,1.2378756942,1.11015836067,1.92558441319,1.36559302772
G[C>A]C,1.19849894928,1.25360234924,0.303068699817,0.764559674538,0.557921924663,0.867878549475,0.778335524529,1.35003329918,0.957421574421
G[C>A]G,0.200769768803,0.210000562771,0.0507693668237,0.128077266305,0.0934617889254,0.145385004995,0.130384964797,0.226154452215,0.160385045193
G[C>A]T,2.9786890865,3.11564030887,0.753231723023,1.90019821035,1.38663112647,2.15698175229,1.93443601594,3.35530494801,2.37952748864
T[C>A]A,1.09660109499,1.14701953614,0.277301426319,0.699555870942,0.510486716633,0.794090448096,0.712160481229,1.23525180815,0.876020414963
T[C>A]C,0.97650213565,1.02139878557,0.246931574532,0.62294101757,0.454578580389,0.70712223616,0.634165180049,1.09996792292,0.780079292272
T[C>A]G,0.326055145871,0.341046187061,0.0824507265422,0.208000696504,0.151784292044,0.236108898734,0.211748456801,0.367280509142,0.260469340667
T[C>A]T,4.55902755823,4.76863802068,1.15285754346,2.90834516646,2.12230593228,3.30136478355,2.96074778207,5.13545632996,3.64198178502
A[C>G]A,0.190624959959,0.199389325934,0.0482040128631,0.121605577905,0.0887392054981,0.138038764108,0.123796669399,0.21472696639,0.152280858818
A[C>G]C,0.133032457933,0.139148892781,0.0336403916613,0.0848655335093,0.0619289028311,0.0963338488484,0.0863946422212,0.149852653764,0.106273055476
A[C>G]G,0.347355108425,0.363325458238,0.0878369239696,0.221588603651,0.161699791853,0.251533009549,0.225581191104,0.39127357041,0.277484827995
A[C>G]T,0.208409387349,0.217991428147,0.0527012243872,0.132950816068,0.0970181630765,0.150917142563,0.135346326267,0.234759999543,0.16648795886
C[C>G]A,0.152432677649,0.159441076622,0.0385461943481,0.0972415357419,0.0709600395954,0.110382283815,0.098993635485,0.171705774824,0.121770932145
C[C>G]C,0.125761286771,0.131543414898,0.0318017047007,0.0802270277676,0.0585440472898,0.0910685180064,0.0816725597994,0.141662139121,0.100464476213
C[C>G]G,0.268415766866,0.280756721664,0.0678752513913,0.171230747828,0.124952167334,0.194370038075,0.174315986528,0.302353392561,0.214424089623
C[C>G]T,0.154732012917,0.161846128454,0.0391276354504,0.098708353068,0.0720304198064,0.112047319699,0.100486881952,0.174295830643,0.123607757445
G[C>G]A,0.588259816178,0.615306244508,0.148755355815,0.375269193079,0.273845086841,0.425981246198,0.382030800161,0.662637494085,0.469931692234
G[C>G]C,0.50043665221,0.523445233921,0.12654719941,0.319244071238,0.232961889822,0.362385161945,0.324996216665,0.563710251915,0.399774107226
G[C>G]G,0.114382993396,0.119641981598,0.0289244351115,0.072968461304,0.0532472555462,0.082829064183,0.0742832083546,0.128845210951,0.0913749200114
G[C>G]T,0.14037378793,0.146827755192,0.0354968199364,0.0895487957487,0.0653464185194,0.101649984363,0.091162287564,0.158122197899,0.112137681163
T[C>G]A,0.967452035769,1.01193258914,0.244643043528,0.617167677991,0.450365602858,0.700568715557,0.628287816333,1.08977355753,0.772849614781
T[C>G]C,0.357625905167,0.37406847552,0.0904341369389,0.228140663641,0.166481024819,0.258970483052,0.232251306229,0.402842973637,0.285689659875
T[C>G]G,0.177729099053,0.185900551883,0.044942990565,0.113378908016,0.0827359599038,0.128700382073,0.115421771224,0.200200594335,0.141978992921
T[C>G]T,1.29560725426,1.35517540388,0.327624822915,0.826508075991,0.603127514912,0.93819835653,0.841400113396,1.45941966571,1.03499659966
A[C>T]A,6.05008633101,6.32825121979,1.5299068883,3.85953783185,2.81641949892,4.38109699831,3.92907905404,6.81503977516,4.83311494258
A[C>T]C,6.76348673378,7.07445164108,1.71030699015,4.31463808879,3.14851968642,4.89769728998,4.39237931562,7.61864022886,5.40301526434
A[C>T]G,3.5043634879,3.66548364826,0.886160881996,2.23554222504,1.63134162368,2.53764252572,2.27582226513,3.94744392889,2.79946278631
A[C>T]T,3.49665104929,3.65741661477,0.884210610164,2.2306222211,1.62775135053,2.53205765638,2.27081361247,3.93875635437,2.79330170029
C[C>T]A,7.16234180182,7.49164487317,1.81116689241,4.56908011495,3.3341935974,5.18652337373,4.65140588279,8.06792524802,5.72164086467
C[C>T]C,9.7223976018,10.1694043881,2.45853732459,6.20221915977,4.52594371118,7.04035688406,6.31397085634,10.9516662641,7.76674291179
C[C>T]G,2.96483686567,3.10115120432,0.749728862582,1.89136144879,1.38018267884,2.14695083376,1.92544003345,3.33970129696,2.36846163407
C[C>T]T,7.39221204724,7.7320838655,1.86929500045,4.71572147841,3.44120215992,5.35298113766,4.80068943298,8.32685954747,5.90527284234
G[C>T]A,6.234828101,6.52148686426,1.57662319795,3.97739034029,2.90241997805,4.51487552141,4.04905503111,7.02313969997,4.98069601172
G[C>T]C,9.22732137493,9.65156603584,2.33334563504,5.88639467021,4.29547719178,6.68185340943,5.99245583544,10.3939941924,7.37125098342
G[C>T]G,4.45167604699,4.65635080777,1.1257111843,2.83986230584,2.07233195291,3.2236274823,2.89103099603,5.01453163914,3.55622396857
G[C>T]T,5.89266039635,6.16358731112,1.49009803126,3.7591109425,2.74313501209,4.2670989077,3.82684267119,6.63770941198,4.70735514421
T[C>T]A,7.36885674576,7.70765475706,1.86338906215,4.70082240678,3.43032986441,5.33606867796,4.7855219096,8.30055127683,5.88661544633
T[C>T]C,8.99819732873,9.41190755074,2.27540622106,5.7402293304,4.18881599786,6.51593599667,5.8436568859,10.1359004393,7.18821510744
T[C>T]G,3.47233873623,3.63198649422,0.878062668932,2.21511264208,1.61643354962,2.5144521883,2.25502458157,3.9113700707,2.77387979503
T[C>T]T,5.49265597496,5.74519188185,1.38894748792,3.50393570816,2.55692605731,3.97744053359,3.56706968489,6.18712971892,4.3878113823
A[T>A]A,1.50821731389,1.57756063867,0.381388286271,0.962138631275,0.702101163363,1.09215736523,0.979474462469,1.69891145703,1.20484026799
A[T>A]C,0.446069361899,0.466578298079,0.112799148986,0.284561489488,0.207652978815,0.323015744824,0.289688723532,0.502468936393,0.356342766115
A[T>A]G,0.603663962594,0.631418627541,0.152650657208,0.385095976138,0.281015982587,0.437135972913,0.392034642375,0.679989291198,0.482237303452
A[T>A]T,0.829711301178,0.867858947209,0.209812053171,0.529298588683,0.386244916066,0.600825424991,0.53883550019,0.934617327764,0.662815349792
C[T>A]A,2.50850500259,2.62383856592,0.634334598355,1.60025319131,1.16775232879,1.81650362256,1.62908658214,2.82567230176,2.00392066299
C[T>A]C,0.878997053819,0.919410711466,0.222275117058,0.56073949985,0.409188283674,0.636515107938,0.570842914262,0.990134612348,0.702187301614
C[T>A]G,0.804908465572,0.841915751346,0.203540071754,0.513476090107,0.374698768456,0.582864750932,0.52272791155,0.906678501449,0.643001590314
C[T>A]T,0.91502900939,0.957099308672,0.231386646053,0.583725402542,0.425961780233,0.662607213696,0.594242977362,1.03072233242,0.73097145003
G[T>A]A,1.01280031903,1.05936585093,0.256110425501,0.64609675524,0.471476010581,0.73340712757,0.657738138218,1.14085553178,0.809076116923
G[T>A]C,0.394302066277,0.41243089691,0.0997085684837,0.251537525039,0.183554410163,0.285529082476,0.256069732697,0.444156350518,0.314988432255
G[T>A]G,0.488058910965,0.510498401125,0.123417195876,0.311347925961,0.227199837863,0.353421970009,0.316957798501,0.549767508904,0.389886141518
G[T>A]T,0.625288923651,0.654037839681,0.158119038165,0.398891209915,0.291082774803,0.452795427472,0.406078438923,0.704348442733,0.49951241602
T[T>A]A,0.964317941641,1.00865439873,0.243850513978,0.615168342081,0.448906628005,0.698299199119,0.626252456353,1.08624319863,0.770345941886
T[T>A]C,0.634453628527,0.663623910298,0.160436549742,0.404737659578,0.295349102935,0.459431937899,0.41203023002,0.714671903398,0.506833645777
T[T>A]G,0.334218980817,0.34958537074,0.0845151445744,0.213208660176,0.155584697967,0.242020641281,0.217050257657,0.376476553104,0.266991024906
T[T>A]T,0.290672636971,0.304036896142,0.0735034254409,0.185429095999,0.135313124107,0.210487081944,0.188770160791,0.327424349691,0.232204003097
A[T>C]A,0.713038354834,0.74582172747,0.180308549498,0.454869295325,0.33193164794,0.516338119018,0.463065138484,0.803192629583,0.569611099551
A[T>C]C,1.13912759964,1.19150128238,0.288055255081,0.726684848045,0.530283537763,0.824885503187,0.739778268731,1.28315522718,0.909992737642
A[T>C]G,1.29438117171,1.35389294972,0.327314779054,0.825725919887,0.60255675235,0.937310503655,0.840603864389,1.45803856124,1.03401714292
A[T>C]T,0.614653377284,0.642913302676,0.155429589658,0.392106464819,0.286131744598,0.44509382493,0.399171446167,0.692368172113,0.491016203692
C[T>C]A,0.472493951666,0.494217811512,0.119481229157,0.301418555373,0.219954080948,0.342150792586,0.306849520335,0.532234566244,0.377452064836
C[T>C]C,1.2925598088,1.35198784598,0.326854204523,0.824564015957,0.601708876509,0.935991585681,0.839421025254,1.45598691106,1.03256214611
C[T>C]G,1.05696485816,1.10556094359,0.267278469879,0.674270685378,0.492035365005,0.765388345564,0.686419706736,1.1906040931,0.844356984392
C[T>C]T,2.66509448797,2.78762756787,0.673931939486,1.7001464837,1.24064743405,1.92989600853,1.73077975368,3.00206045771,2.12901226338
G[T>C]A,0.713674972623,0.746487615042,0.180469533307,0.45527541357,0.332228004497,0.516799118106,0.463478574175,0.803909739276,0.570119662038
G[T>C]C,1.27379915184,1.33236463008,0.32211013035,0.812596010655,0.592975467234,0.922406282365,0.827237380216,1.43485421701,1.01757518451
G[T>C]G,1.1711434991,1.22498917722,0.296151229657,0.747108783909,0.54518749096,0.848069430383,0.760570203438,1.31921911393,0.935568657327
G[T>C]T,1.44973452984,1.51638899098,0.366599536281,0.924830648345,0.674876419063,1.04980776299,0.941494263631,1.63303429798,1.15812126234
T[T>C]A,0.352838640872,0.369061107119,0.0892235643585,0.225086719177,0.164252470751,0.25550384339,0.229142335739,0.397450423052,0.281865351042
T[T>C]C,1.34056263878,1.40219770263,0.338992851185,0.855186510943,0.624055021499,0.970752255665,0.870595276906,1.51005906437,1.07090923442
T[T>C]G,0.855830747001,0.895179287093,0.216416970506,0.545960993776,0.398403968431,0.619739506449,0.555798128799,0.964039232254,0.683680884098
T[T>C]T,0.527077439962,0.551310885478,0.133283950335,0.336239056528,0.245363635844,0.381676766869,0.342297417906,0.59371941513,0.421056115832
A[T>G]A,0.390733587633,0.408698350283,0.0988061945739,0.249261081766,0.181893221829,0.282945011734,0.253752272428,0.44013668492,0.31213775104
A[T>G]C,0.413742515784,0.432765160188,0.104624544221,0.263939191104,0.192604274589,0.299606649361,0.268694852205,0.466054787895,0.330518446517
A[T>G]G,0.579495865379,0.606139353442,0.146539184349,0.36967839688,0.269765316642,0.419634936999,0.376339268896,0.652765457553,0.462930605102
A[T>G]T,1.60766144429,1.681576913,0.406535077867,1.02557712826,0.748394120619,1.16416863207,1.04405599543,1.81092898323,1.28428126872
C[T>G]A,0.334690460205,0.350078527341,0.0846343692473,0.21350943151,0.155804179751,0.24236205739,0.217356448294,0.377007644829,0.267367666486
C[T>G]C,0.966446982589,1.01088132662,0.244388892149,0.616526523376,0.449897733274,0.699840918426,0.627635109382,1.08864142866,0.77204672747
C[T>G]G,0.937770933368,0.98088683835,0.237137477403,0.598233181631,0.436548537947,0.679075503473,0.609012157877,1.05633967207,0.74913884907
C[T>G]T,6.99839684519,7.32016221738,1.76970954706,4.46449453917,3.25787439345,5.06780461203,4.54493588222,7.88325161871,5.59067334184
G[T>G]A,0.231969920692,0.242635204402,0.0586590604049,0.147980811476,0.107985997563,0.167978218432,0.150647132403,0.261299450894,0.185309304461
G[T>G]C,0.399485994219,0.417853166367,0.101019446814,0.254844513554,0.185967617999,0.289282961331,0.259436306591,0.449995717626,0.319129616072
G[T>G]G,0.523329189974,0.547390302156,0.132336117005,0.333847931535,0.24361876085,0.378962516877,0.339863209581,0.589497248476,0.418061824174
G[T>G]T,2.02286687044,2.11587224379,0.511529553445,1.29044955528,0.941679405205,1.46483463032,1.31370089862,2.27863164716,1.61596836202
T[T>G]A,0.668506634991,0.699242572232,0.169047654825,0.426461129218,0.311201364565,0.484091011545,0.434145113528,0.753030462403,0.534036909561
T[T>G]C,0.679524066383,0.710766552194,0.171833671959,0.433489490624,0.316330168834,0.492069151519,0.441300112077,0.765440902363,0.542838190961
T[T>G]G,0.740690845628,0.774745597151,0.187301133377,0.472509677383,0.344804359172,0.536362336489,0.481023365264,0.834341412317,0.591701307714
T[T>G]T,1.96653058732,2.05694578674,0.497283596793,1.25451089191,0.915453894097,1.42403939082,1.27711469176,2.21517238572,1.57096408987
