,1,3,2,5,4,7,6,9,8
A[C>A]A,0.854339148679,0.401367385286,2.91305783553,1.07222430069,0.951814085106,0.905943526787,0.911677346577,1.21580342933,1.10037905312
A[C>A]C,0.652755576554,0.306663693683,1.06516122162,0.819230153124,0.727231045019,0.692183765741,0.696564675651,0.890501458341,0.805960180651
A[C>A]G,0.27314246096,0.128321961525,0.218426057848,0.342802954359,0.304306365901,0.28964099887,0.291474169749,0.674998616264,0.610916469151
A[C>A]T,0.746594114955,0.350748913066,1.40150233907,0.937000667762,0.831775993843,0.791690403778,0.796701102536,0.931487237136,0.843054904497
C[C>A]A,1.05014493544,0.493356681079,4.3947681635,1.31796713374,1.16996012942,1.11357650872,1.12062446131,2.39875239159,2.17102273416
C[C>A]C,0.585846636137,0.275229963286,1.41394263659,0.735257187635,0.652688198649,0.621233345702,0.625165202321,1.59007848168,1.4391216638
C[C>A]G,0.303582091822,0.142622459245,0.887748486357,0.381005712555,0.338218974781,0.321919265153,0.323956728857,0.775730301319,0.702085019548
C[C>A]T,0.984860460025,0.462686122159,2.63217068954,1.23603292634,1.09722708969,1.04434867573,1.05095847748,2.26816242075,2.05283054536
G[C>A]A,1.18799467233,0.558118302438,6.10766914988,1.49097317937,1.32353768864,1.25975273979,1.2677258584,1.96051995797,1.77439464551
G[C>A]C,1.54666007267,0.726618826088,1.28753757123,1.94111029255,1.72312464472,1.64008249317,1.65046276211,3.51764832484,3.18369436995
G[C>A]G,0.445338188199,0.209219283047,0.530445645741,0.558914370424,0.49614858551,0.472237810305,0.475226657206,1.43476343976,1.2985517208
G[C>A]T,1.18493057587,0.556678794035,3.80677182212,1.48712763549,1.32012399728,1.25650356368,1.26445611788,1.76521444928,1.59763079903
T[C>A]A,2.70583042906,1.27119550359,3.34029845501,3.39590798815,3.01454933708,2.86926985095,2.88742978672,1.38191409197,1.25071971615
T[C>A]C,1.5599988582,0.732885369625,2.40518413611,1.957850916,1.73798530511,1.65422697715,1.66469676815,2.27434147904,2.0584229842
T[C>A]G,0.362232547869,0.170176364771,0.795594966167,0.45461400303,0.403561093599,0.384112366197,0.386543457122,0.476919868344,0.431642665653
T[C>A]T,8.43192589757,3.96130746866,5.82459481486,10.582349952,9.39395771139,8.94123685783,8.99782696452,1.42204487744,1.28704061692
A[C>G]A,0.528915749934,0.248483909365,0.626604123665,0.663807015018,0.589261842208,0.560863681138,0.564413451272,0.551188967588,0.498860901045
A[C>G]C,0.291378470981,0.136889214555,0.423762514919,0.365689758883,0.324622994516,0.308978512853,0.310934073061,0.426564553768,0.386067918916
A[C>G]G,0.131280594766,0.0616754472053,0.221027101379,0.16476155182,0.146258917658,0.139210295121,0.140091372938,0.0399408653298,0.0361490110264
A[C>G]T,0.449957697746,0.211389522431,0.699654992853,0.564712009922,0.501295153193,0.47713635063,0.48015620095,0.392578793584,0.355308654953
C[C>G]A,0.515692958365,0.242271859635,0.399024004479,0.647211967881,0.57453040999,0.546842197461,0.550303224027,0.576591300606,0.521851620168
C[C>G]C,0.350107503816,0.16448003535,0.465469221725,0.439396665863,0.390052655258,0.371254936932,0.373604651723,0.6328981964,0.57281292459
C[C>G]G,0.141954144323,0.0666898664607,0.341500865459,0.178157214688,0.15815025475,0.150528555725,0.151481268104,0.0810820160771,0.0733843563229
C[C>G]T,0.491377267607,0.230848380755,0.714834543185,0.616694960017,0.54744044579,0.521057773704,0.524355607715,0.57192267761,0.517626220875
G[C>G]A,0.351631170577,0.165195851949,0.322139438697,0.441308918778,0.391750163194,0.372870637257,0.375230577999,0.298785045416,0.270419376547
G[C>G]C,0.347681158985,0.163340141805,0.266371847075,0.43635152168,0.387349479138,0.36868203436,0.371015464958,0.461336081565,0.417538352302
G[C>G]G,0.086230319199,0.0405108882143,0.0622301785015,0.10822194423,0.0960686777654,0.0914388619694,0.0920175889439,0.200733119174,0.181676177481
G[C>G]T,0.367961199738,0.172867677729,0.441287644816,0.461803653363,0.409943350044,0.390187044018,0.392656582271,0.250829275011,0.227016369155
T[C>G]A,6.62693462519,3.1133249917,0.442090992528,8.31702533497,7.38302783746,7.02721926698,7.07169533829,0.642724792404,0.58170661591
T[C>G]C,1.79683809672,0.844152125977,0.765415725287,2.25509210797,2.00184647017,1.90537194149,1.91743125758,0.523434770272,0.473741595879
T[C>G]G,0.295962367929,0.139042723188,0.128505648165,0.371442703374,0.329729886417,0.313839289481,0.315825614098,0.0687291934548,0.0622042700256
T[C>G]T,7.91481852709,3.71837112011,0.938139156492,9.93336284943,8.8178515134,8.39289481396,8.44601440139,0.869418360075,0.786878642346
A[C>T]A,2.3029075503,1.08190287598,1.71216506198,2.8902262544,2.5656553916,2.44200934864,2.45746510401,1.33380690835,1.20717967022
A[C>T]C,3.55633912069,1.67076334529,2.71533797276,4.46332493671,3.96209593312,3.7711515508,3.79501959859,2.74889309311,2.48792222984
A[C>T]G,1.37380819943,0.645413248054,1.39857485293,1.72417539123,1.53055141681,1.45678990275,1.46601009201,2.24503011318,2.03189434294
A[C>T]T,1.84046665805,0.864648765529,2.02194898894,2.30984741648,2.05045278682,1.95163578505,1.96398791027,2.05133117503,1.85658454449
C[C>T]A,3.99222052826,1.87553984549,2.84750395111,5.0103707301,4.44770877645,4.23336136554,4.26015479191,1.88420115248,1.70532129623
C[C>T]C,6.69314339468,3.14442978274,4.30015179697,8.40011956245,7.45679062763,7.09742722389,7.14234764936,3.33074599428,3.01453593153
C[C>T]G,1.50200109226,0.705638097036,1.87538204123,1.88506177351,1.6733703444,1.59272599045,1.6028065347,1.699694686,1.53833126644
C[C>T]T,5.3626443803,2.51936313168,3.23371364665,6.73029865178,5.97448971228,5.68656249723,5.72255339911,2.52458343144,2.28490778921
G[C>T]A,2.84378342693,1.33600563681,1.63493476557,3.56904362977,3.16824193872,3.01555558023,3.03464137504,2.11506157814,1.91426459287
G[C>T]C,5.79473016592,2.72235645379,2.84963317099,7.27258081226,6.45587387612,6.14474742426,6.18363823074,3.87298017719,3.50529218569
G[C>T]G,1.76807433469,0.830638949185,1.37164359226,2.21899262139,1.96980093664,1.87487077102,1.88673704172,2.58147874772,2.33640165142
G[C>T]T,3.83627452551,1.80227662272,1.92481949717,4.81465326356,4.27397027674,4.06799580557,4.09374261447,2.98923022341,2.70544254398
T[C>T]A,6.10535718068,2.86828860837,3.93819525324,7.66242813951,6.801941557,6.47413714461,6.51511269616,2.39734543805,2.16974935216
T[C>T]C,6.47545524236,3.04216018097,6.39042890433,8.12691362631,7.21426557202,6.86659012277,6.91004955393,3.7250457387,3.37140215591
T[C>T]G,6.46789429589,3.03860805847,2.09871602145,8.11742438477,7.20584196723,6.85857247483,6.90198116138,1.45032383077,1.3126348595
T[C>T]T,4.31829358895,2.02872853172,3.86410334171,5.41960336332,4.8109848038,4.57913011446,4.60811195063,2.40052930713,2.17263095518
A[T>A]A,3.08204900474,1.44794248545,0.430534075639,3.86807492542,3.43369217978,3.26821303859,3.28889793124,1.15450230862,1.04489765907
A[T>A]C,0.341143688357,0.160268846879,0.398807555769,0.428146776662,0.380066122599,0.361749682955,0.364039237911,1.20545890685,1.09101660556
A[T>A]G,0.62943223284,0.295706418113,0.550483990162,0.789958574101,0.701246648667,0.667451629454,0.671676006856,1.35201455219,1.22365874027
A[T>A]T,0.578684785482,0.271865335461,0.657241253143,0.726268824732,0.644709224094,0.613638900041,0.617522690548,0.613226846651,0.555009108045
C[T>A]A,6.45160511424,3.0309554228,0.27736917128,8.09698091518,7.18769428834,6.84129938288,6.88459874606,1.64630799243,1.49001292986
C[T>A]C,0.635067351492,0.298353789292,1.14849950935,0.797030837108,0.70752470032,0.673427124401,0.677689321391,1.37886078368,1.2479562789
C[T>A]G,1.35807940535,0.638023881707,0.883833904173,1.70443522685,1.51302806233,1.44011104728,1.44922567416,3.66072188739,3.31318499935
C[T>A]T,0.76953627193,0.361527107618,1.44332237271,0.965793844637,0.857335712352,0.816018328624,0.82118300159,1.62436675764,1.47015472368
G[T>A]A,2.40401893475,1.12940486867,0.259162668231,3.01712443488,2.67830297428,2.54922813215,2.56536248741,1.05280253321,0.952852925628
G[T>A]C,0.239569496593,0.11254942793,0.360213937681,0.300667757469,0.26690292909,0.254040137327,0.255647986297,0.742628873058,0.672126131945
G[T>A]G,0.515679429988,0.242265504021,0.411314203105,0.647194989314,0.574515338107,0.546827851933,0.550288787705,0.952573132402,0.862138974263
G[T>A]T,0.326246966249,0.153270386828,0.499377116759,0.409450890527,0.363469774478,0.345953158841,0.348142735795,0.43631743973,0.394894897984
T[T>A]A,1.42913246109,0.671404511922,0.471826902188,1.79360919614,1.59218784256,1.51545589834,1.52504739137,0.714582518497,0.646742405982
T[T>A]C,0.470285646658,0.220939565544,0.703300049996,0.590224267954,0.52394239829,0.498692162228,0.501848441736,1.08672451655,0.983554467514
T[T>A]G,0.543613911977,0.255389086164,0.377189575713,0.682253701609,0.60563697576,0.576449651627,0.580098067144,1.38591680424,1.25434242409
T[T>A]T,0.518114550598,0.243409520415,1.02854634064,0.650251147395,0.577228291271,0.549410060366,0.552887339229,0.581878926786,0.526637256522
A[T>C]A,1.02625744361,0.482134369479,1.11427010787,1.28798752989,1.14334721905,1.08824614825,1.0951337821,4.80693662014,4.35058187772
A[T>C]C,0.635486718378,0.298550807292,0.935268143349,0.797557156622,0.707991914435,0.673871822173,0.678136833706,2.37097843971,2.14588554986
A[T>C]G,0.95019994851,0.446402660374,1.24122487277,1.19253282128,1.05861202317,1.00759457627,1.01397175713,4.34226118334,3.93002119758
A[T>C]T,0.809925114528,0.380501731658,1.07098100214,1.01648319743,0.902332677931,0.858846765742,0.864282504765,3.37360317385,3.05332439152
C[T>C]A,0.463131315931,0.217578470572,1.10770172019,0.581245342813,0.515971801642,0.491105690719,0.494213954584,3.19072388173,2.88780705751
C[T>C]C,0.668255913312,0.313945731086,2.57378229643,0.838683595901,0.744499876575,0.708620364451,0.713105303467,2.49646506961,2.25945889211
C[T>C]G,0.668421962747,0.314023740888,2.30883894006,0.838891993514,0.744684871248,0.708796443718,0.713282497159,4.17770314729,3.78108575989
C[T>C]T,0.795722143566,0.373829194964,2.8080187524,0.998657992261,0.886509233772,0.843785897205,0.849126314276,3.24919723204,2.94072914039
G[T>C]A,0.627057800449,0.294590912963,0.646239733911,0.786978581772,0.698601307883,0.664933774973,0.669142216587,7.65704576725,6.93011104251
G[T>C]C,0.677471257608,0.318275087467,0.850735796035,0.850249162233,0.754766635993,0.718392340283,0.722939127247,3.467393879,3.13821091581
G[T>C]G,0.608045005258,0.285658727303,1.07674283913,0.763116885794,0.677419267603,0.644772555911,0.648853394873,3.62142183332,3.27761596307
G[T>C]T,0.963326683583,0.452569582891,0.963282359231,1.2090073143,1.07323643943,1.02151420138,1.02797948114,4.61160579142,4.17379511502
T[T>C]A,0.558651844028,0.262453886456,0.85965764891,0.701126810961,0.622390645024,0.592395915143,0.596145256379,2.5067908992,2.26880442143
T[T>C]C,0.850835217869,0.399721243294,1.74812989658,1.06782674994,0.947910376954,0.902227949149,0.907938252625,3.12902180127,2.83196276951
T[T>C]G,0.578256509626,0.271664132039,1.0251920808,0.725731324161,0.64423208455,0.613184755174,0.617065671346,1.7141993185,1.55145887687
T[T>C]T,0.692000534427,0.325100922214,1.16981593274,0.8684838922,0.770953615536,0.733799224426,0.738443523314,2.01246683423,1.8214098563
A[T>G]A,0.20678108596,0.0971454766254,0.267583925782,0.259517201842,0.230373558854,0.219271218669,0.220659011192,0.0466261957717,0.0421996581984
A[T>G]C,0.251880568805,0.11833315313,0.665995641378,0.316118566218,0.280618620279,0.26709483135,0.268785304966,0.158232213668,0.143210168067
A[T>G]G,0.321880810778,0.151219172849,0.567344676803,0.403971218895,0.358605467041,0.341323275858,0.343483549756,0.211170612667,0.191122769692
A[T>G]T,0.825515064904,0.387825869418,3.02509596457,1.0360491083,0.919701347476,0.875378390971,0.880918760535,0.630346726284,0.57050368265
C[T>G]A,0.184860379206,0.0868471580162,0.318076735602,0.232005979272,0.205951831867,0.196026442379,0.197267116065,0.0346731039439,0.0313813535695
C[T>G]C,0.382513558684,0.179704356429,1.52933038009,0.480067352174,0.426156045245,0.40561840451,0.408185609602,0.682615724343,0.617810434057
C[T>G]G,0.489785161683,0.230100411529,1.29067844327,0.614696813656,0.545666690197,0.519369500308,0.522656649045,0.726073667488,0.657142623106
C[T>G]T,1.72563449291,0.810700768481,8.71695395446,2.1657291958,1.92251896525,1.82986744886,1.84144888841,4.35873046295,3.94492693799
G[T>G]A,0.104754580343,0.0492135612349,0.140620420681,0.131470513585,0.116706445214,0.111082038216,0.111785089091,0.00799607233745,0.00723695154592
G[T>G]C,0.138323562516,0.0649842240006,0.265840919306,0.173600712687,0.154105445487,0.14667867703,0.147607023087,0.344038249123,0.311376390029
G[T>G]G,0.411373765816,0.193262843001,0.964623627521,0.516287880588,0.458309027687,0.43622184563,0.438982743387,0.279464330188,0.252932906436
G[T>G]T,0.527569803696,0.247851585629,2.40450951417,0.662117807323,0.587762331634,0.559436436134,0.562977173071,1.52204510669,1.37754715352
T[T>G]A,0.417937262425,0.196346364898,0.404544604499,0.524525289083,0.465621379614,0.443181795054,0.445986743124,0.0489933095262,0.0443420459636
T[T>G]C,0.49161875488,0.230961831152,1.27058282944,0.616998034648,0.547709485303,0.521313847457,0.524613302188,0.363242352428,0.32875731897
T[T>G]G,0.451762435724,0.212237385911,0.708053606974,0.566977016647,0.503305800874,0.479050099627,0.482082062283,0.278808033183,0.252338916109
T[T>G]T,2.40421184164,1.12949549607,7.59907515666,3.0173665395,2.67851789068,2.54943269113,2.56556834107,1.07232375938,0.970520870829
