,1,3,2,5,4,7,6,9,8
A[C>A]A,0.454389302016,0.705250062504,0.345525198408,0.454389302016,0.28399331376,0.127796991192,0.818847388008,2.0609054406,0.648451399752
A[C>A]C,0.341978305844,0.530778828862,0.260046003402,0.341978305844,0.213736441152,0.0961813985186,0.616273405323,1.71900100864,0.488031540631
A[C>A]G,0.0429398103345,0.0666461639567,0.0326521474418,0.0429398103345,0.0268373814591,0.0120768216566,0.0773811165403,0.608623863572,0.0612786876648
A[C>A]T,0.718150157617,1.11462889047,0.546093349021,0.718150157617,0.44884384851,0.20197973183,1.29416642987,1.23847168806,1.02486012077
C[C>A]A,0.699517263579,1.08570908618,0.531924585847,0.699517263579,0.437198289737,0.196739230382,1.26058840207,2.57520274971,0.998269428233
C[C>A]C,0.475941342608,0.738700625506,0.361913729275,0.475941342608,0.29746333913,0.133858502609,0.857685961159,2.82737310765,0.67920795768
C[C>A]G,0.159121037233,0.246969109872,0.120998288729,0.159121037233,0.0994506482706,0.0447527917217,0.28674936918,0.881348675331,0.227078980218
C[C>A]T,2.47731433365,3.84499828868,1.88379110788,2.47731433365,1.54832145853,0.696744656338,4.46432687209,5.13686061463,3.53533399697
G[C>A]A,0.655469615092,1.01734346509,0.49843001981,0.655469615092,0.409668509433,0.184350829245,1.18121086886,2.31632397278,0.935409763205
G[C>A]C,0.457961100357,0.710793791179,0.348241253396,0.457961100357,0.286225687723,0.128801559475,0.825284066268,2.47091475464,0.653548653634
G[C>A]G,0.0800016273278,0.124169192415,0.0608345707805,0.0800016273278,0.0500010170799,0.022500457686,0.144169599247,0.887480133576,0.114168988999
G[C>A]T,1.57827177337,2.44960931492,1.200144161,1.57827177337,0.986419858358,0.443888936261,2.84417725826,2.48373543852,2.25232534325
T[C>A]A,0.497050982216,0.771464545314,0.37796585106,0.497050982216,0.310656863885,0.139795588748,0.895727290868,3.07684866519,0.709333172537
T[C>A]C,0.666523834764,1.03450053521,0.506835832685,0.666523834764,0.416577396728,0.187459828527,1.2011314939,2.50205149232,0.951185055861
T[C>A]G,0.0877303264474,0.136164777507,0.0667116024027,0.0877303264474,0.0548314540296,0.0246741543133,0.158097359119,0.624446510755,0.125198486701
T[C>A]T,1.54178388909,2.39297707787,1.17239816567,1.54178388909,0.963614930684,0.433626718808,2.77842305014,2.94522488785,2.20025409173
A[C>G]A,0.141733380919,0.219982018302,0.107776425074,0.141733380919,0.0885833630747,0.0398625133836,0.255415363532,0.556410998865,0.202265345687
A[C>G]C,0.0884697721044,0.137312458787,0.0672738892044,0.0884697721044,0.0552936075653,0.0248821234044,0.159429901813,0.348616450054,0.126253737274
A[C>G]G,0.0202663725896,0.0314550991234,0.01541088749,0.0202663725896,0.0126664828685,0.00569991729082,0.0365216922708,0.0639973160084,0.0289218025497
A[C>G]T,0.190000625288,0.294896803832,0.144479642146,0.190000625288,0.118750390805,0.0534376758621,0.342396960154,0.420890552498,0.271146725671
C[C>G]A,0.0954769683886,0.148188211353,0.0726022780455,0.0954769683886,0.0596731052429,0.0268528973593,0.17205745345,0.483984329879,0.136253590305
C[C>G]C,0.103285033247,0.160306978685,0.078539660698,0.103285033247,0.0645531457792,0.0290489156006,0.186128236997,0.284182173444,0.147396349529
C[C>G]G,0.0576773995066,0.0895201304841,0.0438588558748,0.0576773995066,0.0360483746916,0.0162217686112,0.103939480361,0.128062291207,0.0823104555458
C[C>G]T,0.154283596079,0.239460998082,0.117319817852,0.154283596079,0.0964272475496,0.0433922613973,0.278031897101,0.452907519222,0.220175548572
G[C>G]A,0.0773497427008,0.120053246484,0.0588180335121,0.0773497427008,0.048343589188,0.0217546151346,0.139390682159,0.269336814027,0.110384528646
G[C>G]C,0.139128580784,0.215939151425,0.105795691638,0.139128580784,0.0869553629898,0.0391299133454,0.250721296621,0.315054605258,0.198548078827
G[C>G]G,0.00751181575381,0.0116589640346,0.00571210989613,0.00751181575381,0.00469488484613,0.00211269818076,0.013536917973,0.101873220435,0.0107199870653
G[C>G]T,0.0909093617746,0.141098905254,0.0691289938494,0.0909093617746,0.0568183511091,0.0255682579991,0.163826245698,0.376823935757,0.129735235033
T[C>G]A,0.235919611002,0.366166896243,0.1793972042,0.235919611002,0.147449756877,0.0663523905944,0.425146798994,9.49747003656,0.336676944868
T[C>G]C,0.163720015154,0.254107106854,0.12449542819,0.163720015154,0.102325009471,0.0460462542621,0.295037110642,2.38029630149,0.233642104959
T[C>G]G,0.0221595066557,0.0343934009551,0.0168504581861,0.0221595066557,0.0138496916598,0.0062323612469,0.0399332776191,0.369476160002,0.0316234626232
T[C>G]T,0.492284416326,0.764066437839,0.374341274914,0.492284416326,0.307677760204,0.138454992092,0.88713754192,11.3610597681,0.702530885798
A[C>T]A,1.34174389139,2.08249833143,1.02028441741,1.34174389139,0.83858993212,0.377365469454,2.41793430428,3.12977381962,1.91478034501
A[C>T]C,2.87008562013,4.45461205624,2.18246094031,2.87008562013,1.79380351258,0.807211580661,5.17213346127,4.24418402916,4.09585135373
A[C>T]G,1.73274566043,2.68936566046,1.31760867928,1.73274566043,1.08296603777,0.487334716995,3.12255207556,6.78209453742,2.4727724529
A[C>T]T,1.87788211038,2.91462952549,1.42797285477,1.87788211038,1.17367631899,0.528154343545,3.38410005309,2.36853404103,2.67989426169
C[C>T]A,1.30426697857,2.02433103966,0.99178634829,1.30426697857,0.815166861609,0.366825087724,2.3503977843,3.95928821405,1.86129766734
C[C>T]C,3.82112065606,5.93069768493,2.90564383221,3.82112065606,2.38820041004,1.07469018452,6.88597784894,7.45960179358,5.45305760292
C[C>T]G,1.51589859175,2.35280093929,1.15271455415,1.51589859175,0.947436619846,0.426346478931,2.73177558722,5.18341570079,2.16331361532
C[C>T]T,2.69700267683,4.18597290467,2.05084578551,2.69700267683,1.68562667302,0.758532002859,4.86022357387,6.51416983636,3.84884757006
G[C>T]A,2.06406977768,3.20360830078,1.56955306011,2.06406977768,1.29004361105,0.580519624973,3.7196257452,5.36597834222,2.94559957857
G[C>T]C,4.14069237138,6.42669961808,3.14865149074,4.14069237138,2.58793273211,1.16456972945,7.46187271093,9.81023566651,5.90911307166
G[C>T]G,2.02090367291,3.136610909,1.53672883461,2.02090367291,1.26306479557,0.568379158007,3.64183682723,6.37749997108,2.88399794989
G[C>T]T,2.71320187306,4.21111540714,2.06316392431,2.71320187306,1.69575117066,0.763088026798,4.88941587541,6.93771274831,3.87196517301
T[C>T]A,2.35736581367,3.65882818997,1.79258025414,2.35736581367,1.47335363354,0.663009135094,4.24816964338,6.97067083766,3.36415746326
T[C>T]C,3.73237998185,5.7929647635,2.83816394453,3.73237998185,2.33273748866,1.0497318699,6.72605975896,3.53728301334,5.32641726577
T[C>T]G,0.830735313365,1.28937043428,0.631704977871,0.830735313365,0.519209570853,0.233644306884,1.49705426263,3.80167634535,1.18552852011
T[C>T]T,3.0153705759,4.68010641468,2.29293804209,3.0153705759,1.88460660994,0.848072974472,5.43394905865,3.87953234389,4.30318509269
A[T>A]A,0.386256182285,0.599501782922,0.293715638613,0.386256182285,0.241410113928,0.108634551268,0.696065828494,0.284327134847,0.551219760137
A[T>A]C,0.77265286691,1.19922163718,0.587538117546,0.77265286691,0.482908041819,0.217308618818,1.39238485391,0.449039174696,1.10264002882
A[T>A]G,0.289688104525,0.449620078898,0.220283662816,0.289688104525,0.181055065328,0.0814747793977,0.52204210503,0.341870655812,0.413409065833
A[T>A]T,0.398311709644,0.618212966011,0.302882862542,0.398311709644,0.248944818528,0.112025168337,0.717790893422,0.774316679189,0.568424002305
C[T>A]A,0.294873668793,0.457668506772,0.224226852311,0.294873668793,0.184296042995,0.0829332193479,0.53138692397,0.214053106528,0.420809298173
C[T>A]C,0.75123304016,1.16597628108,0.571250124288,0.75123304016,0.4695206501,0.211284292545,1.35378454112,0.663666771876,1.07207215106
C[T>A]G,0.728109218938,1.13008618356,0.553666385234,0.728109218938,0.455068261836,0.204780717826,1.31211348829,0.716897472729,1.03907253119
C[T>A]T,0.562391374863,0.872878279735,0.427651774635,0.562391374863,0.351494609289,0.15817257418,1.01347612345,1.04727074976,0.802579357877
G[T>A]A,0.206781663538,0.320942373617,0.157240223315,0.206781663538,0.129238539711,0.0581573428701,0.372637789501,0.167697418441,0.295094665674
G[T>A]C,0.455716661,0.707310234261,0.346534544302,0.455716661,0.284822913125,0.128170310906,0.821239399511,0.354456349544,0.650345651636
G[T>A]G,0.304358207741,0.472389301598,0.231439053803,0.304358207741,0.190223879838,0.0856007459272,0.548478853534,0.349287846222,0.434344525631
G[T>A]T,0.278335130805,0.431999317604,0.211650672383,0.278335130805,0.173959456753,0.078281755539,0.501583100306,0.330087973256,0.397207426254
T[T>A]A,0.258386867457,0.401037950532,0.196481680462,0.258386867457,0.161491792161,0.0726713064723,0.465634667397,0.300835374507,0.3687395921
T[T>A]C,0.457180144837,0.709581683132,0.347647401803,0.457180144837,0.285737590523,0.128581915735,0.823876719341,0.341260803361,0.652434165027
T[T>A]G,0.22732724406,0.352830826719,0.172863425171,0.22732724406,0.142079527538,0.0639357873919,0.409662637734,0.239627399986,0.324414921211
T[T>A]T,0.555235041251,0.861771053608,0.422209979284,0.555235041251,0.347021900782,0.156159855352,1.00057981392,0.358965060019,0.792366673451
A[T>C]A,1.50206836964,2.33133528205,1.14219782275,1.50206836964,0.938792731028,0.422456728963,2.70685237446,1.61177354477,2.14357673585
A[T>C]C,0.859360281383,1.33379877006,0.653471880635,0.859360281383,0.537100175865,0.241695079139,1.54863884041,1.32504446838,1.22637873489
A[T>C]G,1.19369803414,1.85271882382,0.907707880129,1.19369803414,0.746061271339,0.335727572102,2.15114333236,2.77434002286,1.70350656956
A[T>C]T,1.11254176167,1.72675752592,0.845995297934,1.11254176167,0.695338601041,0.312902370469,2.00489296634,0.936983522857,1.58768980571
C[T>C]A,1.14199508358,1.77247153598,0.868392094807,1.14199508358,0.713746927239,0.321186117258,2.05797030687,0.987220456206,1.62972215053
C[T>C]C,1.38692853877,2.15262866955,1.05464357636,1.38692853877,0.866830336731,0.390073651529,2.49936080424,1.91516251114,1.9792626022
C[T>C]G,1.54659449904,2.40044354538,1.17605623364,1.54659449904,0.9666215619,0.434979702855,2.78709217014,3.78130550053,2.207119233
C[T>C]T,0.859434592018,1.33391410636,0.653528387681,0.859434592018,0.537146620012,0.241715979005,1.54877275437,3.06849031473,1.22648478236
G[T>C]A,3.41830952784,5.30550124634,2.5993395368,3.41830952784,2.1364434549,0.961399554705,6.1600786283,1.10133305365,4.87821255536
G[T>C]C,1.83764819002,2.85218312826,1.39737831116,1.83764819002,1.14853011876,0.516838553443,3.31159517577,1.4574425403,2.62247710451
G[T>C]G,2.25193187133,3.4951859253,1.71240652716,2.25193187133,1.40745741958,0.633355838813,4.05816889313,1.65482608459,3.21369444138
G[T>C]T,2.40530546273,3.73323452027,1.82903436228,2.40530546273,1.5033159142,0.676492161392,4.33456088596,1.06532474459,3.43257133743
T[T>C]A,1.26857721078,1.9689375459,0.964647254033,1.26857721078,0.79286075674,0.356787340533,2.2860818486,0.96956655191,1.81036539456
T[T>C]C,1.57675885666,2.44726114211,1.19899371392,1.57675885666,0.985474285412,0.443463428436,2.84145085627,1.10370466884,2.25016628502
T[T>C]G,1.02701130278,1.59400712619,0.78095651149,1.02701130278,0.641882064239,0.288846928907,1.85075995189,1.3644890986,1.46563071334
T[T>C]T,1.16349015998,1.8058336858,0.884737309149,1.16349015998,0.727181349986,0.327231607493,2.09670622579,0.799858655371,1.6603974158
A[T>G]A,0.175864435439,0.272956259171,0.133730247782,0.175864435439,0.109915272149,0.0494618724672,0.31692236803,0.0573819468566,0.250973204741
A[T>G]C,0.421096781746,0.653577296669,0.32020901112,0.421096781746,0.263185488591,0.118433469866,0.758851492105,0.22183674656,0.60094019895
A[T>G]G,0.2592887126,0.402437689347,0.197167458539,0.2592887126,0.162055445375,0.0729249504187,0.467259867497,0.225342368096,0.370026600272
A[T>G]T,1.76882207175,2.7453592572,1.34504178373,1.76882207175,1.10551379485,0.497481207681,3.18756477514,0.843669154529,2.52425649823
C[T>G]A,0.187233165688,0.290601475912,0.142375219742,0.187233165688,0.117020728555,0.0526593278499,0.337409767334,0.0341136380224,0.267197330201
C[T>G]C,0.762195093259,1.182990301,0.579585852165,0.762195093259,0.476371933287,0.214367369979,1.37353907431,0.84155575934,1.08771591434
C[T>G]G,0.522023829201,0.810224484906,0.396955620122,0.522023829201,0.326264893251,0.146819201963,0.940730442206,0.949887582969,0.744971506256
C[T>G]T,2.54236416054,3.94596104083,1.93325608041,2.54236416054,1.58897760033,0.715039920151,4.58155208097,6.06554448417,3.62816552076
G[T>G]A,0.024418824095,0.0379000498975,0.0185684808223,0.024418824095,0.0152617650594,0.00686779427672,0.0440047559212,0.004253703159,0.0348476968856
G[T>G]C,0.0830401778782,0.128885276082,0.0631451352616,0.0830401778782,0.0519001111739,0.0233550500282,0.149645320551,0.336528876101,0.118505253847
G[T>G]G,0.218299104505,0.338818401784,0.165998277384,0.218299104505,0.136436940316,0.061396623142,0.39339317791,0.375428382261,0.311531013721
G[T>G]T,0.765051474894,1.18742364332,0.581757892367,0.765051474894,0.478157171809,0.215170727314,1.37868651205,1.93065640094,1.09179220896
T[T>G]A,0.23137168823,0.359108141107,0.175938887925,0.23137168823,0.144607305144,0.0650732873147,0.416951063165,0.0627730135652,0.330186680079
T[T>G]C,0.689160522354,1.06963456074,0.524049147206,0.689160522354,0.430725326471,0.193826396912,1.24192469132,0.283910118937,0.983489495442
T[T>G]G,0.340023817481,0.527745300048,0.258559777876,0.340023817481,0.212514885925,0.0956316986664,0.612751254418,0.236559364418,0.485242322863
T[T>G]T,4.48146880605,6.95561304272,3.40778357127,4.48146880605,2.80091800378,1.2604131017,8.07598024424,1.59312603297,6.39542944197
