,1,3,2,5,4,7,6,9,8
A[C>A]A,2.75009080632,0.901911500998,1.40461627205,1.09394120843,1.64118322313,1.23917475933,0.649527592503,1.22719105873,2.72051993744
A[C>A]C,1.66697217784,0.546695176604,0.851410520941,0.816221163482,0.994805977099,0.904436168093,0.484631315818,0.743863928822,1.64904774582
A[C>A]G,0.431499662212,0.14151333008,0.22038961242,0.561904919808,0.257507862933,0.0942405437992,0.333631046136,0.192550924535,0.426859880897
A[C>A]T,1.4173977817,0.464845509052,0.723939727212,0.95980253356,0.845866418111,0.869850015657,0.569882754301,0.632494709038,1.40215694534
C[C>A]A,3.34131669305,1.09580816277,1.70658648301,1.92076877801,1.99401157488,1.09166948573,1.14045646194,1.4910176641,3.30538855656
C[C>A]C,1.73702109362,0.569668208121,0.887188192976,1.13348257537,1.03660936232,0.860706577106,0.673005279124,0.775122315968,1.71834344745
C[C>A]G,0.731421171977,0.239874685433,0.373575329773,0.615546493788,0.436493280051,0.0861717717187,0.365480730687,0.326386867065,0.723556428193
C[C>A]T,2.57313465163,0.843877493276,1.31423544035,0.953686380087,1.53558035662,1.00973138493,0.566251288177,1.14822675315,2.5454665371
G[C>A]A,3.76155901242,1.23362956859,1.92122637731,1.80350905204,2.24480134612,1.00490015939,1.07083349965,1.6785451507,3.72111214132
G[C>A]C,2.24801879008,0.737253474165,1.14818164009,3.07154172711,1.34155960053,0.856093029869,1.82372790047,1.00314816977,2.22384654502
G[C>A]G,0.645673985225,0.21175329623,0.329779723636,1.23546571576,0.385321571828,0.0612816985498,0.73355776873,0.288123337493,0.638731254201
G[C>A]T,2.60790818063,0.855281715154,1.33199611377,1.69107463892,1.55633230135,0.855197118482,1.00407556686,1.16374397308,2.57986615719
T[C>A]A,3.01996993722,0.990420248227,1.54245776363,1.48841639384,1.80224012382,1.54901956874,0.883747233843,1.34762099349,2.98749714219
T[C>A]C,2.31024597907,0.757661315716,1.17996434415,2.04379661709,1.37869518106,0.823474821112,1.2135042414,1.03091621647,2.28540462446
T[C>A]G,0.620277192976,0.203424240707,0.316808243724,0.471694661813,0.370165421614,0.124248829424,0.280068705451,0.276790360306,0.613607545739
T[C>A]T,6.03089918669,1.97787553972,3.08029797169,3.50217767752,3.59908499851,2.98634642739,2.07941799603,2.69120770159,5.96605080833
A[C>G]A,0.710202839969,0.232915985151,0.362738009662,0.402646006188,0.423830727079,0.554008261459,0.239071066174,0.316918471599,0.702566250292
A[C>G]C,0.365039799776,0.11971735369,0.186445059025,0.324301993912,0.217846332124,0.302256951301,0.192554308885,0.162894104201,0.361114640638
A[C>G]G,0.0637134000241,0.0208952548466,0.0325417903349,0.0190229073981,0.0380225129176,0.0521760794977,0.0112948512676,0.0284312483979,0.0630283097013
A[C>G]T,0.671663429212,0.220276716032,0.343053902017,0.217243532039,0.400831401304,0.552455516254,0.128988347148,0.299720777552,0.664441241801
C[C>G]A,0.469568508373,0.153998274251,0.239833377932,0.438621686065,0.2802263679,0.34436996861,0.260431626101,0.209538635457,0.464519384627
C[C>G]C,0.489259360088,0.160456026695,0.249890533378,0.452390391346,0.291977360052,0.307357360156,0.268606794862,0.218325413373,0.483998506754
C[C>G]G,0.243620598625,0.0798970780437,0.124429875642,0.0401619941352,0.145386486276,0.0722536137406,0.0238461840178,0.108712417666,0.241001022296
C[C>G]T,0.626978667761,0.205622036201,0.320231039985,0.340049511651,0.374164688825,0.438218460212,0.201904397543,0.279780803356,0.620236961656
G[C>G]A,0.2769789743,0.0908371904961,0.141467755691,0.183580028191,0.165293904018,0.223820692832,0.109000641738,0.123598144446,0.274000705759
G[C>G]C,0.355948096094,0.116735665923,0.18180144693,0.314491132929,0.212420637992,0.28075958627,0.186729110176,0.158837053633,0.352120697211
G[C>G]G,0.0467906809718,0.0153453308563,0.0238984660877,0.146550985361,0.0279234709025,0.0164610628575,0.0870146475583,0.0208797124767,0.0462875553699
G[C>G]T,0.409437310869,0.134277827758,0.209121207164,0.168238372767,0.244341621003,0.423165698358,0.0998915338302,0.182705896786,0.405034759139
T[C>G]A,1.45096465168,0.475853998669,0.741084096288,0.331195012748,0.865898259874,0.348798136918,0.196647038819,0.647473473599,1.43536288123
T[C>G]C,0.804834897152,0.263951229711,0.411071587255,0.287914023207,0.480304696688,0.395265779206,0.170948951279,0.359146755181,0.796180758473
T[C>G]G,0.115119083939,0.0377541081735,0.0587973815817,0.0517198511917,0.0687000984796,0.031452625724,0.0307086616451,0.0513703439082,0.113881244327
T[C>G]T,2.15354243637,0.706269293649,1.09992758847,0.316355021039,1.28517855074,0.710196813059,0.187835793742,0.960989366769,2.13038606609
A[C>T]A,2.34760403658,0.769913151783,1.19904507245,1.25633447537,1.4009895057,1.52327287501,0.745948594751,1.04758674751,2.32236098243
A[C>T]C,3.71757144038,1.2192035369,1.89875960664,0.734687110733,2.21855069829,1.57510366492,0.436220471998,1.65891628791,3.67759755392
A[C>T]G,3.07235678378,1.0076008807,1.56921448634,5.08559767157,1.83350324193,3.02704617907,3.01957361749,1.37099791964,3.03932068933
A[C>T]T,2.6636261053,0.873554797976,1.36045419357,0.629335121575,1.58958332091,1.39486642987,0.373667728435,1.18860734807,2.63498496439
C[C>T]A,2.78685860851,0.913969758706,1.42339552585,1.45340482577,1.66312529863,3.38985020742,0.862959115303,1.24359819627,2.75689238692
C[C>T]C,4.93945690578,1.61992941534,2.52284089274,0.905020903697,2.94774041152,4.25592481796,0.53735616157,2.20416625366,4.88634446594
C[C>T]G,2.70801772309,0.888113339293,1.38312733169,3.13001685729,1.61607509281,2.38552625467,1.85844750901,1.20841651084,2.67889925295
C[C>T]T,3.74225628226,1.22729910332,1.91136745599,1.04711833457,2.2332819749,4.37945493062,0.62172651115,1.66993156682,3.7020169674
G[C>T]A,2.55834870743,0.839028339534,1.3066834796,1.5799756122,1.52675648669,1.46567448148,0.938110519741,1.14162872428,2.53083958155
G[C>T]C,4.34605019918,1.42531753844,2.21975682216,1.97290995139,2.59361060274,2.57764783158,1.17141528364,1.93936648673,4.29931847661
G[C>T]G,2.87150122871,0.941728897588,1.46662697165,4.30815268409,1.71363783004,2.04506310265,2.55796565618,1.28136882787,2.84062487141
G[C>T]T,3.05115864462,1.00064880281,1.55838747978,1.48777443784,1.82085273953,2.55541802534,0.883366072467,1.36153853496,3.01835048715
T[C>T]A,2.7828481923,0.912654514679,1.42134719499,1.80083549009,1.66073198573,3.82763441456,1.06924607224,1.24180860194,2.75292509346
T[C>T]C,5.30041304241,1.73830750315,2.70720020983,1.99227635397,3.16314971885,8.07517927795,1.18291408517,2.36523807806,5.24341935378
T[C>T]G,3.05411476235,1.00161828228,1.55989732486,4.23439783323,1.8226168743,4.09433584239,2.51417371348,1.36285766277,3.02127481867
T[C>T]T,4.15534475694,1.36277435577,2.12235350489,1.45435395727,2.47980251624,3.49471485959,0.863522662131,1.85426674638,4.11066363052
A[T>A]A,2.72117510186,0.89242839362,1.38984749826,0.890687113867,1.62392707691,2.7347295477,0.528845473859,1.21428781427,2.69191515453
A[T>A]C,1.06282248625,0.348560062695,0.542839441902,0.224194725968,0.634265032117,0.564736214435,0.133115618543,0.474270249241,1.05139428747
A[T>A]G,2.51614677179,0.82518791978,1.28512872753,0.680938438658,1.50157146058,0.57160512791,0.404307197953,1.12279667773,2.48909143016
A[T>A]T,1.55786056447,0.51091126039,0.795681471099,0.414142113994,0.929690982021,1.19555901095,0.245896880184,0.695174337908,1.5411093756
C[T>A]A,4.03751885671,1.32413252828,2.06217360961,1.6267261474,2.40948705965,5.0470783029,0.965868650021,1.80168852208,3.99410467546
C[T>A]C,2.32103707231,0.761200330165,1.18547592403,0.698303429228,1.38513502702,0.635942977735,0.414617661104,1.03573159678,2.29607968443
C[T>A]G,6.97691729082,2.28812878892,3.56347926144,1.63725847361,4.16364418968,0.56748378483,0.972122218705,3.11335556526,6.90189667479
C[T>A]T,2.73775695273,0.89786652751,1.39831672317,1.21207160804,1.6338226976,0.846837174168,0.719667517274,1.22168724235,2.70831870593
G[T>A]A,2.46633986407,0.80885339628,1.25968971552,0.729966655634,1.47184798339,1.79336980275,0.433417701783,1.10057101461,2.43982008058
G[T>A]C,0.699925959188,0.229545610271,0.357489065176,0.269282593657,0.417697749838,0.285118066242,0.159886539984,0.31233255168,0.692399873605
G[T>A]G,2.0832328466,0.683210772271,1.06401677649,0.437245509044,1.243219602,0.334485030522,0.259614520995,0.929614657352,2.06083249341
G[T>A]T,0.877522368861,0.287789594089,0.448196908827,0.228958325426,0.523682703998,0.467603627069,0.135944005722,0.391582562449,0.868086644465
T[T>A]A,2.40552643417,0.788909206906,1.22862909272,0.575115345568,1.43555609781,1.84049262327,0.341474736431,1.0734338389,2.37966055854
T[T>A]C,1.3289612391,0.435842126801,0.678770525346,0.484013059716,0.79308977172,0.43346710177,0.287382754206,0.593031090566,1.3146713333
T[T>A]G,2.55374123828,0.837517287825,1.30433020235,0.742520497795,1.52400686801,0.731706025039,0.440871545566,1.13957270311,2.52628165508
T[T>A]T,1.61441898101,0.529459988395,0.824568834385,0.37611951703,0.96344358544,1.14548408574,0.223320963236,0.720412771094,1.59705963713
A[T>C]A,4.46898858585,1.46563604159,2.28254793363,0.739099127239,2.6669770593,1.88831436967,0.438840106798,1.99422608938,4.42093494514
A[T>C]C,1.57194519045,0.515530411922,0.802875231681,0.438351955744,0.938096323333,0.854212761972,0.260271473723,0.701459412942,1.55504255399
A[T>C]G,3.00670357979,0.986069453587,1.53568193591,0.53282012037,1.79432310407,1.44238844177,0.316361946469,1.3417010598,2.97437343377
A[T>C]T,3.04043215167,0.997130974474,1.55290889467,0.575443264868,1.81445144535,1.77352543113,0.341669438515,1.35675198166,3.00773933284
C[T>C]A,1.53585033946,0.503692853262,0.784439689507,0.377252018935,0.91655584774,1.06124683345,0.223993386243,0.685352570832,1.51933581968
C[T>C]C,1.656304189,0.543196535102,0.845961816961,1.17177275856,0.98843959666,1.10813594719,0.695740075394,0.739103482187,1.63849446654
C[T>C]G,2.10376084599,0.689943073147,1.07450150736,0.909449700481,1.25547018228,1.16718238806,0.53998575966,0.938775001167,2.08113976162
C[T>C]T,2.18152919295,0.715447746076,1.11422189963,2.48452153364,1.30188032483,1.9250104267,1.4751846606,0.973478080726,2.1580718898
G[T>C]A,2.53533996549,0.831482461799,1.2949317028,0.504901847354,1.51302546327,1.33684881719,0.299785471866,1.13136138245,2.50807824543
G[T>C]C,1.45433750926,0.476960150885,0.742806792362,0.872193126964,0.867911094233,0.945471601355,0.517864669135,0.648978565958,1.43869947152
G[T>C]G,2.01927742137,0.662236143568,1.03135137113,0.361361335277,1.20505265469,1.03682136194,0.214558292821,0.901075408462,1.99756476093
G[T>C]T,2.22111589044,0.728430480198,1.13444091178,0.731404091483,1.32550464429,1.57013541184,0.434271179318,0.9911431124,2.19723292388
T[T>C]A,2.32614559826,0.762875706956,1.18808511739,0.38427878629,1.38818366348,1.18827300396,0.22816552936,1.03801120783,2.30113328
T[T>C]C,1.75862457353,0.576753220352,0.898222228417,0.559224729279,1.04950176162,1.06245303818,0.332039683009,0.784762578512,1.73971463188
T[T>C]G,1.50217080844,0.49264741567,0.767237778503,0.441159591945,0.896456772777,0.849396002091,0.261938507718,0.670323532797,1.48601843415
T[T>C]T,2.09846899552,0.688207573801,1.07179868051,0.42924419668,1.25231214249,1.70735680593,0.254863741778,0.936413584025,2.07590481278
A[T>G]A,0.9388929331,0.307916499565,0.479542089487,0.0565380329565,0.560307072979,1.30617533152,0.0335694570679,0.418968351867,0.928797310164
A[T>G]C,0.333106253074,0.109244523857,0.170134914204,0.256901650133,0.198789215544,0.28317606446,0.152535354767,0.148644188199,0.329524465406
A[T>G]G,0.564782467969,0.185224357775,0.288464163748,0.157837211626,0.337047601853,0.388756753039,0.0937158444029,0.252026585169,0.558709538206
A[T>G]T,0.786687155695,0.257999551061,0.401802579522,0.886694713449,0.469474592915,0.971953120686,0.52647498611,0.351048569477,0.778228154021
C[T>G]A,0.496722225419,0.162903525541,0.253702211907,0.0317908582415,0.296431005492,0.817073370249,0.0188758220809,0.221655616719,0.491381126221
C[T>G]C,0.592160965392,0.19420332736,0.302447804904,0.569354462187,0.353386382572,0.431844325494,0.338054211924,0.264243871653,0.585793643183
C[T>G]G,0.988185314787,0.324082280656,0.50471830594,0.392851978947,0.589723494308,0.712325810608,0.2332558625,0.440964414663,0.977559666241
C[T>G]T,2.08467557864,0.683683926327,1.06475365576,5.9487677124,1.24408058725,2.85800565964,3.53208082924,0.930258457134,2.0622597122
G[T>G]A,0.231258507977,0.075842844014,0.118115904612,0.00346339429384,0.138009109599,0.297147179125,0.00205639036197,0.103196000872,0.228771857354
G[T>G]C,0.145341727175,0.0476658352563,0.0742336778581,0.252780365713,0.0867361920237,0.0995195873478,0.150088342142,0.064856792234,0.143778912904
G[T>G]G,0.583402345364,0.191330876705,0.29797431618,0.261380827293,0.348159464169,0.53987166164,0.155194866205,0.260335455189,0.577129201865
G[T>G]T,0.742873773605,0.243630646182,0.379424776841,1.53237370641,0.443327897151,1.04222620644,0.909846888183,0.331497436609,0.734885883566
T[T>G]A,1.30747782397,0.428796490656,0.667797813317,0.0875017840901,0.780269023981,1.94990663354,0.0519541843035,0.583444405319,1.29341892264
T[T>G]C,0.569840754878,0.18688325832,0.291047697384,0.309394584936,0.340066256943,0.498757528792,0.183703034806,0.254283777714,0.563713434933
T[T>G]G,0.625778976439,0.205228589047,0.319618294418,0.229802723043,0.373448744004,0.565940173196,0.136445366807,0.279245457228,0.619050170241
T[T>G]T,2.3223178733,0.761620377804,1.18613009658,1.81283964706,1.385899376,2.58857728787,1.07637354044,1.03630313701,2.29734671338
