,1,3,2,5,4,7,6,9,8
A[C>A]A,2.46719564569,3.15164346998,1.84641738645,1.94192173403,0.732199998076,0.591975076499,1.06646521459,2.08517825539,2.72187390589
A[C>A]C,2.18807866618,2.79509403808,1.63752984049,1.72222965983,0.649365281575,0.474520198902,0.945814649251,1.84927938883,2.41394485107
A[C>A]G,0.411944208751,0.526225505372,0.30829373042,0.324239957856,0.122254410339,0.0843158227446,0.178066206363,0.348159299009,0.454467481912
A[C>A]T,2.47515833817,3.16181516747,1.85237656276,1.94818914359,0.734563119715,0.407936481546,1.06990715263,2.09190801484,2.73065855372
C[C>A]A,3.01704932252,3.85403719909,2.25792078331,2.37470978934,0.895382379587,0.686470855486,1.3041439007,2.54989329839,3.32848667194
C[C>A]C,2.89059962388,3.69250790664,2.16328746045,2.27518163944,0.857855372249,0.471982096834,1.24948499871,2.44302290793,3.18898410119
C[C>A]G,0.722884639951,0.923426830389,0.540997536995,0.568980168219,0.21453350605,0.176728762858,0.312472715334,0.610954115055,0.797504989881
C[C>A]T,6.35144554079,8.11345946501,4.75333988859,4.99920229662,1.88494512824,0.596136615764,2.74546355634,5.36799590867,7.00707862887
G[C>A]A,2.09380895865,2.67467208911,1.56697960776,1.64803027713,0.621388465147,0.806655340464,0.905065807931,1.76960628118,2.30994407696
G[C>A]C,2.57824522911,3.29350035718,1.92952546178,2.02932850291,0.765156648638,0.495345961684,1.11446729258,2.1790330646,2.84438667211
G[C>A]G,0.660054674442,0.843166616383,0.493976401518,0.519526905044,0.195887193705,0.0786559636854,0.285313956049,0.557852660334,0.728189350513
G[C>A]T,3.48718809033,4.45460156055,2.60976657082,2.7447544969,1.03490743326,0.619825270554,1.50736517453,2.94723638602,3.8471558932
T[C>A]A,2.05710786188,2.62778939775,1.5395129805,1.61914296225,0.610496526751,0.994657111502,0.889201462876,1.73858793488,2.26945447988
T[C>A]C,2.17338654277,2.77632603528,1.62653444491,1.71066553689,0.645005038499,0.652585342455,0.939463860422,1.83686217486,2.39773612138
T[C>A]G,0.361657190833,0.461987895386,0.270659575075,0.284659208268,0.10733052115,0.134069865842,0.156329237328,0.305658658059,0.398989546016
T[C>A]T,3.64092338476,4.65098600118,2.7248200815,2.86575905123,1.08053210128,0.937756529899,1.57381849535,3.07716750583,4.01676063738
A[C>G]A,0.800827860899,1.02299300941,0.599329237834,0.630329025998,0.237665042589,0.22639756296,0.346164301163,0.676828708244,0.883493962669
A[C>G]C,0.450360985348,0.575299839347,0.337044350325,0.35447767879,0.133655518232,0.107510524293,0.19467216786,0.380627671487,0.496849861255
A[C>G]G,0.0797053355529,0.101817138319,0.0596504446718,0.0627358124997,0.0236544866802,0.0923718178266,0.0344532740777,0.0673638642415,0.0879329830938
A[C>G]T,0.777569065895,0.993281774498,0.581922655767,0.612022103479,0.230762432459,0.234277174596,0.336110499451,0.657171275047,0.857834259794
C[C>G]A,0.600800558056,0.767474261259,0.449631385384,0.47288818118,0.178302101101,0.1633639358,0.259700886386,0.507773374873,0.662818680178
C[C>G]C,0.573098086327,0.732086587695,0.428899212993,0.451083655044,0.170080722394,0.121423586895,0.247726269573,0.484360318121,0.632256598464
C[C>G]G,0.11855919855,0.151449814922,0.088728174399,0.09331756273,0.0351853105375,0.120138482052,0.051248169696,0.100201645226,0.130797567433
C[C>G]T,0.757817952846,0.96805132041,0.567141177614,0.596476066111,0.224900811813,0.230744026002,0.327572921553,0.640478398857,0.836044322173
G[C>G]A,0.386596570173,0.493845941254,0.289323884775,0.304288913298,0.114731885342,0.179260269522,0.167109485172,0.326736456082,0.426503312901
G[C>G]C,0.474562513727,0.606215340115,0.355156461886,0.373526623707,0.1408379073,0.1668513619,0.205133473675,0.40108186644,0.523549611918
G[C>G]G,0.0839608308803,0.107253190415,0.0628352024652,0.0660852991445,0.0249174078741,0.032215014913,0.0362927462515,0.0709604441633,0.0926277553582
G[C>G]T,0.561118188067,0.716783233789,0.419933611715,0.441654315769,0.166525397749,0.141657637956,0.242547861939,0.47423537185,0.619040065545
T[C>G]A,1.1525242396,1.47225677059,0.862534269637,0.907148111169,0.342039451752,2.82821717962,0.498187897118,0.974068873469,1.27149448369
T[C>G]C,0.670359583534,0.856330306708,0.501688462516,0.527637865749,0.198945424791,0.792405466057,0.289768336108,0.566561970599,0.739557992156
T[C>G]G,0.0582440430871,0.0744020679435,0.0435890903103,0.0458436984298,0.0172853289162,0.148884564375,0.0251764573344,0.0492256106091,0.0642563314057
T[C>G]T,1.66178118401,2.12279144796,1.24365559577,1.30798260935,0.493173770738,3.42540960907,0.718318318248,1.40447312971,1.83331988687
A[C>T]A,3.0429332938,3.88710188499,2.27729201343,2.39508297964,0.90306407429,2.18259587743,1.31533245603,2.57176942896,3.35704253703
A[C>T]C,1.99179423708,2.5443565093,1.49063310646,1.56773481886,0.591113128424,5.76349970677,0.860969121835,1.68338738747,2.19739880349
A[C>T]G,5.39813632575,6.89568382257,4.03989557282,4.24885568865,1.60202755474,1.15212105701,2.33338796016,4.56229586241,5.95536330131
A[C>T]T,2.35857986353,3.01289556761,1.76513073658,1.85643060226,0.699965636919,3.36901711417,1.01951516682,1.99338040079,2.60204617202
C[C>T]A,1.39537662144,1.78248110351,1.04428185862,1.09829643752,0.414111771523,2.80618920527,0.603162797653,1.17931830586,1.53941549849
C[C>T]C,1.35608186292,1.73228521844,1.01487416838,1.06736765985,0.402450101255,8.0261844671,0.586177321393,1.14610789705,1.49606450684
C[C>T]G,4.33311366859,5.53520326697,3.24284635843,3.41057979076,1.28595631455,1.31865171789,1.87302332771,3.66217993926,4.78040282147
C[C>T]T,2.09267260033,2.673220483,1.56612917186,1.64713585316,0.621051223324,4.57012871344,0.904574607885,1.76864587512,2.30869041714
G[C>T]A,4.54790263613,5.80957885132,3.40359165027,3.57963949425,1.34970013718,2.04882191859,1.9658675911,3.84371126022,5.01736355341
G[C>T]C,5.88543245259,7.51816532653,4.40458170645,4.63240489817,1.7466444698,5.25271317602,2.5440256408,4.97413968573,6.49296096382
G[C>T]G,8.71930476316,11.1382086652,6.52541517759,6.86293665229,2.58766463939,1.11181096578,3.76898980085,7.36921886435,9.61936202904
G[C>T]T,4.55924403529,5.82406657412,3.41207940706,3.58856627294,1.35306597176,2.8048858465,1.97077000235,3.85329657176,5.02987567765
T[C>T]A,1.97145607486,2.51837614724,1.47541228828,1.55172671699,0.585077286732,4.14910451376,0.852177787197,1.66619836004,2.17496121807
T[C>T]C,1.74979792621,2.23522573799,1.30952618994,1.37726030321,0.519294868423,9.40856018073,0.756364264877,1.47886147312,1.93042222827
T[C>T]G,2.16361815696,2.76384771018,1.61922391102,1.70297687193,0.642106033679,1.19132611627,0.93524139688,1.8286063133,2.38695938607
T[C>T]T,1.81033193383,2.31255305096,1.35482906016,1.42490642534,0.537259799719,5.55348558924,0.782530577851,1.53002247311,1.99720490765
A[T>A]A,0.880881170951,1.12525465709,0.659240102131,0.693338728103,0.261422799121,0.642139124709,0.380767990024,0.744486667061,0.97181084021
A[T>A]C,1.05301834436,1.34514601409,0.788065341587,0.828827342014,0.31250866994,0.282040548617,0.455175671434,0.889970342654,1.16171701217
A[T>A]G,0.852286006553,1.08872664063,0.637839850065,0.670831566448,0.252936492267,0.791257996549,0.368407499607,0.720319141022,0.940263916907
A[T>A]T,1.61142916242,2.05847080103,1.20597279252,1.26835069558,0.478230590138,0.497234138293,0.696553250853,1.36191755017,1.77777023725
C[T>A]A,0.72984013712,0.932311917096,0.546202941329,0.574454817604,0.216597718113,0.87760380279,0.315479285078,0.616832632018,0.805178473855
C[T>A]C,1.27586041826,1.62980879236,0.954837474314,1.00422561954,0.378642446711,0.753919208643,0.551500954992,1.07830783737,1.40756213886
C[T>A]G,1.1055054701,1.41219408438,0.827346029233,0.870139789365,0.328085494351,1.97667076722,0.477863654815,0.934330429564,1.21962216378
C[T>A]T,1.44907558187,1.8510771949,1.08446946772,1.14056271605,0.430048237199,0.801128217063,0.626374606355,1.22470258854,1.59865757741
G[T>A]A,0.470136323504,0.600561239057,0.351843958236,0.370042783661,0.139524328266,0.561193429397,0.203220217257,0.3973410218,0.51866652464
G[T>A]C,0.713242925457,0.91111031768,0.533781802277,0.561391205844,0.211672094007,0.217971936346,0.308305006488,0.602805311193,0.786868001633
G[T>A]G,0.577809415851,0.738104931216,0.432425111217,0.454791927315,0.171478923414,0.578364362684,0.249762779755,0.488342151461,0.637454258777
G[T>A]T,1.00360112009,1.28201949534,0.751082128581,0.789931204197,0.297842913058,0.345602861982,0.433814677715,0.848204817622,1.10719865506
T[T>A]A,0.920922876172,1.17640470634,0.689206797651,0.724855425116,0.273306143896,0.586400866248,0.398076340023,0.778328366313,1.01598588274
T[T>A]C,0.889531748664,1.13630507249,0.665714082871,0.700147569916,0.263990067346,0.424836682845,0.384507272003,0.751797800484,0.981354380784
T[T>A]G,0.651933303007,0.832792219325,0.487898471928,0.513134599786,0.193476980247,0.684551836513,0.281803427751,0.550988791574,0.719229643963
T[T>A]T,1.44400692389,1.8446023931,1.08067614949,1.13657319171,0.428543990317,0.488576852629,0.62418363807,1.22041875503,1.59306570313
A[T>C]A,3.01374980924,3.84982233696,2.25545147014,2.37211275308,0.894403169193,0.366588602544,1.30271765948,2.54710467748,3.32484656374
A[T>C]C,1.43600143041,1.83437602078,1.07468494147,1.13027209361,0.426168166444,0.315316495428,0.620723198951,1.21365282183,1.58423383613
A[T>C]G,2.80248220585,3.57994501135,2.0973415218,2.20582470396,0.831704396576,0.380088720971,1.21139553414,2.3685494772,3.09177069162
A[T>C]T,2.52460655169,3.22498127248,1.88938296772,1.98710967294,0.749238073404,0.284523947997,1.0912815417,2.13369973078,2.78521109896
C[T>C]A,1.29282697838,1.65148220465,0.967535028984,1.01757994428,0.383677683908,0.124603324858,0.558834887431,1.09264731721,1.42628008583
C[T>C]C,1.50116666432,1.91761935185,1.12345376169,1.18156343902,0.445507526187,0.238548585048,0.648891396837,1.26872795501,1.65612580387
C[T>C]G,2.570678882,3.28383495894,1.92386290524,2.02337305551,0.762911152078,0.202635016119,1.11119667803,2.17263828092,2.83603928272
C[T>C]T,1.51755617572,1.93855563092,1.13571946054,1.19446357057,0.450371510214,0.372415406866,0.655975895312,1.28257973561,1.6742071358
G[T>C]A,2.40332247786,3.07005064914,1.79861553182,1.89164736967,0.713244090203,0.188105380341,1.03885552269,2.03119512645,2.6514073788
G[T>C]C,1.92365105007,2.45730908331,1.43963562457,1.51409953618,0.570889989053,0.266033811886,0.831513679707,1.62579540361,2.12222148104
G[T>C]G,1.82518424488,2.33152568055,1.3659443381,1.43659663145,0.54166758235,0.312419253458,0.788950609076,1.54257507148,2.01359036048
G[T>C]T,1.73065991206,2.21077846831,1.29520354709,1.36219683401,0.513615199709,0.398096486574,0.748091703924,1.46268676439,1.90930867718
T[T>C]A,1.3680339615,1.7475530605,1.02381896474,1.07677511809,0.405997175672,0.159303424985,0.591343712392,1.15620934811,1.50925037043
T[T>C]C,1.45758248279,1.86194407479,1.0908359226,1.14725847032,0.432572865859,0.300446571028,0.630051782882,1.2318922919,1.60804261004
T[T>C]G,1.16990463843,1.49445882844,0.875541535854,0.920828167019,0.347197505597,0.201148212675,0.505700714674,0.988758113766,1.2906689882
T[T>C]T,1.35193283263,1.72698516684,1.01176908764,1.06410197149,0.401218776135,0.1641274613,0.584383869587,1.14260129725,1.49148718954
A[T>G]A,0.441029406741,0.563379500224,0.330060717303,0.347132823371,0.130886146517,0.126285125374,0.190638517753,0.372740982472,0.486555022921
A[T>G]C,0.235691468664,0.301076843842,0.176388453968,0.185511994691,0.0699471455391,0.0619918099847,0.101879538068,0.199197305774,0.260020910591
A[T>G]G,0.536020116112,0.684722470904,0.40115053851,0.421899704295,0.159076937685,0.193246147335,0.231699017932,0.453023452972,0.591351224872
A[T>G]T,0.626169950365,0.799881614014,0.468617511241,0.492856348029,0.185831082044,0.230242462672,0.270667010803,0.529214603211,0.690806848467
C[T>G]A,0.242478631638,0.30974689719,0.181467879162,0.190854148773,0.0719614003572,0.0955514880245,0.104813343999,0.204933553191,0.267508683937
C[T>G]C,0.561952209724,0.717848629195,0.420557782761,0.442310771524,0.166772913853,0.174617476328,0.242908374526,0.47494025467,0.61996017976
C[T>G]G,0.825517796717,1.05453241129,0.61780686722,0.649762394835,0.244992378381,0.307607455929,0.356836725033,0.697695686258,0.910732537023
C[T>G]T,1.31598201699,1.68106089912,0.984863961102,1.03580520047,0.390549501816,0.697721926786,0.568843839602,1.11221705952,1.45182532197
G[T>G]A,0.11163635653,0.142606442535,0.0835472087577,0.0878686161072,0.0331307896798,0.0665348826266,0.0482557154032,0.0943507271315,0.123160109462
G[T>G]C,0.256427011227,0.327564827245,0.191906666467,0.201832873353,0.076100919461,0.0607298339742,0.110842643563,0.216722183682,0.282896896257
G[T>G]G,0.548622959324,0.70082158675,0.410582343752,0.431819361533,0.162817136316,0.241408609152,0.237146698547,0.463674888203,0.605255006738
G[T>G]T,0.946333965357,1.20886532349,0.708224128912,0.744856411442,0.280847499396,0.263967343625,0.409060488251,0.799804835237,1.0440200521
T[T>G]A,0.508433811565,0.649483191547,0.380505304139,0.400186612974,0.1508900344,0.16532858106,0.219774615322,0.429708576226,0.560917301791
T[T>G]C,0.406506442552,0.519279197583,0.304224176362,0.319959909622,0.120640621661,0.127755878085,0.175715688071,0.343563509512,0.448468397912
T[T>G]G,0.521085212577,0.665644336066,0.389973449412,0.410144489899,0.154644643733,0.235428816811,0.225243285437,0.44040105063,0.574874653875
T[T>G]T,1.2373008502,1.58055205381,0.92597999112,0.973875507902,0.367198961996,0.2378471511,0.534833270733,1.04571878308,1.36502222829
