,1,3,2,5,4,7,6,9,8
A[C>A]A,0.756310521843,1.41675069585,1.75762304372,2.67532015352,1.20149108691,2.0640351766,0.283941347045,1.48707080905,0.372829130486
A[C>A]C,0.624884184816,1.17055769832,1.45219564077,1.15177497848,0.51726421189,1.62797400462,0.223954095874,0.702410418361,0.308041499557
A[C>A]G,0.111665803077,0.209176786046,0.25950503532,0.311097275954,0.139714345488,0.356049304663,0.0489803276256,0.149857010005,0.0550465226437
A[C>A]T,0.660575299817,1.23741570247,1.53513978126,1.38635473979,0.622614404097,1.10575969572,0.152115090417,0.908333554473,0.325635711177
C[C>A]A,0.853946126639,1.59964556117,1.98452268867,4.66455519204,2.09486011619,1.90599358274,0.262200175403,2.29210748468,0.420959358202
C[C>A]C,0.766692900126,1.43619937629,1.78175110593,2.73134910169,1.22665378819,1.2757219014,0.175496134584,1.14261110376,0.377947204288
C[C>A]G,0.211268482182,0.395756452537,0.49097605014,1.23840920078,0.556171796755,0.347321294343,0.0477796489573,0.538156979869,0.104146434878
C[C>A]T,1.43732829164,2.69246003926,3.34026997352,5.71818825038,2.56804861544,2.41788194134,0.332618679761,3.08492596001,0.708542115596
G[C>A]A,0.543544581028,1.01818914474,1.26316698408,5.13829949672,2.30761953446,2.06978976633,0.284732983728,2.84468418438,0.267944511774
G[C>A]C,0.713156800747,1.33591344365,1.65733622709,2.05889325622,0.92465265998,1.62231216868,0.223175218972,0.887964521842,0.351556169382
G[C>A]G,0.163983632549,0.307180607451,0.381088723529,0.882658669706,0.396403594179,0.31305655909,0.0430659816738,0.310740340247,0.0808370019607
G[C>A]T,0.977813071712,1.83167800757,2.2723824906,3.59583534691,1.61489611388,1.64198251026,0.225881191888,2.41440995148,0.482020528309
T[C>A]A,0.621448300499,1.16412146432,1.44421083919,3.51336274136,1.57785751857,1.24419780896,0.171159486947,1.97286502952,0.306347753767
T[C>A]C,0.722844119139,1.3540601105,1.67984900927,2.75508505919,1.23731364934,1.25936945396,0.173246591551,1.45413306775,0.356331608026
T[C>A]G,0.139835563686,0.261945492538,0.324969971946,0.785358842611,0.352706067041,0.265845937581,0.0365713988206,0.408061878756,0.0689330243521
T[C>A]T,1.00088790186,1.87490268939,2.32600709586,5.65537129168,2.53983740645,2.14603814032,0.295222178033,3.67916244901,0.493395444577
A[C>G]A,0.561040798536,1.05096374937,1.30382720787,0.597176374271,0.268192982457,0.562488314422,0.0773793448411,0.315913000062,0.276569407729
A[C>G]C,0.314157732206,0.588492653287,0.730084870619,0.4625834967,0.207747079356,0.285478356595,0.0392721548755,0.209317575596,0.154866487707
A[C>G]G,0.11793788532,0.220925897853,0.274081001096,0.140031373975,0.0628883416057,0.0327891696967,0.00451067942918,0.103185413343,0.0581383941719
A[C>G]T,0.560024677674,1.0490603117,1.30146580023,0.685530267466,0.307872874611,0.46698681051,0.0642415718162,0.341098523633,0.276068503079
C[C>G]A,0.379238933665,0.710405326442,0.881329916263,0.505051208777,0.226819405139,0.394831650361,0.054315465129,0.207116381397,0.186948770116
C[C>G]C,0.343827390502,0.644071027279,0.79903548497,0.560804227869,0.251858186169,0.309232587509,0.0425399326732,0.213590615322,0.1694923756
C[C>G]G,0.106176248534,0.198893535987,0.246747619834,0.29790722863,0.13379067154,0.0818722493176,0.0112628491125,0.149856697201,0.0523404042071
C[C>G]T,0.515506370891,0.965666863782,1.19800776334,0.756555261625,0.339770327077,0.302339380206,0.0415916607691,0.341725098681,0.25412285889
G[C>G]A,0.299251495436,0.560569702719,0.695443616155,0.354403650481,0.159163316084,0.245722658125,0.0338031169907,0.163064659168,0.147518342821
G[C>G]C,0.298729836203,0.559592510071,0.694231309486,0.389614877127,0.174976741225,0.243778631664,0.0335356847791,0.146167707194,0.147261186861
G[C>G]G,0.0555471148112,0.104053046055,0.129088365406,0.0754766111735,0.0338966816647,0.0247248515066,0.00340130232366,0.0274375869475,0.0273823805407
G[C>G]T,0.368724759149,0.690709760096,0.856895567036,0.498097688799,0.223696566826,0.293021779376,0.0403098744116,0.243521400217,0.181765726341
T[C>G]A,0.298571725614,0.55929633108,0.693863869385,1.95466966839,0.877845659458,0.54523438136,0.0750057879119,1.73009443124,0.147183245021
T[C>G]C,0.432758399711,0.810660100867,1.00570614017,0.95392593391,0.428409850558,0.369937932487,0.0508909325114,0.537560586431,0.213331605491
T[C>G]G,0.060242247948,0.112848154607,0.139999590302,0.140441634422,0.0630725903091,0.0532718869736,0.00732840773181,0.113105028872,0.0296968827913
T[C>G]T,0.622270783182,1.16566217131,1.44612224261,3.09439751114,1.38969948105,1.02273973694,0.140694355347,2.62083411088,0.306753202977
A[C>T]A,1.29968788754,2.43462660623,3.02040142879,2.41240033952,1.08341332613,1.93906573322,0.266749783405,1.21790196986,0.640691212167
A[C>T]C,1.0235466479,1.91734794606,2.37866474512,1.47263431319,0.661362715506,1.74334115466,0.239824709107,0.849939187179,0.504565248964
A[C>T]G,2.03501499493,3.81207034262,4.72926019949,2.12594813956,0.954767128545,3.7718234598,0.518875184946,1.86560973828,1.00317640595
A[C>T]T,0.932709206926,1.74718766931,2.1675636499,1.57116663954,0.705613760271,1.56343902263,0.215076267664,0.820893923497,0.459786228766
C[C>T]A,1.1530183874,2.15987951443,2.67954977355,2.19164808895,0.984273093839,1.65176285545,0.2272266362,1.04157364251,0.568389345904
C[C>T]C,1.40614345637,2.63404337601,3.26779817325,1.5168199487,0.681206563788,1.63049156547,0.224300426996,0.772249220239,0.693169309477
C[C>T]G,1.52468113664,2.85609283342,3.54327306401,2.62809334001,1.18028144012,2.23161208374,0.306994254906,1.63168199574,0.751603377215
C[C>T]T,1.5728468603,2.94631876648,3.65520749224,1.81145482396,0.813527615551,1.68901024698,0.232350615987,0.862168103436,0.77534704381
G[C>T]A,1.84151945177,3.44960686037,4.27958745835,3.31373957386,1.48820639545,1.61215111812,0.221777402492,1.62260332692,0.907791279044
G[C>T]C,2.89217380739,5.41773403356,6.72124898901,3.19298608552,1.43397578691,1.99438539753,0.274359895956,1.61694958783,1.42571948252
G[C>T]G,2.67478024896,5.01050384664,6.21603860673,1.12140340789,0.503624284978,2.62729802324,0.361427241292,1.75247607398,1.31855364385
G[C>T]T,2.18215790965,4.08770425329,5.07121204356,2.80719852324,1.26071789966,1.76914646897,0.243374646525,1.37675861029,1.0757116456
T[C>T]A,0.880250322754,1.64891961868,2.04565215851,9.04628624314,4.06270340261,1.96789310768,0.270715453966,8.67576134649,0.433926215442
T[C>T]C,1.22150249267,2.28816664121,2.83870297593,2.82282667198,1.26773652933,1.97176183734,0.271247660163,2.35595534239,0.602149116107
T[C>T]G,0.867481833259,1.62500118061,2.01597890828,2.33643550276,1.04929738148,1.89239418641,0.260329358977,2.06556082594,0.427631889635
T[C>T]T,0.827244352808,1.5496267454,1.92246927061,5.20577082503,2.3379210292,2.058756965,0.283215243862,4.91018429222,0.407796511948
A[T>A]A,0.668324984633,1.25193271769,1.55314961217,3.62876435659,1.62968459128,0.97682177077,0.134377598095,0.519672299235,0.32945597834
A[T>A]C,0.684095893665,1.28147540644,1.58980031626,0.552247298426,0.248015253784,1.28622848073,0.176941484122,0.169172066262,0.337230370116
A[T>A]G,0.739043192601,1.38440485374,1.71749474337,0.833634963983,0.374386959873,0.646008653919,0.0888689153539,0.209562349829,0.364317066775
A[T>A]T,0.610266362652,1.14317501736,1.4182246456,0.939907475288,0.422114135608,1.43709952,0.197696230265,0.323688438908,0.300835530885
C[T>A]A,0.724448395947,1.35706530508,1.68357725819,7.34152507158,3.29709209802,1.13425585712,0.156035197275,0.878710879951,0.357122448706
C[T>A]C,0.734222384245,1.37537432542,1.70629145634,1.02894539709,0.462101226236,2.29687381904,0.315972059762,0.305680836321,0.361940611952
C[T>A]G,1.58672214819,2.97231050295,3.6874528796,1.67926601656,0.754161384683,2.47033961609,0.339835079463,0.362741531752,0.782186974461
C[T>A]T,0.810030457089,1.51738099708,1.88246514676,1.03260138543,0.463743137168,2.21087574207,0.304141636476,0.374180782936,0.399310788706
G[T>A]A,0.484307705901,0.907224294152,1.12550382357,2.67996903606,1.20357890841,1.10330710868,0.151777697491,0.393855151044,0.238743235303
G[T>A]C,0.401106643881,0.751368783607,0.932149242821,0.472723402146,0.212300929107,0.738480681386,0.101589935005,0.163919448459,0.197728627265
G[T>A]G,0.568174221878,1.06432635929,1.32040488183,0.548409225098,0.246291568158,1.22798417285,0.168929039652,0.18643625052,0.280085884024
G[T>A]T,0.41672125622,0.780618691229,0.968436722202,0.439268697285,0.197276361056,0.980563140333,0.134892283855,0.223971591135,0.205425971376
T[T>A]A,0.566105180117,1.06045054867,1.31559654534,1.86541966358,0.837763321968,0.838982161481,0.115415535442,0.349946457394,0.27906593386
T[T>A]C,0.499470575757,0.93562797994,1.16074147887,0.624542358144,0.280483094975,1.30805429685,0.179943977345,0.184692935735,0.246217889458
T[T>A]G,0.637763149134,1.19468308218,1.48212562827,0.747614051336,0.335754813474,0.654561843014,0.0900455445415,0.133168316813,0.314390284784
T[T>A]T,0.607624400922,1.13822599046,1.41208487538,0.76893780935,0.345331351504,2.02641111449,0.278765550141,0.266804424094,0.299533155384
A[T>C]A,1.27684998906,2.39184575416,2.96732743937,3.3992487058,1.52660870021,4.14486326471,0.570192830066,0.614656900547,0.629433093201
A[T>C]C,0.675287855698,1.26497584236,1.56933093226,1.58759749653,0.712992887662,2.46210016888,0.338701610533,0.469333035937,0.33288837957
A[T>C]G,1.1546526138,2.16294081177,2.68334762362,3.7431889297,1.68107287262,3.96342408617,0.545232943071,0.985035362104,0.569194950465
A[T>C]T,1.01367841338,1.89886238,2.35573152406,2.43640840177,1.09419539001,3.07479521805,0.422987701955,0.526896685282,0.499700626317
C[T>C]A,0.648765716962,1.21529352614,1.50769497604,1.50287448656,0.67494363169,3.65586369175,0.502923047542,0.31119154821,0.319814085826
C[T>C]C,0.651829590137,1.2210328942,1.51481524469,1.77786968012,0.798444467122,4.86501906835,0.669261882419,0.550090657908,0.321324445842
C[T>C]G,0.991075739906,1.85652216067,2.30320418429,3.90916666244,1.75561377056,5.70541188459,0.784871476188,1.08793727423,0.488558463334
C[T>C]T,0.753710981535,1.41188113443,1.7515818585,1.67772810227,0.75347070461,2.28793442395,0.314742301708,0.481394478279,0.371547666954
G[T>C]A,1.91173724829,3.58114160595,4.44276966151,1.43321651639,0.643660112153,5.42828069873,0.746747609349,0.30454370971,0.942405685776
G[T>C]C,1.33749187875,2.50544253343,3.10825577456,0.872836863372,0.391992603311,2.73678742493,0.376489275387,0.366636191773,0.659326982482
G[T>C]G,1.39965907696,2.62189658078,3.25272884082,2.02148930901,0.907854480096,3.28258418813,0.451572427996,0.627316141268,0.689972784415
G[T>C]T,1.46793671466,2.74979694437,3.41140222421,1.23309944396,0.553787175433,3.33455681158,0.458722101064,0.40935294614,0.723630774833
T[T>C]A,0.872343264739,1.63410780578,2.02727660115,1.30985867902,0.588259885785,2.84253155829,0.391036087383,0.300643208721,0.430028369942
T[T>C]C,0.816799823837,1.53006164183,1.8981967737,1.61976184079,0.727437952449,4.25377954228,0.585176021689,0.488223003294,0.402647800483
T[T>C]G,0.678414097119,1.27083204108,1.57659614119,1.63098984674,0.732480470094,2.41720216408,0.332525165429,0.452570893468,0.334429484495
T[T>C]T,0.747204501667,1.39969293974,1.73646116585,1.22112863949,0.54841106564,3.07495749268,0.423010025449,0.310518926274,0.368340247301
A[T>G]A,0.118849436972,0.222633452356,0.27619939578,0.447416319369,0.20093547277,0.671145069348,0.0923268349368,0.0558218708501,0.05858775062
A[T>G]C,0.105110346373,0.196896846023,0.244270523261,0.242582766485,0.108944356206,1.26501020303,0.174022567612,0.0825012438104,0.0518149594797
A[T>G]G,0.268670295905,0.503283793737,0.624374631328,0.401685063131,0.180397483442,0.875442140675,0.120431193955,0.181830292875,0.132443103615
A[T>G]T,0.247279568739,0.463213840033,0.574663786507,0.457003319685,0.205241011835,6.4665414353,0.889577128665,0.198969433525,0.121898378956
C[T>G]A,0.0760075401112,0.142380321617,0.176637241104,0.196674562774,0.0883268994494,0.74707594037,0.102772351585,0.0329347012966,0.0374685056886
C[T>G]C,0.217886372008,0.408153344748,0.506355653259,0.730346872133,0.328000092275,2.83851971508,0.390484193609,0.245999226061,0.107408774934
C[T>G]G,0.36386446557,0.68160526649,0.845600518578,1.15565842909,0.519008276539,2.08304436935,0.28655636827,0.422722224137,0.179369806971
C[T>G]T,0.418194572259,0.783378564936,0.971860625672,1.18591274363,0.532595543547,10.0691612287,1.38517561877,0.571839046458,0.206152253931
G[T>G]A,0.0856279595504,0.160401670707,0.198994553885,0.137701489837,0.0618419864539,0.138496913177,0.0190524854106,0.0716481690305,0.0422109659756
G[T>G]C,0.110528545543,0.207046430384,0.256862112882,0.250607111427,0.112548103934,0.167674432494,0.0230663240468,0.103737007178,0.0544859027326
G[T>G]G,0.401232789573,0.751605084694,0.932442398304,0.748976328572,0.336366614628,0.707344315495,0.097306625412,0.405757645339,0.197790811761
G[T>G]T,0.360781175374,0.675829525701,0.83843512587,0.639100290992,0.287021088769,3.07627595498,0.423191401214,0.322860370519,0.177849875185
T[T>G]A,0.187497506108,0.351227722709,0.435733640954,0.631730504962,0.283711304624,0.795359246361,0.109414499499,0.0817153838736,0.0924283480812
T[T>G]C,0.200635350114,0.375838050213,0.466265250264,0.433979673292,0.19490105088,2.40631506506,0.331027469268,0.164675332069,0.0989047500561
T[T>G]G,0.300920087717,0.563695375582,0.69932133061,0.41724423517,0.187385135555,1.32245244577,0.181924675079,0.16581413645,0.148340888311
T[T>G]T,0.426098550674,0.798184609008,0.990229026213,1.05774739867,0.475036256889,17.4910890094,2.40618155684,0.37927844666,0.210048581318
