,1,3,2,5,4,7,6,9,8
A[C>A]A,0.713316218298,1.79267628546,0.92918823173,0.405044022738,1.17321746431,1.24830338202,0.403586807721,1.21076042316,1.09813154659
A[C>A]C,0.563780606953,1.41686968326,0.734398422216,0.301625898244,0.927270735121,0.986616062168,0.318981132882,0.956943398645,0.867925408073
A[C>A]G,0.13414714946,0.337132967721,0.174744313112,0.15274003615,0.22063675898,0.234757511554,0.075899045089,0.227697135267,0.206516006405
A[C>A]T,0.500807245231,1.25860768209,0.652367332603,0.305379093425,0.823696127024,0.876412679153,0.283351467696,0.850054403089,0.770979574894
C[C>A]A,1.03209503982,2.59381779744,1.34443959134,0.662678513618,1.69752473654,1.80616631968,0.583948509371,1.75184552811,1.58888315341
C[C>A]C,0.622921536599,1.56550017751,0.81143726478,0.447181154995,1.02454200099,1.09011268905,0.352442448339,1.05732734502,0.958971312922
C[C>A]G,0.146222733501,0.367480817089,0.190474350219,0.210712370087,0.240497916943,0.255889783627,0.0827312834283,0.248193850285,0.225106050258
C[C>A]T,0.929207917738,2.33524621432,1.21041557705,0.713258233349,1.52830249628,1.62611385604,0.52573605872,1.57720817616,1.43049113652
G[C>A]A,0.885899715242,2.22640586331,1.15400094485,0.642659867469,1.45707190007,1.55032450167,0.501232733624,1.50369820087,1.36381929846
G[C>A]C,0.8506560929,2.13783307558,1.10809148943,0.921867214536,1.39910541595,1.48864816257,0.481292263088,1.44387678926,1.30956266933
G[C>A]G,0.178426003841,0.44841272018,0.232423347109,0.331761892479,0.293463822108,0.312245506722,0.100951554805,0.302854664415,0.274682137493
G[C>A]T,1.02118322295,2.56639467874,1.33022551411,0.618909166376,1.67957766933,1.78707064017,0.577774718249,1.73332415475,1.57208469849
T[C>A]A,0.745347897185,1.87317695214,0.970913708175,0.388535745068,1.22590114669,1.30435882007,0.42170999446,1.26512998338,1.1474434733
T[C>A]C,0.801340175547,2.01389438854,1.04385101815,0.574386153434,1.31799370978,1.40234530721,0.453389836164,1.36016950849,1.23364211235
T[C>A]G,0.0937437863237,0.235592936682,0.122113616395,0.127861051041,0.154183859085,0.164051626066,0.0530392475253,0.159117742576,0.144316092104
T[C>A]T,1.49583277936,3.75926395865,1.94851901522,0.555991091167,2.46025128184,2.61770736388,0.846326440953,2.53897932286,2.3027951998
A[C>G]A,0.489446090114,1.23005530542,0.637567933175,0.14627041279,0.805010016635,0.8565306577,0.276923445722,0.830770337167,0.75348937557
A[C>G]C,0.172267818336,0.432936227661,0.224401500201,0.108098959847,0.283335227527,0.301468682088,0.0974673182691,0.292401954807,0.265201772965
A[C>G]G,0.0502178634596,0.12620542001,0.0654153747697,0.00885404165871,0.0825951701637,0.0878812610542,0.0284127385363,0.085238215609,0.0773090792733
A[C>G]T,0.304659416746,0.765657218401,0.396858977077,0.101913184235,0.501084567016,0.533153979305,0.172373091054,0.517119273161,0.469015154727
C[C>G]A,0.432275773918,1.08637727392,0.563096073919,0.171070718308,0.710979891312,0.756482604356,0.244577082611,0.733731247834,0.665477178268
C[C>G]C,0.303545351563,0.762857396692,0.395407760589,0.144649697208,0.499252222966,0.531204365236,0.1717427647,0.515228294101,0.467300080696
C[C>G]G,0.0716959860525,0.180183333369,0.0933934555157,0.0239544972378,0.117921029692,0.125467975592,0.0405648342139,0.121694502642,0.110374083791
C[C>G]T,0.213900923072,0.53756679351,0.278634097159,0.11745961364,0.351810728737,0.374326615376,0.121022890685,0.363068672056,0.329294842098
G[C>G]A,0.286013246689,0.718796448916,0.372569887135,0.0765292158566,0.47041652416,0.500523181706,0.161823284311,0.485469852933,0.440309866614
G[C>G]C,0.216702451689,0.544607477272,0.282283456806,0.104116915709,0.356418506068,0.379229290456,0.122607966087,0.367823898262,0.33360772168
G[C>G]G,0.0501799055946,0.126110025902,0.0653659296561,0.0353632965608,0.0825327394648,0.0878148347906,0.0283912623759,0.0851737871277,0.0772506441391
G[C>G]T,0.241868353211,0.60785336136,0.315065354841,0.114412132894,0.397809791466,0.42326961812,0.136846568264,0.410539704793,0.372349964812
T[C>G]A,0.948321347622,2.38328128152,1.2353133344,0.124842614221,1.55973905859,1.65956235834,0.536550236155,1.60965070846,1.45991575884
T[C>G]C,0.381190244932,0.957991273447,0.496550450635,0.125606066513,0.62695763969,0.667082928631,0.215673428054,0.647020284161,0.58683235075
T[C>G]G,0.111682870209,0.280676686973,0.145481633562,0.0139686458139,0.183688931265,0.195445022866,0.0631889923553,0.189566977066,0.171932839664
T[C>G]T,1.38221857576,3.47373352593,1.8005215658,0.144269369506,2.2733858154,2.41888250759,0.782044720498,2.3461341615,2.12788912322
A[C>T]A,1.40488337998,3.53069375757,1.8300454555,0.436391140958,2.31066345391,2.45854591496,0.794868228145,2.38460468444,2.16278099286
A[C>T]C,1.07162995805,2.69317528932,1.39593902431,0.288548916968,1.76254927311,1.87535242659,0.606316949951,1.81895084985,1.64974611963
A[C>T]G,1.2924705515,3.24818257021,1.68361295524,0.383547535796,2.12577393338,2.26182346512,0.731266233084,2.19379869925,1.98972440165
A[C>T]T,0.59477220085,1.49475645214,0.774769051107,0.262274337691,0.978243751398,1.04085135149,0.336515850481,1.00954755144,0.915636151309
C[C>T]A,1.1826740184,2.97224654623,1.54058852396,0.425066760541,1.94518753026,2.06967953219,0.669144510408,2.00743353123,1.82069552832
C[C>T]C,0.943200782736,2.37041249346,1.22864312488,0.31046209553,1.55131707687,1.65060136979,0.533653074443,1.60095922333,1.45203278395
C[C>T]G,0.82637903238,2.07682098927,1.07646742376,0.406649936108,1.3591760401,1.44616330666,0.467556557794,1.40266967338,1.27218877353
C[C>T]T,1.16068764819,2.91699132637,1.51194838382,0.342409199358,1.90902573715,2.03120338433,0.65670485358,1.97011456074,1.78684808997
G[C>T]A,1.36688473164,3.4351971545,1.78054721621,0.646161707639,2.24816567703,2.39204828036,0.773368992899,2.3201069787,2.1042830737
G[C>T]C,2.27225889077,5.71054537022,2.95991618666,0.717128093596,3.73726791244,3.97645305884,1.28562016188,3.85686048564,3.49808276605
G[C>T]G,2.41907387445,6.07951460553,3.15116202067,0.3392572216,3.97873992509,4.23337928029,1.36868653423,4.10605960269,3.72410056988
G[C>T]T,1.58694541774,3.98824440511,2.06720521522,0.532719347767,2.61010759497,2.77715448105,0.897877012669,2.69363103801,2.44306070889
T[C>T]A,2.06704476437,5.19480986836,2.69259778517,0.53510050883,3.39974467825,3.61732833766,1.16951216932,3.50853650795,3.18216101884
T[C>T]C,1.15404437545,2.90029573305,1.50329464697,0.375531853407,1.89809930173,2.01957765705,0.652946159797,1.95883847939,1.77662094642
T[C>T]G,0.854564222238,2.14765482168,1.11318234213,0.256649182218,1.40553326026,1.49548738892,0.48350344153,1.45051032459,1.3155791316
T[C>T]T,1.40161125797,3.52247039831,1.82578308603,0.37557762005,2.30528167429,2.45281970144,0.793016895954,2.37905068786,2.15774364713
A[T>A]A,1.81675459184,4.56579114527,2.36656190252,1.74803206698,2.98808321026,3.17932053571,1.02790062433,3.08370187299,2.7968458848
A[T>A]C,0.566513263906,1.42373728166,0.737958067456,0.114594499899,0.931765236687,0.991398211835,0.32052724142,0.961581724261,0.872132261539
A[T>A]G,0.513232708425,1.28983483302,0.668553133344,0.128713252435,0.844132744121,0.898157239744,0.290381663977,0.871144991932,0.790108248497
A[T>A]T,0.855845740681,2.15087547987,1.11485168852,0.120880845306,1.40764102086,1.49773004619,0.484228511175,1.45268553352,1.31755199552
C[T>A]A,3.11698643621,7.83347906996,4.06028496296,3.93771437696,5.12662242798,5.45472626337,1.76355811523,5.29067434568,4.79851859259
C[T>A]C,0.869336889726,2.1847808676,1.1324256853,0.163075547992,1.42983041073,1.52133955702,0.491861661292,1.47558498388,1.33832126445
C[T>A]G,2.80408963747,7.04712000997,3.65269571197,0.253819582087,4.61198953532,4.90715686558,1.58652440015,4.75957320045,4.31682220506
C[T>A]T,1.60451023728,4.03238757002,2.09008570383,0.226777097761,2.6389971008,2.80789291525,0.907815002674,2.72344500802,2.47010128634
G[T>A]A,2.06474902706,5.18904031801,2.68960728525,1.3392934836,3.39596879451,3.61331079736,1.16821326531,3.50463979593,3.17862679166
G[T>A]C,0.361113585981,0.907535459506,0.470397960686,0.0937326347146,0.593936819048,0.631948775467,0.204314265753,0.612942797258,0.555924862629
G[T>A]G,1.54849604488,3.89161506015,2.01711984793,0.0820038819672,2.54686849486,2.70986807854,0.876122762233,2.6283682867,2.38386891119
G[T>A]T,0.887978388664,2.23162989783,1.1567086905,0.056677785675,1.46049077083,1.55396218016,0.502408825165,1.5072264755,1.3670193615
T[T>A]A,1.33902743138,3.36518736043,1.74425941719,0.681125862976,2.20234774897,2.34329800491,0.757607625647,2.27282287694,2.06139749304
T[T>A]C,0.323757866525,0.813654638241,0.421737220869,0.111206720648,0.532496490996,0.566576266419,0.183178792903,0.549536378708,0.498416715572
T[T>A]G,0.646801006702,1.62551305632,0.842543416625,0.125820091247,1.06381744523,1.13190176173,0.365953201161,1.09785960348,0.995733128739
T[T>A]T,0.760931622786,1.91234131516,0.99121356126,0.105876346389,1.25153227432,1.33163033988,0.430527102366,1.2915813071,1.17143420876
A[T>C]A,1.17380882933,2.94996692635,1.52904044873,0.358540052058,1.93060662719,2.05416545133,0.664128679754,1.99238603926,1.80704780305
A[T>C]C,0.583407239812,1.46619451058,0.759964693965,0.187672218746,0.959551381269,1.02096266967,0.330085675157,0.99025702547,0.898140092868
A[T>C]G,1.04720102676,2.63178152778,1.36411712697,0.415350056317,1.7223701098,1.83260179683,0.592495317773,1.77748595332,1.61213842278
A[T>C]T,0.883151172459,2.21949834131,1.15042060623,0.268047448317,1.45255127049,1.5455145518,0.499677637049,1.49903291115,1.35958798918
C[T>C]A,0.536585720626,1.34852463999,0.6989735045,0.208916454253,0.882542303661,0.939025011095,0.303594552459,0.910783657378,0.826059596227
C[T>C]C,0.631099990755,1.58605392413,0.822090777431,0.302329918834,1.03799340585,1.10442498382,0.357069731611,1.07120919483,0.971561827873
C[T>C]G,0.784858393202,1.97247306713,1.02238132799,0.453918948305,1.29088551514,1.3735021881,0.444064617206,1.33219385162,1.20826884217
C[T>C]T,0.610795816297,1.5350263278,0.795641918597,0.364173795194,1.00459838207,1.06889267852,0.345581843431,1.03674553029,0.940304085615
G[T>C]A,1.11905496246,2.81236181356,1.45771633268,0.357784603169,1.8405509251,1.95834618431,0.633149518236,1.89944855471,1.7227556659
G[T>C]C,0.859791539848,2.1607918962,1.11999161112,0.236523552578,1.41413082212,1.50463519473,0.486461002809,1.45938300843,1.3236264495
G[T>C]G,0.859761694941,2.16071689123,1.1199527342,0.31233235915,1.4140817351,1.50458296615,0.486444116875,1.45933235062,1.32358050405
G[T>C]T,0.900807377193,2.26387117163,1.17342013608,0.312611331352,1.48159108091,1.57641291009,0.509667331833,1.5290019955,1.38676925173
T[T>C]A,0.774689293014,1.94691651271,1.00913473695,0.18628077335,1.2741600214,1.35570626277,0.438311047363,1.31493314209,1.19261378004
T[T>C]C,0.587460867602,1.47638191726,0.765245077534,0.220885405413,0.96621853224,1.0280565183,0.33237917509,0.997137525271,0.904380546176
T[T>C]G,0.356188966242,0.895159112529,0.463982995499,0.190730726134,0.585837115529,0.623330690923,0.201527967742,0.604583903226,0.548343540136
T[T>C]T,0.891905858839,2.2415002505,1.16182473717,0.152017984027,1.46695042572,1.56083525297,0.504630946448,1.51389283935,1.37306559848
A[T>G]A,0.367732462873,0.92416974222,0.479019918742,0.0291965389866,0.604823129725,0.643531810028,0.208059156625,0.624177469876,0.566114449423
A[T>G]C,0.0590732392505,0.14846037759,0.0769506669184,0.0477136268531,0.0971599329778,0.103378168688,0.0334230169444,0.100269050833,0.0909416972672
A[T>G]G,0.370095989598,0.93010965807,0.482098723293,0.0470736494426,0.608710509208,0.647667981797,0.209396415168,0.628189245503,0.569753036619
A[T>G]T,0.187595686882,0.471457581506,0.244368065807,0.0913275611373,0.308545537635,0.328292452044,0.106139664946,0.318418994839,0.288798623226
C[T>G]A,0.120737869683,0.303433330388,0.157276961824,0.00651450742369,0.198582022505,0.211291271946,0.0683122157418,0.204936647225,0.185872773065
C[T>G]C,0.209915945642,0.52755191602,0.273443139717,0.103186064628,0.345256489542,0.367352904873,0.118768232402,0.356304697207,0.323160074211
C[T>G]G,0.569556954744,1.43138655732,0.741922875258,0.115806097206,0.936771307144,0.996724670802,0.322249329658,0.966747988973,0.876817943487
C[T>G]T,0.657762365132,1.65306068079,0.856822028264,0.51923385582,1.08184599528,1.15108413898,0.372155022377,1.11646506713,1.01260785159
G[T>G]A,0.253338781951,0.636680359904,0.330007097542,0.00672738929572,0.41667562821,0.443342868415,0.143336416104,0.430009248312,0.390008388004
G[T>G]C,0.0557304222885,0.140059350751,0.0725962079811,0.0436267475743,0.091661878764,0.0975282390049,0.0315316862948,0.0945950588845,0.0857955185231
G[T>G]G,0.499119129465,1.25436518063,0.650168339697,0.127921212448,0.82091962083,0.873458476563,0.282396349566,0.847189048697,0.768380765097
G[T>G]T,0.439492538987,1.10451414403,0.572496859996,0.177225307892,0.722849570702,0.769111943227,0.248660252322,0.745980756965,0.676587198177
T[T>G]A,0.344758935306,0.866433640046,0.449093876254,0.0354272631873,0.567037722543,0.603328136786,0.195060976555,0.585182929664,0.5307473083
T[T>G]C,0.114088230989,0.286721738406,0.148614932472,0.0473188087557,0.187645116758,0.19965440423,0.0645499201647,0.193649760494,0.175635829285
T[T>G]G,0.490462637444,1.23261004937,0.638892119828,0.0732330309652,0.80668196948,0.858309615527,0.277498597501,0.832495792503,0.755054323433
T[T>G]T,0.609606134145,1.53203646871,0.794092201058,0.155562290251,1.002641668,1.06681073475,0.344908733793,1.03472620138,0.93847260125
