,1,3,2,5,4,7,6,9,8
A[C>A]A,1.38799141048,0.553320900123,0.750265627286,1.96696411467,0.572077540806,0.281349610232,0.656482423875,0.694896533899,0.759643947627
A[C>A]C,0.928121928283,0.369994552491,0.501687528802,1.52968957269,0.382536740711,0.188132823301,0.438976587702,0.528511454389,0.507958622912
A[C>A]G,0.242664608569,0.0967379182809,0.131170058686,0.654828608807,0.100017169748,0.0491887720072,0.11477380135,0.162418830199,0.13280968442
A[C>A]T,0.902400581428,0.359740772326,0.487784098069,1.18865896586,0.371935374778,0.182919036776,0.426811085811,0.415996302634,0.493881399295
C[C>A]A,1.63423367235,0.651485045059,0.883369552622,2.25792695124,0.673569283875,0.331263582233,0.772948358545,1.0635633373,0.89441167203
C[C>A]C,1.30643666117,0.520809209519,0.706181979009,1.27675466053,0.538463758995,0.264818242129,0.617909231633,1.19199003707,0.715009253747
C[C>A]G,0.265110097194,0.10568578199,0.14330275524,0.671539226013,0.109268350871,0.053738533215,0.125389910835,0.434808138538,0.145094039681
C[C>A]T,1.25701808765,0.501108561969,0.679469236568,1.51056314878,0.518095292883,0.254800963713,0.594535581997,2.68274212015,0.687962602025
G[C>A]A,1.61790669408,0.644976317236,0.874544158964,2.47216156259,0.66683992121,0.327954059612,0.765226139094,0.727151665987,0.885475960951
G[C>A]C,1.0204208153,0.406789379073,0.551578819081,3.37425104145,0.42057884955,0.206842057156,0.482631466696,0.844800171123,0.55847355432
G[C>A]G,0.276550306477,0.11024640596,0.14948665215,1.10986848231,0.113983572264,0.0560574945562,0.130800820631,0.336607446928,0.151355235302
G[C>A]T,1.29329265041,0.515569367392,0.699077108328,2.25330391803,0.5330462951,0.262153915623,0.611692469787,0.826775864346,0.707815572182
T[C>A]A,2.46656038872,0.983290965772,1.33327588579,1.56239104949,1.01662286292,0.499978457172,1.16661640007,0.445302630457,1.34994183437
T[C>A]C,1.52646069514,0.608521493333,0.825113889265,2.0793296831,0.629149340565,0.309417708474,0.721974653107,0.641654304436,0.835427812881
T[C>A]G,0.310731370747,0.123872641041,0.167962903106,0.495364971656,0.128071713619,0.0629860886649,0.146967540218,0.164508740144,0.170062439395
T[C>A]T,2.49572775091,0.994918495293,1.34904202752,1.89225472984,1.02864454598,0.505890760319,1.18041177408,0.84615235655,1.36590505286
A[C>G]A,0.548053052715,0.218480608853,0.296244893359,0.708116764681,0.225886731187,0.11109183501,0.259214281689,0.168576198442,0.299947954526
A[C>G]C,0.252218558516,0.100546587517,0.136334355955,0.414319510116,0.103954946415,0.051125383483,0.11929256146,0.129905914018,0.138038535404
A[C>G]G,0.138193889769,0.0550908074081,0.0746993998754,0.0709689731205,0.056958292405,0.0280122749533,0.065361974891,0.00154086804229,0.0756331423738
A[C>G]T,0.553594353953,0.220689641103,0.299240191326,0.501274225867,0.228170645886,0.112215071747,0.26183516741,0.162088723073,0.302980693718
C[C>G]A,0.381785097868,0.152198113339,0.206370323172,0.571420784768,0.157357371418,0.0773888711894,0.180574032775,0.114159618977,0.208949952211
C[C>G]C,0.333289339126,0.132865344652,0.180156399528,0.521041279865,0.13736925464,0.0675586498229,0.157636849587,0.142112711513,0.182408354522
C[C>G]G,0.182909428405,0.0729165964587,0.0988699612999,0.121783332374,0.0753883454912,0.0370762354875,0.0865112161374,0.0458130037548,0.100105835816
C[C>G]T,0.542441954558,0.216243752155,0.293211867329,0.508302882001,0.223574048838,0.109954450248,0.256560383912,0.158025596735,0.29687701567
G[C>G]A,0.357295907213,0.142435530578,0.193132922818,0.276774073655,0.147263853649,0.0724248460567,0.168991307466,0.0927255493889,0.195547084353
G[C>G]C,0.349926182678,0.139497599851,0.189149287934,0.348972973532,0.14422633205,0.0709309829753,0.165505626942,0.121060692567,0.191513654033
G[C>G]G,0.0883863590566,0.0352351025969,0.0477764103009,0.124058904183,0.0364295128544,0.0179161538628,0.0418043590133,0.0165021226903,0.0483736154296
G[C>G]T,0.332910178628,0.132714192831,0.179951447907,0.408419258784,0.137212979029,0.0674817929651,0.157457516919,0.105732104843,0.182200841006
T[C>G]A,6.43857650976,2.56672982484,3.4803116269,1.08223374947,2.65373761551,1.30511686009,3.04527267354,0.123316534429,3.52381552224
T[C>G]C,1.78492034703,0.71155608429,0.964821809207,0.566053393657,0.735676629521,0.361808178453,0.844219083056,0.139817561083,0.976882081822
T[C>G]G,0.287317830301,0.114538864782,0.155306935298,0.0958941675793,0.118421538165,0.0582401007366,0.135893568386,0.0051762882779,0.157248271989
T[C>G]T,7.95368940117,3.17072753155,4.2992915682,1.49097568479,3.27820982075,1.61223433807,3.76188012217,0.313873308708,4.3530327128
A[C>T]A,2.14089708468,0.853465729705,1.1572416674,1.6767896955,0.88239677139,0.433965625274,1.01258645897,1.29963878688,1.17170718824
A[C>T]C,1.83696732828,0.73230454303,0.992955312583,3.80169743979,0.757128425845,0.372358242219,0.86883589851,1.2788620978,1.00536725399
A[C>T]G,1.70071419238,0.677987414528,0.919304968852,1.36359831356,0.700970038749,0.344739363319,0.804391847745,1.23318417066,0.930796280962
A[C>T]T,1.37221506948,0.547031683103,0.741737875393,2.37164474869,0.565575129987,0.278151703273,0.649020640969,0.891634310201,0.751009598836
C[C>T]A,3.63111496821,1.44753907516,1.96276484768,2.2263881135,1.49660819636,0.73603681788,1.71741924172,1.15836525884,1.98729940828
C[C>T]C,4.11495976244,1.64042314854,2.22430257429,5.50539262385,1.6960307129,0.834113465359,1.9462647525,1.94813726857,2.25210635647
C[C>T]G,1.50495346589,0.599947665457,0.813488359941,1.24403240528,0.620284874455,0.305058134978,0.711802314948,1.29602491218,0.82365696444
C[C>T]T,4.32734326616,1.72508954529,2.3391044682,3.78181418955,1.783567157,0.877164175574,2.04671640967,1.78786715748,2.36834327405
G[C>T]A,2.06970109845,0.825083546005,1.11875735052,2.44354035303,0.853052479768,0.419534006443,0.978912681701,2.03816832923,1.1327418174
G[C>T]C,2.968284414,1.18330257045,1.60447806162,4.88871578301,1.22341452199,0.601679273108,1.40391830392,2.58403640847,1.62453403739
G[C>T]G,1.6292109967,0.649482762198,0.88065459281,1.75793824525,0.671499127018,0.330245472304,0.770572768709,0.410934178959,0.89166277522
G[C>T]T,2.81179134233,1.1209168189,1.51988721207,3.16587753401,1.1589139992,0.569957704526,1.32990131056,2.12153765143,1.53888580222
T[C>T]A,6.38249465207,2.54437286806,3.44999710923,5.1930599391,2.63062279579,1.29374891596,3.01874747057,0.969711925403,3.49312207309
T[C>T]C,6.67001784646,2.65899360095,3.60541505214,5.47159698707,2.74912897726,1.35203064455,3.15473817062,0.876135987093,3.65048274029
T[C>T]G,2.14759584582,0.856136181778,1.16086261936,1.12423953757,0.885157747263,0.43532348226,1.01575479194,0.737234142391,1.1753734021
T[C>T]T,3.58046677318,1.42734824066,1.93538744496,4.89536458075,1.47573292678,0.72577029186,1.69346401434,0.938251910472,1.95957978802
A[T>A]A,0.671163957948,0.267558604858,0.362791328621,2.33950392211,0.276628388073,0.136046748233,0.317442412543,0.171118131184,0.367326220229
A[T>A]C,0.65434958457,0.260855577633,0.353702478146,0.347810812335,0.269698139586,0.132638429305,0.309489668378,0.285519556813,0.358123759123
A[T>A]G,0.637138195301,0.253994280559,0.344399024487,0.448498334197,0.262604256171,0.129149634183,0.301349146426,0.223535029314,0.348704012293
A[T>A]T,1.0557966387,0.420891903265,0.570700885782,0.465111305912,0.435159425409,0.214012832168,0.49936327506,0.524145830767,0.577834646855
C[T>A]A,0.530733490869,0.211576188928,0.286882968037,5.09479159491,0.218748263129,0.107581113014,0.251022597033,0.195477367531,0.290469005138
C[T>A]C,1.1994254305,0.478149327024,0.648338070541,0.618176433348,0.494357778787,0.243126776453,0.567295811723,0.993861092195,0.656442296423
C[T>A]G,1.0477740144,0.417693694931,0.56636433211,0.621711566385,0.431852803234,0.212386624541,0.495568790596,0.563666080285,0.573443886261
C[T>A]T,0.874917787762,0.34878479377,0.472928533925,0.620294043474,0.360608007118,0.177348200222,0.413812467185,0.618310683932,0.478840140599
G[T>A]A,0.321429208,0.128137319406,0.173745517838,1.82582488151,0.132480957352,0.0651545691893,0.152027328108,0.0896391278144,0.175917336811
G[T>A]C,0.395721450137,0.157753821339,0.213903486561,0.276454468206,0.163101408503,0.0802138074603,0.187165550741,0.273851422294,0.216577280143
G[T>A]G,0.472371800449,0.188310379909,0.255336108351,0.240641272476,0.194693782617,0.0957510406315,0.223419094807,0.174612649187,0.258527809705
G[T>A]T,0.556756425966,0.221950196838,0.300949419441,0.207470235172,0.229473932324,0.11285603229,0.263330742011,0.176567144555,0.304711287184
T[T>A]A,0.844934003848,0.336831798831,0.456721083161,0.993597190739,0.34824982591,0.171270406185,0.399630947766,0.160424364069,0.462430096701
T[T>A]C,0.774092441657,0.308590905796,0.418428346842,0.488248251747,0.319051614467,0.156910630066,0.366124803486,0.535763568465,0.423658701177
T[T>A]G,0.701109030573,0.279496167593,0.378977854364,0.42255124254,0.288970613952,0.142116695386,0.331605622568,0.253272583749,0.383715077543
T[T>A]T,1.23950917492,0.49412865757,0.670004959417,0.568854873164,0.510878781555,0.251251859781,0.58625433949,0.775483390875,0.678380021409
A[T>C]A,1.64049274513,0.653980215963,0.886752835203,0.994783770443,0.676149036843,0.332532313201,0.775908730803,1.53060073685,0.897837245644
A[T>C]C,0.916331280532,0.365294226699,0.495314205693,0.567559141096,0.377677081841,0.185742827135,0.433399929981,0.972451106272,0.501505633264
A[T>C]G,1.35886895632,0.541711273127,0.734523760173,0.928269607826,0.560074367132,0.275446410065,0.642708290151,1.95738421369,0.743705307175
A[T>C]T,1.47977946183,0.589912082755,0.799880790177,0.865584994067,0.60990910251,0.299955296316,0.699895691405,1.00831933077,0.809879300054
C[T>C]A,1.2575164605,0.501307237632,0.679738627298,0.67722720554,0.518300703315,0.254901985237,0.594771298886,1.27393232365,0.688235360139
C[T>C]C,1.8559727815,0.739881041274,1.00322853054,1.12593772854,0.764961754537,0.376210698953,0.877824964223,2.24388679298,1.01576888717
C[T>C]G,1.76255252882,0.702639183788,0.952731096661,1.0648388837,0.726457461204,0.357274161248,0.833639709579,3.26407964799,0.96464023537
C[T>C]T,1.20210073377,0.479215833055,0.649784180414,0.595715785825,0.495460437566,0.243669067655,0.568561157862,0.799297762402,0.657906482669
G[T>C]A,1.11179811738,0.443216817065,0.600971955342,0.794932111676,0.458241115948,0.225364483253,0.525850460924,0.436620198817,0.608484104784
G[T>C]C,1.03151465719,0.411211924151,0.557575490374,0.798271989461,0.42515131141,0.20909080889,0.487878554077,0.474184586786,0.564545184003
G[T>C]G,1.18820599059,0.473676712465,0.642273508427,0.664666324357,0.489733550175,0.24085256566,0.561989319873,1.12717320061,0.650301927282
G[T>C]T,1.24028016516,0.494436011788,0.670421710899,0.79461012243,0.51119655456,0.251408141587,0.586618997036,0.30762565956,0.678801982285
T[T>C]A,1.09083112053,0.434858352105,0.589638443532,0.711067631155,0.449599313193,0.221114416325,0.515933638091,0.861061188051,0.597008924076
T[T>C]C,1.61373486229,0.643313222128,0.87228911475,0.912066026019,0.665120449997,0.327108418031,0.763252975406,1.55482757253,0.883192728684
T[T>C]G,1.09390664512,0.436084405826,0.591300889256,0.535543043837,0.450866928058,0.221737833471,0.517388278099,1.31809208993,0.598692150372
T[T>C]T,1.48429466548,0.591712062592,0.802321440802,0.697174003912,0.611770098612,0.300870540301,0.702031260702,0.992419932357,0.812350458813
A[T>G]A,0.974661760717,0.388547593799,0.526844194982,0.172684844157,0.401718698674,0.197566573118,0.460988670609,0.299754873867,0.533429747419
A[T>G]C,0.643654138105,0.256591852353,0.347921155732,0.320774412782,0.265289881246,0.1304704334,0.304431011266,0.661132801999,0.352270170179
A[T>G]G,0.547714252326,0.218345546535,0.296061758014,0.301540717767,0.225747090486,0.111023159255,0.259054038262,0.351469226871,0.299762529989
A[T>G]T,3.00154995409,1.19656383305,1.62245943465,1.35979033378,1.23712531892,0.608422287992,1.41965200531,3.19951250329,1.64274017758
C[T>G]A,0.75523901446,0.301075012521,0.408237305114,0.193970065636,0.311280945149,0.153088989418,0.357207641974,0.352365437618,0.413340271427
C[T>G]C,1.2810291804,0.510680551645,0.69244820562,0.619824534788,0.527991756785,0.259668077108,0.605892179918,1.51631190365,0.70110380819
C[T>G]G,1.07339714093,0.427908319695,0.580214670773,0.500248415236,0.442413686465,0.21758050154,0.507687836927,1.10807778033,0.587467354158
C[T>G]T,4.60834848569,1.83711189632,2.49099918145,2.01154864155,1.89938687586,0.934124693045,2.17962428377,4.55484539654,2.52213667122
G[T>G]A,0.212569791462,0.0847406601098,0.114902589979,0.051219569155,0.0876132248593,0.0430884712423,0.100539766232,0.0011346167789,0.116338872354
G[T>G]C,0.0915160556728,0.0364827519236,0.0494681382015,0.0657502527453,0.0377194553786,0.0185505518256,0.0432846209263,0.108774684625,0.050086489929
G[T>G]G,0.534754139631,0.213179015123,0.289056291692,0.464636786385,0.220405422415,0.108396109385,0.252924255231,0.252958188993,0.292669495339
G[T>G]T,1.50006860471,0.598000322146,0.810847894435,0.734244815825,0.618271519507,0.304067960413,0.709491907631,1.29930515515,0.820983493116
T[T>G]A,1.45983442504,0.581961020793,0.789099689211,0.254035494995,0.601688513023,0.295912383454,0.69046222806,0.425905127323,0.798963435326
T[T>G]C,1.19447633087,0.476176375146,0.645662881554,0.543706894205,0.492317947185,0.242123580583,0.56495502136,1.17589799848,0.653733667573
T[T>G]G,0.808824403327,0.32243675538,0.437202380177,0.41658702969,0.333366814885,0.163950892566,0.382552082654,0.542248169203,0.442667409929
T[T>G]T,7.66109429874,3.05408488936,4.14113205337,3.6634972581,3.1576131907,1.55292452001,3.6234905467,8.59507054238,4.19289620404
