,1,3,2,5,4,7,6,9,8
A[C>A]A,2.98262023466,0.458335553994,1.84127197345,2.19262892927,0.354689973852,0.532034960778,2.54731890312,2.91813114851,1.3017736349
A[C>A]C,2.2819750937,0.384632866067,1.47308955879,1.67756006888,0.271370011143,0.407055016714,1.94893008002,2.23263509167,1.11456657075
A[C>A]G,0.568895709296,0.0751080474906,0.352404394079,0.418215224131,0.0676524627271,0.101478694091,0.485867686858,0.556595261527,0.327945776017
A[C>A]T,2.2584498357,0.389507399105,1.35409441515,1.66026582516,0.268572412894,0.402858619341,1.92883823806,2.2096184879,1.23531114468
C[C>A]A,3.57164324955,0.486586301022,2.50210493792,2.62564044291,0.424735954,0.637103931,3.05037639691,3.49441853064,1.73696749531
C[C>A]C,2.81778307905,0.353252523035,2.45142488799,2.0714513446,0.335087717509,0.502631576263,2.40653906211,2.7568580395,2.01056324915
C[C>A]G,0.781932309358,0.0766019515335,0.709788997072,0.574825913906,0.0929865448966,0.139479817345,0.667812458803,0.765025664831,0.513585595719
C[C>A]T,3.37326536943,0.417380914203,4.55582601734,2.4798058932,0.401145070959,0.601717606439,2.88095096416,3.30032990198,4.44223611045
G[C>A]A,3.21608619823,0.384132472386,1.37665280639,2.36425796194,0.382453493844,0.573680240766,2.74671145579,3.14654919935,1.3016478927
G[C>A]C,3.27597631649,0.422157564814,1.96385218212,2.40828529212,0.389575561961,0.584363342941,2.79786085408,3.20514439613,1.53111786207
G[C>A]G,0.988877893119,0.114518547759,0.574375811424,0.726958883591,0.117596289993,0.176394434989,0.844555173583,0.967496749484,0.465771570002
G[C>A]T,2.94423484366,0.384802112264,1.71613787314,2.16441047966,0.350125224652,0.525187836977,2.51453570432,2.88057571191,1.95175233359
T[C>A]A,2.3624851001,0.443712236994,1.42890530478,1.73674580332,0.280944174066,0.421416261099,2.01768997738,2.31140434118,2.64034069234
T[C>A]C,2.58296567818,0.392730038499,1.93733809624,1.89882882288,0.307163486054,0.46074522908,2.20599230893,2.52711777162,2.201588562
T[C>A]G,0.594155665178,0.0719962620988,0.276202271165,0.436784705212,0.0706563493726,0.105984524059,0.507441054585,0.581309056202,0.388694958861
T[C>A]T,3.47441181119,0.538117958035,3.11266604906,2.55416219633,0.413173296466,0.619759944698,2.9673354928,3.39928939365,2.81308344681
A[C>G]A,0.873884209917,0.157269618688,1.62849654036,0.64242298675,0.103921365504,0.155882048256,0.746344352254,0.85498941619,0.440371316273
A[C>G]C,0.503175457995,0.0936937888541,0.891994098154,0.36990195831,0.0598370814913,0.089755622237,0.429739039801,0.492295988633,0.342263901032
A[C>G]G,0.0350441260634,0.0175297196524,0.299919229311,0.0257621683493,0.00416740958592,0.00625111437888,0.0299295779352,0.0342864152296,0.0975078624598
A[C>G]T,0.81616081109,0.14682383,1.55419936689,0.599988488153,0.0970569613188,0.145585441978,0.697045449472,0.79851409085,0.466121660448
C[C>G]A,0.615825045316,0.126422321643,1.2031948354,0.452714627908,0.0732332486322,0.109849872948,0.52594787654,0.602509909201,0.448445480319
C[C>G]C,0.652402420764,0.121296635863,1.03050770086,0.479603941751,0.0775829905773,0.116374485866,0.557186932328,0.638296422477,0.280791255332
C[C>G]G,0.0968731146129,0.0211095366631,0.271529295488,0.0712148302019,0.0115200460621,0.0172800690931,0.082734876264,0.0947785607834,0.113617999886
C[C>G]T,0.523535757492,0.143663934417,1.58112784602,0.384869529832,0.0622583062963,0.0933874594444,0.447127836128,0.512216065438,0.456154996881
G[C>G]A,0.36843155339,0.0736462965839,0.834777402366,0.270846979789,0.0438134820247,0.0657202230371,0.314660461814,0.360465465749,0.292421548604
G[C>G]C,0.350037201836,0.0768445920137,0.836621542782,0.257324645674,0.0416260456237,0.0624390684356,0.298950691298,0.342468829904,0.410638122612
G[C>G]G,0.0965377027469,0.0197123087162,0.156215696992,0.0709682571545,0.0114801592456,0.0172202388684,0.0824484164001,0.0944504010659,0.0727229619887
G[C>G]T,0.441126326989,0.0898838682286,1.15097785403,0.324287462003,0.0524582659123,0.0786873988684,0.376745727915,0.43158846046,0.28929710858
T[C>G]A,0.436863798828,0.319602847702,1.31956036399,0.321153927787,0.0519513706715,0.0779270560072,0.373105298459,0.42741809507,8.02952623208
T[C>G]C,0.46337754457,0.152979262653,1.3912845649,0.340645113846,0.0551043566516,0.0826565349774,0.395749470498,0.453358570634,2.09582602066
T[C>G]G,0.0369271780749,0.0184869290852,0.176369065585,0.0271464660443,0.0043913400954,0.0065870101431,0.0315378061397,0.036128752603,0.318814466537
T[C>G]T,0.974188930866,0.396930947749,2.53054850789,0.71616051134,0.115849494481,0.173774241722,0.832010005821,0.953125386415,9.54626423448
A[C>T]A,3.08477421686,0.410605155509,2.71298277402,2.26772591077,0.366838014978,0.550257022467,2.63456392575,3.01807639596,3.94845623928
A[C>T]C,2.26020844087,0.317412209511,1.87904713149,1.66155863761,0.268781544319,0.403172316479,1.93034018193,2.21133906917,3.40003539349
A[C>T]G,5.37712476526,0.754054498406,3.85121250763,3.95291334095,0.639441863977,0.959162795965,4.59235520492,5.26086260817,10.8259759714
A[C>T]T,2.70523601497,0.359874805972,2.09083801623,1.98871404343,0.32170374232,0.48255561348,2.31041778575,2.64674442545,2.37159068475
C[C>T]A,4.25017945565,0.360868221813,1.89242093673,3.12445624848,0.505426746078,0.758140119117,3.62988299456,4.15828368364,3.68603961033
C[C>T]C,5.41287539133,0.475139878246,1.43451022807,3.97919488227,0.64369328978,0.96553993467,4.62288817205,5.29584024773,4.86184589699
C[C>T]G,4.00912150628,0.445077181839,3.42292594709,2.94724608029,0.476760395341,0.715140593011,3.42400647563,3.92243779803,6.89001884914
C[C>T]T,7.65537957107,0.583178253955,1.94564574805,5.62773849549,0.910369462506,1.36555419376,6.538107958,7.48985785062,4.42125488217
G[C>T]A,3.96658342784,0.416694542285,3.77729190826,2.91597484425,0.471701813041,0.707552719561,3.38767665729,3.88081946184,4.78333201018
G[C>T]C,5.53714158124,0.72122261812,4.01973320119,4.07054732458,0.658470890742,0.987706336112,4.72901821533,5.4174196011,6.42566121762
G[C>T]G,4.59287817055,0.828182037052,4.43276316249,3.37638611456,0.546180106768,0.819270160152,3.92256622133,4.49357269659,7.40502614013
G[C>T]T,6.26639002717,0.560776390632,3.52256184636,4.60664347943,0.745192327556,1.11778849133,5.35183580699,6.13090051307,4.65474932453
T[C>T]A,3.62287875423,0.377692611435,1.88874243829,2.66330546257,0.430828824828,0.646243237242,3.0941342874,3.54454624063,5.94116252191
T[C>T]C,4.53392946948,0.331424823324,1.91372576156,3.33305085324,0.539169990965,0.808754986448,3.87222084421,4.43589856203,3.74763036429
T[C>T]G,2.91736649286,0.320716009233,2.73096169903,2.14465861097,0.346930069421,0.520395104132,2.49158868039,2.85428829842,5.07193863828
T[C>T]T,3.34135598945,0.299158378279,1.63451225275,2.45634818684,0.397350441989,0.596025662983,2.85369862883,3.26911045454,3.22651187084
A[T>A]A,4.18433419126,0.261188650595,1.49371526607,3.07605108114,0.49759649842,0.746394747631,3.57364757956,4.09386210064,1.70483362084
A[T>A]C,0.821666564807,0.20169858703,1.44333848206,0.604035961155,0.0977116995986,0.146567549398,0.701747660754,0.803900801243,0.725619699073
A[T>A]G,0.887090462045,0.307244882216,1.31461142415,0.652131366692,0.10549183873,0.158237758094,0.757623205422,0.86791012773,0.491946348529
A[T>A]T,1.23660332804,0.317369000179,1.26644195648,0.90907055467,0.147055530902,0.220583296354,1.05612608557,1.20986595879,1.01617294392
C[T>A]A,8.93955700553,0.284388175653,1.80886167768,6.57178244731,1.06308245471,1.59462368207,7.63486490202,8.74626928649,2.80755865262
C[T>A]C,1.25077576601,0.307061685905,1.88676427803,0.919489211766,0.148740901903,0.223111352855,1.06823011367,1.22373196566,0.73308092115
C[T>A]G,1.00863036947,0.571376296356,3.73723765686,0.741479622965,0.119945233127,0.17991784969,0.861424856092,0.986822145269,0.628543647307
C[T>A]T,1.80820614203,0.392188592772,2.17034465224,1.32927586658,0.215029919593,0.32254487939,1.54430578617,1.76910979302,0.653519833882
G[T>A]A,3.19710725541,0.195976208984,1.32725101922,2.35030587425,0.380196538481,0.570294807722,2.73050241273,3.12798061205,1.04428142049
G[T>A]C,0.449227995215,0.128941485772,0.918942501417,0.330243282969,0.0534217075391,0.0801325613086,0.383664990508,0.439514957481,0.451088513638
G[T>A]G,0.509172960011,0.201437551683,1.48647759556,0.374310932765,0.0605502979472,0.0908254469209,0.434861230712,0.49816381493,0.333533539786
G[T>A]T,0.931258415182,0.204256988003,1.02510585876,0.684600780891,0.110744243968,0.166116365951,0.795345024858,0.911123098097,0.434404479575
T[T>A]A,2.10737819993,0.255180828491,1.13675859334,1.54920775778,0.250607137289,0.375910705933,1.79981489507,2.06181326587,1.02199523337
T[T>A]C,0.906942029988,0.226462053414,1.26436822021,0.666724951775,0.107852565728,0.161778848593,0.774577517504,0.887332472583,0.680256977221
T[T>A]G,0.728171138413,0.248683149371,1.30895327428,0.535304188238,0.086593324568,0.129889986852,0.621897512806,0.712426897582,0.305523383678
T[T>A]T,1.50068013036,0.338642554939,1.43397267872,1.10320269043,0.178459258745,0.267688888118,1.28166194917,1.4682329924,0.645605529723
A[T>C]A,2.19592075071,0.524910777627,4.91383868333,1.61429849782,0.261136521706,0.391704782559,1.87543501952,2.14844138312,3.01859076125
A[T>C]C,1.13416419796,0.247393118503,2.61366783975,0.833763950935,0.134873580298,0.202310370448,0.968637531234,1.10964172882,1.91023175435
A[T>C]G,2.17306387527,0.403818207989,5.02804873068,1.5974956056,0.258418406789,0.387627610183,1.85591401239,2.1260787104,3.43692678568
A[T>C]T,2.0990855139,0.435073451914,3.71518298451,1.54311151292,0.249620980031,0.374431470047,1.79273249295,2.05369988117,1.91247201217
C[T>C]A,1.13148935764,0.238058975368,3.09970486102,0.831797581832,0.134555491179,0.201833236768,0.96635307301,1.10702472288,1.74403491143
C[T>C]C,2.11111243349,0.294863301819,2.75142954918,1.55195292408,0.251051208307,0.376576812461,1.80300413239,2.06546675925,1.97905147467
C[T>C]G,2.02080330726,0.322725320234,4.81865044178,1.48556351237,0.240311744647,0.360467616971,1.72587525701,1.97711026278,3.32284355039
C[T>C]T,3.13765260937,0.315436755384,2.31381469837,2.30659867499,0.373126256249,0.559689384373,2.67972493124,3.06981147187,2.02879359241
G[T>C]A,1.13312248177,0.407114287558,6.31023236304,0.832998148762,0.134749700535,0.202124550802,0.967747849297,1.10862253622,3.67769142327
G[T>C]C,1.00983295342,0.308174925431,2.87942576485,0.742363684679,0.12008824311,0.180132364665,0.862451927788,0.987998727403,2.00049503569
G[T>C]G,1.16194070034,0.274671759451,3.60442761884,0.854183433764,0.138176731932,0.207265097899,0.992360165696,1.13681765817,2.6833987545
G[T>C]T,1.57480578508,0.33004902403,3.8598746908,1.15769506363,0.187274201469,0.280911302204,1.3449692651,1.54075593027,2.7647950143
T[T>C]A,1.07009894441,0.283766290322,2.72566091023,0.786667332107,0.127255009606,0.190882514408,0.913922341712,1.04696166994,2.13981741344
T[T>C]C,1.05266821036,0.263387032932,3.15538406803,0.773853387078,0.125182165557,0.187773248335,0.899035552634,1.02990781663,1.94921328179
T[T>C]G,0.993785716359,0.186658410926,2.1435544795,0.730566796891,0.118179923027,0.17726988454,0.848746719918,0.972298457627,1.97293014802
T[T>C]T,1.06716371625,0.280419230321,2.39749892641,0.784509542757,0.126905955446,0.190358933169,0.911415498203,1.04408990617,1.67864306533
A[T>G]A,0.254785875922,0.0597556583011,0.263118617279,0.187302049327,0.0302988609205,0.0454482913807,0.217600910247,0.249276992118,0.20373186573
A[T>G]C,0.254643825198,0.0341292335783,0.245152031229,0.187197622848,0.0302819684019,0.0454229526029,0.21747959125,0.249138012761,0.23047568758
A[T>G]G,0.412567314861,0.095096182668,0.742066211454,0.303292728762,0.0490620590645,0.0735930885967,0.352354787827,0.403646940485,0.270410875298
A[T>G]T,0.897227694227,0.102562595998,0.986368651285,0.659583602242,0.106697347422,0.160046021132,0.766280949664,0.877828176514,0.556996788866
C[T>G]A,0.0918331037975,0.0364604268686,0.174187685319,0.06750974117,0.0109206934246,0.0163810401368,0.0784304345946,0.0898475231748,0.0963356966454
C[T>G]C,0.700818269953,0.0779658712433,0.95096791906,0.515196133587,0.0833405510215,0.125010826532,0.598536684609,0.685665442495,0.590068328794
C[T>G]G,0.739396437404,0.12067133084,1.42614385398,0.543556299929,0.0879282249886,0.131892337483,0.631484524918,0.723409487406,0.68349237651
C[T>G]T,5.65443516344,0.253565694029,1.80950967045,4.15677395799,0.672419316734,1.0086289751,4.82919327472,5.53217710586,1.53392579601
G[T>G]A,0.0362172326802,0.0150471710978,0.286086358115,0.0266245602406,0.00430691415657,0.00646037123485,0.0309314743972,0.035434157379,0.0400845502878
G[T>G]C,0.253603862946,0.0186579760681,0.470682970843,0.186433110058,0.0301582972152,0.0452374458228,0.216591407273,0.24812053618,0.181558410241
G[T>G]G,0.743796512452,0.0985019168324,1.14091659423,0.546790949695,0.0884514771565,0.132677215735,0.635242426851,0.727714425696,0.285027118314
G[T>G]T,1.72888328828,0.142103568259,1.10574258082,1.27096284976,0.205596931579,0.308395397368,1.47655978134,1.69150202799,0.616539416324
T[T>G]A,0.277879743433,0.0497051700816,0.449306084991,0.20427916274,0.0330451586785,0.0495677380177,0.237324321418,0.271871532764,0.237106218468
T[T>G]C,0.437976725311,0.0679696749869,0.72090768275,0.321972079147,0.0520837186856,0.0781255780284,0.374055797833,0.428506958277,0.28938282641
T[T>G]G,0.457565626072,0.0971045303688,0.925271368671,0.336372568356,0.0544132095869,0.0816198143804,0.390785777943,0.447672315238,0.321487046161
T[T>G]T,1.63128397414,0.24053863421,2.31669492763,1.19921416477,0.193990526654,0.290985789981,1.39320469142,1.59601296929,0.626521596095
