,1,3,2,5,4,7,6,9,8
A[C>A]A,1.41915544,1.23220083114,1.25769464144,0.457049325866,0.172736417391,1.24837125249,1.7151535469,1.09639562175,1.86712917764
A[C>A]C,1.1868264933,1.03047809299,1.05179832939,0.368805620739,0.142193333468,0.952456716496,1.30859270614,0.836505464053,1.42454395859
A[C>A]G,0.451972410288,0.392431134681,0.400550399536,0.224481338774,0.0190251525458,0.447177182698,0.614382564055,0.392738221326,0.668821525427
A[C>A]T,1.11469381823,0.967847926009,0.987872365857,0.356525333748,0.151176182715,0.906708790257,1.24573903357,0.796326850573,1.35612097325
C[C>A]A,2.05898785247,1.78774394376,1.8247317495,0.862821473495,0.234193561764,1.97979504684,2.72006623827,1.7387765194,2.96108476571
C[C>A]C,1.33552636645,1.15958876129,1.1835802529,0.546839700847,0.333790865268,1.87257489158,2.57275506843,1.6446092526,2.80072070741
C[C>A]G,0.546806102611,0.47477176574,0.484594629859,0.275561148343,0.0957881704503,0.635323907079,0.872879802769,0.557980127086,0.950223582761
C[C>A]T,2.50967426218,2.17905849111,2.22414245989,0.522388453809,0.562323420821,2.81102418455,3.86210279269,2.46881254469,4.20431443255
G[C>A]A,1.82465437155,1.58428074176,1.61705896401,0.706876975698,0.165649411357,1.48372478317,2.03850883252,1.30309741826,2.21913619743
G[C>A]C,2.68407550839,2.33048472285,2.37870164815,1.27217900939,0.153562879689,2.18490974889,3.00187600283,1.91892073599,3.26786501574
G[C>A]G,0.797114730177,0.692105604046,0.706425030336,0.486075305216,0.039372257288,0.872103793555,1.19819477723,0.765934636078,1.30436393471
G[C>A]T,2.7213285138,2.36283014672,2.41171628768,0.803506703944,0.259536280801,1.45696683125,2.00174573337,1.27959695614,2.17911560848
T[C>A]A,5.01774350728,4.35672340452,4.44686250944,0.506858964715,0.163729598448,1.82468915258,2.50696422702,1.60255308183,2.72910029777
T[C>A]C,2.75491857285,2.39199516804,2.44148472324,0.802387656768,0.155143117397,1.87269534351,2.57292055892,1.64471504083,2.8009008616
T[C>A]G,0.568934926317,0.493985415066,0.504205802964,0.175546254261,0.0591812350642,0.368317857989,0.506036709237,0.323479162233,0.550875404992
T[C>A]T,5.98604157494,5.1974612477,5.30499492869,0.580476162753,0.526652265072,2.10949805911,2.89826689861,1.85268959974,3.15507535798
A[C>G]A,0.647115964507,0.561867154811,0.573491992497,0.174163909557,0.08909764995,0.540342472003,0.74238357023,0.474561649324,0.808164392909
A[C>G]C,0.259537278322,0.225346738663,0.23000908498,0.103543839343,0.0491172786538,0.356700773021,0.490075844672,0.313276331088,0.533500286605
A[C>G]G,0.0219437764483,0.0190529795509,0.0194471791278,0.00427461517451,0.0043924566573,0.0583701633572,0.0801955287864,0.0512642304268,0.0873014617169
A[C>G]T,0.483731836428,0.420006684324,0.428696477793,0.0969060457761,0.0981383686929,0.405181178255,0.556683705776,0.355854773945,0.606010110085
C[C>G]A,0.634408361554,0.550833607337,0.56223016473,0.151369277347,0.0322204157196,0.444530414069,0.610746134112,0.390413668008,0.664862880172
C[C>G]C,0.315774287937,0.274175279945,0.279847871944,0.185030712365,0.0379742924469,0.450707835843,0.619233374463,0.395839055828,0.674102154479
C[C>G]G,0.0605249233307,0.0525515801375,0.0536388542093,0.0272239241575,0.0114735896852,0.0952961777886,0.130928661657,0.0836949039709,0.142529935475
C[C>G]T,0.697076101471,0.605245716846,0.617768042022,0.135321399289,0.0343608852901,0.474221023214,0.651538449286,0.416489768214,0.709269704286
G[C>G]A,0.255968834266,0.222248389034,0.226846631565,0.0711605110223,0.036537082435,0.249371583836,0.342614871706,0.219013304065,0.372973151477
G[C>G]C,0.24742471903,0.214829845864,0.219274601296,0.104116552075,0.0329917367177,0.367539127817,0.504966801697,0.322795233996,0.549710695518
G[C>G]G,0.0887010600774,0.0770158904863,0.0786093227033,0.0595422461402,0.00266302804439,0.129899530776,0.178470659675,0.114085674856,0.194284515596
G[C>G]T,0.424643924305,0.368702808529,0.376331142498,0.0591793576277,0.0423906775542,0.292250171797,0.40152632299,0.256671890013,0.437104604774
T[C>G]A,20.3792908246,17.6945938298,18.0606888745,0.247684231996,0.0154920557227,2.32063699682,3.18835343911,2.03812466677,3.47086576916
T[C>G]C,4.81925501887,4.18438310022,4.27095654367,0.124345377508,0.0382555753966,0.768170309189,1.05539920741,0.674653923723,1.14891559287
T[C>G]G,0.705456708502,0.612522291813,0.625195166816,0.0289502579306,0.00394027763331,0.140880589784,0.193557679877,0.123729909289,0.210708360373
T[C>G]T,24.008720931,20.8458954191,21.2771898071,0.37108129761,0.116056734142,2.93795997968,4.0365015373,2.5802952865,4.39416623048
A[C>T]A,1.15033227993,0.998791500536,1.01945615227,0.568790156685,0.660968040406,1.81945514079,2.49977314995,1.59795625408,2.72127203666
A[C>T]C,1.51110958056,1.31204125258,1.33918693367,1.39149643667,1.06082999771,1.07976552176,1.48350393424,0.948315806066,1.61495364993
A[C>T]G,2.10225283172,1.82530934491,1.86307436584,0.634385402044,1.22671965245,4.30492833735,5.91459719392,3.78085010498,6.43867542629
A[C>T]T,0.875953726648,0.760558624934,0.776294320622,0.827061063864,0.793116878778,1.01633572773,1.39635691288,0.892607900006,1.5200847406
C[C>T]A,1.32796771126,1.15302585709,1.17688156447,1.22729769794,0.796971660383,1.54591333418,2.12395049391,1.35771518915,2.31214863894
C[C>T]C,1.99790627403,1.73470904033,1.7705995722,2.48417571408,1.6471404821,1.37466039086,1.88866384135,1.20731043023,2.05601380198
C[C>T]G,1.37553120301,1.19432349962,1.21903364099,0.660130139621,1.10286443455,2.99922512093,4.12067451397,2.63410206273,4.48579757217
C[C>T]T,1.94849448135,1.6918065856,1.72680948048,1.91173446186,1.51280511317,1.57841836001,2.16860957289,1.3862630814,2.3607648515
G[C>T]A,2.99738620461,2.6025209561,2.65636621726,1.03504565099,1.01540658812,2.34365530978,3.21997859952,2.05834075033,3.50529315897
G[C>T]C,6.36818162917,5.52925949838,5.64365797076,2.2981365646,1.89976290516,2.37920978785,3.2688273607,2.08956685716,3.5584702914
G[C>T]G,7.09740329632,6.16241603573,6.28991429854,1.52780083658,1.7230764078,2.76906528869,3.80445491837,2.43196168832,4.14155851873
G[C>T]T,4.40631699526,3.82584409768,3.90499949281,1.65515709741,1.5287820878,2.21871826985,3.04832597075,1.948613437,3.3184308036
T[C>T]A,9.3369507935,8.1069333237,8.27466297867,3.03960160754,0.58924202473,4.49870295592,6.18082666988,3.95103476998,6.72849485582
T[C>T]C,2.48234894664,2.15533291774,2.19992601259,3.99248075837,1.5283811107,1.74926469343,2.4033375788,1.53631073075,2.61629154148
T[C>T]G,3.09070184421,2.68354351742,2.73906510744,1.11573507314,0.811151810957,2.39122838292,3.28533986524,2.10012231892,3.57644592924
T[C>T]T,3.2978227751,2.86337905622,2.92262138152,2.49599543813,1.08564752818,2.53536091081,3.48336542529,2.22670827819,3.79201805791
A[T>A]A,0.65531431821,0.568985485871,0.580757599372,0.607356300414,0.0847657291982,1.263895094,1.73648195524,1.1100296043,1.89034744494
A[T>A]C,0.484939010158,0.421054829179,0.429766308404,0.211291997508,0.119437747853,0.483582375987,0.664400133965,0.424711478041,0.723271031911
A[T>A]G,0.273583028082,0.237542150131,0.242456815306,0.659324586466,0.128550102911,1.54739498136,2.12598614831,1.35901646189,2.31436466778
A[T>A]T,0.716445311773,0.622063294654,0.634933569715,0.267121562238,0.136981416613,0.972708801069,1.33641730929,0.85429207746,1.4548340329
C[T>A]A,0.901910751159,0.783096161186,0.799298150728,1.16320433192,0.1268121328,1.73229927939,2.38002857516,1.52141067146,2.59091718308
C[T>A]C,0.306964774889,0.26652630155,0.272040638824,0.711594602053,0.221878074321,1.30081952158,1.78721290791,1.14245888417,1.94557354532
C[T>A]G,0.325906321688,0.282972554759,0.28882715934,1.88269197258,0.283351821362,4.15000484277,5.70174578398,3.64478686191,6.20696376483
C[T>A]T,0.228929890104,0.198771461467,0.202883974463,0.662798599319,0.377711277568,1.49834392979,2.05859426875,1.31593684268,2.24100135586
G[T>A]A,0.348150776506,0.302286602356,0.308540807922,0.599166997264,0.0800455319177,1.15431397661,1.58592702874,1.01378879685,1.7264522085
G[T>A]C,0.259958952996,0.22571286338,0.230382784691,0.179517166202,0.0670298724397,0.434756049142,0.597317006647,0.381829225768,0.650243830021
G[T>A]G,0.15446236839,0.134114032434,0.136888805519,0.452121567468,0.110946187121,1.13839974044,1.56406225208,0.999811945948,1.70265004657
G[T>A]T,0.225380442925,0.195689606132,0.199738356604,0.158239009409,0.115770482446,0.446849162771,0.613931893198,0.39245013426,0.66833092171
T[T>A]A,0.523281585457,0.454346286774,0.463746554776,0.418843044507,0.0940823684294,1.28086078961,1.75979134572,1.12492991087,1.91572222445
T[T>A]C,0.292860923966,0.254280442964,0.259541417646,0.420358017492,0.101531719161,0.756329696382,1.03913123503,0.664254776822,1.13120615459
T[T>A]G,0.423947263977,0.368097923812,0.375713742926,0.726449370044,0.112317868416,1.68118109053,2.30979662872,1.47651556646,2.51446215279
T[T>A]T,0.301773743587,0.262019118683,0.267440203897,0.427844680975,0.148752290945,0.908322963626,1.24795676742,0.79774451588,1.35853521516
A[T>C]A,1.10896177283,0.962871000364,0.982792469337,0.37980057658,0.271087058248,1.75640158925,2.41314305306,1.54257878708,2.62696585523
A[T>C]C,0.62893877507,0.54608456518,0.557382866529,0.181301012629,0.19403050402,0.842096037681,1.15696673003,0.739579998311,1.2594827694
A[T>C]G,1.01241123005,0.879039690761,0.897226718845,0.271602207052,0.343786957828,1.92767297188,2.64845503962,1.69299974052,2.88312827098
A[T>C]T,0.887242927234,0.770360625443,0.786299121142,0.251426346185,0.21547434396,1.18575881685,1.62912950489,1.04140556958,1.77348275216
C[T>C]A,0.454016911673,0.394206300555,0.40236229298,0.314441198281,0.17959779593,0.886564872374,1.21806304204,0.778635235737,1.32599267868
C[T>C]C,0.555216447142,0.482074160692,0.492048108845,0.550556643324,0.455758830123,0.902127983858,1.23944540391,0.792303707562,1.3492696802
C[T>C]G,1.0510523519,0.912590365425,0.931471545399,0.512878727139,0.513504080689,1.97587255738,2.71467707884,1.7353315504,2.95521808583
C[T>C]T,0.677024865306,0.587835960894,0.599998084223,0.174389217322,0.98954976522,1.05940063778,1.45552435452,0.930430125359,1.58449486695
G[T>C]A,1.02520967281,0.89015211112,0.90856905135,0.239993707263,0.194211003803,0.796284511349,1.09402567646,0.699345527359,1.19096466045
G[T>C]C,2.04138269801,1.77245803121,1.80912957668,0.453414956576,0.290376136967,0.604796545434,0.830937862422,0.531169139903,0.904565267953
G[T>C]G,0.930087855955,0.807561312057,0.824269477134,0.240708452826,0.2295833664,0.984896508638,1.35316215969,0.864996064108,1.47306260422
G[T>C]T,0.885765837999,0.769078122813,0.784990083975,0.247400103178,0.244083575608,0.768343692301,1.05563742073,0.674806199325,1.1491749137
T[T>C]A,0.729286598965,0.633212915269,0.646313872137,0.247587001469,0.140680590262,0.866321401574,1.19025027347,0.760856187469,1.29571548757
T[T>C]C,0.753276165418,0.654042179555,0.667574086718,0.405085391985,0.190701271997,0.74841730846,1.02826030206,0.657305636126,1.11937197439
T[T>C]G,0.477037350704,0.414194106898,0.422763640145,0.24639556671,0.199652087522,0.934956148962,1.28454844814,0.821135400393,1.39836919671
T[T>C]T,0.811904373836,0.704946911415,0.719532019927,0.242678043192,0.156277592883,0.940663378582,1.29238968536,0.826147836841,1.4069052271
A[T>G]A,0.553458164317,0.48054750794,0.490489870173,0.0815324644914,0.0174233089778,0.603767629971,0.829524222048,0.530265483714,0.903026368305
A[T>G]C,0.165494979369,0.14369324556,0.146666209261,0.179987108729,0.0762870737884,0.157867833447,0.216896675518,0.13864914068,0.236115368286
A[T>G]G,0.183345688899,0.159192364613,0.162485999743,0.103074077139,0.0573315374322,0.233151621143,0.320330053396,0.204767945525,0.348713729013
A[T>G]T,0.555019962043,0.481903559857,0.491873978337,0.868361133314,0.325796686621,0.425559613932,0.584681904359,0.373752356584,0.636489161707
C[T>G]A,0.367899153492,0.319433396745,0.326042363574,0.103051978707,0.0080817853667,0.367106821274,0.504372850098,0.322415556075,0.549064115296
C[T>G]C,0.252438837977,0.219183422196,0.22371825162,0.38094550405,0.219185807901,0.386103629851,0.530472813187,0.339099709695,0.577476733342
C[T>G]G,0.344018613223,0.298698795912,0.304878771,0.245533157654,0.185888706368,0.681564048725,0.93640973651,0.598591034098,1.01938275114
C[T>G]T,1.19550169158,1.03801045077,1.05948652907,1.24211803698,2.39375697172,1.05539596062,1.45002227634,0.926912974114,1.57850526285
G[T>G]A,0.113040636794,0.0981490558992,0.100179726021,0.000329455988001,0.00228231042237,0.141114389967,0.193878900998,0.12393524684,0.211058044124
G[T>G]C,0.129967730065,0.112846232691,0.115180982333,0.0241286099023,0.0968285309779,0.0895095991156,0.122978405741,0.0786127783537,0.133875226503
G[T>G]G,0.311577693285,0.270531530098,0.276128734169,0.153305460173,0.104366837827,0.335093861471,0.460389827065,0.294299826162,0.501183862374
G[T>G]T,1.02307270789,0.888296662541,0.90667521418,0.44772468437,0.644850173722,0.442600777553,0.608094981334,0.388718943764,0.661976815123
T[T>G]A,0.872080960262,0.757196043342,0.772862168376,0.118991484728,0.0411822602795,0.868375046661,1.19307180324,0.76265982359,1.29878702631
T[T>G]C,0.244981194246,0.212708222549,0.217109082326,0.307932745324,0.124328214818,0.214111242473,0.29417022879,0.188045525998,0.320235945265
T[T>G]G,0.214829701381,0.186528782636,0.190387998828,0.179258520546,0.0719165051659,0.346940535407,0.476666126907,0.304704296314,0.518902366001
T[T>G]T,1.62595741158,1.41175942921,1.44096824499,2.29884553753,0.650150726359,1.05879672874,1.45469463601,0.929899735677,1.58359162907
