,1,3,2,5,4,7,6,9,8
A[C>A]A,0.847526644799,0.15550947611,1.4151362326,0.808649275771,0.39654916408,0.894179487632,0.940832330465,0.723119063911,0.298006471631
A[C>A]C,0.628121418405,0.115251636404,1.04878989128,0.599308509303,0.293891672831,0.662696909326,0.697272400247,0.535920109281,0.197381115968
A[C>A]G,0.225293493449,0.0413382556787,0.376178126676,0.214958929529,0.105412551981,0.237694970153,0.250096446856,0.192222888906,0.0261185091614
A[C>A]T,0.547770791891,0.100508402182,0.914626459855,0.522643691346,0.256296425564,0.577923312546,0.6080758332,0.467364070146,0.195581008265
C[C>A]A,1.34295087691,0.246413004937,2.24235834493,1.28134762567,0.628353162589,1.41687477839,1.49079867987,1.14582047296,0.37903972533
C[C>A]C,1.43934665746,0.264100304121,2.4033127675,1.37332158143,0.673455775508,1.51857674869,1.59780683993,1.22806641416,0.219138442314
C[C>A]G,0.38869343995,0.0713198972386,0.649011064871,0.370863465641,0.181865737958,0.410089409122,0.431485378294,0.33163752216,0.0636948462796
C[C>A]T,2.41976922281,0.44399435281,4.04034861057,2.30877063461,1.13218559966,2.55296752865,2.6861658345,2.06457374056,0.267528435834
G[C>A]A,1.06644394626,0.195677788304,1.78066787357,1.01752449918,0.498978360175,1.12514728275,1.18385061924,0.909901715614,0.401550919358
G[C>A]C,0.833404855811,0.152918322167,1.39155673172,0.795175275269,0.389941721526,0.879280352461,0.925155849111,0.711070198077,0.181733755566
G[C>A]G,0.31540311277,0.0578721307834,0.526636390129,0.300935080074,0.147573933498,0.332764752005,0.35012639124,0.269105408143,0.0345484555388
G[C>A]T,1.14581446489,0.210241186219,1.91319479459,1.09325416834,0.536115024859,1.20888682076,1.27195917663,0.977621515919,0.275341366496
T[C>A]A,1.27436141795,0.233827783111,2.12783282631,1.21590447218,0.596260846933,1.34450975289,1.41465808782,1.08729919147,0.396844127217
T[C>A]C,1.17035134996,0.214743366966,1.95416463939,1.11666550822,0.547595585762,1.23477436005,1.29919737014,0.99855665639,0.275941934815
T[C>A]G,0.273447806272,0.0501739094077,0.45658257561,0.26090432892,0.12794346899,0.288499979094,0.303552151917,0.233308678746,0.058958757172
T[C>A]T,1.58586698388,0.290984767684,2.64796138592,1.51312079196,0.742011157593,1.67316241418,1.76045784449,1.35307916973,0.500012032392
A[C>G]A,0.330300551957,0.0606056058637,0.55151101336,0.315149150491,0.154544294952,0.348482233716,0.366663915475,0.281816067266,0.0658898126159
A[C>G]C,0.200320793,0.0367561088073,0.334480590146,0.191131765798,0.0937280774586,0.211347625642,0.222374458284,0.170915905954,0.0438629721314
A[C>G]G,0.0760412472885,0.0139525224383,0.126967954188,0.0725531166789,0.0355789322175,0.0802270040199,0.0844127607514,0.0648792293379,0.00882347099266
A[C>G]T,0.320163088429,0.0587455208126,0.534584239395,0.305476708226,0.149801078072,0.337786744673,0.355410400916,0.273166671779,0.0751875333557
C[C>G]A,0.258049985518,0.047348621196,0.430872452883,0.246212830219,0.12073898405,0.272254571877,0.286459158236,0.220171088561,0.055645216632
C[C>G]C,0.227880720089,0.0418129761631,0.380498083084,0.217427476048,0.106623089216,0.240424612938,0.252968505787,0.194430339158,0.0444450006678
C[C>G]G,0.111137633767,0.0203922263793,0.185569260052,0.106039577173,0.0520001772673,0.117255301681,0.123372969595,0.0948238526639,0.0196241468466
C[C>G]T,0.287521336011,0.0527562084425,0.480081496826,0.274332283901,0.134528331528,0.303348198544,0.319175061077,0.245316369257,0.0650166199673
G[C>G]A,0.20321344089,0.0372868698882,0.339310515982,0.193891723418,0.0950815182148,0.214399501857,0.225585562823,0.17338394498,0.0289688651585
G[C>G]C,0.261379571995,0.0479595544944,0.436431945899,0.249389683371,0.122296863961,0.275767438343,0.290155304691,0.223011928399,0.0427452468528
G[C>G]G,0.0781758752677,0.0143441972968,0.130532195401,0.0745898259435,0.0365777031069,0.0824791344567,0.0867823936458,0.0667005174302,0.00264155902163
G[C>G]T,0.207645595418,0.038100109251,0.346710994184,0.198120568105,0.09715527859,0.219075628193,0.230505660968,0.177165508017,0.0485606377004
T[C>G]A,1.8540280482,0.340188632697,3.09571655754,1.76898089002,0.867481013377,1.95608463801,2.05814122782,1.58187714204,0.445839309146
T[C>G]C,0.585183935954,0.107373199258,0.977096113244,0.558340636139,0.273801658107,0.617395895731,0.649607855508,0.499285376548,0.155247303702
T[C>G]G,0.11538570869,0.0211716896678,0.192662375977,0.110092786273,0.053987808653,0.12173721559,0.12808872249,0.0984483569554,0.0196912711604
T[C>G]T,2.57516915954,0.472508102667,4.29982373427,2.45704213387,1.2048956618,2.71692159034,2.85867402114,2.1971626774,0.533088602124
A[C>T]A,1.74974330297,0.321053817059,2.92158973523,1.66947984871,0.8186872335,1.84605944809,1.9423755932,1.49290024932,0.418447254654
A[C>T]C,1.49468664607,0.274254430471,2.49571531729,1.42612303845,0.699348797702,1.57696297521,1.65923930435,1.27528310169,0.811551489009
A[C>T]G,3.80948537278,0.698988141794,6.36079209032,3.63473833733,1.78241976157,4.01918181531,4.22887825785,3.25029485934,0.82684798072
A[C>T]T,1.14163552124,0.209474407567,1.90621710886,1.08926691935,0.534159739297,1.20447784351,1.26732016578,0.974055995188,0.518239634904
C[C>T]A,1.64517803015,0.301867528468,2.74699450906,1.56971114804,0.769762197594,1.73573828869,1.82629854723,1.40368400738,0.670709611916
C[C>T]C,1.87741523786,0.344479860158,3.13476672744,1.79129527282,0.878423643403,1.98075919591,2.08410315396,1.60183134973,1.41323671829
C[C>T]G,3.09330339487,0.567578604564,5.16496530153,2.95140874373,1.44732544164,3.26357697624,3.43385055761,2.63924051122,0.647922046557
C[C>T]T,1.99690693722,0.36640494261,3.33428497775,1.90530570157,0.934332603655,2.10682842001,2.21674990279,1.70378298314,1.09194811196
G[C>T]A,2.82452044969,0.518260632971,4.71617176004,2.69495529145,1.32156461408,2.97999863958,3.13547682947,2.40991194332,0.494906645217
G[C>T]C,4.49713195013,0.825161825711,7.50897261397,4.2908414937,2.10416265556,4.74468049784,4.99222904555,3.83700248956,1.19671877295
G[C>T]G,5.732949881,1.05191740936,9.57244842515,5.46997052866,2.68238939386,6.04852510381,6.36410032661,4.89141595351,0.652019935675
G[C>T]T,3.22725853786,0.592157529883,5.38863352194,3.07921915539,1.5100017012,3.40490579683,3.58255305579,2.75353251396,0.743865244296
T[C>T]A,6.07348099286,1.11440018218,10.1410416578,5.79488094732,2.84172046455,6.40780104751,6.74212110217,5.18196084712,0.779368592518
T[C>T]C,2.24619214026,0.412145346837,3.75052265622,2.14315580355,1.05097063444,2.36983574431,2.49347934837,1.91647586279,1.50426757624
T[C>T]G,2.22190171615,0.407688388284,3.70996433338,2.11997961908,1.03960539012,2.34420823263,2.46651474912,1.89575100552,0.590179942623
T[C>T]T,3.45182944151,0.633363200277,5.76360512252,3.29348864144,1.61507616071,3.64183840159,3.83184736167,2.94513888129,0.841040279119
A[T>A]A,0.539768569573,0.0990401045089,0.901264951031,0.515008543446,0.252552266498,0.569480600926,0.599192632279,0.460536485966,0.501979244452
A[T>A]C,0.642953915312,0.11797319547,1.07355607878,0.613460616445,0.300831648449,0.678345873953,0.713737832594,0.548575358936,0.175129549947
A[T>A]G,0.490680410966,0.0900331029295,0.819301236658,0.468172135233,0.22958441247,0.517690341844,0.544700272723,0.418653928622,0.169574302549
A[T>A]T,0.592119726282,0.108645821336,0.988676974159,0.564958270948,0.277046844407,0.624713472683,0.657307219084,0.505203069213,0.194664903716
C[T>A]A,0.580275203973,0.10647251449,0.968899881863,0.55365707535,0.27150491195,0.61221695832,0.644158712667,0.49509719238,0.906284487318
C[T>A]C,0.625384456654,0.114749441588,1.04421991845,0.596697096257,0.292611076049,0.65980928913,0.694234121606,0.533584903383,0.18945011031
C[T>A]G,1.3765822098,0.252583891706,2.29851341452,1.31343623687,0.64408892385,1.45235737731,1.52813254482,1.17451509643,0.321322558934
C[T>A]T,0.632068112107,0.115975800387,1.05537978352,0.60307416201,0.295738290986,0.666860852223,0.701653592339,0.539287471798,0.216899500605
G[T>A]A,0.495132049796,0.0908499173937,0.826734248283,0.472419570447,0.231667289354,0.522387025014,0.549642000232,0.422452115881,0.347506355811
G[T>A]C,0.361826138231,0.0663901171066,0.60415006567,0.345228608954,0.169294798622,0.381743173363,0.401660208495,0.308714044546,0.097590848633
G[T>A]G,0.575510060632,0.105598176263,0.960943403992,0.549110516567,0.26927534947,0.607189513511,0.63886896639,0.491031519622,0.112354380272
G[T>A]T,0.397064866566,0.0728559388195,0.662989043258,0.378850881862,0.18578264399,0.418921648212,0.440778429858,0.338780115511,0.10952138464
T[T>A]A,0.443517147594,0.0813792931365,0.740551567542,0.42317232431,0.207517197498,0.467930935535,0.492344723476,0.378413713085,0.292995004178
T[T>A]C,0.43476651735,0.0797736729083,0.725940423465,0.414823099123,0.203422865916,0.458698619223,0.482630721095,0.370947579024,0.149633700246
T[T>A]G,0.412603398114,0.0757070455255,0.688934114282,0.393676636733,0.19305296609,0.435315511772,0.458027625429,0.352037761694,0.136606030594
T[T>A]T,0.395217219594,0.0725169210264,0.65990398134,0.377087989337,0.184918148617,0.416972295902,0.43872737221,0.337203682773,0.198210660861
A[T>C]A,2.24142100186,0.411269908599,3.74255616825,2.13860352472,1.04873826693,2.36480197444,2.48818294702,1.91240507499,0.438732001573
A[T>C]C,1.16247159469,0.213297540311,1.94100761683,1.10914720962,0.543908727793,1.22646085679,1.29045011888,0.991833562446,0.257425884712
A[T>C]G,2.31309034408,0.42442024662,3.86222424424,2.20698528242,1.08227162888,2.44041641806,2.56774249205,1.97355414678,0.386206039445
A[T>C]T,1.45338990663,0.266677047087,2.42676112849,1.38672064485,0.680026470073,1.53339302075,1.61339613488,1.24004826896,0.304502722659
C[T>C]A,1.33946407359,0.245773224512,2.23653634306,1.27802076746,0.626721722507,1.41319604095,1.4869280083,1.14284549398,0.259284694031
C[T>C]C,1.03096010917,0.189166992509,1.72141963183,0.983668361045,0.482375830897,1.08771020692,1.14446030468,0.879626515165,0.298612533557
C[T>C]G,2.18427937908,0.400785207171,3.64714538526,2.08408307729,1.02200227829,2.30451494123,2.42475050339,1.86365121335,0.33473782536
C[T>C]T,1.00615183988,0.184615016491,1.67999665007,0.959998085754,0.470768292053,1.06153634482,1.11692084977,0.858459826684,0.349650297902
G[T>C]A,3.06573632062,0.562520425801,5.11893587479,2.92510621417,1.43442708579,3.23449244836,3.4032485761,2.61571997998,0.701064757256
G[T>C]C,1.75379417688,0.321797096676,2.92835357975,1.67334490271,0.820582596523,1.85033330588,1.94687243489,1.49635649954,0.388108897385
G[T>C]G,1.79463236635,0.32929034245,2.9965421163,1.71230978074,0.839690373248,1.89341946909,1.99220657182,1.53120009239,0.474621475678
G[T>C]T,1.8537175293,0.340131656752,3.09519807645,1.76868461511,0.867335724718,1.95575702633,2.05779652335,1.5816122039,0.553827633786
T[T>C]A,1.3642593345,0.250322813671,2.2779376044,1.30167863109,0.63832317486,1.43935617861,1.51445302271,1.16400108357,0.393125653037
T[T>C]C,1.33390559796,0.244753320726,2.22725521861,1.27271726778,0.624120967852,1.40733159418,1.48075759039,1.13810294138,0.314677840417
T[T>C]G,1.04950589911,0.192569889744,1.75238599667,1.00136342667,0.491053218848,1.10727686603,1.16504783295,0.895449987311,0.264079099153
T[T>C]T,1.07720759273,0.197652769309,1.79864020071,1.02779440041,0.504014561737,1.13650342352,1.19579925432,0.919085377285,0.332032097524
A[T>G]A,0.0869353967651,0.0159514489477,0.145158185424,0.0829475345282,0.0406761948167,0.0917208314495,0.0965062661338,0.0741742376069,0.0652431598344
A[T>G]C,0.0835465619724,0.0153296443986,0.139499764027,0.0797141508727,0.0390905932164,0.0881454552919,0.0927443486115,0.0712828464535,0.0338202185293
A[T>G]G,0.180042627246,0.0330353444487,0.300621634484,0.171783791133,0.0842401283443,0.18995323058,0.199863833915,0.153614351687,0.051698190898
A[T>G]T,0.209211276179,0.0383873901245,0.349325250133,0.199614428647,0.0978878448175,0.220727493216,0.232243710253,0.178501364079,0.0751185881104
C[T>G]A,0.0404502400014,0.00742206238558,0.0675407677088,0.038594724405,0.0189262590832,0.0426768587171,0.0449034774327,0.0345125900929,0.0388205921078
C[T>G]C,0.287017860655,0.0526638276431,0.479240831552,0.273851903744,0.13429276049,0.302817008948,0.318616157241,0.24488679854,0.0609558152313
C[T>G]G,0.436744764167,0.0801366539756,0.729243551178,0.416710600673,0.204348467638,0.46078576036,0.484826756552,0.372635440986,0.0861601522989
C[T>G]T,0.561460810901,0.103020332275,0.937485023706,0.535705727832,0.262701847302,0.592366910584,0.623273010266,0.479044545081,0.250946293309
G[T>G]A,0.0496190968662,0.00910442144334,0.0828502351344,0.0473429915054,0.0232162746805,0.0523504232992,0.0550817497322,0.0423355597115,0.0135477454284
G[T>G]C,0.110385217893,0.0202541684208,0.184312932629,0.105321675788,0.0516481294729,0.116461468419,0.122537718946,0.0941818831565,0.0118674808493
G[T>G]G,0.234260924572,0.0429836558848,0.391151268551,0.223515010601,0.109608322506,0.247156021337,0.260051118103,0.199873999864,0.0752699578613
G[T>G]T,0.498583609668,0.0914832311317,0.832497403298,0.475712801885,0.233282239386,0.526028579007,0.553473548347,0.425397024762,0.108163992044
T[T>G]A,0.112140285079,0.0205761990971,0.187243411784,0.106996235305,0.0524693076977,0.118313144808,0.124486004538,0.0956793258016,0.0789245822925
T[T>G]C,0.180737009769,0.0331627540861,0.301781062184,0.172446321248,0.0845650229196,0.190685835995,0.200634662221,0.1542068065,0.0499878643469
T[T>G]G,0.215815531391,0.0395991800717,0.360352538653,0.205915736373,0.100977909183,0.227695285412,0.239575039434,0.184136187333,0.0548584666734
T[T>G]T,0.413808989794,0.0759282550081,0.690947120573,0.394826926042,0.193617050271,0.436587466296,0.459365942799,0.353066385787,0.146237115581
