,1,3,2,5,4,7,6,9,8
A[C>A]A,1.36953515186,0.533481716133,0.37423344266,0.19906034184,1.37749756554,1.17047481002,0.358308615313,1.35361032452,1.2978734288
A[C>A]C,1.14754271896,0.447007919594,0.313572719715,0.166793999848,1.15421447895,0.980748719109,0.300229199727,1.13419919897,1.08749687901
A[C>A]G,0.223986530532,0.0872505671259,0.0612056217152,0.0325561817634,0.225288777803,0.191430348769,0.0586011271741,0.221382035991,0.212266305097
A[C>A]T,1.35138504175,0.526411615102,0.369273819549,0.196422244441,1.35924193153,1.15496279731,0.353560039994,1.3356712622,1.28067303376
C[C>A]A,1.87682015496,0.731086920826,0.512852019087,0.272793627174,1.88773190004,1.60402652778,0.491028528913,1.85499666478,1.77861444917
C[C>A]C,2.24496672263,0.874492851257,0.61345020909,0.326303302708,2.25801885474,1.91866341992,0.587345944874,2.21886245841,2.12749753365
C[C>A]G,0.560424033266,0.218304710633,0.153139125369,0.0814569815793,0.563682312529,0.478967051686,0.146622566843,0.553907474739,0.531099519897
C[C>A]T,5.81300505201,2.264368247,1.588437427,0.844913525001,5.84680159301,4.968091527,1.520844345,5.74541197001,5.50883618301
G[C>A]A,1.25163938694,0.487557203052,0.342017739454,0.181924329497,1.25891636012,1.06971505744,0.327463793094,1.23708544058,1.18614662832
G[C>A]C,1.2847855333,0.500468783322,0.351075116659,0.186742083329,1.29225521664,1.09804344997,0.336135749992,1.26984616664,1.21755838331
G[C>A]G,0.258908090528,0.100853732938,0.0707481410164,0.0376319899024,0.260413370124,0.221276100626,0.0677375818243,0.255897531336,0.245360574163
G[C>A]T,2.79649545268,1.08933253099,0.76415864114,0.406467362308,2.81275414717,2.39002809037,0.731641252155,2.7639780637,2.65016720225
T[C>A]A,0.875737917737,0.341130467956,0.239300477521,0.127287488043,0.880829417258,0.748450429694,0.229117478478,0.865554918693,0.829914422041
T[C>A]C,1.37964715744,0.537420695051,0.376996606976,0.200530110094,1.38766836185,1.17911704735,0.360954198168,1.36360474864,1.30745631781
T[C>A]G,0.249425068835,0.0971597651857,0.0681568502049,0.036253643726,0.250875214584,0.213171425109,0.0652565587068,0.246524777337,0.236373757094
T[C>A]T,2.7551631854,1.07323217106,0.752864358803,0.40045976532,2.77118157602,2.35470342008,0.720827577577,2.72312640418,2.61099766989
A[C>G]A,0.5563926747,0.216734355843,0.152037533203,0.0808710282995,0.559627515832,0.475521646401,0.145567850939,0.549922992436,0.527279104513
A[C>G]C,0.235078478913,0.0915712679486,0.0642365610983,0.0341683835629,0.236445214255,0.20091009535,0.0615030904132,0.232345008228,0.22277786083
A[C>G]G,0.0606593160549,0.023628919626,0.0165755107824,0.00881676105449,0.0610119864971,0.0518425550004,0.0158701698981,0.0599539751705,0.0574852820753
A[C>G]T,0.497111527205,0.193642280946,0.135838614992,0.0722545824426,0.500001710502,0.424856944762,0.130058248397,0.491331160609,0.471099877525
C[C>G]A,0.232533482283,0.0905799029824,0.0635411259728,0.0337984712621,0.233885421134,0.198735011021,0.0608372482718,0.229829604582,0.220366032629
C[C>G]C,0.2776823424,0.108166958958,0.075878314493,0.0403608055814,0.279296774623,0.237321536818,0.0726494500465,0.274453477953,0.263152452391
C[C>G]G,0.0846174262909,0.032961439311,0.0231222036958,0.012299044519,0.0851093880717,0.0723183817719,0.0221382801343,0.0836335027294,0.0801897702641
C[C>G]T,0.105221261414,0.0409873518297,0.0287523214328,0.0152937879962,0.105833012933,0.0899274734174,0.0275288183931,0.103997758374,0.099715497735
G[C>G]A,0.310519835836,0.120958308145,0.0848513504901,0.0451336970692,0.312325183719,0.265386138767,0.0812406547245,0.30690914007,0.294271704891
G[C>G]C,0.231087006267,0.0900164501155,0.0631458679914,0.033588227655,0.232430535373,0.197498778612,0.060458809779,0.228399948054,0.218995244311
G[C>G]G,0.0297706090456,0.0115966907329,0.00813499200665,0.00432712340779,0.0299436939819,0.0254434856378,0.00778882213403,0.029424439173,0.0282128446188
G[C>G]T,0.139055405898,0.0541669313674,0.0379976981234,0.020211541555,0.139863867561,0.118843864343,0.036380774799,0.137438482574,0.131779250939
T[C>G]A,0.301980322187,0.117631869689,0.0825178787371,0.04389248869,0.303736021734,0.258087833497,0.0790064796419,0.298468923092,0.286179026258
T[C>G]C,0.193279223298,0.0752889997729,0.0528146714825,0.028092910363,0.194402939712,0.165186312935,0.0505672386534,0.191031790469,0.183165775567
T[C>G]G,0.0788549676885,0.0307167606694,0.02154757838,0.0114614778617,0.079313426803,0.0673934898268,0.0206306601511,0.0779380494596,0.0747288356583
T[C>G]T,0.909273776781,0.354193854909,0.248464345981,0.13216188616,0.914560252227,0.777111890621,0.237891395088,0.898700825888,0.861695497763
A[C>T]A,4.12785120038,1.60794203736,1.12795933964,0.599978372148,4.15185033526,3.52787282823,1.07996106987,4.0798529306,3.9118589864
A[C>T]C,3.83772244158,1.49492676503,1.0486799695,0.557808494416,3.86003478136,3.27991394717,1.00405528995,3.79309776203,3.63691138359
A[C>T]G,7.06547840424,2.75225030863,1.93068305232,1.02695907038,7.10655676706,6.03851933386,1.84852632669,6.98332167861,6.6957731389
A[C>T]T,2.94212145408,1.14605893851,0.803951792686,0.42763393228,2.95922681137,2.5144875218,0.769741078103,2.9079107395,2.78817323846
C[C>T]A,4.45267428681,1.73447196056,1.21671913651,0.64719103006,4.47856192801,3.80548325675,1.16494385411,4.40089900441,4.21968551599
C[C>T]C,6.80217852907,2.64968582237,1.85873483062,0.98868873969,6.84172607866,5.81348978938,1.77963973144,6.72308342989,6.44625058278
C[C>T]G,4.98762715577,1.94285476417,1.36289811815,0.724945807525,5.01662498807,4.26268134824,1.30490245354,4.92963149117,4.72664666506
C[C>T]T,7.98477879406,3.11034987908,2.18188722861,1.16057831309,8.03120192659,6.82420048097,2.08904096356,7.89193252902,7.56697060135
G[C>T]A,5.68426308094,2.21421875827,1.55325793491,0.826201029206,5.7173111221,4.85806205173,1.48716185257,5.6181669986,5.38683071042
G[C>T]C,7.82140772564,3.04671114894,2.13724513433,1.13683251826,7.86688102637,6.68457520738,2.04629853287,7.73046112418,7.41214801907
G[C>T]G,5.77878569925,2.25103861541,1.57908678991,0.839939781868,5.81238329053,4.93884591739,1.51189160736,5.7115905167,5.47640737778
G[C>T]T,7.8319951683,3.05083532719,2.14013821459,1.13837139074,7.87753002393,6.69362377756,2.04906850333,7.74092545704,7.42218146763
T[C>T]A,3.23878189837,1.26161853018,0.885015983858,0.470753182903,3.25761202569,2.76802871547,0.847355729226,3.20112164374,3.06931075253
T[C>T]C,4.48706288071,1.74786751749,1.22611601973,0.652189372196,4.5131504556,3.83487350852,1.17394086995,4.43488773094,4.25227470672
T[C>T]G,3.14657816018,1.22570195775,0.859820776329,0.457351476771,3.16487221925,2.68922668341,0.823232658187,3.10999004204,2.98193162854
T[C>T]T,3.25581368067,1.26825300352,0.889670017393,0.473228732656,3.27474282998,2.78258494802,0.851811718781,3.21795538206,3.08545133692
A[T>A]A,1.42666716764,0.555736629255,0.389845098134,0.207364413901,1.4349617442,1.21930275374,0.373255945022,1.41007801453,1.35201597863
A[T>A]C,0.902830320538,0.35168390393,0.2467036341,0.131225337287,0.908079334029,0.77160498325,0.236205607117,0.892332293555,0.855589199114
A[T>A]G,1.45569730079,0.567044878797,0.397777750798,0.211583909999,1.46416065719,1.24411339079,0.380851037998,1.43877058799,1.37952709319
A[T>A]T,1.19055522061,0.463762789425,0.325326135865,0.17304581695,1.19747705329,1.01750940366,0.311482470509,1.17671155526,1.12825872651
C[T>A]A,2.09187399363,0.814857892866,0.571616730817,0.304051452562,2.10403605173,1.78782254106,0.547292614612,2.06754987742,1.9824154707
C[T>A]C,1.66408954751,0.648220928391,0.454722143796,0.241873480743,1.67376448674,1.42221606677,0.435372265337,1.64473966905,1.57701509444
C[T>A]G,4.68512724458,1.82502049644,1.28023825869,0.680977797178,4.71236635647,4.0041494474,1.22576003492,4.63064902081,4.4399752376
C[T>A]T,1.97056720678,0.767604667758,0.538468946039,0.286419652148,1.98202399287,1.68414755463,0.515555373867,1.94765363461,1.86745613201
G[T>A]A,1.76343983989,0.686921332979,0.481870188806,0.256313930216,1.77369239709,1.50712590967,0.461365074389,1.74293472547,1.67116682501
G[T>A]C,0.52139222654,0.203100460338,0.142473457252,0.0757837538576,0.524423576695,0.445608472683,0.136410756944,0.515329526232,0.494110075151
G[T>A]G,1.76198369391,0.686354113326,0.481472288453,0.256102281092,1.77222778516,1.50588141282,0.460984105965,1.74149551142,1.66978687272
G[T>A]T,1.02602521565,0.399672613071,0.280367355438,0.149131572041,1.03199047853,0.876893643604,0.268436829675,1.01409468988,0.97233784971
T[T>A]A,1.46990196132,0.572578089582,0.401659256871,0.213648540889,1.47844790295,1.25625342043,0.3845673736,1.45281007804,1.3929884866
T[T>A]C,0.884943604712,0.344716404161,0.241815985009,0.128625523941,0.89008862567,0.756318080771,0.231525943093,0.874653562797,0.838638416093
T[T>A]G,1.51864585419,0.591565536224,0.414978808993,0.220733409039,1.52747519055,1.29791244515,0.39732013627,1.50098718146,1.43918182693
T[T>A]T,1.21787662456,0.474405429333,0.332791868338,0.177016951244,1.22495730261,1.04085967331,0.318630512238,1.20371526846,1.15415052211
A[T>C]A,2.39426619499,0.932650203862,0.654247157933,0.348003807411,2.40818634728,2.04626238758,0.62640685334,2.3664258904,2.26898482432
A[T>C]C,1.42261809244,0.554159373217,0.388738664794,0.206775885529,1.43088912786,1.21584220691,0.372196593952,1.40607602159,1.34817877365
A[T>C]G,3.06724559826,1.19479915746,0.838142692548,0.445820581143,3.08507842151,2.62142501712,0.802477046057,3.03157995177,2.90675018905
A[T>C]T,1.66509232657,0.648611545814,0.454996159004,0.242019233513,1.67477309591,1.42307309305,0.435634620323,1.64573078789,1.5779654025
C[T>C]A,1.20586531066,0.469726603573,0.329509706984,0.175271120736,1.21287615549,1.03059418993,0.315488017325,1.19184362101,1.1427677072
C[T>C]C,1.42358108664,0.554534493052,0.389001808559,0.206915855616,1.43185772087,1.21666523102,0.37244854011,1.40702781819,1.34909137862
C[T>C]G,2.65532614465,1.034342161,0.725583306969,0.385948567537,2.67076408735,2.26937757712,0.694707421566,2.62445025925,2.51638466034
C[T>C]T,1.14916869825,0.44764129525,0.314017028011,0.167030334048,1.15584991162,0.982138364205,0.300654601287,1.13580627153,1.089037778
G[T>C]A,1.93279678546,0.752891771078,0.528147958816,0.280929765328,1.94403397607,1.65186702013,0.50567357759,1.91032240423,1.83166206994
G[T>C]C,1.21567215616,0.473546711993,0.332189484532,0.176696534326,1.22274001753,1.03897562183,0.318053761786,1.20153643341,1.1520614038
G[T>C]G,2.10872309199,0.82142120444,0.576220844905,0.306500449418,2.12098310997,1.80222264258,0.551700808952,2.08420305604,1.9983829302
G[T>C]T,1.91493039654,0.745932189349,0.523265864171,0.278332906474,1.9260637128,1.63659749007,0.500999231653,1.89266376402,1.81473055021
T[T>C]A,1.41726667406,0.552074809082,0.38727635861,0.20599806309,1.42550659658,1.21126861097,0.370796513562,1.40078682901,1.34310737135
T[T>C]C,1.141096949,0.444497067342,0.311811375598,0.16585711468,1.14773123358,0.975239834318,0.298542806424,1.12782837982,1.08138838771
T[T>C]G,1.44593000745,0.563240177322,0.395108781107,0.21016424527,1.45433657726,1.23576576218,0.378295641485,1.42911686783,1.37027087916
T[T>C]T,1.1620198866,0.452647281409,0.317528689944,0.168898239332,1.16877581618,0.993121647272,0.304016830797,1.14850802746,1.10121652044
A[T>G]A,0.28809722174,0.112223917771,0.0787242408244,0.0418745961832,0.289772205588,0.246222625557,0.0753742731297,0.284747254046,0.273022367114
A[T>G]C,0.116914832197,0.0455424055651,0.0319476576352,0.0169934349124,0.117594569594,0.0999213972847,0.0305881828422,0.115555357404,0.110797195629
A[T>G]G,0.371364070052,0.144659259846,0.101477391235,0.0539773357634,0.373523163483,0.317386734289,0.0971592043742,0.367045883191,0.351932229177
A[T>G]T,0.362775723821,0.141313799396,0.0991305756954,0.0527290296252,0.364884885006,0.310046694196,0.0949122533254,0.358557401451,0.343793273156
C[T>G]A,0.08183044035,0.0318758110666,0.022360643584,0.0118939593532,0.0823061987241,0.0699364809968,0.0214091268358,0.0808789236018,0.0775486149829
C[T>G]C,0.479570449953,0.186809419458,0.13104541365,0.0697050072606,0.482358650243,0.409865442692,0.125469013069,0.473994049372,0.454476647339
C[T>G]G,0.870402023175,0.339051950888,0.23784241331,0.126511921973,0.875462500054,0.743890101202,0.227721459552,0.860281069417,0.824857731265
C[T>G]T,0.666730264302,0.259714695978,0.182187921059,0.0969084686486,0.670606603048,0.569821795654,0.174435243567,0.65897758681,0.631843215589
G[T>G]A,0.161555654215,0.062931562979,0.0441460217912,0.0234819264847,0.162494931274,0.13807372773,0.0422674676725,0.159677100096,0.15310216068
G[T>G]C,0.128218344489,0.0499455179114,0.0350364080871,0.0186363872804,0.12896379998,0.109581957209,0.0335454971047,0.126727433507,0.121509245068
G[T>G]G,0.581080346729,0.226351065296,0.158783583118,0.0844593527223,0.584458720838,0.496620994007,0.1520268349,0.574323598511,0.550674979749
G[T>G]T,0.484913445102,0.188890702453,0.132505418138,0.0704816053928,0.487732709318,0.41443183971,0.126866889707,0.479274916671,0.459540067161
T[T>G]A,0.324628491547,0.126454121707,0.08870662269,0.0471843737713,0.326515866497,0.277444117775,0.0849318727883,0.320853741645,0.307642116989
T[T>G]C,0.213463413213,0.0831514458447,0.0583301187269,0.0310266588973,0.214704479569,0.182436754316,0.0558479860151,0.210981280501,0.20229381601
T[T>G]G,0.443689397527,0.172832497874,0.121240707464,0.0644897380126,0.446268987047,0.379199659514,0.116081528423,0.438530218486,0.420473091842
T[T>G]T,0.423844043839,0.165102040333,0.115817849189,0.0616052389301,0.426308253396,0.362238804909,0.110889430074,0.418915624725,0.401666157824
