,1,3,2,5,4,7,6,9,8
A[C>A]A,1.40209525187,1.10892988102,1.10892988102,0.841257151119,0.841257151119,1.44033421328,1.50406581564,1.37660261092,1.72075326365
A[C>A]C,0.733064034713,0.579787009273,0.579787009273,0.439838420828,0.439838420828,0.753056690205,0.786377782692,0.719735597718,0.899669497148
A[C>A]G,0.163717562567,0.129485708576,0.129485708576,0.0982305375404,0.0982305375404,0.168182587001,0.17562429439,0.160740879612,0.200926099514
A[C>A]T,0.689144609868,0.545050736896,0.545050736896,0.413486765921,0.413486765921,0.707939462865,0.739264217859,0.676614707871,0.845768384839
C[C>A]A,1.9295327224,1.52608497135,1.52608497135,1.15771963344,1.15771963344,1.9821563421,2.06986237493,1.89445030926,2.36806288658
C[C>A]C,0.867864823736,0.686402178773,0.686402178773,0.520718894241,0.520718894241,0.891533864383,0.930982265462,0.852085463304,1.06510682913
C[C>A]G,0.447680468685,0.354074552505,0.354074552505,0.268608281211,0.268608281211,0.459889936013,0.480239048226,0.4395408238,0.54942602975
C[C>A]T,1.56448225136,1.23736323517,1.23736323517,0.938689350818,0.938689350818,1.60714994913,1.67826277874,1.53603711952,1.9200463994
G[C>A]A,2.40084346786,1.89884892458,1.89884892458,1.44050608072,1.44050608072,2.46632101698,2.57545026552,2.35719176844,2.94648971055
G[C>A]C,0.925770202188,0.732200069004,0.732200069004,0.555462121313,0.555462121313,0.95101848043,0.993098944166,0.908938016694,1.13617252087
G[C>A]G,0.249375711118,0.197233516975,0.197233516975,0.149625426671,0.149625426671,0.256176866876,0.267512126472,0.24484160728,0.3060520091
G[C>A]T,1.73460496605,1.37191483679,1.37191483679,1.04076297963,1.04076297963,1.78191237422,1.86075805449,1.70306669394,2.12883336743
T[C>A]A,1.37218121299,1.08527059573,1.08527059573,0.823308727793,0.823308727793,1.40960433698,1.4719762103,1.34723246366,1.68404057958
T[C>A]C,1.0966857077,0.867378696092,0.867378696092,0.658011424621,0.658011424621,1.12659531791,1.17644466826,1.07674596756,1.34593245945
T[C>A]G,0.316516063268,0.250335431857,0.250335431857,0.189909637961,0.189909637961,0.325148319538,0.339535413323,0.310761225754,0.388451532192
T[C>A]T,2.38515060148,1.8864372939,1.8864372939,1.43109036089,1.43109036089,2.45020016334,2.55861609977,2.34178422691,2.92723028364
A[C>G]A,0.360810950556,0.285368660894,0.285368660894,0.216486570333,0.216486570333,0.370651249207,0.38705174696,0.354250751455,0.442813439318
A[C>G]C,0.188009985466,0.148698806687,0.148698806687,0.11280599128,0.11280599128,0.193137530524,0.201683438955,0.184591622094,0.230739527618
A[C>G]G,0.0845101815888,0.066839870893,0.066839870893,0.0507061089533,0.0507061089533,0.0868150047231,0.0906563766135,0.0829736328327,0.103717041041
A[C>G]T,0.374947190911,0.296549141902,0.296549141902,0.224968314546,0.224968314546,0.38517302339,0.402216077522,0.368129969258,0.460162461572
C[C>G]A,0.199873374514,0.158081668934,0.158081668934,0.119924024708,0.119924024708,0.205324466546,0.214409619933,0.196239313159,0.245299141449
C[C>G]C,0.219712093916,0.173772292461,0.173772292461,0.13182725635,0.13182725635,0.225704241932,0.235691155292,0.215717328572,0.269646660715
C[C>G]G,0.131110476115,0.103696467473,0.103696467473,0.078666285669,0.078666285669,0.134686216373,0.140645783469,0.128726649277,0.160908311596
C[C>G]T,0.267471132943,0.211545350601,0.211545350601,0.160482679766,0.160482679766,0.274765800205,0.286923578976,0.262608021435,0.328260026794
G[C>G]A,0.174215022775,0.137788245286,0.137788245286,0.104529013665,0.104529013665,0.178966341578,0.18688520625,0.171047476907,0.213809346133
G[C>G]C,0.230569871255,0.182359807266,0.182359807266,0.138341922753,0.138341922753,0.236858140471,0.247338589165,0.226377691778,0.282972114722
G[C>G]G,0.0270413592406,0.0213872568539,0.0213872568539,0.0162248155443,0.0162248155443,0.0277788508562,0.029008003549,0.0265496981635,0.0331871227043
G[C>G]T,0.195965560395,0.154990943221,0.154990943221,0.117579336237,0.117579336237,0.201310075678,0.210217601151,0.192402550206,0.240503187757
T[C>G]A,0.417895820413,0.330517603417,0.330517603417,0.250737492248,0.250737492248,0.429292979151,0.448288243716,0.410297714587,0.512872143234
T[C>G]C,0.303198191472,0.239802205982,0.239802205982,0.181918914883,0.181918914883,0.311467233058,0.325248969033,0.297685497082,0.372106871352
T[C>G]G,0.0701176610384,0.0554566955485,0.0554566955485,0.042070596623,0.042070596623,0.0720299608849,0.0752171272957,0.068842794474,0.0860534930925
T[C>G]T,0.857850854267,0.678482039284,0.678482039284,0.51471051256,0.51471051256,0.881246786656,0.920240007304,0.842253566007,1.05281695751
A[C>T]A,1.3964452048,1.10446120743,1.10446120743,0.837867122879,0.837867122879,1.43453007402,1.49800485606,1.37105529198,1.71381911498
A[C>T]C,2.53737898549,2.0068361067,2.0068361067,1.52242739129,1.52242739129,2.60658023055,2.72191563898,2.49124482212,3.11405602764
A[C>T]G,1.99255570118,1.57593041821,1.57593041821,1.19553342071,1.19553342071,2.04689812939,2.13746884308,1.9563274157,2.44540926963
A[C>T]T,1.3917115685,1.10071733145,1.10071733145,0.835026941097,0.835026941097,1.42966733855,1.4929269553,1.3664077218,1.70800965224
C[C>T]A,2.88845538515,2.2845056228,2.2845056228,1.73307323109,1.73307323109,2.96723144111,3.09852486771,2.83593801451,3.54492251814
C[C>T]C,5.63791341922,4.45907697702,4.45907697702,3.38274805153,3.38274805153,5.79167469429,6.04794348607,5.5354059025,6.91925737813
C[C>T]G,2.21481756853,1.75171934965,1.75171934965,1.32889054112,1.32889054112,2.27522168403,2.37589520987,2.17454815819,2.71818519774
C[C>T]T,5.1523872913,4.07506994858,4.07506994858,3.09143237478,3.09143237478,5.2929069447,5.52710636703,5.05870752237,6.32338440296
G[C>T]A,2.42764649236,1.92004768032,1.92004768032,1.45658789541,1.45658789541,2.49385503306,2.60420260089,2.38350746522,2.97938433153
G[C>T]C,5.3610680895,4.24011748897,4.24011748897,3.2166408537,3.2166408537,5.5072790374,5.75096395056,5.26359412424,6.5794926553
G[C>T]G,1.47302496454,1.16502883559,1.16502883559,0.883814978726,0.883814978726,1.51319837267,1.58015405287,1.44624269246,1.80780336558
G[C>T]T,3.88132257147,3.06977330653,3.06977330653,2.32879354288,2.32879354288,3.98717682342,4.16360057667,3.81075307017,4.76344133772
T[C>T]A,4.25022335674,3.36154029124,3.36154029124,2.55013401404,2.55013401404,4.3661385392,4.55933050996,4.17294656844,5.21618321055
T[C>T]C,4.48547903101,3.5476061427,3.5476061427,2.6912874186,2.6912874186,4.60781027731,4.81169568781,4.40392486681,5.50490608351
T[C>T]G,1.94605040452,1.5391489563,1.5391489563,1.16763024271,1.16763024271,1.99912450646,2.08758134303,1.91066766989,2.38833458736
T[C>T]T,3.08263677481,2.43808544917,2.43808544917,1.84958206488,1.84958206488,3.16670868685,3.30682854025,3.02658883345,3.78323604181
A[T>A]A,0.682417005341,0.539729813315,0.539729813315,0.409450203204,0.409450203204,0.701028378213,0.732047333002,0.670009423425,0.837511779282
A[T>A]C,0.990770135444,0.783609107124,0.783609107124,0.594462081267,0.594462081267,1.01779113914,1.06282614529,0.972756132982,1.21594516623
A[T>A]G,0.559998270185,0.442907722782,0.442907722782,0.335998962111,0.335998962111,0.575270950281,0.600725417107,0.549816483454,0.687270604317
A[T>A]T,0.497341100245,0.393351597466,0.393351597466,0.298404660147,0.298404660147,0.510904948433,0.53351136208,0.488298534786,0.610373168482
C[T>A]A,0.657197874156,0.519783773196,0.519783773196,0.394318724494,0.394318724494,0.675121452542,0.704994083186,0.645248821899,0.806561027374
C[T>A]C,0.622762523822,0.492548541568,0.492548541568,0.373657514293,0.373657514293,0.63974695629,0.668054343736,0.611439568843,0.764299461054
C[T>A]G,1.54384527966,1.22104126664,1.22104126664,0.926307167798,0.926307167798,1.58595015093,1.65612493637,1.51577536549,1.89471920686
C[T>A]T,0.75018571561,0.593328702346,0.593328702346,0.450111429366,0.450111429366,0.770645326036,0.804744676745,0.736545975326,0.920682469158
G[T>A]A,0.586309346927,0.46371739257,0.46371739257,0.351785608156,0.351785608156,0.602299601844,0.628950026704,0.575649176983,0.719561471229
G[T>A]C,0.513087847674,0.40580584316,0.40580584316,0.307852708605,0.307852708605,0.527081152611,0.550403327505,0.503758977716,0.629698722146
G[T>A]G,0.66608840654,0.526815376081,0.526815376081,0.399653043924,0.399653043924,0.684254453991,0.714531199743,0.653977708239,0.817472135299
G[T>A]T,0.482797771573,0.381849146607,0.381849146607,0.289678662944,0.289678662944,0.495964983524,0.517910336778,0.474019630271,0.592524537839
T[T>A]A,0.561067598799,0.443753464504,0.443753464504,0.336640559279,0.336640559279,0.576369442402,0.601872515075,0.55086636973,0.688582962162
T[T>A]C,0.418776600411,0.331214220325,0.331214220325,0.251265960246,0.251265960246,0.430197780422,0.44923308044,0.411162480403,0.513953100504
T[T>A]G,0.480691375983,0.380183179187,0.380183179187,0.28841482559,0.28841482559,0.493801140783,0.515650748782,0.471951532783,0.589939415979
T[T>A]T,0.471618690637,0.373007509868,0.373007509868,0.282971214382,0.282971214382,0.484481018564,0.505918231775,0.463043805353,0.578804756691
A[T>C]A,1.38707673654,1.09705160072,1.09705160072,0.832246041924,0.832246041924,1.42490610208,1.48795504465,1.36185715951,1.70232144939
A[T>C]C,0.764697459547,0.604806172551,0.604806172551,0.458818475728,0.458818475728,0.785552844808,0.820311820242,0.750793869374,0.938492336717
A[T>C]G,1.28622203442,1.01728469995,1.01728469995,0.771733220653,0.771733220653,1.32130081718,1.37976545511,1.26283617925,1.57854522406
A[T>C]T,1.0961147972,0.866927157787,0.866927157787,0.657668878321,0.657668878321,1.12600883713,1.175832237,1.07618543725,1.34523179657
C[T>C]A,0.864790993685,0.683971058642,0.683971058642,0.518874596211,0.518874596211,0.888376202604,0.927684884135,0.849067521073,1.06133440134
C[T>C]C,0.633350248807,0.500922469511,0.500922469511,0.380010149284,0.380010149284,0.650623437411,0.679412085084,0.621834789738,0.777293487172
C[T>C]G,1.00824147338,0.797427347128,0.797427347128,0.604944884028,0.604944884028,1.03573896811,1.08156812599,0.989909810228,1.23738726278
C[T>C]T,0.835263372218,0.660617394391,0.660617394391,0.501158023331,0.501158023331,0.858043282369,0.896009799289,0.82007676545,1.02509595681
G[T>C]A,4.01794051146,3.17782567724,3.17782567724,2.41076430687,2.41076430687,4.12752070723,4.31015436684,3.94488704761,4.93110880952
G[T>C]C,1.93493443034,1.53035723127,1.53035723127,1.16096065821,1.16096065821,1.98770536935,2.07565693437,1.89975380434,2.37469225542
G[T>C]G,2.61108151596,2.06512810808,2.06512810808,1.56664890958,1.56664890958,2.68229283003,2.80097835349,2.56360730658,3.20450913323
G[T>C]T,3.05946672748,2.4197600481,2.4197600481,1.83568003649,1.83568003649,3.14290672914,3.28197339857,3.00384005971,3.75480007463
T[T>C]A,1.34962662362,1.06743196596,1.06743196596,0.809775974174,0.809775974174,1.38643462245,1.44778128716,1.32508795774,1.65635994717
T[T>C]C,1.17460208671,0.929003468581,0.929003468581,0.704761252027,0.704761252027,1.20663668908,1.26002769302,1.15324568513,1.44155710642
T[T>C]G,0.880436105618,0.696344919898,0.696344919898,0.528261663371,0.528261663371,0.904447999408,0.944467822391,0.864428176425,1.08053522053
T[T>C]T,1.03032283758,0.814891698816,0.814891698816,0.61819370255,0.61819370255,1.05842255134,1.10525540759,1.01158969508,1.26448711885
A[T>G]A,0.0940719024038,0.0744023228103,0.0744023228103,0.0564431414423,0.0564431414423,0.0966374997421,0.100913495306,0.0923615041783,0.115451880223
A[T>G]C,0.113617430483,0.0898610586548,0.0898610586548,0.0681704582899,0.0681704582899,0.116716087678,0.121880516336,0.11155165902,0.139439573775
A[T>G]G,0.243304616761,0.192431833256,0.192431833256,0.145982770056,0.145982770056,0.249940197218,0.26099949798,0.238880896456,0.29860112057
A[T>G]T,0.154478849434,0.12217872637,0.12217872637,0.0926873096602,0.0926873096602,0.158691908964,0.165713674847,0.15167014308,0.18958767885
C[T>G]A,0.0364692053578,0.0288438260557,0.0288438260557,0.0218815232147,0.0218815232147,0.0374638200493,0.039121511202,0.0358061288967,0.0447576611209
C[T>G]C,0.162738611997,0.12871144767,0.12871144767,0.0976431671982,0.0976431671982,0.167176937779,0.174574147415,0.159779728143,0.199724660178
C[T>G]G,0.335473753314,0.265329241257,0.265329241257,0.201284251988,0.201284251988,0.344623037495,0.359871844464,0.329374230526,0.411717788158
C[T>G]T,0.348138321806,0.27534576361,0.27534576361,0.208882993084,0.208882993084,0.35763300331,0.373457472483,0.341808534137,0.427260667671
G[T>G]A,0.0970976940951,0.0767954489662,0.0767954489662,0.0582586164571,0.0582586164571,0.099745813025,0.104159344575,0.0953322814752,0.119165351844
G[T>G]C,0.062905210982,0.0497523032312,0.0497523032312,0.0377431265892,0.0377431265892,0.0646208076452,0.0674801354171,0.0617614798733,0.0772018498416
G[T>G]G,0.410091799408,0.324345332259,0.324345332259,0.246055079645,0.246055079645,0.42127612121,0.439916657546,0.402635584873,0.503294481091
G[T>G]T,0.241316251572,0.190859217152,0.190859217152,0.144789750943,0.144789750943,0.247897603888,0.258866524414,0.236928683362,0.296160854202
T[T>G]A,0.110563949487,0.0874460327765,0.0874460327765,0.0663383696925,0.0663383696925,0.113579329928,0.118604963996,0.10855369586,0.135692119826
T[T>G]C,0.180579483773,0.142821955348,0.142821955348,0.108347690264,0.108347690264,0.185504378785,0.193712537139,0.177296220432,0.22162027554
T[T>G]G,0.224879013785,0.177858856358,0.177858856358,0.134927408271,0.134927408271,0.231012077798,0.241233851152,0.220790304444,0.275987880555
T[T>G]T,0.264024213896,0.208819150991,0.208819150991,0.158414528338,0.158414528338,0.271224874275,0.283225974907,0.259223773644,0.324029717055
