,1,3,2,5,4,7,6,9,8
A[C>A]A,1.65149158765,0.248916277244,0.918710552067,0.240614668399,1.47633102365,1.80461001299,1.87023219528,0.37185903298,0.969474810295
A[C>A]C,1.07172739463,0.207467225296,0.596192722842,0.156145713125,1.23049526727,1.17109284844,1.21367804293,0.241316102103,0.774115550477
A[C>A]G,0.142779182913,0.0398211523553,0.0794268302298,0.0208022650602,0.236180627763,0.156016987951,0.161690332968,0.032148955093,0.182760081014
A[C>A]T,1.10705283442,0.190525298292,0.615843960867,0.161292465941,1.13001211401,1.20969349456,1.25368234891,0.249270174637,0.672870574828
C[C>A]A,1.92788351585,0.249576905033,1.0724650022,0.280883691051,1.48024922985,2.10662768289,2.1832323259,0.43409297708,1.36091422985
C[C>A]C,1.21370701481,0.189653738854,0.675174763206,0.176831485602,1.12484286493,1.32623614201,1.37446291081,0.273285023203,1.28116244726
C[C>A]G,0.303613755836,0.0538989630728,0.168897718478,0.0442351167442,0.319676608569,0.331763375582,0.34382749833,0.0683633622411,0.320486081549
C[C>A]T,1.78256014924,0.521447401004,0.991622864479,0.259710750221,3.0927225163,1.94783062666,2.01866083126,0.401371159432,2.37003844247
G[C>A]A,1.73583203114,0.319587279357,0.965628414675,0.252902680034,1.89548317412,1.89677010025,1.96574355845,0.390849596416,0.898581268538
G[C>A]C,1.03680602579,0.351569755316,0.576766266004,0.151057831572,2.08517234187,1.13293373679,1.17413132722,0.23345301243,1.12986178501
G[C>A]G,0.167930328686,0.0562120497829,0.0934181960904,0.0244666704046,0.333395605609,0.183500028035,0.190172756327,0.037812126989,0.284568303046
G[C>A]T,1.4963422163,0.375871591275,0.832402292513,0.21801012423,2.22930736894,1.63507593172,1.69453323833,0.336924737446,1.09414484359
T[C>A]A,1.67625361819,0.258146219461,0.932485456476,0.244222381458,1.53107412922,1.83166786093,1.89827396497,0.377434589526,0.78767488948
T[C>A]C,1.23600492895,0.222884201896,0.687578900874,0.180080188324,1.32193388711,1.35060141243,1.39971419107,0.278305745592,1.05152177135
T[C>A]G,0.219842963501,0.04701097728,0.122296747908,0.0320301006426,0.278823727316,0.240225754819,0.248961236813,0.0495010646294,0.168556695505
T[C>A]T,2.92648255324,0.528964860248,1.62797704949,0.426374941532,3.1373088263,3.19781206149,3.31409613645,0.658943091458,1.28168746179
A[C>G]A,0.678052197661,0.0861606486035,0.377194600023,0.0987890619109,0.511021777924,0.740917964331,0.767860435762,0.152674004771,0.707362222984
A[C>G]C,0.300848036039,0.0633859558554,0.167359172366,0.0438321641911,0.375944289901,0.328741231433,0.340695458031,0.0677406173863,0.403711790746
A[C>G]G,0.0345254531293,0.00769970352672,0.0192062123368,0.00503019846917,0.045667207124,0.0377264885188,0.0390983608285,0.00777394308871,0.112192672434
A[C>G]T,0.665616825188,0.0806552245994,0.370276909376,0.096977285789,0.478368918313,0.727329643418,0.753777994087,0.149873987129,0.673619072371
C[C>G]A,0.43109458986,0.105588054916,0.239814208929,0.0628084832908,0.626246394673,0.471063624681,0.488193211033,0.0970676559949,0.584544215389
C[C>G]C,0.422060633022,0.0523315878089,0.234788696516,0.0614922776589,0.310380451832,0.461192082442,0.477962703621,0.0950335200183,0.459282441994
C[C>G]G,0.124894232454,0.0147113119621,0.069477586266,0.0181965106887,0.0872532985337,0.136473830165,0.141436514899,0.0281218801553,0.11257953626
C[C>G]T,0.460253705241,0.0533751251295,0.256035173776,0.0670568312271,0.316569707665,0.502926234203,0.521214460902,0.103633284624,0.590348610149
G[C>G]A,0.314504476396,0.0459101032813,0.174956132564,0.0458218442431,0.272294405669,0.343663831823,0.356160698435,0.0708155774665,0.399816178953
G[C>G]C,0.400463763926,0.058662217373,0.222774544171,0.0583457139495,0.347927634074,0.437592854621,0.453505322062,0.090170648831,0.371072867819
G[C>G]G,0.0220560152359,0.00336422757295,0.0122695713895,0.00321345917345,0.019953349743,0.0241009438008,0.0249773417572,0.00496625508623,0.0704976264464
G[C>G]T,0.350328549548,0.112241210657,0.19488475604,0.0510412456295,0.665706490792,0.382809342222,0.396729681939,0.0788819250638,0.515866718603
T[C>G]A,0.599732137086,0.0699655610309,0.333625824604,0.0873781921582,0.41496815508,0.655336441187,0.67916685723,0.135039024245,0.64116023797
T[C>G]C,0.434549019933,0.0838059940785,0.241735878638,0.0633117777386,0.497056240742,0.474838333039,0.492105181514,0.0978454746869,0.632830427972
T[C>G]G,0.0701419440501,0.00459163096395,0.039019359604,0.0102193560868,0.0272331215793,0.0766451706508,0.0794322677654,0.0157935503159,0.0746149774352
T[C>G]T,1.32208130914,0.0826291735408,0.735462450119,0.192621117888,0.490076477553,1.44465838416,1.49719141631,0.297687182191,1.18723534706
A[C>T]A,1.94655452493,0.416105114929,1.0828515238,0.283603970519,2.4679337851,2.12702977889,2.20437631631,0.438297045348,1.69628512311
A[C>T]C,1.5439834537,0.238158115836,0.858904702721,0.224951231665,1.41252399737,1.68713423749,1.7484845734,0.347651903482,1.29341599567
A[C>T]G,2.67074010851,0.457816316662,1.48570972924,0.389114452896,2.71532436089,2.91835839672,3.02448052024,0.60135869993,1.97478286139
A[C>T]T,1.51042958001,0.22626471584,0.840238971663,0.220062587816,1.34198383188,1.65046940862,1.71048647803,0.340096726625,1.29282163151
C[C>T]A,2.18578383586,0.396189194192,1.21593272988,0.318458572112,2.34981177245,2.38843929084,2.47529162869,0.49216324781,1.65820507902
C[C>T]C,2.40093527917,0.252462854831,1.3356196255,0.349805140011,1.49736589762,2.62353855009,2.71893995191,0.540607943654,1.49746585916
C[C>T]G,2.29871495001,0.420747096045,1.27875533643,0.334912111922,2.49546553517,2.51184083941,2.6031805063,0.517591445697,1.55684524751
C[C>T]T,3.33238941796,0.264767127756,1.85377954377,0.485513690034,1.57034296462,3.64135267525,3.77376549981,0.750339339143,2.0471373467
G[C>T]A,2.05219923081,0.521564288009,1.14162076416,0.298995914423,3.09341577715,2.24246935817,2.32401369847,0.462084595017,2.27852026223
G[C>T]C,3.1674017966,0.6609339147,1.76199835042,0.461475758444,3.92002183891,3.46106818833,3.58692521336,0.713189808505,3.20295097372
G[C>T]G,1.40150540278,0.506818967552,0.779645389627,0.20419284014,3.00596077307,1.53144630105,1.58713525746,0.315570752944,2.39090879643
G[C>T]T,2.94231682025,0.411407389628,1.6367855159,0.428681920831,2.44007141434,3.21511440623,3.33202765737,0.662508423102,2.79555601779
T[C>T]A,2.52663108135,0.387320111196,1.4055431181,0.368118435693,2.29720893537,2.76088826769,2.8612842047,0.568910309707,1.60455731858
T[C>T]C,2.21641851588,0.277746765552,1.23297453863,0.322921902975,1.64732564397,2.42191427231,2.50998388222,0.49906112278,1.42888360172
T[C>T]G,1.44079390047,0.274405856412,0.801501242645,0.209916992121,1.62751059665,1.57437744091,1.63162752967,0.324417169642,1.02247102823
T[C>T]T,2.5528101571,0.329604140609,1.42010631256,0.37193260567,1.95489352361,2.78949454252,2.8909307077,0.574804936035,1.27373077693
A[T>A]A,1.57652278376,2.22456997694,0.877006051895,0.229692061211,13.1940012426,1.72269045908,1.7853337485,0.354978640053,3.47767577029
A[T>A]C,1.73679816668,0.144061629641,0.966165867558,0.253043441503,0.854434493045,1.89782581128,1.96683765896,0.391067136869,0.96043668571
A[T>A]G,1.03965846974,0.154836072385,0.578353056014,0.151473419432,0.918338084491,1.13605064574,1.17736157831,0.234095284577,0.391993095105
A[T>A]T,1.49247411509,0.171925910799,0.830250501112,0.217446559815,1.01969850543,1.63084919861,1.69015280583,0.33605377426,0.722369287564
C[T>A]A,1.34008094595,4.96219793901,0.745475493112,0.195243581529,29.4309670866,1.46432686147,1.51757511098,0.301740080545,7.22249942811
C[T>A]C,1.41757815376,0.176503535411,0.788586522623,0.206534565449,1.04684855485,1.54900924087,1.60533684962,0.319189782966,0.89558556422
C[T>A]G,2.92119106645,0.359878560138,1.62503344094,0.425603996436,2.13445214978,3.19202997327,3.30810379048,0.657751630856,1.18333208629
C[T>A]T,2.00217181232,0.226647569592,1.11379094196,0.291707151464,1.34425455069,2.18780363598,2.26736013184,0.450820143172,0.9925910961
G[T>A]A,1.3080648775,1.69408472914,0.72766522987,0.190578988776,10.0476749453,1.42934241582,1.48131850366,0.294531164471,2.76183413272
G[T>A]C,0.931037908318,0.0760190734732,0.517928372839,0.135647907172,0.450871746117,1.01735930379,1.05435418757,0.209637674721,0.504629884093
G[T>A]G,1.51221891204,0.116945784292,0.841234361664,0.220323285198,0.69360947925,1.65242463898,1.71251280767,0.340499622578,0.682562450247
G[T>A]T,1.11240253488,0.0620066644181,0.618819953176,0.162071892498,0.367763664825,1.21553919374,1.25974061897,0.250474742952,0.568298033695
T[T>A]A,1.68323647813,0.909638598433,0.936369961345,0.245239751781,5.39509789415,1.83929813836,1.90618170702,0.379006889116,1.51965460485
T[T>A]C,0.818179400706,0.0887563110847,0.455146156684,0.119204945798,0.526416741606,0.894037093487,0.92654753325,0.184225825325,0.627645260849
T[T>A]G,1.11621050219,0.138071870315,0.62093829261,0.162626695683,0.818909023936,1.21970021763,1.26405295281,0.251332166056,0.35743099006
T[T>A]T,1.41279623293,0.153914245241,0.785926381231,0.205837861751,0.912870695911,1.54378396313,1.59992156179,0.31811305907,0.757598922337
A[T>C]A,4.03818059885,0.355312533548,2.24640510135,0.58834419321,2.10737088863,4.41258144908,4.57303895632,0.909259207689,3.21565833411
A[T>C]C,1.70568056243,0.182944365736,0.948855412212,0.248509750817,1.08504934161,1.86382313113,1.93159851772,0.38406052399,1.81025637379
A[T>C]G,2.87554995626,0.360926691026,1.59964368428,0.418954298263,2.14066865022,3.14215723698,3.25641750014,0.647474824589,3.38042907661
A[T>C]T,3.17366701786,0.25073427053,1.76548363908,0.462388572139,1.48711360452,3.46791429104,3.59402026526,0.714600520578,2.35299412744
C[T>C]A,1.93554461307,0.241654985151,1.07672680462,0.2819998774,1.43326404986,2.1149990805,2.19190813797,0.435817992346,2.2631349906
C[T>C]C,1.87867255006,0.251035987101,1.0450893656,0.273713881465,1.48890309591,2.05285411099,2.12750335139,0.423012362265,2.06233717495
C[T>C]G,2.23968244137,0.351674180975,1.2459160601,0.326311349073,2.08579169406,2.44733511805,2.53632912234,0.504299357659,3.37094362853
C[T>C]T,3.05481684606,0.259518683679,1.69936831171,0.445072653068,1.53921426182,3.33804489801,3.45942834884,0.687839554741,1.58387026613
G[T>C]A,6.14855012797,0.496077006904,3.42038550165,0.895815250433,2.94224983405,6.71861437825,6.96292762837,1.38444175067,4.78918783405
G[T>C]C,3.08311278919,0.27022793248,1.71510910127,0.449195240808,1.60273118574,3.36896430606,3.49147209901,0.694210826704,2.34066771956
G[T>C]G,4.20429344446,0.338703833782,2.33881224725,0.612546064756,2.0088641176,4.59409548567,4.76115350333,0.946662100078,2.78173094635
G[T>C]T,4.80427946021,0.388693566504,2.67257930237,0.699961245858,2.30535494616,5.24970934394,5.44060786554,1.08175828905,3.0087560529
T[T>C]A,2.8463744479,0.248450538541,1.58341360015,0.414703561945,1.47356871134,3.11027671459,3.22337768603,0.640905504824,1.99368357569
T[T>C]C,2.26054652341,0.250463111958,1.25752256932,0.329351149106,1.48550535368,2.4701336183,2.55995665896,0.508997230437,2.30062862551
T[T>C]G,1.79033658198,0.187858363891,0.995948827063,0.260843740421,1.11419443411,1.95632805316,2.02746725509,0.403122144287,1.51828348902
T[T>C]T,2.76617127333,0.248172743084,1.53879726463,0.403018331214,1.47192109691,3.0226374841,3.13255157443,0.622846511876,1.74652049368
A[T>G]A,1.1097014557,0.115119770767,0.617317366087,0.161678357785,0.682779330066,1.21258768339,1.25668178096,0.24986655294,0.183391945972
A[T>G]C,0.377751121808,0.0544266264772,0.2101396969,0.0550365872833,0.322806198416,0.412774404625,0.427784382975,0.0850565439833,0.193885206494
A[T>G]G,0.616042871422,0.0480649025657,0.342699345692,0.0897545905383,0.285074594527,0.673159429038,0.69763795373,0.138711639923,0.362671906301
A[T>G]T,0.961305826122,0.13421884053,0.534766154929,0.140057802481,0.796056571422,1.05043351861,1.08863110111,0.216452967471,0.845346010772
C[T>G]A,0.55967494356,0.0686264812965,0.311342352709,0.081542044757,0.407026027,0.611565335678,0.633804075157,0.126019523715,0.114101611145
C[T>G]C,0.605975071243,0.0709824121808,0.337098715129,0.0882877587242,0.420999134313,0.662158190431,0.686236670083,0.136444718028,0.63921096287
C[T>G]G,0.976975788475,0.0999212333097,0.543483220079,0.142340843354,0.59263628032,1.06755632515,1.10637655516,0.219981303365,0.80881148874
C[T>G]T,3.69792030352,0.279947449323,2.05712122845,0.538769845546,1.6603779753,4.04077384159,4.1877110722,0.832644306752,1.43827718438
G[T>G]A,0.333212441837,0.0235929914721,0.185363212677,0.0485475080822,0.139930845972,0.364106310616,0.377346540093,0.0750279670361,0.128335832425
G[T>G]C,0.175469249521,0.0146910662277,0.0976120328462,0.0255650562216,0.0871332203849,0.191737921662,0.198710209723,0.0395096323425,0.207312437828
G[T>G]G,0.606925983485,0.120481710204,0.337627699422,0.0884263022297,0.71458117776,0.663197266722,0.687313530967,0.136658830719,0.621715627684
G[T>G]T,1.15604229787,0.133215109941,0.643096377622,0.168430003663,0.790103410686,1.26322502747,1.30916048302,0.260300914752,0.859358716093
T[T>G]A,1.4806464688,0.1646136729,0.823670883308,0.215723326581,0.976329370303,1.61792494935,1.67675858388,0.333390595625,0.245501360414
T[T>G]C,0.560019901762,0.0677540726322,0.311534249987,0.0815923035679,0.401851741129,0.611942276759,0.634194723187,0.126097196423,0.465723330792
T[T>G]G,0.691109147492,0.0909378041954,0.384458068803,0.100691398972,0.53935525247,0.755185492292,0.782646782921,0.15561398023,0.504567304058
T[T>G]T,2.34802448804,0.341954994289,1.30618580792,0.342096283026,2.02814686268,2.5657221227,2.65902110898,0.528694255586,2.05687697248
