,1,3,2,5,4,7,6,9,8
A[C>A]A,0.362130201585,0.892518265892,0.52851434826,1.16468902672,0.937594945988,0.572759310202,0.94994227058,1.4387335036,0.943424451251
A[C>A]C,0.278697687123,0.477871730998,0.406747975802,0.896352020748,0.502006666907,0.423874960568,0.703012129722,1.10725837857,0.756135139736
A[C>A]G,0.136161616137,0.109305962214,0.198722358686,0.437925197846,0.114826465357,0.134277501367,0.222704148609,0.540966420868,0.379772262754
A[C>A]T,0.231744325471,0.610224852894,0.338221447985,0.745339857596,0.641044289909,0.349395339032,0.579484952541,0.920713941736,0.638130368015
C[C>A]A,0.48025541544,1.24981951561,0.70091330902,1.54460525506,1.31294171337,0.597551211023,0.991060545111,1.90804178567,1.30097739289
C[C>A]C,0.31181465714,0.76330679068,0.455080850962,1.00286335675,0.801857638694,0.372018571947,0.61700641201,1.2388312054,1.58650223031
C[C>A]G,0.164320462454,0.330916067133,0.239819053311,0.528490136,0.347628999816,0.135158222698,0.224164857158,0.652840756235,0.332954727752
C[C>A]T,0.310583502462,1.90358364769,0.453284030621,0.998903697109,1.99972423595,0.485689897403,0.805534463986,1.23393986113,1.90505706581
G[C>A]A,0.469621908967,1.31801911274,0.685394137412,1.51040559911,1.3845857346,0.554530916152,0.919709812154,1.86579515184,1.12217608077
G[C>A]C,0.702553279053,0.597582961952,1.02534802889,2.25956324885,0.627763919627,0.656723208506,1.08919946777,2.79122518975,1.07783892161
G[C>A]G,0.241130575346,0.204198585824,0.351920299153,0.775528066653,0.214511645714,0.194128448493,0.321969134086,0.958005258807,0.52302672742
G[C>A]T,0.436540988522,1.08030430026,0.63711387514,1.40401020633,1.13486512351,0.522454141406,0.866509307697,1.73436554899,0.926752699127
T[C>A]A,0.279804282982,2.36454726264,0.408363007595,0.899911072293,2.48396884156,0.652385078273,1.08200452006,1.11165485401,0.993318782932
T[C>A]C,0.45449756418,1.22652696213,0.663320769344,1.46176243615,1.28847276829,0.592504103229,0.982689732184,1.80570653877,1.33445173205
T[C>A]G,0.105085960662,0.327450799719,0.153368699344,0.337979170777,0.343988718897,0.13130304153,0.217770898148,0.417503681548,0.271522476807
T[C>A]T,0.325655491349,6.82480259925,0.475280987375,1.04737847218,7.16948959921,0.667121458177,1.10644534527,1.29382046563,1.31816991142
A[C>G]A,0.16364741528,0.357100500314,0.238836768246,0.526325470764,0.375135879118,0.250384870156,0.415272467577,0.650166758003,0.287044628692
A[C>G]C,0.0912793967764,0.227193361032,0.133218579079,0.293574276119,0.238667773205,0.119823658353,0.19873192117,0.362650576382,0.186591214106
A[C>G]G,0.0382723198434,0.05928920539,0.0558568992309,0.123092055712,0.0622836097026,0.0366384304266,0.0607661772929,0.152054892351,0.0740154661557
A[C>G]T,0.133159114934,0.392770997903,0.194340329903,0.428268504787,0.412607916989,0.236114549899,0.391604619344,0.529037564737,0.209282246887
C[C>G]A,0.122989273634,0.289780111173,0.179497858818,0.395560096284,0.304415470323,0.194542625694,0.322656062127,0.488633060115,0.291153296821
C[C>G]C,0.129656505986,0.23133458536,0.189228414142,0.417003357091,0.243018150277,0.165972928287,0.275272173745,0.515121794053,0.253834719091
C[C>G]G,0.0558790604043,0.108624845191,0.0815532232927,0.179719140219,0.114110948484,0.0679979612843,0.11277710652,0.222005996741,0.14461939827
C[C>G]T,0.144658236922,0.387123543753,0.211122832264,0.465252167396,0.406675237882,0.264929220404,0.439394804573,0.574723265607,0.251877318184
G[C>G]A,0.102242986934,0.176110898169,0.149219494445,0.328835552572,0.185005387975,0.12936811534,0.214561752272,0.406208623766,0.185530861115
G[C>G]C,0.117606165595,0.178083015698,0.171641430868,0.378246856912,0.1870771074,0.128289332745,0.21277255187,0.467246117362,0.248387061874
G[C>G]G,0.03565917308,0.0249241979025,0.0520431174681,0.114687610717,0.0261829957764,0.024660416582,0.0409002031115,0.141672930885,0.12451959717
G[C>G]T,0.0833263877592,0.234200894687,0.121611484838,0.26799567955,0.246029222701,0.15906112138,0.263808689119,0.331053486503,0.211180661619
T[C>G]A,0.106389047009,4.937175936,0.15527050104,0.342170178218,5.186528256,1.7065080925,2.83030610463,0.422680808387,0.302705188409
T[C>G]C,0.131390985786,1.34312742289,0.191759817093,0.422581819149,1.41096214122,0.540313372047,0.896129495103,0.52201283542,0.297099253565
T[C>G]G,0.0278069155006,0.196566598793,0.0405830658658,0.089433052556,0.206494204793,0.076331651339,0.126598836367,0.110476123746,0.0775745904699
T[C>G]T,0.191126150679,6.06400942684,0.278940868558,0.614703025156,6.37027252921,2.18754140736,3.6281174561,0.759339031075,0.509351873915
A[C>T]A,0.86314176499,1.05149438005,1.25972041377,2.77605054145,1.10460015682,0.562923153374,0.933628644621,3.42923890415,1.04770704615
A[C>T]C,2.14428681623,0.70599795556,3.12949967775,6.89649003059,0.741654417962,0.585660657868,0.971339627683,8.5191935672,1.15260590669
A[C>T]G,0.427920545386,1.47533859412,0.62453268786,1.37628499732,1.54985064433,0.338110897956,0.560769294171,1.7001167614,1.34153666088
A[C>T]T,1.23894496271,0.795576828114,1.80818994558,3.98471488008,0.835757475998,0.434064540869,0.719911921441,4.92229485186,0.84276800699
C[C>T]A,1.074935697,1.0889528163,1.56882507129,3.45722562007,1.14395043328,0.674925895466,1.11938929004,4.27069047185,1.06946696302
C[C>T]C,2.96724079444,0.798732001021,4.33056764594,9.54328796049,0.839072001073,0.718575960821,1.19178452039,11.7887674806,1.49262705095
C[C>T]G,0.471984699037,1.27845194751,0.688842533729,1.51800484285,1.34302022769,0.255559724823,0.423855153366,1.87518245293,1.30688027984
C[C>T]T,1.80254977315,0.951114082354,2.63074831757,5.79738981095,0.99915014712,0.641363478627,1.06372479382,7.16148153117,1.22078416973
G[C>T]A,1.01468778256,1.25408866,1.48089568265,3.26345530066,1.31742647111,0.569319356501,0.944236981513,4.03132713611,1.29441316818
G[C>T]C,2.24423670382,1.46715551983,3.27537248666,7.21795047986,1.54125428345,0.614067187649,1.01845289659,8.91629176924,1.75670646129
G[C>T]G,0.564192639314,1.30516398389,0.823416284405,1.81456551563,1.37108135681,0.313745889923,0.520359036945,2.24152210755,1.2735498326
G[C>T]T,1.30807273838,1.38287488317,1.90907913168,4.20704475315,1.45271704898,0.474317490876,0.786672911697,5.19693763625,1.23958850531
T[C>T]A,1.11763599717,4.12972877643,1.63114442831,3.59455901794,4.33830093686,1.28009066791,2.12307720531,4.44033761039,2.55927999507
T[C>T]C,3.03268992889,1.64193454358,4.42608800433,9.75378652806,1.72486053063,0.945790430132,1.56862803046,12.0487951229,1.74308712445
T[C>T]G,0.31055441664,4.46248837139,0.453241581042,0.998810150815,4.68786657196,0.239683096227,0.397523183986,1.23382430395,0.882603338283
T[C>T]T,1.84281323652,2.52280345438,2.68951121006,5.92688581476,2.65021777026,0.850610129898,1.41076802032,7.32144718294,2.04512196573
A[T>A]A,0.104969906332,1.055755976,0.153199322755,0.337605914961,1.10907698489,0.397042829528,0.658510058729,0.417042600834,1.38965282953
A[T>A]C,0.0892484635898,0.383880085192,0.130254514428,0.28704235587,0.403267968282,0.20780012488,0.344644109557,0.354581733722,0.177676811054
A[T>A]G,0.134776128088,0.431128440353,0.196700295048,0.433469168717,0.452902604007,0.465573922018,0.772171382859,0.535461914297,0.280875124952
A[T>A]T,0.137398065294,0.490586416869,0.200526906105,0.441901885676,0.51536350863,0.292203147511,0.484629610505,0.545878799952,0.264312539881
C[T>A]A,0.0939692666087,1.84647758803,0.137144335051,0.302225479093,1.93973403187,0.516302009845,0.856305772426,0.373337356527,2.99804078799
C[T>A]C,0.180107603907,0.485152376719,0.262859746242,0.579264996348,0.509655022008,0.527613305751,0.875065970514,0.715562642548,0.394480008754
C[T>A]G,0.183553596571,0.735388986977,0.267889032834,0.590348053837,0.772529844905,1.21015925889,2.00709340499,0.72925347827,0.819663249567
C[T>A]T,0.125907170628,0.485729204907,0.183756411187,0.404944683911,0.510260982933,0.536066358647,0.889085668,0.500225786008,0.406418933525
G[T>A]A,0.0645549963102,0.770254380574,0.0942154000203,0.207622825971,0.809156116967,0.332921341794,0.552162225414,0.256475255611,1.1213165883
G[T>A]C,0.0821667011482,0.224449606479,0.119918969243,0.264265876666,0.23578544519,0.149168370803,0.247401200356,0.32644608294,0.179051445582
G[T>A]G,0.0814028564061,0.279900251795,0.118804168809,0.26180918682,0.294036628148,0.357221547899,0.592465006271,0.323411348424,0.338505804897
G[T>A]T,0.0772483747729,0.213630190474,0.11274087129,0.248447475621,0.224419594033,0.164604693581,0.273002906427,0.306905705179,0.163926030186
T[T>A]A,0.100225985198,0.602070318401,0.146275762181,0.322348438881,0.63247791024,0.369695780957,0.613153978173,0.398195130382,0.637105848867
T[T>A]C,0.14421525527,0.390393070845,0.210476318502,0.463827442625,0.410109892605,0.319788106569,0.53038027431,0.572963311478,0.177175544476
T[T>A]G,0.118022267626,0.316984255734,0.172248714913,0.379585131012,0.332993561579,0.467743510545,0.775769724806,0.468899279485,0.23018557285
T[T>A]T,0.11552205039,0.468272272567,0.168599749218,0.371543891795,0.491922387343,0.335070739114,0.555727079507,0.458965983982,0.258999127533
A[T>C]A,0.392097234694,2.00529382457,0.572250018203,1.26106948456,2.10657129046,0.996499082244,1.65273018518,1.55779171622,0.586232300247
A[T>C]C,0.196033639943,0.993283982129,0.286103150187,0.630486571709,1.04344983981,0.326819257159,0.5420416948,0.778836353288,0.322067903431
A[T>C]G,0.304263306477,1.91436864761,0.444059960805,0.978576580292,2.01105393285,0.577723082652,0.958174868789,1.2088298933,0.807400359709
A[T>C]T,0.305567371395,1.41925507502,0.445963190685,0.982770735029,1.49093462427,0.712753339077,1.1821274892,1.21401090798,0.359101455031
C[T>C]A,0.135963669626,0.991078998531,0.198433463778,0.437288559066,1.04113349341,0.304726470143,0.505399999262,0.540179984728,0.425343447956
C[T>C]C,0.22296356817,1.05634627496,0.32540628868,0.717099043572,1.10969709693,0.469881090303,0.77931497904,0.885828230295,0.460137757332
C[T>C]G,0.212605137142,1.8181482291,0.310288578532,0.683784089728,1.90997389724,0.427071884085,0.708314344336,0.844674463782,1.00532775063
C[T>C]T,0.180832048205,0.96703172362,0.263917043327,0.581594965849,1.01587170966,0.482301904015,0.799915353,0.718440840167,0.375346875119
G[T>C]A,0.150870438644,1.55678503052,0.220189288831,0.485231951314,1.63541053712,0.293900331051,0.487444451499,0.599404175152,0.419525921827
G[T>C]C,0.200568079778,0.893177733107,0.292720981297,0.645070310637,0.938287719628,0.245970672989,0.407951360079,0.796851560198,0.226637615637
G[T>C]G,0.190017586246,1.24776630196,0.277322963711,0.611137642252,1.31078480206,0.292166184736,0.484568306391,0.754934734547,0.445519666221
G[T>C]T,0.205072886194,1.24217721749,0.299295563634,0.659558742083,1.30491344059,0.305878056646,0.507309947607,0.814749034338,0.280072336072
T[T>C]A,0.18131204137,1.04645182336,0.264617573891,0.583138727649,1.09930292555,0.427688543142,0.709337095942,0.720347840037,0.288828771997
T[T>C]C,0.234480706867,1.20135184533,0.342215085697,0.754140651814,1.26202618096,0.407418003954,0.675717665095,0.931585511065,0.357734366367
T[T>C]G,0.167698587707,0.988021151628,0.244749290167,0.53935491722,1.03792120979,0.301282047277,0.499687297922,0.666261956566,0.399847880726
T[T>C]T,0.154357328986,1.02537472107,0.225278263925,0.496446544576,1.07716132315,0.363031707649,0.602101368783,0.613257496241,0.306260955717
A[T>G]A,0.0630348007814,0.14231605926,0.0919967362755,0.202733548459,0.149503739021,0.163888045244,0.271814318941,0.250435559861,0.0985968170312
A[T>G]C,0.0672018689361,0.219607304558,0.0980784033121,0.216135740632,0.230698582566,0.121215803102,0.201040844169,0.266991209016,0.098271273873
A[T>G]G,0.100629016789,0.229035072978,0.14686397045,0.32364467562,0.240602500906,0.171011691233,0.283629146434,0.399796364001,0.101628900859
A[T>G]T,0.241686416634,0.703509473118,0.352731526979,0.777315772417,0.739040254588,0.43676641724,0.724393082252,0.960213601221,0.353639163358
C[T>G]A,0.0464408355332,0.116580041214,0.0677785167241,0.149363768336,0.122467922084,0.0928952641949,0.154070194275,0.184508184416,0.0710369177278
C[T>G]C,0.145838319867,0.413086621253,0.212845115481,0.469047569301,0.433949581922,0.258952089293,0.42948151395,0.579411703255,0.236174234446
C[T>G]G,0.146569687744,0.53282249939,0.213912517248,0.471399806529,0.559732726632,0.252487280885,0.418759392687,0.582317408065,0.326766098672
C[T>G]T,0.371533391655,1.19089654376,0.542237922955,1.19493171911,1.25104283385,0.86227129158,1.4301084836,1.4760921236,0.608312024274
G[T>G]A,0.0269081532346,0.0363598162533,0.0392713587748,0.0865424387814,0.0381961706096,0.0428246715885,0.0710262845859,0.106905365554,0.0247433834159
G[T>G]C,0.0389527253732,0.107736607183,0.0568499235177,0.125280387011,0.11317784997,0.0695241208087,0.115308297927,0.154758125131,0.0321577066741
G[T>G]G,0.107319957529,0.260826592703,0.156629127204,0.345164187727,0.27399965294,0.147846040743,0.245208067573,0.426379290721,0.174035451138
G[T>G]T,0.141473581753,0.393257002358,0.206474957153,0.455009627801,0.413118467123,0.274783472827,0.455738442737,0.562070716695,0.216342369326
T[T>G]A,0.0994108283738,0.277452448727,0.145086073843,0.319726718283,0.291465198663,0.237295765818,0.393563709161,0.39495653435,0.141509008558
T[T>G]C,0.11602912647,0.457076199826,0.169339806199,0.373174758106,0.480160856383,0.217834083833,0.361285797577,0.460980583543,0.156209180614
T[T>G]G,0.12244820499,0.261038654424,0.178708191067,0.393819902536,0.27422242485,0.197329366608,0.327277973886,0.486483409015,0.179006919762
T[T>G]T,0.504955213504,2.31214130464,0.736961662952,1.62404514614,2.42891611801,1.03982616681,1.72458974008,2.00617341581,0.945094116104
