,1,3,2,5,4,7,6,9,8
A[C>A]A,1.69124516774,1.07348495677,0.455724745797,1.29628372138,1.42793753683,0.860813408728,1.83302619976,1.90391671577,1.65073630144
A[C>A]C,1.18639126975,0.753038770019,0.319686270291,0.909329835495,1.00168364691,0.603851843883,1.2858492205,1.33557819588,1.15797471239
A[C>A]G,0.653610696405,0.414866669574,0.176122642744,0.500971072694,0.551850947264,0.332676102961,0.708404407481,0.735801263019,0.637955350383
A[C>A]T,1.30584960174,0.828862621462,0.351875641187,1.00089071271,1.10254367572,0.664653988909,1.41532202344,1.47005823429,1.27457176697
C[C>A]A,2.99463918256,1.90078894222,0.806938701888,2.29529230759,2.52840793258,1.52421754801,3.2456867787,3.37121057678,2.92291129795
C[C>A]C,2.05401546674,1.30374634416,0.553477221577,1.57433520804,1.73422862761,1.04545697409,2.22620838012,2.31230483681,2.00481749149
C[C>A]G,0.936303178289,0.59430022095,0.252297263611,0.717645549826,0.790531425981,0.476561497932,1.0147956603,1.05404190131,0.913876754857
C[C>A]T,2.92571065108,1.85703789829,0.788365145501,2.24246085832,2.47021078924,1.48913416372,3.17097980746,3.29361438565,2.85563374926
G[C>A]A,2.62030155418,1.66318541762,0.706069281067,2.00837484392,2.21235041401,1.33368641979,2.83996755274,2.94980055201,2.55753984031
G[C>A]C,3.64831131696,2.31569460837,0.983077899779,2.79631047048,3.08031075264,1.8569249218,3.95415777467,4.10708100352,3.56092661475
G[C>A]G,1.40199998078,0.889892203368,0.377784425958,1.07458681161,1.18372453467,0.713592804587,1.5195329133,1.57829937956,1.36841914291
G[C>A]T,2.62538706659,1.66641334766,0.707439628723,2.0122727217,2.21664417,1.33627485425,2.84547939553,2.95552556,2.56250354404
T[C>A]A,2.4238385661,1.53848435932,0.653130152541,1.85779243389,2.04647447796,1.23369028813,2.62703461355,2.72863263728,2.36578255254
T[C>A]C,2.81540473665,1.78702336578,0.758641994906,2.15791500773,2.3770782507,1.43299043482,3.05142669062,3.16943766761,2.74796989266
T[C>A]G,0.556309918834,0.353106894589,0.149903870344,0.426393231202,0.469698793746,0.283151755095,0.602946678497,0.626265058328,0.542985130359
T[C>A]T,2.90182519483,1.84187706977,0.781928944714,2.22415344274,2.45004402677,1.47697689557,3.14509197763,3.26672536903,2.83232039974
A[C>G]A,0.694020326278,0.440515895722,0.187011465165,0.531943723136,0.585969257517,0.353243878645,0.752201670996,0.781292343355,0.67739708493
A[C>G]C,0.451972278917,0.286880608175,0.121788937433,0.346421866475,0.381605337289,0.230045770706,0.489862170562,0.508807116385,0.441146595589
A[C>G]G,0.0577055112772,0.0366274502718,0.0155493892663,0.0442293739131,0.0487214197011,0.0293710686142,0.062543099049,0.0649618929349,0.0563233433425
A[C>G]T,0.475951007405,0.302100639431,0.128250271457,0.364800772143,0.401850850564,0.242250512751,0.515851091858,0.535801134085,0.464550983276
C[C>G]A,0.633808301283,0.402297484647,0.17078666801,0.485793189007,0.535131559766,0.322597039575,0.68694193133,0.713508746354,0.618627264126
C[C>G]C,0.629237075284,0.399395987905,0.169554900526,0.482289494829,0.531272021647,0.32027036766,0.681987488781,0.70836269553,0.614165528571
C[C>G]G,0.0981449483091,0.0622955959327,0.0264462435563,0.0752248705603,0.0828648964766,0.0499540156064,0.106372668527,0.110486528635,0.0957941711041
C[C>G]T,0.605731290505,0.384476148464,0.163221006424,0.464273084938,0.511425820127,0.308306345467,0.65651115917,0.681901093503,0.591222756601
G[C>G]A,0.297632128729,0.188916201469,0.0802002742084,0.228125224415,0.25129419252,0.151489406838,0.322583325149,0.33505892336,0.290503215466
G[C>G]C,0.489744122477,0.310855550794,0.131966979111,0.375372740581,0.413496534546,0.249270960542,0.530800515978,0.551328712729,0.478013724334
G[C>G]G,0.172108930232,0.10924279404,0.046376657847,0.131915826765,0.145313527921,0.0876003537111,0.186537223785,0.193751370561,0.167986560646
G[C>G]T,0.333730626485,0.211829020404,0.0899274143223,0.255793534072,0.281772564876,0.16986289372,0.361708044274,0.375696753169,0.325737078545
T[C>G]A,3.50079789086,2.22206333192,0.943328772986,2.6832462876,2.95576348869,1.78184323786,3.79427795356,3.94101798492,3.41694644437
T[C>G]C,1.16517004202,0.739569008708,0.313967975395,0.893064463346,0.983766322905,0.593050620191,1.2628489677,1.31168843054,1.13726177754
T[C>G]G,0.189919649765,0.120547801647,0.0511759535296,0.145567156706,0.160351321059,0.0966656900003,0.20584105753,0.213801761412,0.185370676118
T[C>G]T,4.16657256663,2.64465085068,1.12272913472,3.19354064987,3.51788462213,2.12071058781,4.51586607521,4.6905128295,4.06677442132
A[C>T]A,2.38260025214,1.51230914208,0.642018032013,1.82618462439,2.01165650031,1.21270072714,2.58233919543,2.68220866708,2.32553198263
A[C>T]C,2.23638901483,1.41950440462,0.602619794416,1.71411852634,1.88820868917,1.1382818339,2.42387072865,2.51761158556,2.18282281088
A[C>T]G,6.81375700849,4.32489965808,1.83604230768,5.22252034183,5.75293256405,3.4680799145,7.38497017088,7.67057675207,6.65055324781
A[C>T]T,1.45382478273,0.922786987842,0.391749192952,1.11430881551,1.22748080458,0.739970697798,1.57570230943,1.63664107278,1.41900263225
C[C>T]A,3.1045790377,1.97057112573,0.836563213751,2.37955758578,2.62123140309,1.58017495931,3.36484314864,3.49497520412,3.03021786314
C[C>T]C,4.1188154563,2.6143379543,1.1098604523,3.15693639765,3.47756275053,2.09640307656,4.4641053748,4.63675033404,4.02016119388
C[C>T]G,4.93520795284,3.1325272036,1.32984645436,3.78267435907,4.16685222366,2.51193219157,5.34893796087,5.55580296488,4.81699937912
C[C>T]T,3.78930684521,2.405188776,1.02107070679,2.90437889933,3.19935488129,1.92868911283,4.10697328733,4.26580650838,3.69854500461
G[C>T]A,3.75545313983,2.38370079534,1.01194845085,2.87843114909,3.17077181267,1.91145818495,4.07028154677,4.22769575023,3.66550216643
G[C>T]C,5.4422357146,3.45435320807,1.46647070154,4.17129443994,4.59494153149,2.77000021402,5.89847104397,6.12658870866,5.31188276336
G[C>T]G,6.81213841922,4.32387229005,1.83560616087,5.22127974647,5.75156597072,3.46725608164,7.38321589149,7.66875462763,6.64897342715
G[C>T]T,4.03116565188,2.5587039467,1.08624224153,3.08975570923,3.40355902345,2.05179090066,4.36910768258,4.53807869793,3.93461078597
T[C>T]A,5.63780903837,3.57848956926,1.51917010016,4.32119495156,4.76006631383,2.86954352252,6.1104397362,6.34675508511,5.50277169613
T[C>T]C,6.36588123863,4.04061922931,1.71535721999,4.87923831464,5.37478595597,3.24011919331,6.89954792929,7.16638127462,6.2134050413
T[C>T]G,4.71596022508,2.9933639752,1.27076772532,3.61462819647,3.98173887267,2.40033903672,5.11131018407,5.30898516356,4.60300309394
T[C>T]T,3.29834227327,2.09355856866,0.888774864055,2.52807072442,2.78482790737,1.67879696544,3.57485000875,3.7131038765,3.21934006313
A[T>A]A,0.545002764417,0.345929898373,0.146857032328,0.417726669733,0.460152034628,0.27739661662,0.590691618919,0.61353604617,0.531948805988
A[T>A]C,0.449575606779,0.285359367177,0.121143127575,0.344584896214,0.379581799736,0.228825907642,0.487264579803,0.506109066314,0.438807328772
A[T>A]G,0.493734687139,0.313388484052,0.133042280966,0.378431376969,0.416865813692,0.251302086268,0.535125618995,0.555821084923,0.481908706609
A[T>A]T,0.903503433561,0.573481221302,0.243459009043,0.692505625724,0.762838228336,0.459867017082,0.979246236375,1.01711763778,0.881862632757
C[T>A]A,0.455452869434,0.289089845269,0.122726821105,0.349089624476,0.384544039462,0.231817328754,0.493634547111,0.512725385949,0.444543818669
C[T>A]C,0.912767595059,0.579361467523,0.245955339986,0.699606300405,0.77066006529,0.464582308863,0.989287034166,1.02754675372,0.890904898172
C[T>A]G,1.02599580635,0.651230871096,0.276465935843,0.786391995286,0.866259932307,0.52221343437,1.11200743083,1.15501324308,1.0014210565
C[T>A]T,0.863601151103,0.548154024053,0.232706897004,0.661921840366,0.729148277278,0.439557472118,0.935998852393,0.972197703038,0.842916093591
G[T>A]A,0.404768064775,0.256918651893,0.109069239011,0.310241390965,0.341750282235,0.206019673688,0.438700716912,0.45566704298,0.395073021307
G[T>A]C,0.427010951648,0.271036891465,0.115062831283,0.327289831204,0.360530204685,0.217340903534,0.462808276936,0.48070693958,0.416783144423
G[T>A]G,0.463346392942,0.2941001057,0.124853818457,0.355139750279,0.391208631166,0.235834990419,0.502189803128,0.521611508222,0.452248275746
G[T>A]T,0.427058257452,0.271066917904,0.115075578355,0.327326089544,0.360570145513,0.217364981338,0.462859548496,0.480760194018,0.416829317154
T[T>A]A,0.605551821438,0.384362233967,0.163172646495,0.464135527809,0.511274292352,0.308214998936,0.656316644792,0.681699056469,0.591047586194
T[T>A]C,0.7303857743,0.463598156143,0.196810537985,0.55981664138,0.61667301902,0.371753238416,0.791615719451,0.822230692026,0.712891504257
T[T>A]G,0.6774077079,0.429971359505,0.182535011111,0.519210698271,0.571943034814,0.34478835432,0.734196378023,0.762590713085,0.661182373579
T[T>A]T,0.907508908873,0.576023618806,0.244538328738,0.695575690633,0.766220096713,0.461905732061,0.983587500036,1.02162679562,0.885772168541
A[T>C]A,1.61033591188,1.02212938119,0.433922850507,1.23426944144,1.35962493159,0.819632050958,1.74533413204,1.81283324212,1.57176499184
A[T>C]C,0.987775260892,0.62697112368,0.266166986468,0.757097205953,0.833989890933,0.502759863328,1.07058276779,1.11198652124,0.964115973206
A[T>C]G,1.74227126523,1.10587277913,0.469474293026,1.33539354461,1.47101945148,0.886784775716,1.88832993417,1.96135926864,1.70054021696
A[T>C]T,1.22609074072,0.778237236623,0.330383732529,0.939758172526,1.03520236192,0.624058161443,1.32887679084,1.3802698159,1.19672329783
C[T>C]A,1.20792050055,0.766704030291,0.325487560029,0.925831281861,1.01986102142,0.614809835611,1.30918329701,1.35981469523,1.17898827299
C[T>C]C,1.83852003197,1.16696481071,0.495409589452,1.40916505444,1.55228338028,0.935773668965,1.9926474598,2.06971117371,1.79448362401
C[T>C]G,2.25833473993,1.43343402654,0.608533313155,1.73093920186,1.90673771455,1.14945181374,2.44765621513,2.54231695274,2.20424288987
C[T>C]T,1.0936060003,0.694145125942,0.294684251579,0.83821298227,0.923343988281,0.556625808538,1.18528554524,1.23112531771,1.06741184461
G[T>C]A,1.3860822595,0.879788739564,0.373495219626,1.06238640249,1.1702850215,0.705490970405,1.50228077227,1.56038002866,1.35288268442
G[T>C]C,1.31197205327,0.832748728423,0.353525403576,1.00558337017,1.1077129312,0.667770206754,1.42195773438,1.47695057494,1.28054757295
G[T>C]G,1.2182166603,0.773239317315,0.328261974332,0.933722949211,1.02855418624,0.62005039596,1.32034260787,1.37140558165,1.18903781814
G[T>C]T,1.23480795055,0.783770315919,0.332732681286,0.94643962677,1.04256240136,0.628495064652,1.33832478473,1.39008320182,1.20523171221
T[T>C]A,1.2829595755,0.814333622775,0.345707670046,0.983346261464,1.08321736614,0.653003376753,1.39051307285,1.44428982152,1.25223000483
T[T>C]C,1.46018648059,0.926824951751,0.393463422913,1.1191848474,1.23285205846,0.743208687725,1.58259732327,1.64380274462,1.42521195411
T[T>C]G,1.22814609837,0.779541834893,0.330937571417,0.941333536474,1.03693772377,0.625104301565,1.33110445392,1.3825836317,1.19872942535
T[T>C]T,1.35354132153,0.859134012468,0.364726703406,1.03744484524,1.14281033734,0.688928217545,1.46701185148,1.52374711645,1.32112117012
A[T>G]A,0.510953761816,0.324317956602,0.137682151387,0.391629230613,0.431404074347,0.260066285954,0.553788208914,0.575205432463,0.498715348359
A[T>G]C,0.515133505997,0.326970967878,0.13880842976,0.394832866872,0.434933079914,0.262193700657,0.558318350811,0.579910773218,0.502794978907
A[T>G]G,0.387578705443,0.24600804058,0.104437375718,0.297066313154,0.327237110583,0.197270598579,0.420070333444,0.436316147445,0.378295383157
A[T>G]T,2.12886152868,1.35125342539,0.573645322099,1.63170224953,1.79742200924,1.08355227508,2.30732896222,2.39656267899,2.07787083338
C[T>G]A,0.401027065908,0.254544125666,0.108061185424,0.30737403854,0.33859171433,0.204115572468,0.434646101374,0.451455619106,0.391421627204
C[T>G]C,1.05598531459,0.670266127826,0.284546941058,0.809377965676,0.891580415315,0.537477555332,1.14451102959,1.18877388709,1.03069225317
C[T>G]G,0.854971578843,0.542676571002,0.230381563161,0.655307557436,0.721862231238,0.43516517486,0.926645842937,0.962482974984,0.834493217673
C[T>G]T,3.29047014384,2.0885618877,0.886653631573,2.52203699647,2.77818137893,1.67479019297,3.56631794033,3.70424183857,3.2116564877
G[T>G]A,0.127836275671,0.0811415881507,0.03444690063,0.0979822951253,0.107933621974,0.0650663678567,0.138553089201,0.143911495965,0.124774328949
G[T>G]C,0.119764610788,0.0760182559492,0.0322719011105,0.0917956298255,0.10111862348,0.060958035431,0.1298047578,0.134824831306,0.116895997356
G[T>G]G,0.505584755571,0.320910084374,0.136235413178,0.38751406415,0.42687096129,0.257333558225,0.547969106337,0.56916128172,0.493474941066
G[T>G]T,1.12753836786,0.715683035886,0.303827703914,0.864221024466,0.951993472263,0.573896774059,1.22206254241,1.26932462968,1.10053146084
T[T>G]A,0.718036699266,0.455759821091,0.193482942916,0.550351482072,0.60624655447,0.365467781063,0.778231392617,0.808328739293,0.700838215451
T[T>G]C,0.819799859283,0.520352006491,0.220904153699,0.628349592744,0.692166348257,0.417263401431,0.888525595989,0.922888464342,0.80016393451
T[T>G]G,0.58918180598,0.373971685233,0.158761564486,0.451588450092,0.497452902055,0.29988295514,0.638574292709,0.663270536073,0.575069666915
T[T>G]T,5.51698107941,3.50179637376,1.48661166811,4.22858430039,4.6580498934,2.80804426198,5.97948248727,6.2107331912,5.38483782003
