,1,3,2,5,4,7,6,9,8
A[C>A]A,2.40199133749,2.58124442238,1.36232344515,0.797341742405,3.53128577228,1.42375554892,3.26240614495,0.861307137596,2.33029010354
A[C>A]C,1.88244626254,2.02292732691,1.0676560892,0.604005173927,2.76747696807,1.00703172975,2.55675537152,0.846131092803,1.8262538368
A[C>A]G,0.745598585118,0.801240270575,0.42287680947,0.226343349672,1.09614120349,0.288670430594,1.01267867531,0.239055495353,0.723341910935
A[C>A]T,1.4280680704,1.53464031446,0.809949054855,0.496803615247,2.09947320798,0.976112484712,1.93961484189,1.9930198746,1.38543917278
C[C>A]A,2.40890016889,2.58866883821,1.36624188684,1.00090943045,3.54144278561,1.61018886456,3.27178978163,1.18834599383,2.33699270117
C[C>A]C,2.60491861874,2.79931553058,1.47741653003,0.923666327179,3.82961916337,1.14760656766,3.5380237956,1.00573647964,2.527159854
C[C>A]G,0.471517191017,0.506705041093,0.267427660577,0.184349070355,0.693200646496,0.397707790581,0.640418871382,0.260169735088,0.457442050987
C[C>A]T,2.29930559439,2.47089556412,1.30408376995,1.07235214284,3.38032240369,1.2461207088,3.1229374491,7.11809806328,2.2306696065
G[C>A]A,2.34919552588,2.52450862483,1.33237955199,0.83912761711,3.45366804925,1.21131054447,3.19069840083,1.193303926,2.2790702863
G[C>A]C,2.22793759798,2.39420159783,1.26360639885,0.999579725767,3.27540079703,1.44364877055,3.02600479726,1.517740799,2.16143199804
G[C>A]G,0.848882286112,0.912231710449,0.481455624959,0.337614992937,1.24798365943,0.384510589204,1.15295952293,0.246756966522,0.823542516377
G[C>A]T,1.81986540248,1.95567625341,1.03216246708,0.670899879736,2.67547376335,1.18253332532,2.47175748695,4.64622743005,1.76554106211
T[C>A]A,2.26670169262,2.43585853535,1.28559200477,1.84304715612,3.33238980184,2.5101108842,3.07865453774,1.07000504472,2.19903895553
T[C>A]C,2.38888335885,2.56715823638,1.3548890692,1.27415355159,3.51201508726,1.91022518509,3.24460277097,1.57565208523,2.31757340784
T[C>A]G,0.569874713971,0.6124026777,0.323212524342,0.247117354707,0.837800885464,0.388174015753,0.77400893987,0.21366861607,0.552863528479
T[C>A]T,4.2182766622,4.53307342804,2.39245542035,1.70341845059,6.20149628697,1.9850604625,5.72930113822,8.22846777587,4.09235795587
A[C>G]A,0.644336763681,0.692421596791,0.36544473164,0.324606775317,0.947271212277,1.04731927924,0.875143962611,0.296605734343,0.625102830437
A[C>G]C,0.337023074466,0.362174050173,0.191147415369,0.191667278534,0.495474221417,0.571270522906,0.457747757857,0.0942232155919,0.326962684184
A[C>G]G,0.100807149057,0.108330070628,0.0571742039428,0.0357008125431,0.148201554957,0.217979954608,0.1369171726,0.084833245269,0.0977979804285
A[C>G]T,0.50897512123,0.546958339233,0.288672456817,0.320629950261,0.748269394645,1.03862657766,0.691294567641,0.181555633933,0.493781834029
C[C>G]A,0.401271111395,0.431216716723,0.227586600493,0.297047535692,0.589928424962,0.79670889695,0.54501001697,0.20964149238,0.389292869264
C[C>G]C,0.412225167082,0.442988239253,0.233799348494,0.249206979239,0.606032521755,0.639991533536,0.5598879135,0.150290693222,0.399919938214
C[C>G]G,0.208321670325,0.223868063633,0.11815258914,0.083084910604,0.306263948165,0.223505752316,0.282944358203,0.103951372966,0.202103113002
C[C>G]T,0.387856903599,0.416801448643,0.219978542339,0.325415755826,0.57020753738,1.03361757619,0.526790719813,0.082569249765,0.376279085581
G[C>G]A,0.296795954424,0.318944906246,0.168332033852,0.166541010032,0.436334350906,0.583603197836,0.403110923172,0.259594377915,0.287936373694
G[C>G]C,0.35195304546,0.378218198107,0.199615160112,0.207486343337,0.517423507132,0.612849680936,0.478025778163,0.216551690669,0.341446984402
G[C>G]G,0.174780897524,0.187824248086,0.0991294642676,0.0668289287566,0.256954006062,0.104128695986,0.23738898022,0.0363589534401,0.1695635573
G[C>G]T,0.329702354943,0.354307008297,0.18699536549,0.240726161257,0.484711671073,0.635783300037,0.447804691042,0.129809755579,0.319860493601
T[C>G]A,0.748496046037,0.804353959921,0.424520145514,4.20082106078,1.1004009035,7.88572195668,1.01661403268,0.254427020053,0.726152880484
T[C>G]C,0.416370126858,0.447442524385,0.236150221203,0.896059540338,0.612126231276,2.43270735302,0.565517634986,0.138494503114,0.403941167847
T[C>G]G,0.117096027272,0.12583453677,0.0664126721841,0.177407283583,0.172148637109,0.362751869592,0.159040872862,0.0755016743545,0.113600623473
T[C>G]T,1.58041050777,1.69835159043,0.896352228285,5.91503221418,2.32343932858,9.70578427883,2.14652770458,0.489319450993,1.5332340747
A[C>T]A,1.75017156984,1.88078138849,0.992634621702,1.24788305019,2.57301342731,2.68159810212,2.37709869934,3.30660473124,1.69792764239
A[C>T]C,1.48178032415,1.59236094536,0.84041272116,1.61391267614,2.17843823774,1.81624582418,2.01256730594,3.30010040997,1.43754807567
A[C>T]G,4.04375414375,4.34552684105,2.29347249944,1.19125433012,5.94492213671,3.05547176859,5.49226309077,3.80324948933,3.92304506483
A[C>T]T,1.47473792074,1.58479298946,0.836418522213,1.32000048064,2.16808485363,1.50829726365,2.00300225056,2.21812024314,1.43071589326
C[C>T]A,3.04101290036,3.26795416158,1.72475358528,1.92824301868,4.47074284605,3.23638720781,4.13033095422,2.39735527445,2.95023639587
C[C>T]C,3.43571799812,3.69211486366,1.94861617804,2.41743448782,5.05101825097,2.62248791697,4.66642295268,2.91106807631,3.33315925191
C[C>T]G,2.79999091214,3.00894545782,1.58805454719,0.995871891884,4.11640454994,2.38559363265,3.80297273142,2.50232613106,2.71640909387
C[C>T]T,4.56308478338,4.90361349856,2.58801823535,2.42950565527,6.708415689,2.74790398002,6.19762261623,2.69551383461,4.42687329731
G[C>T]A,1.92390195295,2.06747672555,1.09116827182,1.40215893086,2.82842302037,2.81094290187,2.61306086146,4.32233238384,1.8664720439
G[C>T]C,2.67938825556,2.87934260299,1.51965304046,2.2345528124,3.93910064436,3.35178756353,3.63916912322,5.25329664122,2.59940651658
G[C>T]G,2.78767130954,2.9957064819,1.58106730989,1.08751587337,4.09829289537,2.63416172761,3.78624013684,6.26355597227,2.7044572406
G[C>T]T,3.33378176946,3.58257145374,1.89080160059,1.95257082783,4.90115678047,2.41830589146,4.52797225404,4.21595952109,3.23426589574
T[C>T]A,7.86071722095,8.44733790909,4.4583172298,16.4554330163,11.5564275562,6.68535046038,10.676496524,2.60840559911,7.6260689457
T[C>T]C,4.18896587625,4.50157527,2.3758313925,5.07148541732,6.15840505688,4.55379325427,5.68949096626,3.78981708326,4.06392211875
T[C>T]G,3.88627055291,4.17629074343,2.20415344792,2.19051658161,5.71339775316,2.15050643807,5.27836746739,4.53644222413,3.7702624767
T[C>T]T,5.59390593966,6.0113616068,3.17266307025,9.59824855785,8.22387664263,3.31189310938,7.59769314192,3.21489165743,5.4269236728
A[T>A]A,0.420750696512,0.452150002222,0.238634723395,2.39028517508,0.618566322484,0.981001899264,0.571467363919,0.651808376831,0.408190974228
A[T>A]C,0.463719434351,0.498325362288,0.263005052319,0.539611552508,0.681736780352,1.23218291409,0.629827888447,0.482850882189,0.449877063176
A[T>A]G,0.599566454216,0.644310219456,0.340052615824,0.673541493975,0.881452175228,0.853380772756,0.814336527368,0.360504676671,0.58166894812
A[T>A]T,0.660692928423,0.709998370842,0.374721362389,0.571164794855,0.971317215666,1.10519373809,0.897359052037,0.678485442846,0.640970751455
C[T>A]A,0.452200395504,0.485946693676,0.256471866107,4.86904596955,0.664802073987,0.483261535364,0.614182626729,0.678711461892,0.438701876235
C[T>A]C,0.711731606893,0.764845905915,0.403668672566,0.845967168883,1.04635169073,1.02316653054,0.966680242198,0.793497837072,0.690485887284
C[T>A]G,1.21750310535,1.30836154605,0.690524149306,1.70003093626,1.78991128175,0.924051710302,1.65362362071,1.5655717428,1.18115972908
C[T>A]T,0.970100782197,1.04249636296,0.550206413783,0.780362338198,1.42619294099,0.896545167712,1.31759956985,1.06139403899,0.941142549892
G[T>A]A,0.355224230928,0.381733501893,0.201470459332,1.83180493016,0.522232638006,0.401136142684,0.482468731559,0.832284369006,0.344620522542
G[T>A]C,0.260596029318,0.280043494192,0.147800733046,0.305507628626,0.383115058027,0.698939012432,0.353943860715,0.397454974162,0.252817043368
G[T>A]G,0.530566504531,0.570161019795,0.300918316003,0.499229177504,0.780011950691,0.576989183858,0.720620177796,0.919110094977,0.514728698426
G[T>A]T,0.408281218893,0.438749966572,0.231562482357,0.262799404942,0.600234329268,0.614661171151,0.55453120775,0.631119028573,0.396093719822
T[T>A]A,0.631874493184,0.679029306109,0.358376578224,1.25947495593,0.928949814607,0.879165748908,0.858217595221,0.676935977733,0.613012568015
T[T>A]C,0.401826945623,0.431814031117,0.227901849756,0.502708130164,0.590745584237,1.09355884464,0.545764955996,0.441217489091,0.389832111425
T[T>A]G,0.604426880648,0.649533364278,0.342809275591,0.723243857372,0.88859772752,0.62706417687,0.820938002074,0.350296059981,0.586384287196
T[T>A]T,0.683630348329,0.734647538503,0.387730645321,0.64254372156,1.00503864642,1.03992409599,0.928512861163,0.516521005313,0.66322347226
A[T>C]A,1.60971692971,1.72984505879,0.912973781027,2.2178092783,2.36652414292,3.96900322519,2.1863319493,1.54007515228,1.56166567807
A[T>C]C,0.763894845832,0.820901923879,0.433253793158,0.958930521289,1.12303943753,2.18363495246,1.03752882046,1.06846254486,0.741092014613
A[T>C]G,1.46251004391,1.5716525845,0.829483308485,1.78793087628,2.15010804962,3.46631722859,1.98639423874,1.47081410213,1.41885302767
A[T>C]T,1.35369539681,1.45471744135,0.767767538491,1.64529866704,1.9901342774,2.76611409813,1.8386012106,1.10015214939,1.313286579
C[T>C]A,0.898116611414,0.965140239132,0.509379570653,1.4174276451,1.32036546603,2.13399979532,1.21983002446,0.577278810307,0.871307160327
C[T>C]C,1.17490935491,1.26258915751,0.666366499798,1.26003057791,1.72729211132,2.3417855569,1.59577240741,1.0409006458,1.13983743387
C[T>C]G,1.4103016306,1.51554802094,0.79987256661,1.78795729978,2.07335388976,2.71229410964,1.91548430425,0.949822508981,1.36820307446
C[T>C]T,2.29356050966,2.46472174172,1.30082536369,1.10936648715,3.37187627166,2.47474736843,3.11513442356,1.1218144621,2.22509601683
G[T>C]A,1.17351678935,1.26109266915,0.665576686498,2.40466233939,1.72524483211,5.10710890004,1.5938810124,1.67506153374,1.13848643743
G[T>C]C,0.823636795859,0.885102228386,0.467137287203,1.1564085765,1.21086902078,2.86482348582,1.11867087199,1.52217640048,0.799050622848
G[T>C]G,0.857057627384,0.921017151816,0.486092385681,1.29533986145,1.2600026313,3.62993428918,1.16406334466,1.50700640607,0.831473817611
G[T>C]T,1.25957203822,1.35356995152,0.714384141081,1.56356053321,1.85175889201,3.94612811118,1.71076202206,1.72110179185,1.2219728729
T[T>C]A,0.858361834371,0.922418687682,0.486832085166,1.11666152269,1.26192001023,3.23551725417,1.16583473026,1.0669003535,0.832739093046
T[T>C]C,0.797210981112,0.856704337911,0.452149511675,1.38076095156,1.17201912895,2.63603579674,1.08277909375,1.20412345841,0.773413638392
T[T>C]G,0.73207325453,0.786705586958,0.41520572645,0.842559131678,1.07625694882,2.23519853642,0.994308450183,0.862321135129,0.710220321559
T[T>C]T,1.00542737323,1.08045926675,0.570242390785,1.18575039041,1.47812830243,2.62668652855,1.36558046214,1.07214313642,0.975414615817
A[T>G]A,0.535012035815,0.574938307144,0.303439662104,0.534652538082,0.78654754519,0.401284753181,0.726658138196,0.241305251835,0.519041527283
A[T>G]C,0.208889181218,0.224477926085,0.118474460989,0.258868292888,0.30709827388,0.313725844325,0.283715156579,0.268119021977,0.202653683271
A[T>G]G,0.258164821968,0.277430853459,0.146421839325,0.217904580328,0.379540820357,0.566888821673,0.350641773121,0.399344206988,0.250458409372
A[T>G]T,0.858955854566,0.923057037743,0.487168992142,1.13276261413,1.26279330858,0.832359562491,1.16664153381,0.832904594418,0.833315381295
C[T>G]A,0.338897416978,0.364188268991,0.192210475301,0.365218811597,0.498229784661,0.265900019401,0.460293506641,0.129576083309,0.328781076172
C[T>G]C,0.478569784983,0.514283948041,0.271427639244,0.547268557385,0.703569012251,0.636897907783,0.649997767663,0.44415851224,0.46428411976
C[T>G]G,0.61975696063,0.666007480079,0.35150394782,0.556230935423,0.911135233164,0.761725292896,0.841759453989,0.576653712102,0.60125675285
C[T>G]T,4.46687777941,4.80022686742,2.53345306892,2.0162543492,6.5669770339,1.46174714699,6.06695340188,1.96486378768,4.3335381442
G[T>G]A,0.106104226818,0.1140224527,0.0601785167028,0.0924156372875,0.155989049874,0.172181079357,0.144111711051,0.165646598795,0.102936936465
G[T>G]C,0.155925360285,0.167561581201,0.0884352789674,0.0802251213539,0.22923355206,0.177552092801,0.211779220685,0.21729968516,0.151270871918
G[T>G]G,0.365619801673,0.392904861499,0.20736645468,0.252600968379,0.537515678579,0.595956603922,0.496588088839,0.362941776586,0.354705777742
G[T>G]T,1.31451576515,1.41261395658,0.745546254861,0.752448401522,1.93253437115,0.65302714905,1.78538708401,0.719695912055,1.27527648858
T[T>G]A,0.843534693901,0.906485044193,0.478422662213,0.789915503545,1.24012190074,0.626883632178,1.1456963753,0.328014999644,0.818354553785
T[T>G]C,0.379370760748,0.407682011551,0.215165506096,0.48694138929,0.557731640802,0.584085771756,0.515264764599,0.403245740201,0.368046260428
T[T>G]G,0.352203269991,0.378487096109,0.199757078502,0.361963716567,0.517791374539,0.615788881454,0.478365635361,0.434963484113,0.341689739543
T[T>G]T,2.07770979443,2.23276276417,1.17840256998,2.97097295838,3.05454350375,1.59859818768,2.82196404915,1.62689473163,2.01568860654
