,1,3,2,5,4,7,6,9,8
A[C>A]A,1.4719150569,0.462601875024,1.59807920463,1.05136789778,1.69270231543,0.478933744654,1.27215515632,1.12496365063,1.09342261369
A[C>A]C,0.802475559265,0.252206604341,0.871259178631,0.573196828047,0.922846893155,0.388552437312,0.693568161937,0.61332060601,0.596124701169
A[C>A]G,0.294278404307,0.0924874984963,0.319502267533,0.210198860219,0.338420164953,0.0451061598959,0.254340620865,0.224912780434,0.218606814628
A[C>A]T,0.757382524002,0.238034507543,0.822301026059,0.540987517144,0.870989902602,0.352782703488,0.654594895744,0.578856643344,0.56262701783
C[C>A]A,2.18820391704,0.687721231069,2.37576425278,1.56300279788,2.51643450459,0.423968828005,1.89123338544,1.67241299374,1.6255229098
C[C>A]C,1.27091051632,0.399429019414,1.37984570343,0.90779322594,1.46154709376,0.35858954766,1.09842980339,0.971338751756,0.944104954978
C[C>A]G,0.396879079269,0.124733424913,0.430897286064,0.283485056621,0.45641094116,0.0523979008494,0.343016918511,0.303329010584,0.294824458886
C[C>A]T,1.45776895189,0.458155956307,1.58272057633,1.04126353706,1.67643429467,0.343736490405,1.25992887985,1.11415198466,1.08291407854
G[C>A]A,2.60055650117,0.817317757511,2.82346134413,1.85754035798,2.99063997635,0.224310092411,2.24762383316,1.98756818304,1.9318419723
G[C>A]C,1.04715211737,0.329104951172,1.13690801314,0.747965798119,1.20422493497,0.247544565879,0.905038615724,0.800323403987,0.777884430044
G[C>A]G,0.390884864195,0.122849528747,0.424389281126,0.279203474425,0.449517593824,0.0252105154637,0.337836204054,0.298747717635,0.290371613402
G[C>A]T,1.67695839355,0.527044066544,1.82069768442,1.19782742396,1.92850215258,0.273995155954,1.449371183,1.28167534364,1.24574052092
T[C>A]A,1.65653319887,0.520624719646,1.79852175878,1.1832379992,1.90501317871,0.399526758494,1.43171797903,1.26606465914,1.23056751916
T[C>A]C,1.55414485188,0.488445524875,1.68735726775,1.11010346563,1.78726657966,0.419029288179,1.34322519341,1.18781070822,1.15450760425
T[C>A]G,0.341722300853,0.107398437411,0.371012783783,0.244087357752,0.392980645981,0.0511827528884,0.29534570288,0.261173472795,0.253850852062
T[C>A]T,3.36031217632,1.05609811256,3.64833893429,2.40022298309,3.86435900277,0.48047509446,2.90426980953,2.5682385919,2.49623190241
A[C>G]A,0.423412479168,0.133072493453,0.459704977382,0.30243748512,0.486924351043,0.501161037207,0.365949356995,0.323608109078,0.314534984525
A[C>G]C,0.171541938079,0.0539131805392,0.186245532772,0.122529955771,0.197273228791,0.256262541157,0.148261246483,0.131107052675,0.127431154002
A[C>G]G,0.124233780229,0.0390449023577,0.134882389963,0.0887384144493,0.142868847263,0.108504518704,0.107373481484,0.0949501034608,0.0922879510273
A[C>G]T,0.293638310057,0.092286326018,0.318807308062,0.209741650041,0.337684056566,0.493723225187,0.253787396549,0.224423565544,0.218131316042
C[C>G]A,0.350355418293,0.110111702892,0.380385882718,0.250253870209,0.402908731037,0.34791081751,0.302807182953,0.267771641124,0.260264025018
C[C>G]C,0.328113328429,0.103121331792,0.356237328008,0.234366663163,0.377330327693,0.283966024138,0.283583662428,0.250772329585,0.24374132969
C[C>G]G,0.226183421129,0.0710862180692,0.245570571512,0.161559586521,0.260110934299,0.0863538661733,0.19548709969,0.172868757577,0.168021969982
C[C>G]T,0.252307403903,0.0792966126551,0.273933752809,0.180219574216,0.290153514488,0.497198145075,0.218065684802,0.192834944411,0.187428357185
G[C>G]A,0.320218751478,0.100640179036,0.347666073034,0.228727679627,0.3682515642,0.247646674281,0.276760492349,0.244738617201,0.237876786812
G[C>G]C,0.301412823697,0.0947297445906,0.327248208586,0.21529487407,0.346624747252,0.210453587736,0.260506797624,0.230365515254,0.223906669032
G[C>G]G,0.103138799086,0.0324150511414,0.111979267579,0.0736705707759,0.118609618949,0.034737457028,0.0891413906388,0.0788275107302,0.0766173936069
G[C>G]T,0.180570380939,0.0567506911523,0.196047842162,0.128978843528,0.20765593808,0.371982803564,0.156064400669,0.138007362575,0.134137997269
T[C>G]A,0.390048213402,0.122586581355,0.423480917408,0.278605866716,0.448555445412,0.667510487347,0.337113098726,0.298108277386,0.289750101384
T[C>G]C,0.387661593505,0.121836500816,0.420889730091,0.276901138218,0.44581083253,0.414093032536,0.335050377243,0.296284217893,0.287977183746
T[C>G]G,0.142819779096,0.0448862162873,0.155061474447,0.102014127926,0.16424274596,0.0672069969332,0.12343709479,0.109155116881,0.106094693043
T[C>G]T,0.732861971931,0.230328048321,0.795678712383,0.523472837094,0.842791267721,1.29193494185,0.633402132884,0.56011593569,0.544411750578
A[C>T]A,2.18437247134,0.686517062421,2.37160439745,1.56026605096,2.51202834204,0.504306362017,1.88792192166,1.66948467452,1.62267669299
A[C>T]C,2.90906590015,0.914277854332,3.15841440588,2.07790421439,3.34542578517,0.273145022186,2.51426409941,2.2233575094,2.16102038297
A[C>T]G,1.43800138738,0.451943293176,1.56125864915,1.02714384813,1.65370159548,0.248927092564,1.24284405623,1.0990439175,1.06822960205
A[C>T]T,1.5672869447,0.492575896905,1.70162582567,1.11949067478,1.8023799864,0.387713940438,1.35458371649,1.19785502202,1.16427030178
C[C>T]A,3.55379764126,1.11690783011,3.85840886766,2.53842688662,4.08686728745,0.605481408582,3.07149653281,2.71611676868,2.63996396208
C[C>T]C,4.86318143625,1.52842845139,5.28002555936,3.47370102589,5.59265865169,0.415494769789,4.20317824133,3.71686009771,3.61264906693
C[C>T]G,1.56710379442,0.492518335388,1.7014269768,1.11935985315,1.80216936358,0.285132088746,1.35442542232,1.19771504288,1.16413424728
C[C>T]T,3.74307033418,1.1763935336,4.06390493426,2.67362166727,4.30453088431,0.649621041819,3.2350822174,2.86077518398,2.78056653396
G[C>T]A,1.62928838752,0.512062064648,1.76894167787,1.16377741965,1.87368164564,0.492668748534,1.40817067778,1.24524183903,1.21032851644
G[C>T]C,2.76996506802,0.87056044995,3.00739064528,1.97854647716,3.18545982823,0.39893606721,2.39404123736,2.11704473056,2.05768833625
G[C>T]G,1.01294830204,0.318355180642,1.09977244222,0.723534501458,1.16489054735,0.0978949678036,0.875476746764,0.77418191656,0.752475881516
G[C>T]T,1.87243264132,0.588478830128,2.03292686771,1.33745188665,2.15329753751,0.428837358754,1.61831678285,1.43107351872,1.39094996212
T[C>T]A,4.19294740789,1.31778347105,4.55234289999,2.9949624342,4.82188951907,4.16433375635,3.62390454539,3.2046098046,3.11476093157
T[C>T]C,8.1524766971,2.56220696194,8.85126041399,5.82319764078,9.37534820166,1.2810801853,7.04606914535,6.23082147564,6.05612554641
T[C>T]G,2.85717475089,0.897969207424,3.10207544383,2.04083910778,3.28575096353,0.602985585371,2.46941532042,2.18369784533,2.12247267209
T[C>T]T,3.91137426578,1.22928905496,4.24663491713,2.79383876127,4.49808040565,2.43678080641,3.38054490114,2.98940747456,2.90559231172
A[T>A]A,1.23039567206,0.386695782648,1.33585815824,0.878854051474,1.41495502287,0.407996499027,1.06341340228,0.940373835077,0.914008213533
A[T>A]C,0.648230735648,0.203729659775,0.703793370132,0.463021954034,0.745465345995,0.271055784599,0.560256564381,0.495433490817,0.481542832196
A[T>A]G,1.00115919357,0.314650032264,1.08697283873,0.715113709692,1.1513330726,0.370836037068,0.865287588727,0.76517166937,0.743718258079
A[T>A]T,1.06607935255,0.335053510802,1.15745758277,0.761485251822,1.22599125543,0.243576930736,0.921397154705,0.81478921945,0.791944661895
C[T>A]A,1.57108899272,0.493770826282,1.70575376352,1.12220642337,1.80675234162,0.571089188181,1.35786977228,1.200760873,1.1670946803
C[T>A]C,1.70059006134,0.534471162137,1.84635492375,1.21470718667,1.95567857055,0.45755078686,1.46979569588,1.29973668974,1.26329547414
C[T>A]G,3.97813718442,1.25027168653,4.31912037165,2.8415265603,4.57485776208,0.886462778139,3.43824713796,3.04043341952,2.95518762271
C[T>A]T,2.00005832286,0.628589758613,2.17149189339,1.42861308776,2.30006707129,0.586147134955,1.72862183619,1.5286160039,1.48575761127
G[T>A]A,1.54439417437,0.485381026232,1.67677081789,1.10313869598,1.77605330053,0.304317706562,1.33479782214,1.1803584047,1.14726424382
G[T>A]C,0.489553143388,0.15385955935,0.531514841393,0.349680816706,0.562986114896,0.18522398032,0.423113788214,0.374158473875,0.363668049374
G[T>A]G,1.72391665659,0.541802377786,1.87168094144,1.23136904042,1.98250415508,0.330394823267,1.48995653891,1.31756487325,1.28062380204
G[T>A]T,0.928587124105,0.291841667576,1.00818030617,0.663276517218,1.06787519272,0.233708800229,0.802564585833,0.709705873423,0.689807577906
T[T>A]A,1.26349054266,0.397097027693,1.37178973203,0.902493244757,1.45301412406,0.304234489412,1.09201682616,0.96566777189,0.938592974547
T[T>A]C,0.800999643279,0.25174274503,0.86965675556,0.572142602342,0.92114958977,0.28314836743,0.692292548834,0.612192584506,0.595028306436
T[T>A]G,1.10434035879,0.347078398477,1.19899810383,0.788814541994,1.26999141261,0.347923989038,0.954465595813,0.844031559934,0.820367123674
T[T>A]T,1.32743001819,0.417192291431,1.44120973403,0.948164298707,1.52654452092,0.393563140605,1.14727880143,1.01453579962,0.986090870655
A[T>C]A,1.46844037734,0.461509832879,1.5943066954,1.04888598381,1.68870643394,0.420154760885,1.26915204042,1.12230800268,1.09084142317
A[T>C]C,0.847068044815,0.266221385513,0.919673877227,0.605048603439,0.974128251537,0.256922322123,0.732108810161,0.64740200568,0.629250547577
A[T>C]G,1.32558290209,0.416611769228,1.4392042937,0.946844930063,1.5244203374,0.343182446808,1.14568236538,1.01312407517,0.984718727265
A[T>C]T,1.06494802472,0.334697950627,1.15622928399,0.760677160517,1.22469022843,0.441806073294,0.920419364225,0.813924561753,0.791104246937
C[T>C]A,1.14478843664,0.359790651516,1.24291315978,0.817706026172,1.31650670214,0.257653598358,0.989424291668,0.874945448004,0.850414267219
C[T>C]C,1.80596399952,0.567588685563,1.96076091376,1.28997428537,2.07685859945,0.408698400589,1.5608688853,1.38027248535,1.34157325679
C[T>C]G,1.81267172055,0.569696826457,1.96804358231,1.29476551468,2.08457247863,0.295826005398,1.56666627276,1.3853991007,1.34655613526
C[T>C]T,0.881052125087,0.276902096456,0.956570878666,0.62932294649,1.01320994385,0.500597579672,0.761480765253,0.673375552745,0.65449586435
G[T>C]A,1.10052539672,0.345879410399,1.19485614501,0.786089569089,1.26560420623,0.524227590078,0.951168378597,0.841115838925,0.817533151852
G[T>C]C,0.702994469117,0.220941118865,0.763251137899,0.502138906512,0.808443639485,0.321112309541,0.60758807688,0.537288629968,0.522224462773
G[T>C]G,1.15629926391,0.363408340085,1.25541062938,0.825928045647,1.32974415349,0.371529214138,0.999372935233,0.883743008843,0.858965167473
G[T>C]T,1.11417767403,0.350170126125,1.20967861752,0.795841195738,1.28130432514,0.452990807417,0.962967846843,0.85155007944,0.827674843568
T[T>C]A,1.06869477656,0.335875501203,1.16029718597,0.763353411825,1.22899899304,0.31111332061,0.923657628309,0.816788150653,0.793887548298
T[T>C]C,1.5156410179,0.47634431991,1.64555310514,1.08260072707,1.74298717058,0.333626461664,1.30994687975,1.15838277796,1.12590475615
T[T>C]G,0.957277175193,0.300858540775,1.0393295045,0.683769410852,1.10086875147,0.214308453301,0.827360987131,0.731633269612,0.711120187286
T[T>C]T,1.37447748937,0.431978639517,1.4922898456,0.981769635266,1.58064911278,0.313234277498,1.18794125867,1.05049350974,1.02104042068
A[T>G]A,0.629572914897,0.197865773253,0.683536307602,0.449694939212,0.724008852131,0.0551929960526,0.544130876446,0.481173584957,0.46768273678
A[T>G]C,0.579633478435,0.182170521794,0.629316348015,0.414023913168,0.6665785002,0.0498492346947,0.500968934933,0.44300558709,0.430584869695
A[T>G]G,0.595538104912,0.187169118687,0.64658422819,0.425384360651,0.684868820649,0.200687599618,0.514715076388,0.455161265897,0.442399735077
A[T>G]T,2.7555038713,0.866015502409,2.99168991741,1.96821705093,3.16882945199,0.206762951103,2.38154263162,2.10599224449,2.04694573297
C[T>G]A,0.468371847954,0.147202580785,0.50851800635,0.334551319967,0.538627625147,0.0443648688006,0.40480709716,0.357969912365,0.347933372766
C[T>G]C,1.25580838894,0.394682636525,1.36344910799,0.897005992102,1.44417964728,0.160051459614,1.08537725044,0.959796411549,0.932886231786
C[T>G]G,1.22258924152,0.384242333049,1.32738260508,0.873278029656,1.40597762775,0.253429318752,1.05666641588,0.934407491732,0.908209150842
C[T>G]T,4.22869843451,1.32901950799,4.59115830033,3.02049888179,4.86300319969,0.665689407158,3.65480364697,3.23193380352,3.14131883707
G[T>G]A,0.253797251634,0.0797648505136,0.275551301774,0.181283751167,0.291866839379,0.0845781169299,0.219353338912,0.193973613749,0.188535101214
G[T>G]C,0.0451711929367,0.0141966606372,0.0490430094741,0.0322651378119,0.0519468718772,0.109231239016,0.0390408167524,0.0345236974587,0.0335557433244
G[T>G]G,0.632276519139,0.198715477444,0.686471649351,0.451626085099,0.72711799701,0.355985799525,0.54646756297,0.483239911056,0.469691128503
G[T>G]T,1.23566161099,0.388350792026,1.34157546336,0.882615436423,1.42101085264,0.265052948644,1.06796467807,0.944398516973,0.91792005388
T[T>G]A,0.780220286607,0.245212090077,0.847096311174,0.55730020472,0.897253329598,0.120237423091,0.674333247711,0.59631121905,0.579592212908
T[T>G]C,1.08235308852,0.340168113535,1.17512621039,0.773109348944,1.2447060518,0.149536121928,0.935462312222,0.82722700337,0.804033722901
T[T>G]G,0.882237864401,0.277274757383,0.957858252778,0.630169903144,1.01457354406,0.245097190183,0.762505582804,0.674281796364,0.655376699269
T[T>G]T,7.41242759743,2.32962010205,8.04777853435,5.29459114102,8.52429173704,0.370711872636,6.40645528063,5.66521252089,5.50637478666
