,1,3,2,5,4,7,6,9,8
A[C>A]A,1.31421665919,1.098449745,1.96151740178,0.627685568569,0.490379350445,2.84420023258,3.1972733649,1.66728979151,1.82421118365
A[C>A]C,0.589419396159,0.492649047536,0.879730442029,0.281513741449,0.219932610507,1.27560914094,1.43396062051,0.747770875725,0.818149311087
A[C>A]G,0.200782716325,0.167818389764,0.299675696007,0.0958962227224,0.0749189240019,0.434529759211,0.488471384492,0.254724341606,0.278698397287
A[C>A]T,0.659695280915,0.551387100466,0.984619822261,0.315078343123,0.246154955565,1.42769874228,1.60493031028,0.836926848922,0.915696434702
C[C>A]A,2.04406339399,1.70847089647,3.05084088655,0.976269083695,0.762710221637,4.42371928549,4.97287064507,2.59321475357,2.83728202449
C[C>A]C,0.8552705916,0.714853031785,1.27652327104,0.408487446734,0.319130817761,1.85095874302,2.0807329318,1.08504478039,1.18716664207
C[C>A]G,0.423483192468,0.353956101167,0.63206446637,0.202260629238,0.158016116593,0.916493476237,1.03026508018,0.537254796415,0.587819953724
C[C>A]T,1.16323954661,0.972259919552,1.73617842777,0.555577096887,0.434044606943,2.51745872027,2.82997083727,1.47575166361,1.61464593783
G[C>A]A,2.49078973487,2.08185410676,3.71759661921,1.18963091815,0.929399154803,5.39051509786,6.05968248931,3.15995712633,3.45736485587
G[C>A]C,1.00402415167,0.839184365574,1.49854350995,0.479533923185,0.374635877488,2.17288808943,2.44262592122,1.27376198346,1.39364546426
G[C>A]G,0.416136652314,0.347815709397,0.621099481066,0.198751833941,0.155274870267,0.900594247546,1.01239215414,0.527934558906,0.577622517392
G[C>A]T,1.5611774817,1.30486476083,2.33011564433,0.745637006187,0.582528911084,3.37866768428,3.79808850026,1.98059829768,2.16700754923
T[C>A]A,1.44849130249,1.2106792976,2.16192731714,0.691816741486,0.540481829286,3.13479460986,3.52394152694,1.83763821957,2.01059240494
T[C>A]C,1.27468770895,1.0654106224,1.90251896858,0.608806069944,0.475629742144,2.75865250443,3.10110591878,1.61714112329,1.76934264077
T[C>A]G,0.361235495963,0.30192817573,0.539157456661,0.172530386131,0.134789364165,0.781778312158,0.878826654357,0.458283838162,0.501416434694
T[C>A]T,2.40435169184,2.00960738423,3.58858461469,1.1483470767,0.897146153672,5.2034476913,5.84939292194,3.05029692249,3.33738369166
A[C>G]A,0.311985425078,0.260763937378,0.465649888176,0.149007964216,0.116412472044,0.675192337855,0.759009317727,0.395802404949,0.433054396004
A[C>G]C,0.181354060471,0.15157951323,0.270677702196,0.0866168647026,0.0676694255489,0.392482668184,0.441204654579,0.230076046866,0.251730263042
A[C>G]G,0.0713620506981,0.0596458931208,0.10651052343,0.0340833674976,0.0266276308575,0.154440258973,0.173612153191,0.0905339449155,0.0990547867898
A[C>G]T,0.293877543885,0.245628991904,0.438623199828,0.140359423945,0.109655799957,0.63600363975,0.714955815719,0.372829719854,0.40791957584
C[C>G]A,0.255303846302,0.213388289446,0.381050516868,0.121936165398,0.095262629217,0.552523249458,0.621112342495,0.323892939338,0.354376980687
C[C>G]C,0.279114666599,0.23328987059,0.416589054626,0.13330849748,0.104147263656,0.604054129207,0.67904015904,0.354100696432,0.387427820802
C[C>G]G,0.150360171657,0.125674173325,0.224418166652,0.0718138133285,0.0561045416629,0.325406341645,0.365801611642,0.190755441654,0.208708894986
C[C>G]T,0.336093329235,0.28091382742,0.501631834678,0.160522187097,0.12540795867,0.727366160284,0.817659890526,0.426387059477,0.466517606251
G[C>G]A,0.175280596688,0.146503185291,0.261612830877,0.0837161058807,0.0654032077193,0.379338604772,0.42642891433,0.222370906246,0.243299932716
G[C>G]C,0.172922983474,0.144532642903,0.258094005185,0.0825900816591,0.0645235012962,0.374236307518,0.420693228451,0.219379904407,0.240027424822
G[C>G]G,0.0535444160485,0.0447535417719,0.0799170388783,0.0255734524411,0.0199792597196,0.115879706374,0.130264773372,0.0679294830466,0.0743228461568
G[C>G]T,0.183759115921,0.15358970883,0.274267337196,0.0877655479026,0.0685668342989,0.397687638934,0.447055759629,0.233127236616,0.255068623592
T[C>G]A,0.269255858566,0.225049672831,0.40187441577,0.128599813046,0.100468603942,0.582717902866,0.655055297705,0.341593253404,0.373743206666
T[C>G]C,0.34241137195,0.28619457954,0.511061749179,0.163539759737,0.127765437295,0.74103953631,0.833030651162,0.434402486802,0.475287426736
T[C>G]G,0.0639956140128,0.0534888714136,0.0955158418101,0.0305650693792,0.0238789604525,0.138497970625,0.15569082215,0.0811884655386,0.0888297328834
T[C>G]T,0.53992050268,0.451276838061,0.805851496537,0.257872478892,0.201462874134,1.16848466998,1.31353793936,0.684973772057,0.74944189178
A[C>T]A,0.734231778994,0.61368626304,1.09586832686,0.350677864594,0.273967081714,1.58900907394,1.78626537278,0.931488077828,1.01915754398
A[C>T]C,0.6048909289,0.505580477887,0.902822281941,0.288903130221,0.225705570485,1.30909230881,1.47160031956,0.76739893965,0.839624722205
A[C>T]G,0.645099693097,0.539187803186,0.962835362832,0.308107316106,0.240708840708,1.39611127611,1.56942164142,0.818410058407,0.895436887433
A[C>T]T,0.495981301564,0.414551535635,0.740270599349,0.236886591792,0.185067649837,1.07339236906,1.20664107694,0.629230009446,0.688451657394
C[C>T]A,1.03747780874,0.867145631184,1.5484743414,0.495511789248,0.38711858535,2.24528779503,2.52401317648,1.31620319019,1.4400811375
C[C>T]C,0.850443541332,0.710818482308,1.26931871841,0.40618198989,0.317329679602,1.84051214169,2.068989511,1.07892091065,1.18046640812
C[C>T]G,0.714147497706,0.596899401067,1.06589178762,0.341085372039,0.266472946905,1.54554309205,1.73740361382,0.906008019477,0.991279362487
C[C>T]T,0.963789230685,0.805555177886,1.43849138908,0.460317244506,0.359622847271,2.08581251417,2.3447409642,1.22271768072,1.33779699185
G[C>T]A,0.704468987556,0.588809900046,1.05144625008,0.336462800027,0.262861562521,1.52459706262,1.71385738764,0.89372931257,0.977845012577
G[C>T]C,0.86779592653,0.725321968443,1.29521780079,0.414469696253,0.323804450198,1.87806581115,2.11120501529,1.10093513067,1.20455255474
G[C>T]G,0.544736777709,0.455302381369,0.81303996673,0.260172789354,0.203259991683,1.17890795176,1.32525514577,0.691083971721,0.756127169059
G[C>T]T,0.699135409169,0.584351983783,1.04348568533,0.333915419305,0.260871421332,1.51305424372,1.70088166708,0.886962832528,0.970441687354
T[C>T]A,0.939628904564,0.785361472472,1.40243120084,0.448777984269,0.35060780021,2.03352524122,2.28596285737,1.19206652072,1.30426101678
T[C>T]C,0.824240243492,0.688917218441,1.23020931864,0.393666981966,0.307552329661,1.78380351203,2.00524118939,1.04567792085,1.14409466634
T[C>T]G,0.577294405236,0.482514726764,0.861633440651,0.275722701008,0.215408360163,1.24936848894,1.40446250826,0.732388424553,0.801319099805
T[C>T]T,0.74549393862,0.623099411384,1.11267752033,0.356056806505,0.278169380082,1.61338240448,1.81366435813,0.945775892279,1.0347900939
A[T>A]A,0.809209682365,0.676354361379,1.20777564532,0.386488206503,0.30194391133,1.75127468571,1.96867430187,1.02660929852,1.12323135015
A[T>A]C,0.398539510873,0.333107650879,0.594835090855,0.190347229074,0.148708772714,0.86251088174,0.969581198094,0.505609827227,0.553196634495
A[T>A]G,0.897656790651,0.750280302633,1.3397862547,0.428731601505,0.334946563676,1.94269006932,2.18385159516,1.1388183165,1.24600121687
A[T>A]T,0.468924841403,0.391937180874,0.699887822989,0.223964103357,0.174971955747,1.01483734333,1.14081715147,0.594904649541,0.65089567538
C[T>A]A,1.10381842604,0.922594505348,1.64749018812,0.527196860199,0.41187254703,2.38886077277,2.68540900664,1.4003666599,1.53216587495
C[T>A]C,0.940209638595,0.785846862109,1.40329796805,0.449055349777,0.350824492013,2.03478205368,2.28737568792,1.19280327284,1.30506711029
C[T>A]G,2.76100260597,2.30770367067,4.1208994119,1.31868781181,1.03022485298,5.97530414726,6.7170660414,3.50276450012,3.83243645307
C[T>A]T,1.29355564038,1.08118083375,1.93068006026,0.617817619284,0.482670015066,2.79948608738,3.14700849823,1.64107805122,1.79553245604
G[T>A]A,0.852144297233,0.712240009627,1.27185716005,0.406994291216,0.317964290012,1.84419288207,2.07312717088,1.08107858604,1.18282715885
G[T>A]C,0.302781331963,0.253070964028,0.451912435765,0.144611979445,0.112978108941,0.655273031859,0.736617270297,0.3841255704,0.420278565261
G[T>A]G,0.896628439913,0.749420785599,1.33825140285,0.428240448913,0.334562850714,1.94046453414,2.18134978665,1.13751369243,1.24457380465
G[T>A]T,0.420022981624,0.351063984641,0.626899972573,0.200607991223,0.156724993143,0.909004960231,1.02184695529,0.532864976687,0.583016974493
T[T>A]A,0.746435480546,0.6238863718,1.11408280678,0.356506498171,0.278520701696,1.61542006984,1.81595497506,0.946970385767,1.03609701031
T[T>A]C,0.499896076435,0.417823586274,0.746113546917,0.238756335013,0.186528386729,1.08186464303,1.21616508147,0.63419651488,0.693885598633
T[T>A]G,0.887040709058,0.74140715981,1.3239413568,0.423661234177,0.330985339201,1.91971496737,2.15802441159,1.12535015328,1.23126546183
T[T>A]T,0.543561977582,0.454320458874,0.811286533704,0.259611690785,0.202821633426,1.17636547387,1.32239704994,0.689593553649,0.754496476345
A[T>C]A,1.38940844803,1.16129661328,2.07374395228,0.66359806473,0.51843598807,3.00692873081,3.38020264222,1.76268235944,1.92858187562
A[T>C]C,0.521297374458,0.435711238353,0.778055782774,0.248977850488,0.194513945693,1.12818088502,1.26823092592,0.661347415358,0.723591877979
A[T>C]G,0.959391996929,0.801879878031,1.43192835363,0.45821707316,0.357982088406,2.07629611276,2.33404321641,1.21713910058,1.33169336887
A[T>C]T,0.987968479108,0.825764698956,1.47457981956,0.471865542261,0.368644954891,2.13814073837,2.40356510589,1.25339284663,1.3713592322
C[T>C]A,0.526610488926,0.440152050446,0.785985804368,0.251515457398,0.196496451092,1.13967941633,1.28115686112,0.668087933713,0.730966798062
C[T>C]C,0.794554083144,0.664104905314,1.18590161663,0.379488517322,0.296475404158,1.71955734412,1.93301963511,1.00801637414,1.10288850347
C[T>C]G,0.866909817591,0.724581340076,1.29389525014,0.414046480043,0.323473812534,1.8761481127,2.10904925772,1.09981096262,1.20332258263
C[T>C]T,1.28776740977,1.07634290966,1.9220409101,0.615053091233,0.480510227526,2.78695931965,3.13292668347,1.63373477359,1.7874980464
G[T>C]A,0.92674183668,0.774590191852,1.38319677116,0.442622966773,0.345799192791,2.00563531819,2.254610737,1.17571725549,1.28637299718
G[T>C]C,0.537636565295,0.449367875471,0.802442634769,0.256781643126,0.200610658692,1.16354182042,1.30798149467,0.682076239554,0.746271650335
G[T>C]G,0.729365778329,0.609619158007,1.0886056393,0.348353804575,0.272151409824,1.57847817698,1.77442719205,0.925314793403,1.01240324455
G[T>C]T,0.799392854895,0.668149251853,1.19312366402,0.381799572487,0.298280916006,1.73002931283,1.94479157236,1.01415511442,1.10960500754
T[T>C]A,0.626289946922,0.523466224293,0.93476111481,0.299123556739,0.233690278702,1.35540361647,1.52366061714,0.794546947588,0.869327836773
T[T>C]C,0.663905490134,0.554906081306,0.990903716618,0.317089189318,0.247725929155,1.4368103891,1.61517305809,0.842268159125,0.921540456455
T[T>C]G,0.443627746988,0.370793340766,0.662130965654,0.211881909009,0.165532741413,0.960089900198,1.07927347402,0.562811320806,0.615781798058
T[T>C]T,0.556913634146,0.46548005242,0.831214379322,0.265988601383,0.207803594831,1.20526085002,1.3548794383,0.706532222424,0.77302937277
A[T>G]A,0.152102441269,0.127130398673,0.227018569059,0.0726459420988,0.0567546422647,0.329176925135,0.370040267566,0.1929657837,0.211127269225
A[T>G]C,0.128772745113,0.107630951139,0.192198127035,0.0615034006511,0.0480495317587,0.2786872842,0.313282947067,0.163368407979,0.178744258142
A[T>G]G,0.240877235891,0.201330227013,0.359518262524,0.115045844008,0.0898795656309,0.521301480659,0.586014767913,0.305590523145,0.334351984147
A[T>G]T,0.370403332907,0.309590845415,0.552840795384,0.176909054523,0.138210198846,0.801619153307,0.901130496476,0.469914676077,0.514141939707
C[T>G]A,0.0468508361714,0.0391589078448,0.0699266211514,0.0223765187684,0.0174816552878,0.101393600669,0.113980392477,0.0594376279787,0.0650317576708
C[T>G]C,0.347212933858,0.290207825314,0.518228259489,0.165833043036,0.129557064872,0.751430976259,0.844712062967,0.440494020566,0.481952281325
C[T>G]G,0.462040780848,0.386183339216,0.689613105743,0.220676193838,0.172403276436,0.999939003328,1.12406936236,0.586171139882,0.641340188341
C[T>G]T,2.31170944285,1.93217505671,3.45031260127,1.10410003241,0.862578150317,5.00295327184,5.62400954007,2.93276571108,3.20879071918
G[T>G]A,0.0855646491688,0.0715167216933,0.127708431595,0.0408666981105,0.0319271078988,0.185177225813,0.2081647435,0.108552166856,0.118768841384
G[T>G]C,0.131481485766,0.109894973178,0.196241023532,0.0627971275303,0.049060255883,0.284549484122,0.319872868357,0.166804870002,0.182504151885
G[T>G]G,0.354063353969,0.295933549586,0.528452767119,0.169104885478,0.13211319178,0.766256512322,0.861378010403,0.449184852051,0.49146107342
G[T>G]T,0.653063262829,0.545843921171,0.974721287805,0.311910812097,0.243680321951,1.41334586732,1.58879569912,0.828513094634,0.906490797658
T[T>G]A,0.169852291425,0.141966094325,0.253510882724,0.0811234824716,0.0633777206809,0.367590779949,0.41322273884,0.215484250315,0.235765120933
T[T>G]C,0.233972868826,0.19555941275,0.349213237054,0.111748235857,0.0873033092636,0.506359193729,0.569217576399,0.296831251496,0.324768310461
T[T>G]G,0.258058123868,0.215690372188,0.385161378907,0.12325164125,0.0962903447269,0.558483999416,0.627813047619,0.327387172071,0.358200082384
T[T>G]T,0.774300909024,0.647176879185,1.15567299854,0.369815359534,0.288918249636,1.67572584789,1.88374698763,0.982322048762,1.07477588865
