,1,3,2,5,4,7,6,9,8
A[C>A]A,2.25024890054,0.889319924764,1.25313262126,0.794998114562,0.768049025933,0.377287240809,2.08855436876,1.9403343813,1.53609805187
A[C>A]C,1.75044209624,0.691791487137,0.974797095511,0.618419662744,0.597456284346,0.293487297573,1.62466182585,1.50936324466,1.19491256869
A[C>A]G,0.764254146974,0.302040561079,0.425602608794,0.270005956116,0.260853211841,0.128138419852,0.709337681323,0.65899758781,0.521706423683
A[C>A]T,1.66423732638,0.657722536174,0.926790846427,0.587964085368,0.568033099423,0.279033803225,1.54465141071,1.43503098802,1.13606619885
C[C>A]A,2.63445366698,1.04116132947,1.46709096425,0.930735127856,0.899184784539,0.44170480644,2.44515160708,2.27162471884,1.79836956908
C[C>A]C,2.94424020766,1.16359193836,1.63960682223,1.04018067217,1.0049203104,0.493645064757,2.73267803705,2.53874604732,2.0098406208
C[C>A]G,0.421063494693,0.166408327244,0.234484461117,0.148758959203,0.14371628262,0.0705974721641,0.390807435194,0.363072713987,0.28743256524
C[C>A]T,2.67618615892,1.05765441011,1.49033121425,0.945478942373,0.913428808733,0.448701870957,2.48388535708,2.30760962206,1.82685761747
G[C>A]A,2.19804584124,0.868688775582,1.2240614565,0.776555117566,0.750231215275,0.368534632065,2.0401024275,1.89532096491,1.50046243055
G[C>A]C,2.10248077465,0.830920545672,1.17084258708,0.74279260901,0.717613198535,0.352511746649,1.9514043118,1.81291755419,1.43522639707
G[C>A]G,0.916753196401,0.362309646482,0.510527229133,0.323882865794,0.312903785598,0.15370712275,0.850878715222,0.790493774142,0.625807571196
G[C>A]T,1.70075575322,0.672154968339,0.947127455387,0.60086580503,0.580497472656,0.285156653235,1.57854575898,1.46651993092,1.16099494531
T[C>A]A,3.14653460316,1.24354062161,1.752261785,1.11164994962,1.07396690048,0.527562687956,2.92043630833,2.71317953806,2.14793380096
T[C>A]C,2.80430301844,1.10828742046,1.56167772883,0.990741784956,0.95715731767,0.470182542013,2.60279621472,2.41808164464,1.91431463534
T[C>A]G,0.546548055624,0.216001027971,0.304365084869,0.193091828035,0.186546342339,0.0916367997454,0.507275141448,0.471274970119,0.373092684678
T[C>A]T,9.12076381479,3.60461324417,5.07922775315,3.22230577888,3.11307507451,1.52922986116,8.46537958858,7.86461071455,6.22615014902
A[C>G]A,0.782384627555,0.30920590071,0.435699223728,0.276411335483,0.267041459704,0.131178260907,0.72616537288,0.674631056095,0.534082919409
A[C>G]C,0.424179068998,0.167639632059,0.236219481538,0.149859671083,0.144779682233,0.0711198439038,0.393699135896,0.365759197219,0.289559364465
A[C>G]G,0.148867619574,0.0588339095321,0.082902327068,0.0525939494303,0.0508111036869,0.0249598404076,0.138170545113,0.128364893525,0.101622207374
A[C>G]T,0.590764193808,0.233475669409,0.328988443258,0.208713098411,0.201638078126,0.0990502839918,0.548314072097,0.509401460529,0.403276156252
C[C>G]A,0.628465280039,0.248375499896,0.349983658944,0.222032643846,0.214506113546,0.105371424198,0.58330609824,0.54191018159,0.429012227092
C[C>G]C,0.587544144681,0.232203075143,0.327195242248,0.207575476265,0.200539019442,0.0985103955154,0.545325403746,0.506624891222,0.401078038884
C[C>G]G,0.276628863674,0.10932637726,0.154050804321,0.0977311554298,0.0944182349067,0.0463808873226,0.256751340536,0.238530277659,0.188836469813
C[C>G]T,0.71462728787,0.282427550895,0.397966094443,0.252473113679,0.243914703045,0.119817748864,0.663276824071,0.616205565589,0.487829406091
G[C>G]A,0.425144168075,0.168021048461,0.236756931922,0.15020063423,0.145109087307,0.0712816569228,0.394594886537,0.36659137846,0.290218174614
G[C>G]C,0.539943870616,0.213390990783,0.300687305194,0.190758612972,0.184292219312,0.0905295112411,0.501145508656,0.465580343526,0.368584438624
G[C>G]G,0.246041580556,0.0972379899203,0.137017167615,0.0869248697772,0.0839782640221,0.0412524805722,0.228361946025,0.212155614372,0.167956528044
G[C>G]T,0.537483003171,0.212418432391,0.299316882006,0.189889204713,0.18345228252,0.0901169107113,0.498861470009,0.463458397944,0.366904565039
T[C>G]A,0.648755262064,0.256394295187,0.361282870491,0.229200960849,0.221431436752,0.108773337352,0.602138117485,0.559405734953,0.442862873505
T[C>G]C,0.689908489568,0.272658444979,0.384200536107,0.243740125057,0.235477747936,0.115673279688,0.640334226844,0.594891152681,0.470955495873
T[C>G]G,0.142928905273,0.0564868727428,0.0795951388649,0.0504958407852,0.0487841173688,0.0239641278303,0.132658564775,0.123244085984,0.0975682347376
T[C>G]T,1.17737057641,0.465308131994,0.655661458719,0.41595726951,0.401857023086,0.197403449937,1.09276909787,1.01521774253,0.803714046172
A[C>T]A,1.53288146162,0.605809439922,0.853640574436,0.541556923567,0.523199061751,0.257010065422,1.42273429073,1.32176605074,1.0463981235
A[C>T]C,1.26088574297,0.498314125965,0.70216990477,0.445462627757,0.430362199697,0.211405992834,1.17028317462,1.08723082029,0.860724399395
A[C>T]G,1.35722158704,0.536386974517,0.755818009547,0.479497446917,0.463243296174,0.227558110401,1.25969668258,1.17029885349,0.926486592347
A[C>T]T,1.27714142645,0.504738527817,0.711222471015,0.451205653655,0.435910546751,0.21413149665,1.18537078503,1.10124769706,0.871821093503
C[C>T]A,2.22385406862,0.878888434305,1.23843370288,0.785672994303,0.759040011445,0.372861760008,2.06405617147,1.91757476576,1.51808002289
C[C>T]C,1.90084877002,0.751233645637,1.05855650067,0.671557349888,0.64879269396,0.318705182998,1.76426083445,1.63905522685,1.29758538792
C[C>T]G,1.27073337695,0.502206005264,0.707653916508,0.448941731978,0.433723368182,0.213057093142,1.17942319418,1.0957221933,0.867446736364
C[C>T]T,2.46657802974,0.974815269239,1.37360333393,0.871425770987,0.841885914343,0.413557993011,2.28933888988,2.12686967834,1.68377182869
G[C>T]A,1.1929286432,0.471456829049,0.664325531841,0.421453832028,0.407167261451,0.200011988081,1.10720921974,1.02863308156,0.814334522902
G[C>T]C,1.63917276422,0.64781678107,0.912832736962,0.579108940653,0.559478129106,0.274831361666,1.52138789494,1.41341843142,1.11895625821
G[C>T]G,1.35215422754,0.534384305494,0.752996066833,0.477707182184,0.461513718381,0.22670849324,1.25499344472,1.16592939381,0.923027436763
G[C>T]T,1.76709917183,0.698374523,0.9840731915,0.624304497834,0.6031416335,0.296280100667,1.64012198583,1.523726232,1.206283267
T[C>T]A,3.95588782622,1.56340476964,2.20297944813,1.39758911226,1.35021321015,0.663262629545,3.67163241355,3.41106495195,2.70042642029
T[C>T]C,2.69678027946,1.06579340386,1.50179979635,0.952754709511,0.920457939697,0.452154777395,2.50299966058,2.3253674266,1.84091587939
T[C>T]G,5.15276209771,2.0364209488,2.86950224603,1.82043690877,1.75872718305,0.863936160095,4.78250374338,4.44310025192,3.5174543661
T[C>T]T,3.91036943665,1.54541546598,2.17763088388,1.38150776504,1.33467699335,0.655630803749,3.62938480647,3.37181556214,2.66935398669
A[T>A]A,0.954893441186,0.377383036636,0.531767006169,0.337357563054,0.325921713459,0.160101894331,0.886278343616,0.823381170843,0.651843426917
A[T>A]C,0.678527934143,0.26816074044,0.377862861529,0.239719449787,0.231593366744,0.113765162611,0.629771435882,0.585077979142,0.463186733487
A[T>A]G,1.03849067053,0.410421462605,0.578321151853,0.366891913541,0.354454899523,0.174118196257,0.963868586421,0.89546500932,0.708909799045
A[T>A]T,1.17051014512,0.462596823819,0.651840979018,0.413533524323,0.399515438753,0.196253197984,1.0864016317,1.00930216106,0.799030877506
C[T>A]A,0.925657274109,0.3658286233,0.515485787378,0.327028617799,0.315942901941,0.155200022006,0.859142978963,0.798171541746,0.631885803883
C[T>A]C,1.58681784554,0.627125615602,0.883677003802,0.560612292735,0.541608486201,0.266053291467,1.47279500634,1.3682740704,1.0832169724
C[T>A]G,2.55940527678,1.01150148663,1.42529754934,0.904221025928,0.873569465727,0.429121842813,2.37549591557,2.20691233447,1.74713893145
C[T>A]T,1.71945879289,0.679546588806,0.95754292059,0.607473465751,0.586881144878,0.288292492221,1.59590486765,1.48264710285,1.17376228976
G[T>A]A,0.627763843404,0.248098285417,0.349593038542,0.221784830903,0.214266701042,0.105253818056,0.582655064237,0.541305350001,0.428533402084
G[T>A]C,0.56099677407,0.221711299932,0.312411377177,0.198196465091,0.19147794085,0.0940593393651,0.520685628628,0.483733745306,0.382955881701
G[T>A]G,0.952117720464,0.376286045214,0.530221245528,0.336376919206,0.324974311775,0.15963650403,0.88370207588,0.820987735011,0.649948623551
G[T>A]T,0.587235011241,0.232080902646,0.327023090092,0.207466261456,0.200433506831,0.0984585647589,0.545038483487,0.506358333046,0.400867013661
T[T>A]A,1.18980333178,0.470221676032,0.662585088955,0.420349680089,0.406100538391,0.199487983771,1.10430848159,1.02593820225,0.812201076783
T[T>A]C,0.913667526122,0.361090160024,0.508808861852,0.32279271881,0.311850592748,0.153189764859,0.848014769754,0.787833076416,0.623701185496
T[T>A]G,1.18032832773,0.466477063654,0.657308589694,0.41700222357,0.402866554974,0.197899360338,1.09551431616,1.01776813888,0.805733109948
T[T>A]T,1.47601943276,0.583337021332,0.821974893695,0.521467943312,0.503791063878,0.24747631208,1.36995815616,1.27273531927,1.00758212776
A[T>C]A,2.62691046625,1.03818018427,1.46289025965,0.928070164723,0.896610159139,0.440440078174,2.43815043275,2.26512040204,1.79322031828
A[T>C]C,1.45688967821,0.575776759054,0.811321796849,0.514709527033,0.497261746456,0.244268928084,1.35220299475,1.25624020157,0.994523492912
A[T>C]G,2.22211909968,0.878202757957,1.23746752258,0.785060041204,0.758447836418,0.372570867012,2.06244587096,1.91607874463,1.51689567284
A[T>C]T,2.011417345,0.794931405807,1.12013061727,0.710620499131,0.686531668652,0.337243626706,1.86688436212,1.73439579449,1.3730633373
C[T>C]A,1.95228941222,0.771563480277,1.08720308584,0.689730989944,0.666350278421,0.327329961329,1.81200514307,1.68341122969,1.33270055684
C[T>C]C,2.66663173689,1.05387841099,1.48501048821,0.942103428003,0.910167718579,0.447099931934,2.47501748035,2.29937107852,1.82033543716
C[T>C]G,2.92175936927,1.15470729564,1.62708755295,1.03223834004,0.997247209872,0.489875822393,2.71181258825,2.51936137231,1.99449441974
C[T>C]T,3.0607167715,1.20962459233,1.70447101647,1.08133107496,1.04467578429,0.513174069474,2.84078502744,2.63918092872,2.08935156857
G[T>C]A,2.08289574926,0.823180355995,1.15993595617,0.735873348541,0.710928489268,0.349228029816,1.93322659362,1.79602986762,1.42185697854
G[T>C]C,1.47480439805,0.582856827973,0.821298257598,0.521038679551,0.503376351431,0.247272593685,1.36883042933,1.27168762467,1.00675270286
G[T>C]G,1.65426311456,0.6537806321,0.921236345232,0.584440262029,0.564628727723,0.277361480285,1.53539390872,1.42643047004,1.12925745545
G[T>C]T,1.78191450848,0.704229685988,0.992323648438,0.629538658686,0.608198365171,0.298764109207,1.6538727474,1.53650113306,1.21639673034
T[T>C]A,1.82841220248,0.722606020142,1.01821757384,0.645965987702,0.624068835577,0.306560129757,1.69702928973,1.57659495304,1.24813767115
T[T>C]C,2.20417032025,0.871109228361,1.22747209451,0.778718855656,0.752321606312,0.36956149082,2.04578682418,1.90060195279,1.50464321262
T[T>C]G,1.58915801384,0.628050472537,0.884980211302,0.561439058783,0.542407226282,0.266445655016,1.47496701884,1.37029194008,1.08481445256
T[T>C]T,2.45482754273,0.970171364191,1.36705964954,0.867274401323,0.837875269074,0.411587851475,2.27843274924,2.11673752187,1.67575053815
A[T>G]A,1.28088059577,0.506216283357,0.713304762912,0.452526677547,0.437186790172,0.214758423242,1.18884127152,1.10447189096,0.874373580344
A[T>G]C,0.720613369311,0.284793307632,0.401299660754,0.254587956822,0.245957856591,0.120821403238,0.668832767923,0.621367216651,0.491915713182
A[T>G]G,0.558732158832,0.220816302293,0.31115024414,0.197396391444,0.190704988344,0.093679643397,0.518583740233,0.481781023185,0.381409976688
A[T>G]T,3.24174139624,1.28116725839,1.80528113683,1.1452858825,1.10646263225,0.543525503561,3.00880189471,2.79527401831,2.2129252645
C[T>G]A,0.984988523345,0.389276901442,0.548526542941,0.34798995735,0.336193687609,0.165147776369,0.914210904901,0.849331421328,0.672387375218
C[T>G]C,1.39578284278,0.551626752237,0.777292241788,0.493120884575,0.476404922386,0.234023470646,1.29548706965,1.20354927761,0.952809844773
C[T>G]G,1.4028416302,0.554416452654,0.781223183285,0.495614707675,0.47881420911,0.235206979914,1.30203863881,1.2096358967,0.95762841822
C[T>G]T,7.7371285663,3.05778733758,4.30870033932,2.73347655935,2.640816337,1.29724311291,7.1811672322,6.67153600927,5.281632674
G[T>G]A,0.256054376321,0.101195142738,0.142593155676,0.0904623245685,0.0873958050916,0.0429312726766,0.23765525946,0.220789402337,0.174791610183
G[T>G]C,0.212082934281,0.0838172075602,0.118106065199,0.0749275037281,0.0723875883475,0.0355588153286,0.196843441998,0.182873907404,0.144775176695
G[T>G]G,0.533035319611,0.210660665236,0.296840028286,0.188317867408,0.181934210885,0.0893711913121,0.494733380477,0.459623269605,0.363868421771
G[T>G]T,2.19957304809,0.869292342359,1.22491193696,0.777094669685,0.750752477492,0.368790690698,2.04151989493,1.89663783787,1.50150495498
T[T>G]A,2.01012240491,0.794419633076,1.11940948297,0.710163005326,0.686089683112,0.337026511002,1.86568247162,1.73327919944,1.37217936622
T[T>G]C,1.33018725363,0.525702746945,0.740762961605,0.469946394997,0.454016008726,0.223025407795,1.23460493601,1.14698781152,0.908032017451
T[T>G]G,0.890118287421,0.351783275268,0.49569461515,0.314472927891,0.303812828641,0.149241389508,0.826157691917,0.767527146039,0.607625657281
T[T>G]T,8.97559730837,3.54724205001,4.99838652502,3.17101940834,3.06352722501,1.50489056667,8.33064420836,7.73943720003,6.12705445002
