,1,3,2,5,4,7,6,9,8
A[C>A]A,1.23482153494,1.30266887202,0.922723784349,2.59176827663,1.80473916645,0.203045177035,2.45607360246,0.868445914681,0.503309159969
A[C>A]C,0.836315420905,0.882266817658,0.624938995841,1.75534335597,1.22230715363,0.164990781646,1.66344056246,0.588177878439,0.355391475139
A[C>A]G,0.342751841436,0.361584360196,0.256122255139,0.719402216641,0.500944999022,0.0229969589098,0.68173717912,0.241056240131,0.0989038785474
A[C>A]T,0.790898004689,0.834353939012,0.5910007068,1.66001669116,1.15592785301,0.142933377596,1.57310482251,0.556235959342,0.436831120974
C[C>A]A,1.51292683666,1.59605468482,1.13053873508,3.17548380001,2.21120076127,0.217893162623,3.00922810368,1.06403645655,0.619278207038
C[C>A]C,0.955267929503,1.00775517838,0.713826584684,2.00501290698,1.39616082004,0.168126369596,1.90003840923,0.671836785585,0.409801970031
C[C>A]G,0.357140413694,0.376763513348,0.266874155288,0.749602406765,0.521974450784,0.0290885975534,0.710356207458,0.251175675565,0.14933870126
C[C>A]T,1.15917187789,1.22286264041,0.866194370289,2.43298712831,1.69417428306,0.255404497244,2.30560560327,0.815241760272,0.768767085317
G[C>A]A,1.51752675572,1.60090734669,1.13397603724,3.18513857519,2.2179237199,0.151114879668,3.01837739324,1.06727156446,0.569236498488
G[C>A]C,1.58584285751,1.67297708045,1.18502543198,3.3285273163,2.3177703302,0.13059742375,3.15425887042,1.11531805363,0.531286390775
G[C>A]G,0.578411870335,0.610192742331,0.432219859151,1.21402931026,0.845371195105,0.01302957863,1.15046756627,0.406795161554,0.133140725329
G[C>A]T,1.17914544505,1.24393365631,0.881119673222,2.47490967037,1.72336641968,0.167934919941,2.34533324784,0.829289104209,0.602884811454
T[C>A]A,1.35911808209,1.43379489979,1.01560472069,2.85265443604,1.98640335075,0.223895283101,2.70330080065,0.955863266527,0.935309209916
T[C>A]C,1.3628643932,1.43774705217,1.01840416195,2.86051757254,1.99187872852,0.221032197642,2.71075225461,0.958498034778,0.627278060286
T[C>A]G,0.348103854316,0.367230439718,0.260121561467,0.730635562355,0.508767171692,0.0208275003611,0.692382391551,0.244820293145,0.154170795232
T[C>A]T,3.29631034186,3.47742629471,2.46317695875,6.91862939884,4.81768434579,0.323201380331,6.55639749315,2.31828419647,4.80427091185
A[C>G]A,0.36290557192,0.382845438509,0.27118218561,0.761702903699,0.530400451267,0.182616620602,0.721823170521,0.255230292339,0.278423996107
A[C>G]C,0.23070761504,0.243383857625,0.172396899151,0.484232466732,0.337188052751,0.0848316159446,0.458879981563,0.162255905083,0.166674969724
A[C>G]G,0.0478755229592,0.0505060461988,0.0357751160575,0.10048598775,0.0699719181712,0.0298470865864,0.0952249412706,0.0336706974658,0.0938834430979
A[C>G]T,0.338884087968,0.357504092801,0.253232065734,0.711284184635,0.495292128568,0.162924951943,0.674044174968,0.238336061867,0.295629053537
C[C>G]A,0.301557837171,0.318126949104,0.225339922282,0.632940075821,0.440738377404,0.141235089638,0.599801851956,0.212084632736,0.202039383384
C[C>G]C,0.319082292995,0.336614287116,0.238435120041,0.669722175408,0.466351043609,0.103428057781,0.634658187167,0.224409524744,0.185496831397
C[C>G]G,0.120281474121,0.126890346326,0.0898806619808,0.252458918211,0.175796000639,0.03151132841,0.239241173802,0.0845935642173,0.0939251447638
C[C>G]T,0.380861608823,0.401788070846,0.284599883516,0.799390849288,0.556643889819,0.146050949252,0.757537925242,0.267858713898,0.299263012401
G[C>G]A,0.202957854857,0.214109385344,0.151660814619,0.425988464591,0.296630710945,0.0909634825577,0.403685403618,0.142739590229,0.204724863435
G[C>G]C,0.255204721054,0.269226958475,0.190702428919,0.535649469465,0.372991515387,0.0817310211685,0.507604994624,0.179484638983,0.219864446754
G[C>G]G,0.0718466594065,0.0757942780552,0.0536876136224,0.150799032381,0.105006656056,0.0115486810779,0.142903795083,0.0505295187035,0.0383911456196
G[C>G]T,0.212438902109,0.224111369257,0.158745553224,0.445888245085,0.310487626159,0.117883661745,0.422543310788,0.149407579505,0.195976874657
T[C>G]A,0.446774651289,0.471322709052,0.333853585579,0.937735806552,0.652978336499,0.552990069191,0.888639691025,0.314215139368,0.224611351413
T[C>G]C,0.333754846594,0.352093024978,0.249399226026,0.700518414279,0.487795545022,0.217468198319,0.663842057511,0.234728683319,0.267601873829
T[C>G]G,0.0442425887346,0.0466735002036,0.0330603959775,0.0928608181134,0.0646622450737,0.0404179275295,0.0879989951755,0.0311156668024,0.044390695139
T[C>G]T,0.88801156559,0.936803409854,0.66356908198,1.86384845085,1.2978630574,0.797504419498,1.76626476233,0.624535606569,0.472545232328
A[C>T]A,1.13202404024,1.19422316333,0.845908074024,2.37600650204,1.65449667419,0.343891559888,2.25160825586,0.796148775552,1.15200107746
A[C>T]C,1.20083497414,1.26681491778,0.897327233426,2.52043384683,1.75506650067,0.367743128185,2.38847395956,0.844543278518,0.901599162842
A[C>T]G,1.84094337908,1.94209411419,1.37564999755,3.86395808136,2.69060955403,0.564748076868,3.66165661113,1.29472940946,1.97137331728
A[C>T]T,1.0057466674,1.0610074733,0.751546960257,2.11096278543,1.46993743697,0.25435559402,2.00044117363,0.707338315536,0.660009653724
C[C>T]A,1.45919244055,1.53936784937,1.09038555997,3.06270061697,2.13266587465,0.570243855597,2.90234979933,1.02624523291,1.22384935271
C[C>T]C,1.4086606462,1.48605958281,1.05262553782,2.9566393783,2.05881171368,0.688673176013,2.80184150509,0.990706388539,1.08205174698
C[C>T]G,1.26041739303,1.32967109594,0.941850359627,2.6454914513,1.84214849751,0.461593985388,2.50698404548,0.886447397296,1.35926828554
C[C>T]T,1.38346082756,1.45947515875,1.03379490411,2.90374745126,2.02198120951,0.629156975778,2.75171878889,0.972983439164,0.935800850804
G[C>T]A,1.11393753224,1.17514289115,0.832392881232,2.33804471052,1.62806254711,0.318063737367,2.21563399269,0.7834285941,1.11166066826
G[C>T]C,1.44536037866,1.52477578408,1.08004951372,3.03366848708,2.11244978419,0.466255087421,2.87483767623,1.01651718939,1.47852703227
G[C>T]G,1.48113974045,1.56252104487,1.10678574011,3.10876582885,2.16474269758,0.374231968612,2.94600322001,1.04168069658,1.80988572377
G[C>T]T,1.18645648892,1.2516464059,0.886582870843,2.4902548284,1.7340517915,0.365146939005,2.35987499445,0.834430937264,1.02683707462
T[C>T]A,3.11393176585,3.28502691782,2.32689406679,6.53583480525,4.5511310424,1.49903265755,6.19364450131,2.19001794521,1.43252429481
T[C>T]C,2.2495161343,2.37311592189,1.68095711134,4.72151188627,3.28775435012,1.53770986728,4.47431231107,1.58207728126,1.91398430999
T[C>T]G,2.48530301779,2.62185812866,1.8571495078,5.21640523514,3.63236594908,0.722475130612,4.9432950134,1.7479054191,3.92726582371
T[C>T]T,2.6133845172,2.7569770731,1.95285876011,5.48523563501,3.81956198668,1.00788428551,5.19805052323,1.8379847154,1.46679981106
A[T>A]A,0.380615706691,0.401528657608,0.284416132472,0.798874725032,0.556284494394,0.362566455209,0.757048823198,0.267685771738,0.325270016724
A[T>A]C,0.434687265019,0.45857118068,0.324821252981,0.912365578227,0.635312156566,0.166543119328,0.864597746906,0.305714120453,0.371859849662
A[T>A]G,0.383702464634,0.404785017635,0.286722720825,0.80535352467,0.560795909849,0.15237961319,0.763188418667,0.269856678424,0.292025286345
A[T>A]T,0.495702675142,0.522939085864,0.370415185821,1.04043088958,0.724488525208,0.179706344748,0.98595806814,0.348626057243,0.391167827786
C[T>A]A,0.285232288416,0.300904392176,0.213140611124,0.598674363599,0.416877959993,0.581415760977,0.567330156081,0.200602928117,0.274515272317
C[T>A]C,0.620604017938,0.654703139802,0.46374805736,1.30258645523,0.907036641601,0.223487703241,1.2343882115,0.436468759868,0.493427562732
C[T>A]G,0.628749211956,0.663295871954,0.469834575967,1.31968241191,0.918941155936,0.593018504098,1.25058909191,0.442197247969,0.558409479998
C[T>A]T,0.731908139239,0.772122872164,0.546920367783,1.53620279774,1.06971189581,0.349765915129,1.45577333189,0.514748581443,0.378706432219
G[T>A]A,0.188224850395,0.198566875142,0.140651536559,0.395065345335,0.27509785827,0.36570107329,0.374381295841,0.132377916762,0.163957819375
G[T>A]C,0.282924405094,0.298469702077,0.211416038971,0.593830344757,0.413504899753,0.0992238769637,0.562739750791,0.198979801385,0.225857733909
G[T>A]G,0.264388625809,0.278915473381,0.197565126978,0.554925577248,0.386414145413,0.293912169866,0.525871882104,0.185943648921,0.233058317958
G[T>A]T,0.252395109621,0.266262972787,0.188602939058,0.529752372942,0.368885160216,0.175900285931,0.50201664661,0.177508648525,0.230283316722
T[T>A]A,0.385329085197,0.406501012955,0.28793821751,0.808767640359,0.563173278365,0.256954280732,0.766423784843,0.271000675303,0.273651998004
T[T>A]C,0.450612297898,0.475371215365,0.33672127755,0.945790647237,0.65858720462,0.114048975165,0.896272812303,0.316914143577,0.368218237789
T[T>A]G,0.348100507648,0.367226909167,0.26011906066,0.73062853803,0.508762280408,0.159134655622,0.692375734992,0.244817939445,0.238639210865
T[T>A]T,0.447498512963,0.472086343346,0.334394493203,0.939255120615,0.654036288177,0.206906617129,0.89007945985,0.314724228897,0.391399055746
A[T>C]A,2.45609021994,2.59104023203,1.83532016435,5.15509046164,3.58967032146,0.329682701829,4.88519043747,1.72736015469,1.20879155834
A[T>C]C,0.996001434215,1.05072678774,0.744264807985,2.09050850478,1.45569440385,0.1721128144,1.98105779772,0.700484525162,0.670499639348
A[T>C]G,1.71034651144,1.80432159449,1.27806112943,3.58984817236,2.49973720903,0.294601193123,3.40189800627,1.20288106299,0.986052227701
A[T>C]T,1.83055754696,1.93113763196,1.36788915597,3.84215924691,2.67543026094,0.268011466244,3.64099907692,1.28742508797,0.93193502225
C[T>C]A,1.05897086363,1.11715607591,0.791318887106,2.22267510937,1.54772664684,0.185409097445,2.1063046848,0.744770717277,0.660688417943
C[T>C]C,1.37002245468,1.44529841373,1.02375304306,2.87554163564,2.00234051068,0.193879942026,2.72498971755,0.963532275818,0.792391682673
C[T>C]G,1.58004855758,1.66686441239,1.18069562544,3.31636565382,2.309301738,0.227528967334,3.1427339442,1.1112429416,0.935473008296
C[T>C]T,2.03405793463,2.14581935961,1.51995537972,4.26928643421,2.97285390445,0.201177068027,4.04576358426,1.43054623974,0.583519581525
G[T>C]A,1.8281913098,1.92864138177,1.36612097875,3.83719274914,2.67197191433,0.488275133018,3.63629260521,1.28576092118,1.42331847319
G[T>C]C,1.10440092517,1.16508229468,0.825266625402,2.31802831547,1.61412442909,0.223684038355,2.19666557644,0.77672152979,0.926680225477
G[T>C]G,1.13516600496,1.19753776348,0.848255915797,2.38260117525,1.65908877649,0.30702466096,2.25785765822,0.798358508985,0.953658235872
G[T>C]T,1.41865022423,1.49659803875,1.06009027745,2.9776065146,2.07341186619,0.390067111359,2.82171088556,0.997732025834,1.14700904296
T[T>C]A,1.101222217,1.16172893222,0.822891326992,2.31135652141,1.60947862485,0.24586629666,2.19034309096,0.774485954816,0.715580629372
T[T>C]C,1.27958426171,1.34989108928,0.956172854904,2.68572081304,1.87016161327,0.207047506079,2.54510715791,0.899927392851,1.00341975493
T[T>C]G,0.854272227374,0.901210261845,0.638357268807,1.7930329168,1.24855171693,0.147296091905,1.69915684785,0.60080684123,0.678444036031
T[T>C]T,1.04463990499,1.10203770196,0.78061003889,2.19259584453,1.52678139959,0.234827469549,2.07780025058,0.734691801309,0.734890121582
A[T>G]A,0.299767675102,0.316238426481,0.224002218757,0.629182702686,0.438121986687,0.0453487469221,0.596241199928,0.210825617654,0.154969640943
A[T>G]C,0.278564847537,0.29387060839,0.20815834761,0.58468006461,0.407133238708,0.0182550423313,0.554068542903,0.195913738927,0.257492864836
A[T>G]G,0.295702109123,0.311949477756,0.220964213411,0.620649481786,0.432180005642,0.0955776169853,0.58815474452,0.207966318504,0.262722380938
A[T>G]T,0.988461164857,1.04277221787,0.738630320992,2.07468222514,1.44467401017,0.0518019989123,1.96606011911,0.69518147858,1.01677637284
C[T>G]A,0.170664604434,0.180041780501,0.127529594522,0.358208125789,0.249432883403,0.0124445158494,0.339453773653,0.120027853668,0.156804657549
C[T>G]C,0.614912674632,0.648699085326,0.459495185439,1.29064088851,0.898718524462,0.0605807569715,1.22306806713,0.432466056884,0.465519890315
C[T>G]G,0.563417929823,0.594374958935,0.421015595912,1.18255851205,0.823456974357,0.134331433788,1.12064445382,0.396249972623,0.435657778768
C[T>G]T,3.82689634033,4.03716537002,2.85965880376,8.03227693409,5.59315618971,0.119960854624,7.61173887472,2.69144358001,1.43408837243
G[T>G]A,0.0535547638848,0.056497333329,0.0400189444414,0.112406152769,0.0782723472162,0.0499945445504,0.106521013881,0.037664888886,0.0639059590016
G[T>G]C,0.218140037356,0.230125753694,0.1630057422,0.45785436412,0.318820054597,0.0290727004142,0.433882931444,0.153417169129,0.125440501216
G[T>G]G,0.229775107224,0.242400113115,0.171700080123,0.482275225052,0.335825156711,0.149542430432,0.457025213269,0.16160007541,0.247851150897
G[T>G]T,1.08786381906,1.14763655638,0.812909227433,2.28331856529,1.58995481248,0.0707717185297,2.16377309067,0.765091037584,0.482373091769
T[T>G]A,0.450100821383,0.474831635744,0.336339075319,0.944717108617,0.657839662021,0.0464863845163,0.895255479893,0.31655442383,0.306925792728
T[T>G]C,0.487767878626,0.514568311518,0.364485887325,1.02377653646,0.712891514915,0.0493417536212,0.970175670674,0.343045541012,0.503818108006
T[T>G]G,0.332790902037,0.351076116435,0.248678915808,0.69849518999,0.486386702977,0.120966903984,0.661924761195,0.23405074429,0.341618060049
T[T>G]T,2.36440635862,2.49431879591,1.7668091471,4.96265510436,3.45567083183,0.128094416632,4.70283022979,1.66287919727,2.74515679706
