,1,3,2,5,4,7,6,9,8
A[C>A]A,1.49162815548,0.518827184514,1.07656640787,2.61569140331,2.25689825264,0.272467854511,0.533005946261,0.778240776771,3.18884771688
A[C>A]C,0.872423333547,0.303451594277,0.629662058125,1.8348278428,1.32001443511,0.191127900291,0.306349653588,0.455177391416,2.45446531145
A[C>A]G,0.144369177506,0.0502153660892,0.104196884635,1.20655740449,0.218436842488,0.125683062968,0.114128288621,0.0753230491337,1.0862279756
A[C>A]T,0.826728755582,0.287557828029,0.596682493159,2.6459095444,1.25087655192,0.275615577542,0.326428209349,0.431336742043,1.89846481907
C[C>A]A,1.81599243926,0.631649544091,1.31067280399,4.63630142317,2.74767551679,0.482948064913,0.88479342886,0.947474316136,3.69816411788
C[C>A]C,1.25799185354,0.437562383841,0.907941946469,3.09535776252,1.90339636971,0.322433100262,0.598876628319,0.656343575761,3.05396873453
C[C>A]G,0.370190219213,0.128761815378,0.26718076691,1.32846518066,0.560113896895,0.138381789652,0.247273721509,0.193142723067,1.04353189479
C[C>A]T,1.69928771392,0.591056596148,1.22644243701,5.51909081753,2.57109619324,0.574905293493,0.921205975672,0.886584894221,4.61213519607
G[C>A]A,1.83764549587,0.639181042043,1.32630066224,4.51477853839,2.78043753289,0.470289431082,0.894444535576,0.958771563064,4.11952376351
G[C>A]C,0.924343872683,0.321510912238,0.667135142893,5.79998802574,1.39857246823,0.604165419348,0.611933024022,0.482266368356,4.15897425714
G[C>A]G,0.217938128374,0.0758045663911,0.157294475261,2.36029488671,0.329749863801,0.245864050698,0.237854975635,0.113706849587,1.54722312902
G[C>A]T,1.38658609384,0.48229081525,1.00075344164,5.35022168644,2.09796504634,0.557314759004,0.71708393416,0.723436222875,3.68666368472
T[C>A]A,1.46115848235,0.508229037339,1.05457525248,3.32634132345,2.21079631243,0.346493887859,0.55258493395,0.762343556009,2.45779028467
T[C>A]C,1.14688484035,0.398916466209,0.827751667384,4.70639019432,1.73528662801,0.490248978575,0.60194147678,0.598374699314,3.21240219345
T[C>A]G,0.29905214919,0.104018138849,0.215837638111,0.97535053368,0.452478903992,0.101599013925,0.145897250557,0.156027208273,0.8228051333
T[C>A]T,2.71176690724,0.943223272083,1.95718828957,8.39735728871,4.10302123356,0.874724717574,0.879391428589,1.41483490813,3.48551638233
A[C>G]A,0.561451859518,0.195287603311,0.405221776869,0.794574158424,0.849501074401,0.0827681415025,0.221000886777,0.292931404966,0.669118058385
A[C>G]C,0.283030540338,0.098445405335,0.20427421607,0.564831454776,0.428237513207,0.0588366098725,0.13117513115,0.147668108003,0.386399633492
A[C>G]G,0.0653629300921,0.022734932206,0.0471749843274,0.157308520115,0.0988969550959,0.0163863041787,0.0458613455709,0.0341023983089,0.0835917921707
A[C>G]T,0.611539629197,0.212709436243,0.441372080203,0.449198111592,0.925286047655,0.0467914699575,0.201574189808,0.319064154364,0.363115728518
C[C>G]A,0.318888933551,0.110917889931,0.230154621606,0.796634751602,0.482492821199,0.0829827866252,0.175136416151,0.166376834896,0.543847894804
C[C>G]C,0.344193976359,0.119719643951,0.248418261198,0.90343812511,0.520780451187,0.0941081380323,0.166823040852,0.179579465927,0.46849513557
C[C>G]G,0.146029588222,0.0507929002511,0.105395268021,0.257903947718,0.220949116092,0.026864994554,0.0630304073767,0.0761893503767,0.222419241919
C[C>G]T,0.449936925115,0.15649980004,0.324737085083,0.729526537774,0.680774130174,0.0759923476848,0.219182957011,0.23474970006,0.421280486263
G[C>G]A,0.246318044203,0.085675841462,0.177777371034,0.468296682755,0.37268991036,0.0487809044536,0.110259257292,0.128513762193,0.281144197847
G[C>G]C,0.238906691272,0.0830979795728,0.172428307614,0.696948207727,0.361476211142,0.0725987716383,0.133628872679,0.124646969359,0.375439462816
G[C>G]G,0.0196600271167,0.00683827030147,0.0141894108756,0.347872826674,0.0297464758114,0.0362367527785,0.0371296047796,0.0102574054522,0.197940180313
G[C>G]T,0.346599032064,0.120556185066,0.250154084011,0.312729715937,0.524419405036,0.0325760120768,0.157779922123,0.180834277599,0.389353845173
T[C>G]A,0.35153977349,0.122274703823,0.253720010432,0.558325665822,0.531894961628,0.0581589235232,0.159032782308,0.183412055734,2.23442833059
T[C>G]C,0.451217153648,0.156945096921,0.325661076111,0.673356870901,0.682711171606,0.0701413407189,0.208591860503,0.235417645381,0.870526807758
T[C>G]G,0.0458367934991,0.0159432325214,0.0330822074819,0.170929138316,0.0693530614682,0.0178051185745,0.0315828672125,0.0239148487821,0.168049369496
T[C>G]T,0.966154248064,0.336053651501,0.697311326864,0.514071456808,1.46183338403,0.0535491100842,0.276911001167,0.504080477251,2.68470792147
A[C>T]A,1.80139090947,0.626570751121,1.30013430858,3.38256196275,2.72558276738,0.352350204453,0.512884847525,0.939856126681,1.57876898774
A[C>T]C,2.04306900297,0.710632696686,1.47456284562,3.78825756744,3.09125223058,0.394610163275,0.28927506313,1.06594904503,1.84112649649
A[C>T]G,2.66476509946,0.926874817204,1.9232652457,6.22651618122,4.03190545484,0.648595435543,0.948004285559,1.39031222581,2.06591670947
A[C>T]T,1.79847115763,0.625555185261,1.29802700942,2.64004792656,2.72116505589,0.27500499235,0.299469128217,0.938332777892,1.25300864375
C[C>T]A,2.77865564476,0.966488919915,2.00546450882,3.15906487052,4.20422680163,0.329069257346,0.343011532551,1.44973337987,2.80144431513
C[C>T]C,4.08825241922,1.42200084147,2.95065174604,4.27934361398,6.18570366038,0.44576495979,0.229980674755,2.1330012622,3.07966210186
C[C>T]G,2.37177587457,0.824965521589,1.7118034573,4.14758528288,3.58860001891,0.432040133633,0.946433869261,1.23744828238,2.23440564544
C[C>T]T,4.56140611274,1.58657603922,3.29214528137,3.37074044622,6.90160577059,0.351118796481,0.304498411344,2.37986405882,2.60599052908
G[C>T]A,2.38880205471,0.830887671204,1.72409191775,4.31585051134,3.61436136974,0.449567761597,0.876202375618,1.24633150681,2.18097887987
G[C>T]C,3.67113668895,1.2769171092,2.64960300159,5.28240676133,5.55458942501,0.550250704306,1.05607762012,1.9153756638,2.44776733105
G[C>T]G,2.73852194399,0.952529371824,1.97649844653,6.34425125274,4.14350276743,0.660859505493,1.56518086464,1.42879405774,1.77259334574
G[C>T]T,3.63201418448,1.26330928156,2.62136675923,4.00442378416,5.49539537478,0.417127477516,0.750156842396,1.89496392234,2.09845863528
T[C>T]A,2.45753356036,0.854794281864,1.77369813487,3.7244064548,3.71835512611,0.387959005708,0.364799269206,1.2821914228,4.07297329732
T[C>T]C,4.68550845314,1.62974207066,3.38171479662,5.67113455202,7.08937800737,0.590743182502,0.298842816745,2.44461310599,5.85860276372
T[C>T]G,2.16690669968,0.753706678151,1.56394135716,5.35163821932,3.27862404996,0.557462314513,0.469778477808,1.13056001723,2.7175089902
T[C>T]T,2.82454943083,0.98245197594,2.03858785007,3.93016772778,4.27366609534,0.409392471644,0.235934096576,1.47367796391,3.21678039748
A[T>A]A,1.8420149993,0.640700869321,1.32945430384,1.07341886059,2.78704878155,0.111814464644,0.434632013822,0.961051303981,0.810197793863
A[T>A]C,0.463057738775,0.161063561313,0.334206889725,0.477076159658,0.700626491712,0.0496954332977,0.125491947502,0.24159534197,0.33179127213
A[T>A]G,0.471659542332,0.164055492985,0.340415147944,1.57531974486,0.713641394486,0.164095806756,0.140243768099,0.246083239478,0.488667069354
A[T>A]T,0.739864669188,0.257344232761,0.533989282979,0.777550886526,1.11944741251,0.0809948840132,0.163184822851,0.386016349141,0.523548149587
C[T>A]A,3.52749284884,1.22695403438,2.54592962134,1.48120640861,5.33725004955,0.15429233423,0.833521727326,1.84043105157,1.69585060523
C[T>A]C,0.719481228239,0.250254340257,0.519277756034,1.54622712593,1.08860638012,0.161065325617,0.200057421131,0.375381510386,0.962838530799
C[T>A]G,0.797530009057,0.277401742281,0.575608615233,3.86105461337,1.20669757892,0.402193188892,0.34137120641,0.416102613421,1.23393537364
C[T>A]T,0.798748144122,0.277825441434,0.576487790975,1.61509388411,1.20854067024,0.168238946261,0.243396186095,0.41673816215,1.28113936805
G[T>A]A,1.3704747017,0.476686852765,0.989125219487,1.00280939003,2.07358780953,0.104459311461,0.344791670667,0.715030279147,0.740650512258
G[T>A]C,0.230051571669,0.0800179379717,0.166037221291,0.626539692973,0.348078030177,0.0652645513514,0.107349271975,0.120026906958,0.354193803237
G[T>A]G,0.421893601021,0.146745600355,0.304497120737,1.0432682163,0.638343361545,0.108673772531,0.150847383184,0.220118400533,0.45727416315
G[T>A]T,0.436862089338,0.151952031074,0.315300464479,0.490958242848,0.660991335173,0.05114148363,0.127769554542,0.227928046611,0.279203796253
T[T>A]A,1.18801805847,0.413223672511,0.857439120461,0.961427309198,1.79752297542,0.100148678042,0.231591540903,0.619835508767,0.432600031438
T[T>A]C,0.443033738236,0.15409869156,0.319754784987,1.17000427339,0.670329308287,0.121875445144,0.130029576167,0.23114803734,0.533380640158
T[T>A]G,0.51812501829,0.180217397666,0.373951100157,1.63037730748,0.783945679847,0.16983096953,0.135772333454,0.270326096499,0.444968348165
T[T>A]T,0.81176215379,0.282352053492,0.585880510996,0.86546094122,1.22823143269,0.0901521813771,0.149928676423,0.423528080238,0.605549532016
A[T>C]A,2.17380380951,0.756105672873,1.56891927121,1.65025894167,3.289059677,0.171901973091,0.35393519587,1.13415850931,0.994469353493
A[T>C]C,0.794422967014,0.276321032005,0.57336614141,1.02903797366,1.20199648922,0.10719145559,0.175818528019,0.414481548008,0.881003771662
A[T>C]G,1.63599385694,0.569041341544,1.1807607837,1.48164577732,2.47532983572,0.154338101804,0.403379491676,0.853562012316,1.65140066708
A[T>C]T,1.79182692627,0.623244148268,1.29323160766,1.16281043094,2.71111204496,0.121126086556,0.282254394995,0.934866222402,0.688982315665
C[T>C]A,0.870181928526,0.30267197514,0.628044348415,0.910043125907,1.31662309186,0.0947961589486,0.177529417083,0.454007962709,0.930180141364
C[T>C]C,1.14241415086,0.397361443777,0.824524995836,1.59927305242,1.72852228043,0.16659094296,0.231701077028,0.596042165665,2.10796958824
C[T>C]G,1.28199678137,0.445911923954,0.925267242204,1.41761806568,1.9397168692,0.147668548508,0.409718379302,0.668867885931,2.69996215531
C[T>C]T,1.47746521091,0.513900942926,1.06634445657,1.59131315457,2.23546910173,0.165761786935,0.229482176578,0.770851414389,2.70529020608
G[T>C]A,0.816097579851,0.283860027774,0.589009557632,1.409737305,1.23479112082,0.146847635937,0.284277600832,0.425790041661,0.642494661779
G[T>C]C,0.610371126516,0.212303000527,0.440528726094,1.45236635829,0.923518052294,0.151288162322,0.237158323728,0.318454500791,0.799391154412
G[T>C]G,0.842851965693,0.293165901111,0.608319244805,1.22345771049,1.27527166983,0.12744351151,0.247908650934,0.439748851666,1.01666300083
G[T>C]T,0.984868541557,0.342562970976,0.710818164776,1.54372283261,1.49014892375,0.16080446173,0.201314092123,0.513844456464,0.886949397879
T[T>C]A,0.997392083072,0.346918985417,0.719856894739,1.10016558053,1.50909758656,0.114600581305,0.190167079413,0.520378478125,0.815275796218
T[T>C]C,0.897377667397,0.312131362573,0.647672577339,1.39346369477,1.35777142719,0.145152468205,0.205227645037,0.468197043859,1.1843643254
T[T>C]G,0.814554149952,0.283323182592,0.587895603878,1.08857771431,1.23245584428,0.113393511907,0.185752645287,0.424984773888,0.949832617548
T[T>C]T,1.07340973424,0.37335990756,0.774721808188,1.02388452887,1.62411559789,0.106654638424,0.161432592897,0.560039861341,0.801129150488
A[T>G]A,0.606859043958,0.211081406594,0.437993918682,0.208017464012,0.918204118684,0.0216684858346,0.0306917330129,0.316622109891,0.117567580396
A[T>G]C,0.249799541379,0.0868867970014,0.180290103778,0.441342598205,0.377957566956,0.045973187313,0.0444097075619,0.130330195502,0.456111012724
A[T>G]G,0.356462479042,0.123986949232,0.257272919656,0.360699344132,0.539343229159,0.0375728483471,0.0920954505297,0.185980423848,0.335559108709
A[T>G]T,0.82935293659,0.28847058664,0.598576467278,1.50239771408,1.25484705188,0.156499761883,0.0998694485874,0.43270587996,2.12691464653
C[T>G]A,0.323614861405,0.112561690924,0.233565508666,0.206511539612,0.489643355517,0.0215116187096,0.0130658887636,0.168842536385,0.191395677781
C[T>G]C,0.513536955461,0.178621549725,0.37063971568,0.810195107827,0.777003741306,0.084395323732,0.113115398451,0.267932324588,1.17096309566
C[T>G]G,0.637953716618,0.221896944911,0.46043616069,0.697065377628,0.965251710361,0.0726109768363,0.164858796132,0.332845417366,0.989084264345
C[T>G]T,2.36163088036,0.821436827952,1.704481418,3.60243376078,3.57325020159,0.375253516748,0.312984755518,1.23215524193,7.522186797
G[T>G]A,0.157024355814,0.0546171672395,0.113330622022,0.0641408971386,0.237584677492,0.00668134345194,0.0352582966949,0.0819257508593,0.00610743837903
G[T>G]C,0.144444108404,0.05024142901,0.104250965196,0.210496217223,0.218550216194,0.0219266892941,0.0553856801167,0.0753621435151,0.248595565747
G[T>G]G,0.522491794885,0.181736276482,0.3771027737,0.487177210826,0.790552802696,0.0507476261277,0.183175286478,0.272604414723,0.460184033931
G[T>G]T,0.80731948371,0.280806776943,0.582674062156,1.02385755013,1.2215094797,0.106651828139,0.16083496958,0.421210165414,2.10402702814
T[T>G]A,0.916662524623,0.318839138999,0.661591213424,0.341528152054,1.38695025465,0.0355758491723,0.0530456370717,0.478258708499,0.170565506691
T[T>G]C,0.477724154986,0.166164923473,0.344792216207,0.625150487652,0.722817417109,0.0651198424637,0.0822505439658,0.24924738521,0.749543093637
T[T>G]G,0.441040551273,0.153405409138,0.318316223962,0.497157473694,0.667313529752,0.0517872368432,0.10962982032,0.230108113707,0.42943459131
T[T>G]T,2.0855710187,0.725416006506,1.5052382135,3.31939265746,3.1555596283,0.345770068485,0.209868066159,1.08812400976,5.27806351564
