,1,3,2,5,4,7,6,9,8
A[C>A]A,0.338422716784,0.368174164414,0.152476169101,0.6582507788,3.88137857011,0.579866020452,1.93840926837,0.104130066703,0.596433621037
A[C>A]C,0.247186231922,0.268916889673,0.111369620976,0.48079080275,2.30413343679,0.279933932308,0.935779145146,0.0760573021299,0.28793204466
A[C>A]G,0.0371494663378,0.0404153534884,0.0167376716467,0.0722577532066,0.560289782561,0.126327765664,0.422295673789,0.011430605027,0.129937130397
A[C>A]T,0.29084315097,0.316411779627,0.131039221866,0.565705909029,2.56725124601,0.343648890772,1.14876914915,0.0894902002984,0.353467430509
C[C>A]A,0.410785242498,0.446898230849,0.185079065301,0.798999867276,5.45906825234,0.86350268792,2.88656612819,0.12639545923,0.888174193289
C[C>A]C,0.413426909643,0.449772132469,0.186269266982,0.80413805502,3.25113001934,0.521846539819,1.74445843311,0.12720827989,0.536756440957
C[C>A]G,0.134806128926,0.146657217183,0.0607368273183,0.262205327691,0.983135438305,0.167054400391,0.558438995592,0.0414788089003,0.171827383259
C[C>A]T,0.827007799892,0.8997117823,0.372607909841,1.60857561078,5.30931944467,0.596954035673,1.99553206211,0.254463938428,0.614009865264
G[C>A]A,0.299906878429,0.326272318291,0.135122879292,0.583335356944,6.18857135523,1.11048520679,3.71219340555,0.0922790395166,1.14221335555
G[C>A]C,0.2942158836,0.320081016224,0.132558804699,0.57226605931,2.29059410521,0.384717884707,1.28605692888,0.0905279641846,0.39570982427
G[C>A]G,0.0542083139752,0.0589738800389,0.0244235260767,0.105438149161,0.843391486582,0.210255747166,0.702854926239,0.0166794812231,0.216263054227
G[C>A]T,0.427105711192,0.464653466022,0.192432243504,0.830744075616,4.66591212819,0.669490006658,2.23800945083,0.131417141905,0.688618292563
T[C>A]A,0.571795624713,0.62206337194,0.257622204541,1.11217390741,4.02975212726,0.75442839174,2.5219463381,0.175937115296,0.775983488647
T[C>A]C,0.385501224887,0.419391442459,0.173687365059,0.74982106379,3.49017580907,0.646063887769,2.15969928197,0.118615761504,0.664522855991
T[C>A]G,0.0883156001629,0.0960796089685,0.0397905451284,0.171778694822,0.847344885476,0.195772114738,0.654438212124,0.0271740308194,0.20136560373
T[C>A]T,2.4559224595,2.67182773067,1.10651451472,4.77690412453,6.7038373331,1.83604280686,6.13762881152,0.755668449078,1.88850117277
A[C>G]A,0.170680547707,0.185685431021,0.0769000269886,0.331983043341,0.614480168554,0.108004194629,0.361042593476,0.052517091602,0.111090028762
A[C>G]C,0.102965449513,0.112017357163,0.0463910267039,0.200273456746,0.408005669449,0.0821886584168,0.27474494385,0.0316816767734,0.0845369058001
A[C>G]G,0.012838471731,0.0139671285864,0.00578436638428,0.0249715329272,0.17306160606,0.0361032358534,0.120687959853,0.00395029899414,0.0371347568777
A[C>G]T,0.200801962412,0.218454882185,0.0904712138341,0.390570849967,0.648607459242,0.0962256878895,0.321668728088,0.0617852192038,0.0989749932577
C[C>G]A,0.0839724881563,0.0913546849173,0.0378337584001,0.163331103337,0.485562154778,0.107452257952,0.359197548011,0.0258376886635,0.110522322465
C[C>G]C,0.0969588777375,0.105482735121,0.0436847690905,0.18859034461,0.554164538864,0.102365098226,0.342191899784,0.0298335008423,0.105289815318
C[C>G]G,0.0299515121113,0.0325846120771,0.0134946373249,0.058257336744,0.350784207377,0.0730862040803,0.244316739354,0.0092158498804,0.0751743813397
C[C>G]T,0.111981223366,0.121825726519,0.0504530786594,0.217809632261,0.696481512893,0.11862449187,0.396544729967,0.0344557610357,0.122013763067
G[C>G]A,0.0705149221384,0.0767140361726,0.031770459425,0.137155398006,0.341944210449,0.0753989681196,0.252047979143,0.0216968991195,0.0775532243516
G[C>G]C,0.114920867294,0.125023800682,0.0517775336159,0.22352740122,0.363144396876,0.0744437353647,0.248854772505,0.0353602668596,0.0765706992322
G[C>G]G,0.00592295506586,0.00644365441231,0.00266858415055,0.0115204730402,0.144045223062,0.0403312505986,0.134821609144,0.00182244771257,0.0414835720443
G[C>G]T,0.0906247164381,0.0985917244767,0.0408309161974,0.176270052852,0.416050483335,0.0817711009542,0.273349108904,0.0278845281348,0.0841074181243
T[C>G]A,0.200879243459,0.218538957169,0.0905060327671,0.390721165848,0.405724120453,0.0598387311629,0.200032329887,0.0618089979873,0.0615484091962
T[C>G]C,0.128325988182,0.139607393736,0.0578172034666,0.249601097892,0.737276876728,0.138971371487,0.464561441827,0.0394849194406,0.142941982101
T[C>G]G,0.0142149160916,0.0154645790447,0.00640452263468,0.0276487928375,0.116438217696,0.028661381774,0.0958109047874,0.00437382033588,0.0294802783961
T[C>G]T,0.452681317679,0.492477477475,0.203955318954,0.880490035485,0.676476822928,0.136026747826,0.454717985589,0.139286559286,0.139913226335
A[C>T]A,1.02575473742,1.11593097808,0.462153233345,1.99514932444,2.44474737806,0.316204745752,1.05702729294,0.315616842284,0.325239167059
A[C>T]C,1.2489518959,1.35874986478,0.562714590463,2.42928006127,4.50785031649,0.277832501383,0.928754361765,0.384292891048,0.285770572851
A[C>T]G,1.53036677688,1.66490451551,0.689505910462,2.97664746712,2.84187444709,0.394911523619,1.32013280753,0.470882085194,0.406194710008
A[C>T]T,0.996003718763,1.08356448525,0.448748928234,1.93728195847,3.59632622031,0.257138681115,0.859577876869,0.306462682696,0.264485500575
C[C>T]A,1.11920598455,1.21759771945,0.50425764139,2.17691713478,2.45252601402,0.618517474303,2.06761555696,0.344371072169,0.63618940214
C[C>T]C,1.94251402374,2.11328448737,0.87519862608,3.77829650771,5.70463086621,0.445338816667,1.48870404429,0.597696622689,0.458062782858
C[C>T]G,1.37500269292,1.49588205054,0.619506707799,2.67445578733,2.50439649102,0.459928980613,1.53747687805,0.423077751668,0.47306980863
C[C>T]T,1.83908297359,2.00076059764,0.828597823265,3.57711743214,4.29233600802,0.539578055336,1.80373235641,0.565871684181,0.554994571202
G[C>T]A,1.38427405567,1.50596847814,0.623683915191,2.69248909729,2.61018813073,0.236570383698,0.790820996934,0.425930478667,0.243329537518
G[C>T]C,2.28341300457,2.48415260936,1.02879047459,4.44136375614,5.46653880624,0.406999550012,1.3605413529,0.70258861679,0.418628108583
G[C>T]G,1.49723907733,1.62886449072,0.674580243632,2.91221227129,3.77834174133,0.402013956764,1.3438752269,0.460688946871,0.413500069814
G[C>T]T,1.8275724231,1.98823813063,0.823411751067,3.554728779,3.74753775944,0.327457307456,1.09464299921,0.562329976339,0.336813230527
T[C>T]A,2.35029179547,2.55691085441,1.05892267708,4.5714466791,2.46885349592,0.432195435554,1.44476759885,0.723166706298,0.44454387657
T[C>T]C,2.18487911924,2.37695640444,0.984396086689,4.24970993522,6.1017604267,0.499140225593,1.66855446841,0.672270498226,0.513401374896
T[C>T]G,2.10298815647,2.28786623616,0.947500158409,4.09042751313,1.54214562521,0.929251489909,3.10635498055,0.647073278913,0.955801532478
T[C>T]T,2.32071521522,2.52473413524,1.0455969651,4.51391860543,4.18865703587,0.533434609737,1.78319569541,0.714066220068,0.548675598587
A[T>A]A,0.702644906836,0.764415887657,0.316576276706,1.36668295066,1.28701838875,0.206725775367,0.6910547348,0.216198432873,0.212632226092
A[T>A]C,0.545012928989,0.592926153516,0.245555275698,1.06008009265,1.00499665038,0.107969882706,0.360927893616,0.167696285843,0.111054736497
A[T>A]G,0.244615636359,0.266120307687,0.110211440557,0.475790853137,1.03636900477,0.1213688249,0.405718643237,0.0752663496489,0.124836505611
A[T>A]T,0.455234233231,0.495254825164,0.205105533654,0.885455596505,1.22778839561,0.102079844565,0.341238337544,0.140072071763,0.104996411552
C[T>A]A,1.24898100288,1.35878153061,0.562727704596,2.42933667594,1.67803774752,0.344259483169,1.15081027231,0.384301847041,0.354095468402
C[T>A]C,0.907539164555,0.987322827373,0.408891271942,1.76521353985,1.27203903989,0.251364775472,0.84027653515,0.279242819863,0.2585466262
C[T>A]G,0.48945279745,0.532481614809,0.220522688961,0.952012584052,1.89013663603,0.34061205883,1.1386174538,0.150600860754,0.350343831939
C[T>A]T,0.558791259312,0.607915765625,0.251763094855,1.08687970218,1.42412809312,0.538922160185,1.80153979262,0.171935772096,0.55431993619
G[T>A]A,0.449735708088,0.489272913195,0.202628176172,0.874760662984,0.921012703446,0.167532834621,0.560038332876,0.138380217873,0.172319487039
G[T>A]C,0.318406709745,0.346398508404,0.143457968127,0.619318545328,0.660227587427,0.0980528544891,0.327776685006,0.0979712953061,0.100854364617
G[T>A]G,0.190638334838,0.20739774889,0.0858919970151,0.370802035894,0.760738566129,0.160527475231,0.536620417202,0.058657949181,0.165113974524
G[T>A]T,0.216181874662,0.235186874632,0.0974006248478,0.420485624343,0.91947394412,0.122248422317,0.408659011744,0.0665174998961,0.125741234383
T[T>A]A,0.373231142678,0.406042671705,0.168159086262,0.725955079714,1.0461210347,0.132882555143,0.444207398622,0.114840351593,0.136679199576
T[T>A]C,0.559324542331,0.608495930668,0.252003365226,1.08791696695,0.944157127708,0.113051309803,0.377914378483,0.172099859179,0.116281347226
T[T>A]G,0.249544963928,0.271482982735,0.112432346385,0.485378666102,0.676720059224,0.074581944757,0.249316786759,0.0767830658241,0.0767128574644
T[T>A]T,0.820243166433,0.89235245579,0.369560107953,1.59541802702,1.28775682787,0.130603206707,0.436587862422,0.252382512749,0.134334726899
A[T>C]A,1.20710919967,1.31322868975,0.543862386664,2.34789371804,3.10643938209,0.383601381326,1.28232461758,0.371418215282,0.394561420793
A[T>C]C,0.811690830897,0.88304826658,0.365706857876,1.57878326449,1.73956138736,0.267941140251,0.895688954552,0.249751024891,0.275596601401
A[T>C]G,1.1337620674,1.23343345794,0.510815876519,2.2052295157,3.02436685749,0.368533455315,1.23195469348,0.348849866891,0.37906298261
A[T>C]T,0.892963860795,0.971466178228,0.402324376842,1.7368637732,2.42661578755,0.292766615023,0.97867697022,0.274758111014,0.301131375452
C[T>C]A,1.29879477312,1.41297453339,0.585171271405,2.52622719606,1.80242950254,0.286543592379,0.957874294524,0.399629160959,0.294730552161
C[T>C]C,2.01114604608,2.18795009409,0.906120746037,3.91178956216,1.80054985232,0.679167899749,2.27036126487,0.618814168025,0.698572696884
C[T>C]G,2.04838188089,2.22845940888,0.922897330952,3.98421530679,2.73851293139,0.652870691844,2.18245345559,0.630271347967,0.671524140182
C[T>C]T,0.815046098281,0.886698502525,0.367218571753,1.58530944391,1.6324163475,1.50279948337,5.02364398727,0.250783414856,1.54573661147
G[T>C]A,1.98127692804,2.15545511952,0.892663231315,3.85369248641,3.91748818643,0.41064313953,1.37272135214,0.609623670166,0.42237580066
G[T>C]C,1.21393424192,1.32065373571,0.5469374057,2.36116880022,2.16379577176,0.32869870694,1.09879282034,0.373518228283,0.338090098567
G[T>C]G,1.56274882528,1.70013333739,0.704095624576,3.03963233049,2.53356298035,0.316033856868,1.05645603582,0.480845792394,0.325063395636
G[T>C]T,1.4522720641,1.57994433347,0.654320380529,2.82474895985,2.73389006317,0.40069425135,1.33946364023,0.446852942801,0.412142658531
T[T>C]A,1.187867241,1.29229513032,0.535192932758,2.31046705118,1.81713202521,0.201082395858,0.672189723296,0.365497612615,0.206827607168
T[T>C]C,1.71106084818,1.86148377989,0.770917525004,3.32810736404,2.07117289709,0.373433893632,1.24833615871,0.526480260978,0.38410343345
T[T>C]G,1.18758875391,1.29199216084,0.535067460552,2.30992537848,1.33098341267,0.226211067208,0.756191281809,0.365411924279,0.232674240557
T[T>C]T,1.32412538212,1.44053200912,0.596583963373,2.57549662237,1.63055151963,0.264178291951,0.883110290235,0.407423194499,0.271726243149
A[T>G]A,0.345976197628,0.376391687529,0.155879385744,0.672942714067,0.169909520737,0.0128829390131,0.0430658247009,0.106454214655,0.0132510229849
A[T>G]C,0.689711616431,0.750345604688,0.31074918982,1.3415269902,0.115995663451,0.110739888153,0.37018762611,0.212218958902,0.113903884957
A[T>G]G,0.333603646738,0.362931439858,0.150304939739,0.648877422777,0.404712741403,0.0874527659585,0.292342103347,0.102647275919,0.0899514164144
A[T>G]T,3.25950180336,3.54605141245,1.46856674657,6.33991010104,0.265350714783,0.461493003152,1.54270518196,1.0029236318,0.474678517528
C[T>G]A,0.41274353878,0.449028685047,0.185961374615,0.802808861144,0.103007255564,0.00978967491634,0.0327254847203,0.126998011932,0.010069379914
C[T>G]C,1.31301118742,1.42844074235,0.591576469056,2.553878903,0.403337808053,0.309137776404,1.03340342398,0.404003442282,0.317970284301
C[T>G]G,0.82358458424,0.895987624613,0.37106558191,1.60191726825,0.799412402489,0.277057672124,0.926164218242,0.253410641305,0.284973605613
C[T>G]T,4.63834585555,5.04611252417,2.08980417668,9.02183754322,0.641711130416,3.55514904478,11.8843553783,1.42718334017,3.65672473178
G[T>G]A,0.0241879413266,0.0263143537509,0.0108978636746,0.047046874888,0.0764603870253,0.0115929746899,0.0387536582491,0.00744244348511,0.0119242025382
G[T>G]C,0.0436870594163,0.0475276800243,0.0196831806161,0.0849737309525,0.126420346077,0.134293108337,0.448922676442,0.0134421721281,0.13813005429
G[T>G]G,0.263491928182,0.286656053736,0.118716143467,0.512506277892,0.684295873682,0.147915652658,0.494460896029,0.0810744394406,0.152141814163
G[T>G]T,1.26520651132,1.37643345737,0.570038098505,2.46089618135,0.691761702738,0.893908428164,2.98820817415,0.389294311174,0.919448668968
T[T>G]A,0.552958531619,0.601570270662,0.249135162597,1.07553472633,0.0909298305691,0.0257791651622,0.0861760663994,0.170141086652,0.0265157127383
T[T>G]C,1.23000128439,1.33813326543,0.554176402857,2.39242008062,0.320851928764,0.189096122494,0.632121323766,0.378461933658,0.194498868851
T[T>G]G,0.555016999684,0.603809702953,0.250062604253,1.07953855982,0.345436080638,0.104685531666,0.349948777283,0.170774461441,0.107676546856
T[T>G]T,8.88653344669,9.66776715629,4.0038227617,17.2847958249,0.497972050841,0.978645808326,3.27147313069,2.7343179836,1.00660711714
