,1,3,2,5,4,7,6,9,8
A[C>A]A,2.40872100378,1.68800133336,3.14840698132,0.663820749073,3.69842988769,2.95874391015,2.0862937828,1.38454041949,3.16737328843
A[C>A]C,0.942909987739,0.660779440226,1.23246502334,0.259857083235,1.44777517802,1.15822014242,0.816693690167,0.541987630747,1.23988951144
A[C>A]G,0.161335117674,0.113061617898,0.210878972708,0.0444624340047,0.247719275169,0.198175420135,0.1397390783,0.0927359337812,0.212149327965
A[C>A]T,1.26100906323,0.883699264783,1.6482480669,0.34752218278,1.93619501835,1.54895601468,1.09221257445,0.724831981227,1.65817727212
C[C>A]A,4.17730421957,2.92740216962,5.46009842873,1.15122557232,6.41397104579,5.13117683663,3.61813751301,2.40112762227,5.49299058794
C[C>A]C,2.03533202267,1.42633503951,2.66035524223,0.560918273964,3.1251160978,2.50009287824,1.76288600389,1.16991525713,2.67638147863
C[C>A]G,0.972589705596,0.681578612583,1.27125898527,0.268036533038,1.49334639836,1.19467711868,0.842400532406,0.559047626051,1.27891717192
C[C>A]T,4.34635064089,3.04586777196,5.68105674321,1.19781316875,6.67353051161,5.33882440928,3.76455567321,2.49829603768,5.71527997661
G[C>A]A,5.26743273384,3.69135049852,6.88499081746,1.45165469043,8.0877904181,6.47023233448,4.56234331277,3.02773692575,6.92646666575
G[C>A]C,1.23603096849,0.866194930671,1.61559953361,0.340638455882,1.89784282563,1.5182742605,1.0705780042,0.710474493697,1.62533206092
G[C>A]G,0.530917670507,0.372060414765,0.693955380348,0.146315893447,0.815188549204,0.652150839363,0.459849950833,0.305173149189,0.698135834446
G[C>A]T,3.59253721126,2.51760481734,4.69575729976,0.990069310189,5.51610044248,4.41288035399,3.11164640345,2.06500170411,4.72404499433
T[C>A]A,3.11778933145,2.18490748424,4.07522070095,0.859233280321,4.7871568475,3.829725478,2.70044745244,1.79211512753,4.09977022324
T[C>A]C,2.12981983816,1.49255091021,2.78385900106,0.586958223115,3.2701958145,2.6161566516,1.84472584408,1.22422715107,2.80062923601
T[C>A]G,0.702395557534,0.492229957642,0.918091831108,0.193573578848,1.07848136787,0.862785094294,0.608374104951,0.40373917874,0.923622504789
T[C>A]T,5.44331901141,3.81460938595,7.11488941649,1.50012728661,8.35785202539,6.68628162031,4.71468575791,3.12883691207,7.15775019611
A[C>G]A,0.257571624936,0.180502949758,0.336668423144,0.0709843060846,0.395483991043,0.316387192834,0.223093533409,0.148052981262,0.338696546175
A[C>G]C,0.264269782687,0.185196934324,0.34542349548,0.0728302550711,0.405768563968,0.324614851174,0.228895087366,0.151903103434,0.347504359911
A[C>G]G,0.132443384426,0.0928146552274,0.173114974918,0.0365001453141,0.203357952464,0.162686361972,0.114714742416,0.0761288745123,0.174157836213
A[C>G]T,0.348190682318,0.244007643514,0.455115380038,0.0959580620562,0.534623488599,0.427698790879,0.301582480748,0.20014110086,0.457857038954
C[C>G]A,0.230313500988,0.161400799905,0.301039694204,0.0634722246816,0.353630966083,0.282904772867,0.199484134714,0.132384925765,0.302853186338
C[C>G]C,0.278422112068,0.195114708457,0.363921815773,0.0767305033257,0.427498518529,0.341998814823,0.241153010452,0.160037906936,0.366114115868
C[C>G]G,0.238573351715,0.167189199233,0.311836034525,0.0657485614963,0.366313414051,0.293050731241,0.206638336131,0.137132713978,0.313714564854
C[C>G]T,0.354908064159,0.24871510008,0.463895579925,0.0978093090203,0.544937578827,0.435950063062,0.307400685492,0.204002273099,0.466690131611
G[C>G]A,0.203353160764,0.142507333134,0.265800194385,0.0560422096595,0.312235168103,0.249788134482,0.17613265893,0.11688803729,0.267401400375
G[C>G]C,0.184287240969,0.129146176742,0.240879385833,0.0507878223142,0.282960724322,0.226368579458,0.15961887013,0.105928886541,0.242330466471
G[C>G]G,0.0457695169692,0.0320747008682,0.0598247229676,0.0126136464088,0.070276029992,0.0562208239936,0.0396428887135,0.0263084625098,0.060185112865
G[C>G]T,0.27642239646,0.193713332953,0.361308014271,0.0761794005993,0.424428089053,0.339542471243,0.239420973312,0.158888464107,0.363484568574
T[C>G]A,0.532797181826,0.373377552618,0.696412064434,0.146833869007,0.81807441304,0.654459530432,0.461477874023,0.306253498215,0.700607317834
T[C>G]C,0.45222769605,0.316915472035,0.591100768065,0.124629680014,0.694365360076,0.555492288061,0.391693280043,0.259941904029,0.594661616065
T[C>G]G,0.0854981878394,0.0599160528953,0.111753536861,0.0235624927117,0.131276745108,0.105021396086,0.0740535485223,0.0491446276557,0.112426750938
T[C>G]T,0.946551977247,0.663331700591,1.23722541908,0.260860781131,1.45336720916,1.16269376733,0.819848169269,0.544081057788,1.24467858425
A[C>T]A,1.89991388524,1.33143571485,2.48335200748,0.523598314829,2.91719061119,2.33375248895,1.64559470375,1.09207648521,2.49831195933
A[C>T]C,1.52727013912,1.0702916723,1.99627435507,0.420901219443,2.34502107975,1.8760168638,1.32283240396,0.877879686266,2.0083001042
A[C>T]G,1.97761263362,1.38588601884,2.58491100143,0.545011355723,3.03649183903,2.42919347122,1.71289283227,1.13673797051,2.60048275445
A[C>T]T,1.31669530301,0.922723480066,1.72103480552,0.362868784295,2.0216975125,1.61735801,1.14044475064,0.756840607245,1.73140248507
C[C>T]A,1.90909400606,1.33786902787,2.49535122052,0.526128269387,2.9312860723,2.34502885784,1.6535459895,1.09735324758,2.51038345679
C[C>T]C,2.04448601211,1.43275003998,2.6723202993,0.56344102696,3.13917143592,2.51133714874,1.77081465616,1.17517699909,2.68841861435
C[C>T]G,2.35270461294,1.64874575238,3.07518870668,0.648383161047,3.61242046869,2.88993637495,2.037775649,1.35234202161,3.09371393985
C[C>T]T,1.96719512286,1.37858555854,2.57129441256,0.542140388191,3.02049644849,2.41639715879,1.70386979146,1.13074995251,2.58678413794
G[C>T]A,2.6311388463,1.84386895528,3.43912636602,0.725117004885,4.03993759864,3.23195007891,2.27893915821,1.5123868959,3.45984399474
G[C>T]C,3.9434313087,2.76350698011,5.15440627751,1.08677240791,6.05487484406,4.84389987525,3.41557042486,2.2666967365,5.18545691774
G[C>T]G,2.537237894,1.77806435091,3.31638968822,0.699238789684,3.8957589711,3.11660717688,2.19760762472,1.45841233277,3.33636793935
G[C>T]T,2.76435306353,1.93722380042,3.61324888618,0.761829584436,4.24447911329,3.39558329063,2.39432155109,1.58895884754,3.63501544574
T[C>T]A,5.72653505369,4.0130836203,7.48507731427,1.5781789518,8.79271130291,7.03416904233,4.95999099138,3.29163038519,7.53016814147
T[C>T]C,2.30943388953,1.61842217455,3.01863012333,0.636458158533,3.54598116897,2.83678493517,2.00029706967,1.32746987351,3.03681464214
T[C>T]G,1.87533462222,1.31421087699,2.4512247818,0.516824502187,2.8794507979,2.30356063832,1.6243055783,1.07794824742,2.46599119615
T[C>T]T,3.43442207284,2.40679972034,4.48908711883,0.946494272042,5.27332522995,4.21866018396,2.97469628356,1.97411662455,4.51612981232
A[T>A]A,2.8208233676,1.97679747808,3.68706046474,0.777392266662,4.33118548569,3.46494838855,2.44323283808,1.62141815618,3.70927167236
A[T>A]C,0.418162166092,0.293042777813,0.546574169853,0.115241541836,0.642060018803,0.513648015042,0.362187702914,0.240360930116,0.549866785334
A[T>A]G,0.417596014683,0.292646026038,0.545834160925,0.115085515858,0.641190731207,0.512952584965,0.361697335552,0.240035504503,0.54912231852
A[T>A]T,0.687888129505,0.48206333485,0.899129366125,0.189575468761,1.0562061831,0.844964946479,0.595808616107,0.395400263416,0.904545808089
C[T>A]A,5.90668777085,4.13933237485,7.72055251937,1.62782733842,9.06932374264,7.25545899411,5.1160287779,3.39518273442,7.7670618719
C[T>A]C,0.594961585353,0.416941583437,0.777666324163,0.163965791239,0.913523694046,0.730818955237,0.51532105818,0.341985793156,0.782351061055
C[T>A]G,0.631032464666,0.442219601223,0.824814087674,0.173906584751,0.968908115039,0.775126492031,0.546563552073,0.362719448194,0.829782847238
C[T>A]T,0.857218355706,0.600727824077,1.12045863817,0.236241279132,1.3162014123,1.05296112984,0.742472591556,0.49273181076,1.127208389
G[T>A]A,2.09218871256,1.46617949148,2.73467186052,0.57658744047,3.21241573976,2.56993259181,1.81213195576,1.20259666155,2.75114578739
G[T>A]C,0.336797948024,0.236023758852,0.440224089543,0.0928183321326,0.517130707596,0.413704566077,0.291714758131,0.193592521305,0.44287604189
G[T>A]G,0.301870823093,0.211547269727,0.394571312074,0.0831927465217,0.463502444906,0.370801955925,0.26146291764,0.173516299888,0.396948247689
G[T>A]T,0.452864844182,0.317361977419,0.59193357586,0.124805272019,0.69534365839,0.556274926712,0.39224514063,0.260308138782,0.595499440775
T[T>A]A,1.31721080011,0.923084733939,1.72170860487,0.363010850425,2.0224890238,1.61799121904,1.14089124419,0.757136916602,1.73208034346
T[T>A]C,0.315164173133,0.220863081959,0.411946871969,0.0868562681862,0.483913494181,0.387130795344,0.272976842871,0.18115735936,0.414428479632
T[T>A]G,0.204554798082,0.143349425428,0.267370838438,0.0563733695503,0.31408020178,0.251264161424,0.177173447158,0.117578742205,0.26898150614
T[T>A]T,0.517390643868,0.362580844916,0.676274384899,0.14258797272,0.794418705152,0.635534964122,0.448133628547,0.297397771672,0.680348326976
A[T>C]A,1.07243418509,0.751548365926,1.40176436791,0.295552728173,1.64665091411,1.31732073129,0.92888000283,0.616438547333,1.41020873157
A[T>C]C,0.856317213381,0.600096314889,1.1192807671,0.235992932822,1.31481776858,1.05185421486,0.741692074582,0.492213831313,1.12602342232
A[T>C]G,1.87434149329,1.31351490475,2.44992667627,0.516550805238,2.8779259149,2.30234073192,1.62344538789,1.07737739378,2.46468527071
A[T>C]T,0.861886749526,0.603999375652,1.12656063324,0.237527844357,1.32336941856,1.05869553485,0.746516082266,0.495415218231,1.13334714308
C[T>C]A,0.699761813471,0.490384262983,0.914649299497,0.19284774387,1.07443743013,0.859549944106,0.606092909305,0.402225294357,0.920159235036
C[T>C]C,1.21687659799,0.852771789142,1.59056311233,0.335359692359,1.86843257172,1.49474605737,1.05398760456,0.699464501207,1.60014481783
C[T>C]G,2.4593866068,1.72350714965,3.21463131283,0.677783710536,3.77622353013,3.0209788241,2.13017737597,1.41366316769,3.2339965617
C[T>C]T,1.58048759725,1.1075857965,2.06583418223,0.43556744806,2.42673292491,1.94138633993,1.36892626533,0.908469248811,2.07827896646
G[T>C]A,0.807238919978,0.565702865182,1.05513118674,0.222467418892,1.23946133382,0.99156906706,0.699183316517,0.464003473688,1.06148739871
G[T>C]C,0.927519893117,0.649994255806,1.21234883667,0.255615718576,1.42414471778,1.13931577422,0.803363686952,0.533141355886,1.21965214292
G[T>C]G,1.37844890622,0.965999627195,1.80175211365,0.379887493841,2.11651603711,1.69321282969,1.1939321235,0.792336772868,1.81260604204
G[T>C]T,0.848959869646,0.59494038109,1.10966408158,0.233965318406,1.30352105969,1.04281684775,0.735319572134,0.487984806962,1.11634880497
T[T>C]A,0.460875937953,0.322976051007,0.602404769293,0.127013053767,0.7076441567,0.56611532536,0.399183883267,0.264912940713,0.606033713687
T[T>C]C,0.946998100676,0.663644338269,1.23780854104,0.260983728533,1.45405220183,1.16324176146,0.820234575389,0.54433749094,1.245265219
T[T>C]G,0.859058235106,0.602017188381,1.1228635199,0.236748332509,1.31902642398,1.05522113918,0.744066187887,0.493789379234,1.12962775797
T[T>C]T,0.541024281789,0.379143000624,0.70716559667,0.149101180021,0.830706574401,0.664565259521,0.468603708637,0.310982461186,0.711425630385
A[T>G]A,0.097265677397,0.0681625613255,0.127134664944,0.0268055016448,0.149344937736,0.119475950188,0.0842458623124,0.0559086177164,0.12790053642
A[T>G]C,0.165749275349,0.116155003985,0.216648659118,0.0456789341514,0.254496918843,0.203597535075,0.143562364476,0.0952732055157,0.217953771522
A[T>G]G,0.249012394836,0.174504749137,0.325480768053,0.0686254631437,0.382341866086,0.305873492869,0.215680027023,0.143133108843,0.327441495571
A[T>G]T,0.409649663336,0.287077323125,0.535447591447,0.11289557651,0.628989640555,0.503191712444,0.354814669031,0.23546791672,0.538673179347
C[T>G]A,0.0445878463479,0.0312466009839,0.0582801771161,0.012287989151,0.0684616538412,0.054769323073,0.0386193944745,0.0256292345149,0.0586312625204
C[T>G]C,0.523282985711,0.366710123844,0.683976186047,0.144211846456,0.803466001682,0.642772801345,0.453237231718,0.300784708322,0.688096524517
C[T>G]G,0.794600454001,0.55684598745,1.03861161704,0.218984377087,1.2200558152,0.976044652159,0.688236613702,0.456738843639,1.04486831353
C[T>G]T,2.74399574407,1.92295764742,3.58664010642,0.756219299547,4.21322181176,3.37057744941,2.37668922715,1.5772573962,3.60824637213
G[T>G]A,0.0723237012558,0.0506835386753,0.0945333417989,0.0199317286925,0.111048202716,0.0888385621724,0.0626425758908,0.041571891273,0.0951028197615
G[T>G]C,0.180128962651,0.126232107684,0.235444155906,0.0496418401006,0.276575966275,0.22126077302,0.156017211745,0.103538695067,0.236862494194
G[T>G]G,0.659299982779,0.46202912179,0.861762182215,0.181696845648,1.01231099718,0.809848797745,0.571047229179,0.378967706637,0.866953520663
G[T>G]T,1.04740951648,0.73401139344,1.36905495855,0.28865616596,1.60822721035,1.28658176828,0.907205093016,0.602054289001,1.37730227758
T[T>G]A,0.0805053543758,0.0564171381059,0.105227471074,0.0221865149855,0.12361058349,0.0988884667924,0.0697290470972,0.0462747312554,0.105861371502
T[T>G]C,0.280919797418,0.196865054884,0.367186506862,0.0774188418082,0.431333547217,0.345066837774,0.243316359969,0.161473584343,0.369398473771
T[T>G]G,0.233690948099,0.16376767229,0.305454310114,0.0644030171928,0.358816810074,0.287053448059,0.202409482606,0.134326293002,0.30729439632
T[T>G]T,0.779296285991,0.546121019316,1.01860774389,0.21476669299,1.19655728951,0.957245831611,0.67498103511,0.447941959664,1.02474393512
