,1,3,2,5,4,7,6,9,8
A[C>A]A,0.989672896766,0.28276368479,0.899702633424,0.931834870332,0.899702633424,1.89107932286,0.951114212476,0.366307500751,0.385586842896
A[C>A]C,0.8014310119,0.228980289114,0.728573647182,0.754594134582,0.728573647182,1.03807525934,0.770206427021,0.296633556353,0.312245848792
A[C>A]G,0.316885959098,0.0905388454565,0.288078144634,0.2983666498,0.288078144634,0.274307420537,0.304539752899,0.117288958887,0.123462061986
A[C>A]T,0.820909526449,0.234545578986,0.746281387681,0.772934294384,0.746281387681,1.2079210142,0.788926038406,0.303843136413,0.319834880435
C[C>A]A,1.38379524624,0.395370070353,1.2579956784,1.30292409548,1.2579956784,2.56637256784,1.32988114573,0.512183954775,0.539141005027
C[C>A]C,1.67880291761,0.479657976461,1.52618447056,1.58069105879,1.52618447056,1.19025468722,1.61339501173,0.621375105869,0.65407905881
C[C>A]G,0.308233390803,0.0880666830865,0.280212173457,0.29021975108,0.280212173457,0.506002887535,0.296224297655,0.114086384907,0.120090931482
C[C>A]T,2.68911067155,0.768317334729,2.44464606505,2.53195485309,2.44464606505,1.29755026745,2.58434012591,0.995320183627,1.04770545645
G[C>A]A,1.02317911143,0.292336888979,0.93016282857,0.96338292959,0.93016282857,2.93541091315,0.983314990202,0.378709151632,0.398641212244
G[C>A]C,1.08352370243,0.309578200693,0.98502154766,1.02020088865,0.98502154766,1.58404384175,1.04130849324,0.401044487262,0.422152091854
G[C>A]G,0.41569017965,0.118768622757,0.377900163318,0.391396597722,0.377900163318,0.573064480555,0.399494458364,0.153859352208,0.16195721285
G[C>A]T,1.18652564954,0.339007328441,1.0786596814,1.11718324145,1.0786596814,2.03707011422,1.14029737748,0.439168584571,0.462282720601
T[C>A]A,3.30215657155,0.943473306157,3.00196051959,3.10917339529,3.00196051959,1.9547166641,3.17350112071,1.22222678298,1.2865545084
T[C>A]C,2.00549771694,0.572999347696,1.82317974267,1.88829330491,1.82317974267,1.87717986605,1.92736144225,0.742294609516,0.781362746859
T[C>A]G,0.33521513474,0.095775752783,0.304741031582,0.315624639853,0.304741031582,0.468448313818,0.322154804815,0.124073134287,0.130603299249
T[C>A]T,3.64449243858,1.04128355388,3.31317494416,3.43150262074,3.31317494416,2.96470657236,3.50249922668,1.34893551298,1.41993211893
A[C>G]A,0.48229279389,0.137797941112,0.438447994446,0.45410685139,0.438447994446,1.08926070644,0.463502165557,0.178510969167,0.187906283334
A[C>G]C,0.243126486004,0.069464710287,0.221024078186,0.228917795264,0.221024078186,0.623835933057,0.233654025511,0.08998837469,0.0947246049368
A[C>G]G,0.0535329622464,0.0152951320704,0.0486663293149,0.0504044125047,0.0486663293149,0.239418680568,0.0514472624186,0.0198141483639,0.0208569982778
A[C>G]T,0.427905253911,0.122258643975,0.389004776283,0.402897804007,0.389004776283,1.02355657761,0.411233620642,0.158380516058,0.166716332693
C[C>G]A,0.487874579015,0.139392736861,0.443522344559,0.459362428294,0.443522344559,0.837586201413,0.468866478534,0.180576954571,0.190081004811
C[C>G]C,0.281878726568,0.0805367790194,0.256253387789,0.265405294496,0.256253387789,0.722739137856,0.27089643852,0.104331736457,0.109822880481
C[C>G]G,0.115602716845,0.03302934767,0.10509337895,0.108846713913,0.10509337895,0.245057460664,0.11109871489,0.0427880185725,0.04504001955
C[C>G]T,0.526295165253,0.150370047215,0.47845015023,0.495537655596,0.47845015023,1.10076217123,0.505790158815,0.194797561165,0.205050064384
G[C>G]A,0.242899683214,0.0693999094897,0.220817893831,0.228704247182,0.220817893831,0.55362427221,0.233436059193,0.0899044282025,0.0946362402132
G[C>G]C,0.283942798421,0.0811265138346,0.258129816747,0.267348738773,0.258129816747,0.466880991006,0.272880091989,0.105095711104,0.11062706432
G[C>G]G,0.0997292650991,0.0284940757426,0.0906629682719,0.0939009314245,0.0906629682719,0.114482521894,0.095843709316,0.0369127799393,0.0388555578308
G[C>G]T,0.36039017218,0.102968620623,0.327627429255,0.339328408871,0.327627429255,0.804785167932,0.346348996641,0.133391167625,0.140411755395
T[C>G]A,12.0324559403,3.43784455436,10.9385963093,11.3292604632,10.9385963093,1.22720149183,11.5636589556,4.45357135451,4.68796984686
T[C>G]C,2.92051657056,0.834433305874,2.65501506415,2.74983703072,2.65501506415,0.969596124781,2.80673021067,1.08097041897,1.13786359892
T[C>G]G,0.45293997872,0.129411422492,0.411763617018,0.426469460483,0.411763617018,0.15390394363,0.435292966562,0.1676466155,0.176470121579
T[C>G]T,14.5191108445,4.14831738413,13.1991916768,13.6705913795,13.1991916768,2.31586719428,13.9534312012,5.37395661126,5.6567964329
A[C>T]A,1.4697453059,0.419927230256,1.33613209627,1.38385109971,1.33613209627,1.28205205055,1.41248250177,0.543996639195,0.572628041258
A[C>T]C,1.20043399221,0.342981140633,1.09130362929,1.1302787589,1.09130362929,0.621381438783,1.15366383667,0.444316477638,0.467701555408
A[C>T]G,1.68920199852,0.482629142434,1.53563818047,1.5904824012,1.53563818047,0.696458249606,1.62338893364,0.625224116335,0.658130648773
A[C>T]T,1.10953015282,0.31700861509,1.00866377529,1.04468748155,1.00866377529,0.924762197827,1.0663017053,0.410670251367,0.432284475123
C[C>T]A,1.71205226189,0.489157789113,1.55641114718,1.61199725958,1.55641114718,1.74743123322,1.64534892702,0.633681681351,0.66703334879
C[C>T]C,1.64785711582,0.470816318805,1.49805192347,1.55155377788,1.49805192347,0.633869075489,1.58365489053,0.609921140271,0.642022252917
C[C>T]G,1.50511784226,0.430033669217,1.36828894751,1.41715640992,1.36828894751,0.953930320551,1.44647688737,0.557089071485,0.586409548932
C[C>T]T,1.93946145992,0.554131845691,1.76314678174,1.82611630966,1.76314678174,1.20560367924,1.86389802641,0.717852618281,0.755634335033
G[C>T]A,1.88147581544,0.537564518696,1.71043255949,1.77151943661,1.71043255949,1.06075549078,1.80817156289,0.69639039922,0.733042525495
G[C>T]C,2.32963211867,0.665609176764,2.11784738061,2.19348478706,2.11784738061,0.640378699752,2.23886723093,0.862266433535,0.907648877405
G[C>T]G,1.85414030974,0.529754374212,1.68558209977,1.74578146047,1.68558209977,0.633175127603,1.7819010769,0.686272712048,0.722392328471
G[C>T]T,2.15472569445,0.615635912699,1.95884154041,2.02880016685,1.95884154041,0.687916625709,2.07077534272,0.797528341451,0.839503517317
T[C>T]A,9.59315427151,2.74090122043,8.72104933774,9.03251538551,8.72104933774,6.82577377589,9.21939501418,3.55071294465,3.73759257332
T[C>T]C,2.8384736567,0.810992473343,2.580430597,2.67258883261,2.580430597,2.41084133829,2.72788377397,1.05060388592,1.10589882729
T[C>T]G,2.20462657935,0.629893308386,2.00420598123,2.07578476627,2.00420598123,1.47312056785,2.1187320373,0.815998149501,0.858945420527
T[C>T]T,4.64172159413,1.32620616975,4.21974690375,4.37045215031,4.21974690375,4.1988287765,4.46087529825,1.71803981081,1.80846295875
A[T>A]A,1.74626231097,0.498932088849,1.58751119179,1.64420802007,1.58751119179,1.22734323722,1.67822611704,0.646343842373,0.68036193934
A[T>A]C,0.503028339567,0.143722382733,0.457298490515,0.473630579462,0.457298490515,0.396473725623,0.48342983283,0.186185813996,0.195985067364
A[T>A]G,0.384649237799,0.109899782228,0.349681125271,0.362169736888,0.349681125271,0.591857061913,0.369662903858,0.142370172432,0.149863339402
A[T>A]T,0.681414367888,0.194689819397,0.619467607171,0.641591450284,0.619467607171,0.501818131985,0.654865756152,0.252211811491,0.265486117359
C[T>A]A,3.34871801246,0.956776574989,3.04428910224,3.15301371303,3.04428910224,2.1622062129,3.21824847951,1.23946056305,1.30469532953
C[T>A]C,0.815245842554,0.232927383587,0.74113258414,0.767601605002,0.74113258414,1.0288927548,0.783483017519,0.301746837828,0.317628250346
C[T>A]G,0.877970556385,0.250848730396,0.798155051259,0.826660588804,0.798155051259,1.27954414098,0.843763911331,0.324963128012,0.342066450539
C[T>A]T,0.716882457514,0.20482355929,0.651711325013,0.674986729478,0.651711325013,1.9389929579,0.688951972157,0.265339610898,0.279304853577
G[T>A]A,1.22282855294,0.349379586555,1.11166232086,1.1513645466,1.11166232086,0.917158723164,1.17518588205,0.452605373492,0.476426708939
G[T>A]C,0.334139540954,0.0954684402727,0.30376321905,0.314611905444,0.30376321905,0.386447599589,0.321121117281,0.123675024899,0.130184236736
G[T>A]G,0.358913523253,0.10254672093,0.326285021139,0.337938057609,0.326285021139,0.612310165753,0.34492987949,0.13284461575,0.139836437631
G[T>A]T,0.281816173247,0.0805189066421,0.256196521134,0.265346396889,0.256196521134,0.559503137812,0.270836322341,0.104308583604,0.109798509057
T[T>A]A,0.989359596138,0.282674170325,0.899417814671,0.931539879481,0.899417814671,0.736503820634,0.950813118367,0.36619153883,0.385464777716
T[T>A]C,0.512690628595,0.146483036741,0.466082389632,0.482728189262,0.466082389632,0.583990870921,0.49271566904,0.189762115779,0.199749595557
T[T>A]G,0.460507157258,0.131573473502,0.418642870234,0.433594401314,0.418642870234,0.524876171635,0.442565319962,0.17044745431,0.179418372958
T[T>A]T,0.745266085383,0.212933167252,0.677514623075,0.7017115739,0.677514623075,0.806783378989,0.716229744394,0.275845239395,0.290363409889
A[T>C]A,1.93764302806,0.553612293732,1.76149366188,1.8244041498,1.76149366188,0.762342324348,1.86215044255,0.717179562335,0.754925855089
A[T>C]C,1.16400580788,0.332573087965,1.05818709807,1.09597949443,1.05818709807,0.668726159114,1.11865493225,0.4308333185,0.453508756316
A[T>C]G,2.10660580911,0.601887374031,1.9150961901,1.9834924826,1.9150961901,0.72822809079,2.0245302581,0.77971773454,0.820755510042
A[T>C]T,1.38763799321,0.39646799806,1.26148908474,1.30654226633,1.26148908474,0.931341012756,1.33357417529,0.513606270214,0.540638179173
C[T>C]A,1.57655280069,0.45044365734,1.43322981881,1.48441659805,1.43322981881,0.610942858102,1.5151286656,0.583529283373,0.614241350919
C[T>C]C,1.84475548325,0.527072995213,1.67705043931,1.73694509786,1.67705043931,1.98338142511,1.77288189299,0.682799107435,0.718735902563
C[T>C]G,2.63187305268,0.751963729336,2.39261186607,2.47806228986,2.39261186607,1.35794468677,2.52933254413,0.974134831185,1.02540508546
C[T>C]T,1.61537170653,0.461534773293,1.46851973321,1.52096686653,1.46851973321,3.89669664331,1.55243514653,0.597897319948,0.629365599945
G[T>C]A,2.14901660275,0.614004743643,1.95365145704,2.02342472337,1.95365145704,0.33106199624,2.06528868316,0.795415236082,0.837279195876
G[T>C]C,1.19977522939,0.342792922682,1.09070475399,1.1296584952,1.09070475399,0.655740561501,1.15303073993,0.444072649838,0.467444894566
G[T>C]G,1.55933894331,0.445525412374,1.41758085755,1.46820874532,1.41758085755,0.497671437054,1.49858547798,0.577157920575,0.607534653237
G[T>C]T,1.48586302579,0.424532293084,1.3507845689,1.39902687494,1.3507845689,0.701234247182,1.42797225855,0.549962288768,0.578907672387
T[T>C]A,1.32755906295,0.379302589415,1.20687187541,1.24997444239,1.20687187541,0.455444171512,1.27583598258,0.49136926356,0.517230803748
T[T>C]C,1.63216271752,0.466332205006,1.48378428866,1.53677658468,1.48378428866,0.921326671678,1.56857196229,0.604112174667,0.635907552281
T[T>C]G,1.22282162622,0.349377607493,1.11165602384,1.15135802469,1.11165602384,0.470385516797,1.1751792252,0.452602809707,0.476424010217
T[T>C]T,1.51298830721,0.432282373487,1.37544391564,1.42456691263,1.37544391564,0.703617632588,1.45404071082,0.560002165654,0.589475963846
A[T>G]A,0.66926601172,0.191218860492,0.608423647018,0.630153062983,0.608423647018,0.112349443755,0.643190712562,0.247715342,0.260752991579
A[T>G]C,0.414576148124,0.118450328036,0.376887407386,0.390347671935,0.376887407386,0.303407136337,0.398423830665,0.153447015864,0.161523174594
A[T>G]G,0.271809679753,0.0776599085008,0.247099708866,0.255924698469,0.247099708866,0.511545392584,0.26121969223,0.100604881467,0.105899875228
A[T>G]T,1.89298397544,0.540852564411,1.72089452312,1.78235504181,1.72089452312,1.30515890614,1.81923135302,0.700649912986,0.737526224196
C[T>G]A,0.508827722082,0.145379349166,0.462570656438,0.479091037025,0.462570656438,0.081819794986,0.489003265377,0.188332338693,0.198244567045
C[T>G]C,0.895106427017,0.255744693433,0.81373311547,0.842795012451,0.81373311547,0.928795919516,0.86023215064,0.331305625584,0.348742763773
C[T>G]G,0.85249015941,0.243568616974,0.774991054009,0.802669305938,0.774991054009,0.945877341627,0.819276257095,0.315532071989,0.332139023147
C[T>G]T,3.85623043983,1.10178012566,3.50566403621,3.63086632321,3.50566403621,9.06408100995,3.70598769542,1.42730607188,1.50242744409
G[T>G]A,0.115632404112,0.0330378297462,0.105120367374,0.108874666209,0.105120367374,0.185010395948,0.11112724551,0.0427990067166,0.0450515860175
G[T>G]C,0.118177943549,0.0337651267283,0.107434494136,0.111271440355,0.107434494136,0.47848186351,0.113573608086,0.0437411868981,0.0460433546295
G[T>G]G,0.304933314958,0.0871238042737,0.277212104507,0.287112536811,0.277212104507,0.976305876512,0.293052796193,0.112864928264,0.118805187646
G[T>G]T,1.2184070788,0.348116308228,1.10764279891,1.1472014703,1.10764279891,2.43271042957,1.17093667313,0.450968853841,0.474704056675
T[T>G]A,1.02102500927,0.291721431221,0.928204553884,0.961354716523,0.928204553884,0.221638782742,0.981244814106,0.377911854081,0.397801951665
T[T>G]C,0.751458399845,0.214702399956,0.683143999859,0.707541999854,0.683143999859,0.598688122459,0.722180799851,0.278137199943,0.29277599994
T[T>G]G,0.465055803266,0.132873086647,0.422778002969,0.437877217361,0.422778002969,0.61903299032,0.446936745996,0.172131044066,0.181190572701
T[T>G]T,5.02338967216,1.43525419205,4.56671788378,4.72981495106,4.56671788378,2.45326765002,4.82767319143,1.85930656697,1.95716480734
