,1,3,2,5,4,7,6,9,8
A[C>A]A,0.766354734849,0.740154572974,0.56239810545,0.563303480317,0.943205827507,1.038705031,0.537103318442,2.30042793395,2.71728400252
A[C>A]C,0.445166395206,0.429947031267,0.457667028032,0.327216324681,0.547897101792,0.805701786863,0.311996960743,1.74364668703,2.05960950951
A[C>A]G,0.0677985533216,0.0654806540628,0.0949592296354,0.0498348340655,0.0834443733189,0.241453354841,0.0475169348066,0.438844592665,0.518366767174
A[C>A]T,0.456401364947,0.440797899478,0.348094211053,0.335474507568,0.561724756857,0.556011222768,0.319871042099,1.12480055685,1.32862347655
C[C>A]A,1.52413461799,1.47202745156,0.506319388096,1.12030407818,1.87585799137,0.981201408863,1.06819691175,1.9234660481,2.27201358702
C[C>A]C,1.19483834382,1.15398916967,0.330080700822,0.878257244172,1.47057026931,0.66915357977,0.837408070024,1.36586840292,1.61337475781
C[C>A]G,0.527714760416,0.509673230145,0.0913412256334,0.387892900819,0.649495089743,0.242000438561,0.369851370548,0.517393982585,0.611149939161
C[C>A]T,2.99746517943,2.89498773739,0.470849769757,2.20326500368,3.68918791314,0.765617434044,2.10078756165,1.85369024672,2.18959384848
G[C>A]A,1.44408791328,1.39471738633,0.5154447226,1.06146632942,1.77733897019,1.19743586987,1.01209580247,2.24467244325,2.65142516787
G[C>A]C,0.599616854596,0.579117133072,0.531344185941,0.44074401278,0.737989974888,1.21116306967,0.420244291255,1.99440265092,2.35580447357
G[C>A]G,0.219674432283,0.212164195282,0.0968544996573,0.161470095524,0.27036853204,0.300544500471,0.153959858523,0.416199702562,0.49161844061
G[C>A]T,1.20112270378,1.16005867971,0.546338231763,0.882876517305,1.47830486619,0.967329257368,0.841812493244,1.86865679623,2.20727245729
T[C>A]A,1.30976607178,1.26498774454,0.406950810123,0.962734035671,1.61201978066,1.19885136136,0.91795570843,1.43025953309,1.68943407936
T[C>A]C,0.834225187049,0.805704667834,0.345465807123,0.61319116313,1.02673869175,0.93413343829,0.584670643915,1.39447996752,1.64717096835
T[C>A]G,0.24521938032,0.236835811762,0.0768739255347,0.180246723996,0.301808468087,0.249385823138,0.171863155438,0.428176587895,0.505765634023
T[C>A]T,3.32960254064,3.21576997514,0.602372275151,2.44740015807,4.09797235771,1.17328843946,2.33356759258,1.96322325451,2.31897511942
A[C>G]A,0.107957925127,0.104267055892,0.223462734806,0.0793536885547,0.132871292464,0.318369858922,0.0756628193196,0.626062594898,0.739510179209
A[C>G]C,0.119089180348,0.115017755378,0.112230728807,0.0875356368367,0.146571298889,0.161791977025,0.0834642118676,0.342527501638,0.404596243545
A[C>G]G,0.0294471897167,0.0284404481879,0.0333928912377,0.0216449428687,0.0362426950359,0.0222949018992,0.0206382013399,0.0750344629713,0.0886313119661
A[C>G]T,0.156145697257,0.150807382821,0.198296788466,0.114773760377,0.192179319701,0.27116518781,0.109435445941,0.640425282577,0.756475501568
C[C>G]A,0.0698864061127,0.0674971272712,0.145704706286,0.0513694950914,0.0860140382925,0.251940927305,0.0489802162499,0.257206187858,0.303814020557
C[C>G]C,0.0964822629621,0.0931837240574,0.113230973451,0.0709185864507,0.118747400569,0.157632890945,0.0676200475461,0.27150158582,0.320699859761
C[C>G]G,0.0643873729901,0.062186095281,0.0326167354545,0.0473274707448,0.0792459975262,0.0565461997569,0.0451261930358,0.109683300625,0.129558798053
C[C>G]T,0.139175201825,0.134417075267,0.183393820225,0.102299721,0.171292556092,0.173433900433,0.0975415944414,0.29885952596,0.353015278987
G[C>G]A,0.0659024290805,0.063649354582,0.0957534575715,0.0484411017173,0.0811106819452,0.13575538272,0.0461880272188,0.21901525223,0.258702579816
G[C>G]C,0.163142425822,0.15756490699,0.102595011794,0.119916654878,0.200790677935,0.149658796073,0.114339136046,0.33274905003,0.393045857753
G[C>G]G,0.0128903816948,0.0124496848847,0.014242426417,0.00947498141669,0.0158650851628,0.0239633957382,0.00903428460661,0.0238436587007,0.0281643216868
G[C>G]T,0.116148608004,0.112177715423,0.170738618275,0.0853741904988,0.142952132928,0.204842965185,0.0814032979175,0.273917543341,0.323553608242
T[C>G]A,0.721909382679,0.697228720024,0.177964172246,0.530634247098,0.888503855605,3.30248276832,0.505953584442,0.719251198243,0.849585307992
T[C>G]C,0.132181000085,0.127661991535,0.155408982217,0.0971586838232,0.162684307797,0.865676499031,0.0926396752733,0.40949428315,0.483697945197
T[C>G]G,0.0528556184495,0.0510485887589,0.0169192085439,0.0388511383475,0.065053068861,0.131489351582,0.0370441086569,0.0569793243751,0.0673044368457
T[C>G]T,1.29305746245,1.24885036972,0.322289244909,0.95045249377,1.59145533841,4.05185458954,0.906245401036,1.26121127465,1.48975291502
A[C>T]A,1.18197958433,1.14157002589,0.329651520003,0.868805506429,1.45474410379,1.00360707557,0.828395947991,2.27533586569,2.6876450494
A[C>T]C,0.824672759378,0.796478818886,0.233132047964,0.606169720568,1.0149818577,1.08521080297,0.577975780077,2.8401698217,3.35483146724
A[C>T]G,1.81518351315,1.75312595714,0.49777467163,1.33423745411,2.23407201618,1.28800102479,1.2721798981,6.65914101777,7.86583100085
A[C>T]T,0.706207234746,0.682063397661,0.245347631316,0.519092497335,0.869178135072,0.741288312311,0.494948660249,2.0690498335,2.44397832682
C[C>T]A,1.01859934056,0.983775431481,0.274173537246,0.748714045198,1.25366072684,2.6501352987,0.713890136119,3.68142772964,4.34853208333
C[C>T]C,0.986254275866,0.952536180965,0.211321819265,0.72493904038,1.21385141645,3.08604441274,0.691220945479,6.37087466721,7.52532846597
C[C>T]G,2.21457927156,2.13886715972,0.359202588677,1.62781040474,2.72563602654,1.42278840169,1.55209829289,4.7225111195,5.57826816801
C[C>T]T,0.818440526601,0.790459653897,0.276091351739,0.601588763143,1.00731141736,3.11516789499,0.573607890439,6.63985046856,7.84304484877
G[C>T]A,1.85981056824,1.79622730095,0.467504457135,1.36704024674,2.28899762245,1.23480434665,1.30345697945,3.4701478677,4.09896660882
G[C>T]C,2.42945610935,2.34639778083,0.81826907452,1.78575406329,2.9900998269,2.08842985156,1.70269573476,6.39082775319,7.54889721182
G[C>T]G,0.676799501157,0.653661056673,0.898002199551,0.497476556406,0.832984001424,0.885969374092,0.474338111922,4.01082175436,4.73761495818
G[C>T]T,1.70585392177,1.64753412957,0.544457474614,1.25387553224,2.0995125191,1.85073101001,1.19555574004,5.48784629504,6.48228824112
T[C>T]A,8.11297641409,7.83560969908,0.793591220629,5.96338437275,9.98520174042,4.81751983441,5.68601765774,2.87980674195,3.40165091667
T[C>T]C,2.14721947108,2.07381025839,0.355036803995,1.57829807276,2.64273165671,5.75686272055,1.50488886007,4.35238291943,5.14106975718
T[C>T]G,2.90442871686,2.80513200859,0.26817006501,2.13487922777,3.57468149767,2.31577397322,2.03558251951,3.41483549849,4.03363119285
T[C>T]T,4.7691484306,4.60610062101,0.565235197235,3.50552790625,5.86972114536,2.97625306418,3.34248009666,2.6827352095,3.16886843538
A[T>A]A,2.32718495079,2.24762307214,0.475519408766,1.71058039118,2.86422763175,2.3058479049,1.63101851252,0.592992856813,0.700447938249
A[T>A]C,1.14670742361,1.10750375101,0.262392030619,0.842878960945,1.41133221368,0.503927608084,0.803675288343,1.4315264271,1.69093054477
A[T>A]G,2.04515844586,1.97523849899,0.148246987065,1.50327885764,2.51711808721,0.269903671476,1.43335891078,0.55436074465,0.654815376231
A[T>A]T,0.785331719397,0.758482771725,0.287719208841,0.577252374941,0.966562116181,0.418423838227,0.55040342727,0.775721595878,0.916288596474
C[T>A]A,4.02235249262,3.88483616808,0.802019220173,2.95660097748,4.95058768322,4.93034052773,2.81908465294,0.32833584005,0.387832938583
C[T>A]C,1.79515548553,1.73378264842,0.243205598714,1.31951599791,2.20942213604,0.500498066434,1.2581431608,0.508104269703,0.600176855488
C[T>A]G,6.12461260823,5.91522414299,0.203430081241,4.50185200263,7.53798474859,0.480716118756,4.29246353739,0.470042792587,0.555218332184
C[T>A]T,1.93740851171,1.87117232327,0.254816328303,1.42407805134,2.38450278364,0.690931253948,1.3578418629,0.421028228495,0.49732193433
G[T>A]A,2.06029436216,1.98985694807,0.299470589478,1.51440440296,2.53574690727,1.74531173075,1.44396698886,0.274964608152,0.324790409629
G[T>A]C,0.730842846534,0.705856766311,0.145479520404,0.537200724803,0.899498888042,0.23714374581,0.51221464458,0.594728489561,0.702498081629
G[T>A]G,1.53214649706,1.47976542024,0.115107673729,1.12619315169,1.88571876562,0.254478602882,1.07381207486,0.320229729826,0.378257935902
G[T>A]T,0.514724913945,0.49712748099,0.150075960558,0.378344808541,0.633507586394,0.254610114538,0.360747375585,0.475954134338,0.562200856668
T[T>A]A,1.53843334944,1.48583733749,0.306963188266,1.13081425685,1.89345643008,1.00517531678,1.0782182449,0.516388591234,0.609962362799
T[T>A]C,0.921347430977,0.889848373507,0.160881517301,0.67722973559,1.13396606889,0.326654517273,0.64573067812,0.544670559544,0.643369251542
T[T>A]G,1.98219260954,1.91442534084,0.149486883644,1.4569962771,2.43962167328,0.222706430919,1.38922900839,0.342566503589,0.404642312964
T[T>A]T,0.862759778398,0.833263717598,0.281207550293,0.634165307198,1.0618581888,0.472382397667,0.604669246398,0.587720505075,0.694220193914
A[T>C]A,1.79587405123,1.73447664777,0.440228363548,1.32004417441,2.21030652459,0.91133515058,1.25864677095,2.71139874863,3.20272603865
A[T>C]C,1.0191307715,0.984288693841,0.263763444399,0.749104669649,1.25431479569,0.577498382666,0.714262591991,1.38210253254,1.63255064246
A[T>C]G,2.12633110591,2.05363602536,0.370024639282,1.56294423169,2.61702289958,0.920290462357,1.49024915115,2.45561705526,2.90059464245
A[T>C]T,0.998151217325,0.964026389382,0.410540908367,0.733683800768,1.22849380594,0.735679497801,0.699558972826,2.15061957165,2.54032915846
C[T>C]A,1.16785865153,1.12793186003,0.303032741878,0.858426017364,1.43736449419,0.711841031657,0.818499225859,1.50702701889,1.78011245184
C[T>C]C,0.911761037983,0.880589720445,0.386028700672,0.670183327064,1.12216743136,1.12250581637,0.639012009526,1.08243214203,1.27857756374
C[T>C]G,2.42873300649,2.34569939943,0.421222169672,1.78522255178,2.98920985414,1.10644939452,1.70218894472,1.75578997627,2.07395326056
C[T>C]T,0.936521184696,0.904503366416,0.35055116416,0.688383093025,1.15264145809,1.63107860289,0.656365274744,1.47153858069,1.73819322283
G[T>C]A,3.97155418453,3.83577455429,0.753332262856,2.91926205017,4.88806668866,1.69301557096,2.78348241993,6.10913188525,7.21615578392
G[T>C]C,1.85928014039,1.79571500738,0.591802275413,1.3666503596,2.28834478817,0.995310684035,1.3030852266,2.99802063324,3.54128611711
G[T>C]G,2.94791188854,2.84712857611,0.53197791474,2.16684121722,3.62819924744,1.20884416185,2.06605790479,3.78721908367,4.47349368272
G[T>C]T,2.79777290906,2.7021225532,0.587201395862,2.0564826511,3.44341281115,1.56249828986,1.96083229524,4.68370529407,5.53243041447
T[T>C]A,1.34930723152,1.30317706976,0.38705943523,0.991798477867,1.6606858234,0.856873860363,0.945668316105,2.26647926689,2.67718356358
T[T>C]C,1.33296989927,1.28739827878,0.412803131143,0.979789840488,1.64057833756,0.878272505077,0.93421822,1.79946482672,2.12554234566
T[T>C]G,1.27890403861,1.23518082361,0.252808228687,0.940049122396,1.57403573983,0.643174218382,0.896325907401,1.51375062154,1.78805442544
T[T>C]T,0.979046616164,0.945574936979,0.425914651476,0.71964110248,1.20498045066,0.77388987763,0.686169423294,1.64351915566,1.94133806307
A[T>G]A,0.0757778403886,0.0731871449907,0.204664895638,0.0556999510549,0.0932650343244,0.167786808747,0.053109255657,0.136653144434,0.161415794768
A[T>G]C,0.147614208775,0.142567569159,0.105109076088,0.108502751749,0.181679026184,0.236682345831,0.103456112133,0.174474461953,0.206090639623
A[T>G]G,0.150639458905,0.145489391934,0.13564949109,0.110726439879,0.18540241096,0.202929854521,0.105576372908,0.297013759429,0.350835044695
A[T>G]T,0.30056321769,0.290287552128,0.440000754784,0.220926809584,0.369923960234,0.967301406222,0.210651144022,0.275670297917,0.325623976063
C[T>G]A,0.0700389297018,0.0676444363787,0.154420572487,0.0514816064475,0.086201759633,0.128155439436,0.0490871131243,0.0713666805913,0.0842988978796
C[T>G]C,0.325115670627,0.314000604964,0.189629395852,0.238973911743,0.400142363849,0.501581610659,0.22785884608,0.209466437298,0.247423442714
C[T>G]G,0.583030986914,0.5630983036,0.207795678965,0.428552691236,0.717576599278,0.40281017349,0.408620007922,0.326517242241,0.385684796204
C[T>G]T,0.541286269314,0.522780755833,0.728324930413,0.397868539838,0.66619848531,3.62804618815,0.379363026357,0.490284993185,0.579128582554
G[T>G]A,0.0154670484224,0.0149382604421,0.0590611041931,0.0113689415754,0.0190363672891,0.0337464769559,0.0108401535952,0.0434777277562,0.0513562421818
G[T>G]C,0.0939437360391,0.0907319843797,0.039990939983,0.0690526606783,0.11562305974,0.106384803328,0.0658409090189,0.0688285737007,0.0813008655794
G[T>G]G,0.259864022937,0.250979782837,0.182701451016,0.191011162159,0.319832643615,0.307248136406,0.182126922059,0.392314998833,0.463405636205
G[T>G]T,0.257939376214,0.249120936002,0.348249186874,0.189596464568,0.317463847648,1.03494604093,0.180778024355,0.393059401869,0.464284931067
T[T>G]A,0.0984173717954,0.0950526753237,0.303421274049,0.0723409741402,0.121129072979,0.241816455118,0.0689762776686,0.210374954197,0.248496590192
T[T>G]C,0.196256913078,0.189547275024,0.186246795253,0.14425721816,0.241546969942,0.387763844411,0.137547580106,0.257341667405,0.30397405009
T[T>G]G,0.163018160987,0.157444890526,0.170764210721,0.119825314914,0.2006377366,0.268984012985,0.114252044453,0.239463261938,0.282855933565
T[T>G]T,0.817808209904,0.789848954865,1.15110079019,0.601123983348,1.00653318142,2.30674404253,0.573164728309,0.482804150619,0.570292151066
