,1,3,2,5,4,7,6,9,8
A[C>A]A,1.91134552669,1.21197073108,0.844910629558,2.32460942436,1.53336655259,1.10203706044,2.01466150111,3.32333051038,2.27295143715
A[C>A]C,1.58636216192,0.351803080378,0.701775501912,1.92935938612,1.29623453422,0.91465926453,1.67211146797,2.7582693446,1.88648473309
A[C>A]G,0.419687857331,0.0721430275054,0.297582830258,0.510431177835,0.21650625968,0.241982188011,0.442373687457,0.729727535719,0.499088262772
A[C>A]T,1.65729095534,0.585770539015,0.483759540185,2.01562413488,1.18342525156,0.955555145424,1.74687425023,2.88159598542,1.97083248744
C[C>A]A,2.17624055671,2.06872443084,0.975527278622,2.64677905546,1.93877474234,1.25476933,2.2938751814,3.78391376077,2.58796174312
C[C>A]C,1.46219179932,0.557035954591,0.96298177874,1.77834137755,2.49751571258,0.843065541949,1.54122919388,2.54236952494,1.73882268027
C[C>A]G,0.464172485275,0.401651230619,0.204027733791,0.564534103713,0.615683550883,0.267630982501,0.489262889885,0.807074681605,0.551988901408
C[C>A]T,2.11329049432,1.18895278172,1.12165896896,2.57021816877,4.89401460627,1.21847379853,2.22752241294,3.67446004869,2.51310220947
G[C>A]A,1.82488135654,2.95379342696,0.918193085101,2.21945029849,0.988145510833,1.05218384521,1.92352359203,3.17299190822,2.17012918075
G[C>A]C,2.38148059565,0.536711010215,0.924078311898,2.89639531904,1.04184472151,1.37310592902,2.5102092765,4.14077256721,2.83203097861
G[C>A]G,0.712521719853,0.241820696747,0.340952230339,0.866580470091,0.289451064337,0.410823333969,0.751036407412,1.2388891165,0.847323126312
G[C>A]T,2.01529839666,1.89131142174,0.730307911682,2.45103859053,1.39074494846,1.16197385033,2.12423344513,3.50407739239,2.3965710663
T[C>A]A,1.89812470906,1.75588850682,2.69500079117,2.30853005156,1.63859715116,1.09441424667,2.00072604469,3.3003429626,2.25722938375
T[C>A]C,1.84529081639,1.11597415035,1.57785870711,2.24427261453,1.56366082015,1.0639514617,1.94503626593,3.2084786267,2.19439988976
T[C>A]G,0.32588923942,0.393280261295,0.287548413466,0.396351777673,0.245442383671,0.187900102008,0.343504873984,0.566636245118,0.387543960392
T[C>A]T,2.38018437292,3.79933322159,1.63445244212,2.89481883193,2.30909587297,1.37235855736,2.50884298767,4.13851877454,2.83048952456
A[C>G]A,0.635565538099,0.104298130049,0.376274365241,0.772985113904,1.19450296916,0.366452202147,0.669920432051,1.1050824221,0.755807666929
A[C>G]C,0.367693958306,0.0921625946473,0.154770449765,0.447195354696,0.692093021825,0.212003723708,0.387569307403,0.639323729306,0.437257680147
A[C>G]G,0.0477824413121,0.0592864621935,0.0498781356049,0.0581137799742,0.302848724466,0.0275502364322,0.0503652759776,0.0830811817408,0.0568223626414
A[C>G]T,0.567194249414,0.135857881503,0.311049204169,0.689830843881,1.17780215498,0.327030918581,0.597853398031,0.986202613845,0.674501269573
C[C>G]A,0.52174954267,0.0790680435523,0.409669785838,0.634560254598,0.821408572149,0.300828565143,0.549952220652,0.907186141759,0.620458915607
C[C>G]C,0.500281645854,0.11559286602,0.192881379935,0.608450650363,0.701505457324,0.288450678691,0.527323896982,0.869859077927,0.5949295248
C[C>G]G,0.0829885615163,0.125891781642,0.10347565101,0.100932034277,0.249996627932,0.0478492606941,0.0874744297064,0.144295426781,0.0986891001815
C[C>G]T,0.583697900811,0.143649422001,0.433888398224,0.709902852338,1.16512939568,0.336546537405,0.615249138693,1.01489815186,0.694127233397
G[C>G]A,0.277102038101,0.0654743378848,0.191172128575,0.337015992285,0.694585353616,0.159770544491,0.292080526647,0.48180804823,0.329526748012
G[C>G]C,0.402404503807,0.0503682637846,0.194439132156,0.489410883008,0.649833078283,0.232017011204,0.424156098607,0.699676299412,0.478535085608
G[C>G]G,0.0917377210337,0.0156358729242,0.0792972488035,0.11157290396,0.115024704231,0.0528938211366,0.0966965167653,0.159507929365,0.109093506094
G[C>G]T,0.363244646993,0.0837929148061,0.246417774847,0.441784030126,0.911042774214,0.209438355023,0.382879492776,0.631587539366,0.431966607235
T[C>G]A,2.32262961476,0.355950744633,12.2067382552,2.82481980174,2.19225938495,1.33917383194,2.44817716151,4.03844608693,2.76204602837
T[C>G]C,0.820408117286,0.213160107526,2.93690748849,0.997793656159,0.980902015089,0.47302810366,0.864754502004,1.4264753751,0.9756204638
T[C>G]G,0.105237825607,0.0542811111527,0.456377920218,0.127991950063,0.206211623939,0.060677665215,0.110926356721,0.182981084164,0.125147684506
T[C>G]T,2.83348709523,0.668115386088,14.4767848643,3.44613295366,4.11516242771,1.63372228914,2.98664855984,4.92669377819,3.36955222135
A[C>T]A,1.31327417756,0.581262240505,0.650596387066,1.59722535109,3.6020222613,0.757203129404,1.38426197094,2.28344068711,1.5617314544
A[C>T]C,1.00561229798,1.00952075484,0.807861532213,1.22304198403,3.1183644691,0.579812496131,1.05996971949,1.74849705865,1.19586327327
A[C>T]G,2.20307554746,0.787984367354,0.750308687149,2.67941620637,3.64839774483,1.2702417571,2.32216071219,3.83057279874,2.61987362401
A[C>T]T,1.18490694333,0.57527136541,0.555028479601,1.44110303919,2.55269934999,0.68318958895,1.2489559673,2.06024360418,1.40907852721
C[C>T]A,1.23071005596,1.78127760895,0.916713340875,1.49680952752,3.06291430432,0.709598590822,1.29723492385,2.13988325045,1.46354709357
C[C>T]C,1.4927358464,2.38892773426,0.977562672964,1.81548954292,3.7120548866,0.860676524053,1.57342427053,2.59547764285,1.77514533086
C[C>T]G,1.71413832991,1.1330821626,0.572610738296,2.08476283367,3.29160484434,0.988332010038,1.80679445585,2.98043871777,2.0384347707
C[C>T]T,1.77722793098,2.12708542932,0.768424525782,2.16149342957,3.29395505442,1.02470799624,1.87329430562,3.09013505116,2.11346024224
G[C>T]A,1.57956971315,0.826152864298,0.716375031878,1.92109829977,4.15129423791,0.910742897671,1.6649518598,2.74645905079,1.87840722645
G[C>T]C,2.39832688364,2.11211751042,1.09863936286,2.91688404767,4.43190379974,1.38281910408,2.52796617464,4.17006386074,2.85206440216
G[C>T]G,1.83606964144,1.38518095196,0.959134606394,2.23305767202,1.64540438771,1.05863474822,1.93531664908,3.19244541259,2.1834341682
G[C>T]T,1.79801621253,1.40458846837,0.800576612212,2.1867764747,3.57378284173,1.03669403245,1.89520627807,3.12628044161,2.13818144193
T[C>T]A,2.37771893295,4.82434416087,5.55488589378,2.89182032386,18.1415448053,1.37093704242,2.50624428067,4.13423201855,2.82755764999
T[C>T]C,2.33979015729,4.09474581806,1.64342006692,2.84569073184,6.4987932485,1.3490681988,2.46626530093,4.068283787,2.78245316002
T[C>T]G,1.36854209636,2.49165402612,0.685118982771,1.66444309017,3.73976098433,0.789069316821,1.44251734481,2.37953715854,1.62745546594
T[C>T]T,1.61194328066,3.16526396445,1.97540046732,1.96047155756,11.037337284,0.929408738401,1.69907534989,2.80274822674,1.91690552295
A[T>A]A,0.774173644798,0.427336701272,0.448577940914,0.94156254097,0.676697347623,0.446370389793,0.816020868841,1.34608570672,0.920638928949
A[T>A]C,1.1849337281,0.22115265703,0.417969935094,1.44113561525,0.618358160585,0.683205032417,1.24898419989,2.06029017588,1.40911037936
A[T>A]G,0.72687580583,0.16431390698,0.427785212069,0.884038142226,0.601966827855,0.419099563722,0.766166389929,1.26384712185,0.864392850177
A[T>A]T,1.07885553805,0.231545837119,0.346328787222,1.31212160033,1.10566691667,0.622042832751,1.13717205362,1.87584791751,1.28296334255
C[T>A]A,0.492135942205,0.658854110122,0.556006228318,0.598543713493,0.547352291331,0.283754056767,0.518737885027,0.855695827438,0.585242742082
C[T>A]C,0.890233352302,0.302880266799,0.542908460988,1.08271623929,1.0719449938,0.513287698624,0.938354074048,1.54788321616,1.05865587841
C[T>A]G,0.846228198014,0.457771568793,1.39588143193,1.02919645704,0.93454776174,0.487915357414,0.891970262772,1.4713697497,1.00632542467
C[T>A]T,1.03789203288,0.672120153276,0.605464528905,1.26230112107,1.10529492172,0.598424235175,1.09399430493,1.8046230842,1.23424998505
G[T>A]A,0.350849607043,0.361126976438,0.433012301232,0.426708981539,0.342906529274,0.202291665322,0.369814450667,0.610035803237,0.417226559727
G[T>A]C,0.705762043711,0.156169057251,0.235099409616,0.858359242351,0.540544172999,0.40692586304,0.743911343371,1.22713580573,0.839284592521
G[T>A]G,0.448043910492,0.255919469637,0.491370915799,0.544918269517,0.570183329473,0.258331624067,0.472262500248,0.779031303828,0.532808974639
G[T>A]T,0.694487737891,0.248088670489,0.23227791317,0.844647248786,0.67827471242,0.400425362387,0.732027615615,1.20753273345,0.825877309924
T[T>A]A,0.7193904833,0.300059327533,0.343946582728,0.874934371581,0.701434403363,0.414783702083,0.75827645537,1.25083210159,0.855491385546
T[T>A]C,0.735505885346,0.142882569485,0.329238475416,0.894534184881,0.65448424044,0.424075465425,0.77526296023,1.27885257542,0.874655647439
T[T>A]G,0.558902888271,0.0973971001462,0.416572755393,0.679746756005,0.507774691505,0.322250313958,0.589113855204,0.971786103029,0.664641272538
T[T>A]T,1.09138042245,0.23054462835,0.296002949201,1.32735456784,1.08022037976,0.629264387716,1.15037395879,1.89762541921,1.29785779967
A[T>C]A,2.01600739437,0.35719422058,1.26142448646,2.45190088505,1.83835904241,1.1623826418,2.12498076704,3.50531015418,2.39741419871
A[T>C]C,0.960188262359,0.291835283581,0.637230961122,1.1677965353,1.51240508751,0.55362206118,1.01209033059,1.66951652825,1.14184550118
A[T>C]G,1.44269710102,0.353975318221,1.18178240542,1.75463160935,3.10528504637,0.831825355543,1.5206807281,2.50847333781,1.71563979581
A[T>C]T,1.81609279098,0.347064876011,0.85301056567,2.20876150254,1.5797845755,1.04711656417,1.91425996887,3.15771088881,2.15967791359
C[T>C]A,1.04436777346,0.245179024965,0.841680720075,1.27017702177,1.31174709246,0.602157995507,1.10082008554,1.8158827052,1.24195086573
C[T>C]C,1.11431316336,0.71864864061,0.715023702128,1.35524573922,1.7471156018,0.642486868962,1.17454630732,1.93749946421,1.32512916723
C[T>C]G,1.20426338765,0.63960283056,1.20775092358,1.46464466065,3.61606762975,0.694350061346,1.2693587059,2.09389940375,1.43209700153
C[T>C]T,1.29692560192,1.5612954205,0.771263763007,1.57734194829,1.34660123456,0.747776923632,1.36702968851,2.25501478533,1.54228990499
G[T>C]A,3.79301693269,0.667708382699,1.86150385139,4.61312870192,1.00813875202,2.18696471795,3.998044875,6.59506547756,4.51061473076
G[T>C]C,2.13353991054,0.656944107604,0.878666997938,2.59484583714,0.755651920755,1.23014913761,2.24886639219,3.7096684931,2.53718259632
G[T>C]G,2.5099832081,0.621472352016,0.967253259666,3.05268228012,1.69555814322,1.44719752539,2.6456579761,4.3642050375,2.98484489612
G[T>C]T,2.9651948496,0.774586364009,1.13921592007,3.60631806032,0.951101518086,1.70966189526,3.12547565228,5.1556991529,3.52617765898
T[T>C]A,1.51735178789,0.283917282937,0.726064634512,1.84542785014,0.962907433756,0.874869499324,1.59937080345,2.6382783339,1.80441834235
T[T>C]C,1.39662412159,0.51232798778,0.850172991661,1.69859690464,1.42085920547,0.805260754793,1.47211731736,2.42836446367,1.66085030676
T[T>C]G,0.982702187675,0.27309952163,0.488371986185,1.19517833636,1.49040385684,0.566603063164,1.03582122485,1.70866236235,1.16861881778
T[T>C]T,1.41157888723,0.361563437939,0.62539023558,1.71678513311,1.15242974942,0.813883322365,1.4878804487,2.45436689401,1.67863435238
A[T>G]A,0.35287469612,0.0313709462787,0.140487229092,0.429171927713,0.426410076939,0.203459284249,0.371949004018,0.613556904064,0.419634773764
A[T>G]C,0.265697365368,0.140560942117,0.100300858818,0.323145444367,0.223929283817,0.153194877329,0.280059385118,0.461978301946,0.315964434492
A[T>G]G,0.400495727672,0.151345858361,0.133699592656,0.48708939852,0.600872436364,0.230916455595,0.422144145384,0.696357436402,0.476265189664
A[T>G]T,0.737303381095,0.483541617931,0.484399671825,0.896720328359,0.952612082794,0.42511185937,0.777157617911,1.28197795091,0.876793209951
C[T>G]A,0.227017768756,0.010613449552,0.0982160068312,0.276102691731,0.325548429785,0.130893127932,0.2392889995,0.394724588919,0.269967076359
C[T>G]C,0.383992418211,0.342771773124,0.292241361657,0.467017805932,0.846169458266,0.221401033923,0.404748765141,0.667662492925,0.456639632467
C[T>G]G,0.458911514992,0.363855533016,0.343366802439,0.558135626342,1.33337258773,0.264597630266,0.48371754283,0.79792722877,0.545732612423
C[T>G]T,1.26183720217,3.66758715115,1.36497727622,1.53466686751,1.44466248894,0.727545774227,1.33004461851,2.1940052254,1.50056315934
G[T>G]A,0.0786800377222,0.0509105116219,0.0394254182951,0.0956919377703,0.263423381345,0.0453650667948,0.0829330127342,0.136804029553,0.0935654502643
G[T>G]C,0.0871535405768,0.139426987164,0.0730563253929,0.10599754935,0.331996655533,0.0502506900623,0.0918645427702,0.151537237219,0.103642048254
G[T>G]G,0.369024684655,0.348436106231,0.133332827941,0.448813805662,0.941987913605,0.212770989351,0.388971964907,0.641637514761,0.438840165536
G[T>G]T,0.543502832357,1.02133750511,0.504597395942,0.661016958271,0.802048292604,0.31337100244,0.572881363835,0.945009429233,0.646327692532
T[T>G]A,0.400853802101,0.0275205773314,0.187527312136,0.487524894448,0.694419300314,0.231122912923,0.422521575188,0.696980034285,0.476691007904
T[T>G]C,0.388217542101,0.24360757397,0.215298859423,0.472156470123,0.531685061157,0.223837141391,0.409202274106,0.675008879509,0.46166410412
T[T>G]G,0.391758955581,0.139676347661,0.18550571112,0.476463594626,0.756706508196,0.225879037452,0.412935115342,0.681166472317,0.465875514745
T[T>G]T,1.78306345768,1.06564924733,1.2260203924,2.16859069177,1.9774419989,1.02807262425,1.8794452662,3.1002815075,2.12039978751
