,1,3,2,5,4,7,6,9,8
A[C>A]A,2.34793734924,3.6181329644,2.2517104087,0.866042464883,3.65662374062,0.801410618935,3.19473442601,0.801410618935,0.486782746316
A[C>A]C,1.82825049917,2.8173040479,1.75332220002,0.674354692316,2.84727536756,0.543110049113,2.48761953165,0.543110049113,0.329889066869
A[C>A]G,0.784004187531,1.20813760046,0.75187286837,0.28918187245,1.22099012812,0.0877274459276,1.06675979615,0.0877274459276,0.0532863004894
A[C>A]T,1.54418915415,2.37957017196,1.4809027134,0.569577966693,2.40488474826,0.735829222607,2.10110983269,0.735829222607,0.446948120398
C[C>A]A,2.82592333167,4.3547015275,2.71010680169,1.04234876988,4.40102813949,1.26565889898,3.84510879556,1.26565889898,0.76877059049
C[C>A]C,2.89765700034,4.46524193494,2.7789005659,1.06880790996,4.51274450872,0.786263786217,3.94271362341,0.786263786217,0.477582447925
C[C>A]G,0.491306538852,0.757095322165,0.471171024964,0.181219624986,0.76514952772,0.211326142462,0.66849906106,0.211326142462,0.12836106431
C[C>A]T,2.50679400024,3.86292845938,2.40405654121,0.924637131235,3.90402344299,1.77604555507,3.41088363967,1.77604555507,1.07878322604
G[C>A]A,2.73794165238,4.21912320202,2.62573092892,1.00989651112,4.2640074914,1.08876877793,3.72539601881,1.08876877793,0.661326220669
G[C>A]C,2.32808975862,3.58754815263,2.23267624392,0.858721632279,3.62571355851,0.700986207582,3.16772868796,0.700986207582,0.425784214976
G[C>A]G,1.020344914,1.57233478551,0.978527499495,0.376356730575,1.58906175132,0.147630598165,1.38833816168,0.147630598165,0.0896719188857
G[C>A]T,1.89174083167,2.91514160946,1.81421046972,0.697773257584,2.94615375424,1.5125748269,2.57400801687,1.5125748269,0.918749154116
T[C>A]A,2.36866234205,3.65006983858,2.27158601656,0.873686929446,3.68890036877,1.52103844669,3.2229340064,1.52103844669,0.923890019473
T[C>A]C,2.85890828058,4.40553079303,2.74173990843,1.0545153494,4.45239814189,1.10416102967,3.88998995555,1.10416102967,0.67067558839
T[C>A]G,0.60059890499,0.925513066706,0.575984195769,0.221532382988,0.935358950394,0.258307387494,0.817208346134,0.258307387494,0.156897820552
T[C>A]T,3.51099811626,5.4103905398,3.36710475084,1.29504028878,5.46794788597,4.61725280968,4.77725973195,4.61725280968,2.80455355847
A[C>G]A,0.610922188181,0.941421076868,0.585884393583,0.225340151378,0.951436194707,0.342239708673,0.831254780639,0.342239708673,0.207878934157
A[C>G]C,0.38936522105,0.600005422602,0.373407630024,0.14361831924,0.606388459013,0.153996185979,0.529792022085,0.153996185979,0.0935384240763
A[C>G]G,0.148185837623,0.228351946501,0.142112647556,0.0546587105986,0.230781222528,0.0490653055259,0.201629910208,0.0490653055259,0.0298026300231
A[C>G]T,0.488493421144,0.752760353894,0.468473198966,0.180181999602,0.760768442765,0.325314297369,0.664671376311,0.325314297369,0.197598313957
C[C>G]A,0.711187853764,1.09592882383,0.682040810577,0.262323388683,1.10758764111,0.254988620221,0.96768183381,0.254988620221,0.154881976727
C[C>G]C,0.576068471328,0.887712070571,0.552459107749,0.212484272211,0.897155816002,0.229808678507,0.783830870823,0.229808678507,0.139587493612
C[C>G]G,0.32226547625,0.49660581586,0.309057874764,0.118868413371,0.501888856454,0.0902610486005,0.438492369323,0.0902610486005,0.0548252295203
C[C>G]T,0.592014649287,0.912284869392,0.567751753824,0.218366059163,0.921990027577,0.278550875353,0.805528129357,0.278550875353,0.169193865029
G[C>G]A,0.415378627115,0.640091654899,0.398354912889,0.153213428034,0.646901140589,0.19958815047,0.565187312304,0.19958815047,0.121231321026
G[C>G]C,0.495605799203,0.763720411887,0.475294086121,0.182805417739,0.77184509712,0.155790554263,0.674348874326,0.155790554263,0.0946283366637
G[C>G]G,0.245697799243,0.378616280801,0.235628217307,0.0906262374257,0.382644113575,0.0272378832937,0.334310120281,0.0272378832937,0.0165444920747
G[C>G]T,0.514845410747,0.793368337873,0.493745188995,0.189901995767,0.801808426574,0.214455019529,0.700527362165,0.214455019529,0.130261567418
T[C>G]A,0.424182867677,0.653658845273,0.40679832392,0.156460893815,0.660612662776,1.13665861586,0.577166852741,1.13665861586,0.69041486297
T[C>G]C,0.686838880227,1.05840745478,0.658689745791,0.25334220992,1.06966710855,0.293654480742,0.93455126326,0.293654480742,0.178367906821
T[C>G]G,0.137416024348,0.211755840799,0.131784220072,0.0506862384891,0.214008562509,0.0851633387175,0.186975901982,0.0851633387175,0.0517288427766
T[C>G]T,0.700088787224,1.07882534425,0.671396623814,0.258229470698,1.09030220961,2.12773653328,0.95257982524,2.12773653328,1.29240293132
A[C>T]A,1.66658407958,2.56817874558,1.59828145336,0.61472363591,2.59549979606,1.55597803301,2.26764719024,1.55597803301,0.945112583015
A[C>T]C,1.46621689311,2.25941619593,1.40612603683,0.540817706473,2.28345253844,1.3176616805,1.99501642832,1.3176616805,0.800357465192
A[C>T]G,1.13026490301,1.7417196866,1.08394257092,0.416900988814,1.76024861944,1.69769176342,1.5379014254,1.69769176342,1.03119055259
A[C>T]T,1.12508634042,1.73373960654,1.0789762445,0.414990863268,1.75218364491,1.0058828602,1.5308551845,1.0058828602,0.610980700269
C[C>T]A,2.4682749673,3.80357126108,2.36711615716,0.910429291216,3.84403478513,2.03715387679,3.35847249649,2.03715387679,1.23738235479
C[C>T]C,2.75412638597,4.24406361117,2.64125235376,1.01586628991,4.28921322406,1.88191635308,3.74741786944,1.88191635308,1.14308993298
C[C>T]G,1.2184468195,1.87760657431,1.16851047444,0.449427105554,1.89758111234,1.40536085406,1.65788665604,1.40536085406,0.853626592835
C[C>T]T,2.94116089204,4.53228071888,2.82062151122,1.08485442739,4.58049647121,2.41641917884,4.00190744327,2.41641917884,1.46775090863
G[C>T]A,1.73484053028,2.67336081715,1.66374050855,0.639900195595,2.70180082585,2.06322754035,2.36052072153,2.06322754035,1.25321969118
G[C>T]C,2.87741474118,4.43404894543,2.75948790753,1.06134150289,4.48121967889,3.5536415864,3.91517087735,3.5536415864,2.15850822285
G[C>T]G,0.990286068506,1.52601459737,0.949700573895,0.365269451498,1.54224879521,3.48265889584,1.34743842108,3.48265889584,2.11539281081
G[C>T]T,1.95857685828,3.0181348308,1.87830731491,0.722425890351,3.05024264815,2.78763050175,2.66494883996,2.78763050175,1.69322741588
T[C>T]A,2.36363178566,3.64231783364,2.26676163051,0.87183139635,3.6810658957,11.0274192186,3.21608915098,11.0274192186,6.69813611794
T[C>T]C,1.54546901247,2.38154241266,1.48213011852,0.570050045583,2.40687797024,3.50101713772,2.10285127926,3.50101713772,2.12654374291
T[C>T]G,1.1066885226,1.70538887088,1.0613324356,0.408204782924,1.72353130568,3.64203408812,1.50582208812,3.64203408812,2.21219848316
T[C>T]T,1.98032456415,3.05164768902,1.89916372136,0.730447585139,3.08411202614,6.84941607517,2.69453998073,6.84941607517,4.16038606047
A[T>A]A,5.78847866794,8.91995073421,5.55124593565,2.13509459063,9.01484382712,2.34525096453,7.87612671212,2.34525096453,1.42452280809
A[T>A]C,0.50360579363,0.776048272151,0.482966211924,0.185756235355,0.784304104834,0.790906200897,0.685234112644,0.790906200897,0.48040228499
A[T>A]G,0.904629135134,1.39401866726,0.867554170579,0.333674680992,1.40884865308,1.71578391119,1.23088882321,1.71578391119,1.04217985717
A[T>A]T,0.633548568824,0.976287958516,0.607583463544,0.233685947517,0.986674000628,0.874865936273,0.862041495285,0.874865936273,0.531400050181
C[T>A]A,12.7230206809,19.6059662952,12.2015854071,4.69291746427,19.8145404047,4.13209823326,17.3116510904,4.13209823326,2.50986707502
C[T>A]C,1.00189545016,1.54390446418,0.96083416122,0.369551600469,1.56032897976,1.7445710173,1.36323479284,1.7445710173,1.05966535866
C[T>A]G,2.40696741192,3.70909732329,2.30832120652,0.887815848661,3.74855580546,5.35256050494,3.2750540195,5.35256050494,3.2511848993
C[T>A]T,1.19875339203,1.84725932543,1.14962415466,0.442163136406,1.86691102038,2.15841490254,1.63109068097,2.15841490254,1.31103720006
G[T>A]A,4.54699755446,7.00684869048,4.36064519567,1.67717122911,7.081389634,2.20665074143,6.18689831181,2.20665074143,1.3403360059
G[T>A]C,0.387497147024,0.597126751151,0.371616116408,0.142929275542,0.603479163398,0.509204887187,0.527250216442,0.509204887187,0.309294820365
G[T>A]G,0.878036938249,1.35304052779,0.842051817829,0.32386608378,1.36743457596,1.62244484827,1.19470599794,1.62244484827,0.985485018949
G[T>A]T,0.435987615399,0.671849767991,0.418119270505,0.16081510404,0.678997105949,0.686154040964,0.59322905046,0.686154040964,0.416775047104
T[T>A]A,2.49551336102,3.84554517927,2.39323822327,0.920476239719,3.88645523437,1.6701604075,3.39553457319,1.6701604075,1.01446780307
T[T>A]C,0.491934253164,0.75806261963,0.471773013281,0.181451158954,0.766127115584,0.92717122445,0.669353164142,0.92717122445,0.563170669666
T[T>A]G,0.690456188941,1.0639816682,0.662158804149,0.254676463134,1.07530062212,1.74094733664,0.939473175117,1.74094733664,1.05746430818
T[T>A]T,0.697654923611,1.07507480032,0.669062508709,0.257331734119,1.08651176628,1.02617507682,0.949268174749,1.02617507682,0.623306342959
A[T>C]A,1.66950940452,2.57268662335,1.60108688794,0.615802649207,2.60005562998,2.22922590943,2.27162755041,2.22922590943,1.35404833017
A[T>C]C,0.533501375941,0.822116874401,0.511636565452,0.196783294404,0.830862798597,0.998601399026,0.725911708248,0.998601399026,0.606557886816
A[T>C]G,1.2560913532,1.93561618361,1.20461219938,0.463312384376,1.95620784514,1.59704708114,1.70910790681,1.59704708114,0.970058227064
A[T>C]T,1.12922796083,1.74012177571,1.08294812637,0.416518510142,1.75863370949,1.40230543244,1.53649050408,1.40230543244,0.85177070711
C[T>C]A,0.714190222574,1.10055542495,0.684920131485,0.263430819802,1.11226346139,0.954688678908,0.971767024158,0.954688678908,0.579884975337
C[T>C]C,0.721706514586,1.11213790772,0.692128378743,0.266203222593,1.12396916206,1.27640482045,0.981994110011,1.27640482045,0.775297742794
C[T>C]G,1.09761682982,1.69140954104,1.05263253352,0.404858666738,1.70940325956,1.37165406472,1.4934786373,1.37165406472,0.83315283931
C[T>C]T,0.868979025589,1.33908243288,0.833365131098,0.320525050422,1.35332799067,1.71160565196,1.18238129711,1.71160565196,1.03964195156
G[T>C]A,0.970247496868,1.49513548698,0.930483255193,0.357878175074,1.51104118365,2.00257208326,1.32017282361,2.00257208326,1.21637711724
G[T>C]C,0.474857031707,0.731746901319,0.455395677948,0.175152183826,0.739531442822,1.57757797781,0.646116944781,1.57757797781,0.958232549484
G[T>C]G,0.693554550982,1.06875619332,0.665130184138,0.255819301592,1.08012594005,1.50600020918,0.943688979205,1.50600020918,0.91475568261
G[T>C]T,0.756307157777,1.16545693166,0.725310962786,0.278965754918,1.17785540965,1.63419777296,1.0290736737,1.63419777296,0.992623832468
T[T>C]A,0.639896783708,0.986070453583,0.613671505688,0.236027502188,0.996560564792,1.37515934876,0.870679230292,1.37515934876,0.835281974801
T[T>C]C,0.615901511485,0.949094132452,0.59065964626,0.227176787023,0.959190878542,1.19271408989,0.838029925463,1.19271408989,0.724463373121
T[T>C]G,0.533218948109,0.821681657741,0.511365712531,0.196679120204,0.830422951973,0.92703775062,0.725527421197,0.92703775062,0.563089596673
T[T>C]T,0.572554382265,0.882296916933,0.54908903873,0.211188091819,0.891683054347,1.19617587757,0.779049405377,1.19617587757,0.726566088597
A[T>G]A,0.153251072287,0.236157390081,0.146970290636,0.0565270348599,0.238669702742,0.286151432707,0.208521950817,0.286151432707,0.173810499866
A[T>G]C,0.122276513787,0.188426103213,0.117265181255,0.0451019927904,0.190430636226,0.189854257403,0.166376240071,0.189854257403,0.115318882274
A[T>G]G,0.226903889392,0.349655173817,0.217604549663,0.0836940575625,0.353374909708,0.306728557093,0.308738079008,0.306728557093,0.186309197641
A[T>G]T,0.170694944406,0.263038111053,0.163699249964,0.062961249986,0.26583638883,0.604253242433,0.232257055504,0.604253242433,0.367027895404
C[T>G]A,0.042707320539,0.0658112808306,0.0409570205169,0.0157527001988,0.0665114008394,0.143062832259,0.0581099607334,0.143062832259,0.0868974240387
C[T>G]C,0.209683751969,0.323119224346,0.201090155577,0.0773423675297,0.326556662903,0.419507021017,0.285307400221,0.419507021017,0.254811672025
C[T>G]G,0.415665016624,0.640532976437,0.398629565123,0.153319063509,0.647347157038,0.566313370711,0.565576989833,0.566313370711,0.343982936284
C[T>G]T,0.442367998599,0.681681833906,0.424238162591,0.163168524073,0.68893376831,2.53666458198,0.601910555471,2.53666458198,1.5407888572
G[T>G]A,0.0241181726466,0.0371657086685,0.0231297229479,0.00889604728767,0.0375610885479,0.107671068032,0.0328165299945,0.107671068032,0.0654002042858
G[T>G]C,0.0469593785957,0.07236363259,0.0450348138991,0.0173210822689,0.0731334584686,0.167294670653,0.0638955479252,0.167294670653,0.101616022175
G[T>G]G,0.390775061705,0.602177963939,0.374759690324,0.144138342432,0.608584112492,0.404117326883,0.531710329861,0.404117326883,0.245463857811
G[T>G]T,0.22223807752,0.342465234212,0.213129959589,0.0819730613805,0.346108481384,0.912283206754,0.302389515315,0.912283206754,0.554127577436
T[T>G]A,0.168331539202,0.259396142376,0.161432705628,0.0620895021645,0.262155675806,0.395700999248,0.229041274651,0.395700999248,0.240351718062
T[T>G]C,0.174122018395,0.268319175887,0.1669858701,0.0642253346538,0.271173635205,0.332690393157,0.236920123389,0.332690393157,0.202078609177
T[T>G]G,0.351230581531,0.541240568261,0.336835885567,0.129552263679,0.546998446647,0.372711176441,0.477903906017,0.372711176441,0.226387529394
T[T>G]T,0.47703949009,0.73511003391,0.457488691316,0.175957188968,0.742930353419,1.45095673711,0.649086519303,1.45095673711,0.881321869946
