,1,3,2,5,4,7,6,9,8
A[C>A]A,0.267584094709,0.557780929817,0.693457372204,0.697226162271,0.0829133814592,0.373110216566,0.652000681475,0.293965625174,0.527630609286
A[C>A]C,0.220664779472,0.459977286787,0.571863653844,0.574971608484,0.06837500209,0.307687509405,0.537676152799,0.242420461956,0.435113649664
A[C>A]G,0.0872546501875,0.181882932785,0.226124727246,0.227353665981,0.0270366521708,0.121664934768,0.212606401161,0.0958572213327,0.172051422905
A[C>A]T,0.298191469787,0.621582218711,0.772777893533,0.776977773389,0.0923973568354,0.41578810576,0.726579215115,0.32759062878,0.587983179862
C[C>A]A,0.432631917848,0.901824279457,1.12118694203,1.12728034932,0.13405496046,0.603247322069,1.0541594618,0.475285768903,0.853077021108
C[C>A]C,0.325647346718,0.678814187524,0.843931152057,0.848517734405,0.100904811659,0.454071652465,0.793478746228,0.357753423155,0.642121528739
C[C>A]G,0.117253009801,0.244414724655,0.303866954977,0.305518405819,0.0363319185298,0.163493633384,0.285700995712,0.128813165697,0.231203117917
C[C>A]T,0.603934212321,1.25890511864,1.56512528263,1.5736313983,0.187134544663,0.842105450983,1.4715580103,0.663477021986,1.19085619331
G[C>A]A,0.346684763291,0.722666830523,0.898450654164,0.903333538154,0.10742344778,0.483405515012,0.844738930274,0.380864951222,0.683603758603
G[C>A]C,0.514655451607,1.07280291321,1.33375497318,1.34100364151,0.159470703315,0.717618164916,1.25401962152,0.565396129934,1.01481356655
G[C>A]G,0.179778258603,0.374749046102,0.465904219478,0.468436307627,0.0557059392854,0.250676726784,0.438051249835,0.197502875648,0.354492340907
G[C>A]T,0.512630029563,1.06858090669,1.32850599211,1.33572613337,0.158843107752,0.714793984884,1.24908443823,0.563171018393,1.0108197766
T[C>A]A,0.411623487353,0.858032058144,1.06674255877,1.07254007268,0.12754530594,0.573953876732,1.0029699058,0.452206084698,0.811651946893
T[C>A]C,0.504408053066,1.05144213878,1.30719833471,1.31430267348,0.156295453063,0.703329538782,1.22905060817,0.554138424495,0.99460742858
T[C>A]G,0.0901627882463,0.187944967049,0.233661310385,0.234931208811,0.0279377653721,0.125719944174,0.219692427699,0.0990520772283,0.177785779641
T[C>A]T,0.572599858249,1.19358843691,1.48392075941,1.49198554614,0.17742530819,0.798413886855,1.39520810531,0.629053365401,1.12907014303
A[C>G]A,0.108019847773,0.225168133385,0.279938760425,0.281460166731,0.0334709387464,0.150619224359,0.263203291051,0.118669691919,0.212996882932
A[C>G]C,0.0663140785372,0.138232163711,0.171856203533,0.172790204639,0.0205480243355,0.0924661095096,0.161582191365,0.0728520862803,0.130760154862
A[C>G]G,0.00329006446422,0.00685816254514,0.00852636424531,0.00857270318143,0.00101945659455,0.00458755467547,0.00801663594804,0.00361443701703,0.00648745105622
A[C>G]T,0.0881058123824,0.183657186375,0.228330556033,0.229571482968,0.0273003925692,0.122851766561,0.214680359749,0.0967923009272,0.173729770895
C[C>G]A,0.0812200898613,0.169303849288,0.210485866683,0.211629811611,0.0251667884077,0.113250547835,0.197902472479,0.0892277043547,0.160152289867
C[C>G]C,0.0965141330371,0.201184389993,0.250121133505,0.251480487491,0.0299057877016,0.134576044657,0.235168239654,0.106029610942,0.190309558101
C[C>G]G,0.0201122305049,0.0419240861228,0.0521218368014,0.0524051076536,0.00623195874799,0.028043814366,0.0490058574274,0.0220951264701,0.0396579193054
C[C>G]T,0.0757276137325,0.157854744118,0.196251844039,0.197318430148,0.023464894396,0.105592024782,0.184519396841,0.0831937164949,0.149322055247
G[C>G]A,0.041873962074,0.0872865688304,0.108518436924,0.109108211038,0.0129750305018,0.0583876372581,0.102030921673,0.0460023808701,0.0825683759206
G[C>G]C,0.0527021967029,0.109858100169,0.136580340751,0.137322625212,0.0163302581333,0.0734861615999,0.128415211685,0.0578981879272,0.103919824485
G[C>G]G,0.0201193119692,0.041938847485,0.0521401887652,0.0524235593563,0.00623415300453,0.0280536885204,0.0490231122629,0.022102906107,0.0396718827561
G[C>G]T,0.0410440391885,0.0855565887309,0.106367650855,0.106945735914,0.0127178712978,0.0572304208402,0.100008715206,0.0450906346014,0.0809319082589
T[C>G]A,0.468709627252,0.977028518778,1.21468410443,1.22128564847,0.145233969008,0.653552860534,1.14206711992,0.514920435572,0.924216166412
T[C>G]C,0.0873036391073,0.181985050533,0.226251684447,0.227481313167,0.0270518318361,0.121733243262,0.212725768529,0.095911040146,0.172148020775
T[C>G]G,0.0291082002988,0.0606762485102,0.0754353359857,0.0758453106378,0.00901944234611,0.0405874905575,0.0709256148126,0.0319780228635,0.0573964512934
T[C>G]T,0.827525976717,1.72498372611,2.1445743622,2.15622965764,0.256416499828,1.15387424923,2.01636611228,0.909113044844,1.63174136254
A[C>T]A,0.869244500997,1.81194628377,2.25268997441,2.26493285471,0.269343366506,1.21204514928,2.11801829116,0.954944663067,1.7140032414
A[C>T]C,2.31027804467,4.81579085369,5.98719943972,6.01973856711,0.715860802575,3.22137361159,5.62926903843,2.5380519364,4.55547783457
A[C>T]G,0.593603354415,1.23737037258,1.5383523551,1.54671296573,0.183933433762,0.82770045193,1.44638563822,0.652127628794,1.17048548758
A[C>T]T,1.39022103269,2.89792553292,3.60282633823,3.62240691615,0.430772714353,1.93847721459,3.38743998105,1.52728507816,2.74128090952
C[C>T]A,1.75480134164,3.65789575441,4.54765418116,4.57236969301,0.543741260791,2.44683567356,4.27578355076,1.92780992462,3.46017165958
C[C>T]C,3.98739082403,8.31174425291,10.333519882,10.3896803161,1.23552955111,5.55988297999,9.71575510644,4.38051386302,7.86246077978
C[C>T]G,0.727035540963,1.51551070511,1.88414844419,1.89438838138,0.225278618327,1.01375378247,1.77150913502,0.79871510134,1.43359120753
C[C>T]T,2.99519026483,6.24349519992,7.76218322152,7.8043689999,0.928087124312,4.17639205941,7.29813965937,3.29049071347,5.9060089729
G[C>T]A,1.15254156387,2.40248100637,2.98686827819,3.00310125796,0.357125555001,1.6070649975,2.80830550069,1.26617242228,2.27261716819
G[C>T]C,2.72589575293,5.68214889343,7.06429321886,7.10268611679,0.844643754429,3.80089689493,6.64197134165,2.99464603843,5.37500571
G[C>T]G,0.701021691351,1.46128465239,1.81673227054,1.82660581549,0.217217988869,0.977480949912,1.70812327611,0.770136505991,1.3822962928
G[C>T]T,1.89367540794,3.9473797236,4.90755316988,4.9342246545,0.586772661616,2.64047697727,4.61416683907,2.08037580028,3.73400784665
T[C>T]A,6.20349444911,12.9312278658,16.0766616709,16.1640348322,1.92220954761,8.64994296426,15.1155568971,6.8151065779,12.2322425757
T[C>T]C,5.60339911118,11.6803249078,14.5214850205,14.6004061348,1.73626451332,7.81319030995,13.6533527639,6.15584691087,11.0489559939
T[C>T]G,1.45043443158,3.02344078696,3.75887232974,3.7793009837,0.449430387251,2.02243674263,3.53415713611,1.59343500935,2.86001155524
T[C>T]T,4.84428260698,10.0979412089,12.5541971787,12.6224265112,1.50104531484,6.75470391678,11.8036745212,5.32188793443,9.55210654898
A[T>A]A,0.247763603293,0.516464975878,0.642091591632,0.645581219847,0.0767718207386,0.345473193324,0.603705681263,0.272191000801,0.488547950155
A[T>A]C,0.135343591672,0.282124669964,0.350749589686,0.352655837456,0.0419374509407,0.188718529233,0.329780864215,0.148687326062,0.266874687804
A[T>A]G,0.132514520696,0.276227451591,0.343417912789,0.345284314489,0.0410608373987,0.184773768294,0.32288749409,0.145579332595,0.261296237992
A[T>A]T,0.202815762886,0.422770886015,0.525607047478,0.528463607519,0.0628443208942,0.282799444024,0.494184887031,0.22281168317,0.39991840569
C[T>A]A,0.477228571681,0.994786318434,1.23676136886,1.24348289804,0.147873641929,0.665431388682,1.1628245479,0.524279275931,0.941014085005
C[T>A]C,0.47065179998,0.981076991508,1.21971734079,1.22634623938,0.145835769008,0.656260960536,1.14679945629,0.517054090119,0.928045802778
C[T>A]G,0.240904056975,0.502166203272,0.624314739203,0.62770775409,0.0746463275134,0.335908473811,0.586991575447,0.264655161184,0.475022084176
C[T>A]T,0.388850144593,0.810560864786,1.00772431838,1.01320108098,0.120488777198,0.54219949739,0.947479929783,0.427187482792,0.766746763986
G[T>A]A,0.174618127045,0.363992715531,0.452531484174,0.454990894414,0.0541070252816,0.243481613767,0.425477971533,0.191833998726,0.34431743361
G[T>A]C,0.121284762545,0.252818941643,0.314315440962,0.316023677054,0.037581194028,0.169115373126,0.295524843948,0.13324241519,0.239153052906
G[T>A]G,0.0847650460719,0.176693335474,0.219672795454,0.220866669342,0.0262652255434,0.118193514945,0.206540182682,0.0931221632902,0.167142344367
G[T>A]T,0.11197768403,0.233418270936,0.29019568819,0.291772838669,0.0346973105445,0.15613789745,0.272847032918,0.123017737385,0.220801067101
T[T>A]A,0.139865088962,0.291549762907,0.362467272804,0.364437203634,0.04333847827,0.195023152215,0.340798033669,0.153654604776,0.275790316264
T[T>A]C,0.305138361397,0.636063063193,0.790781105591,0.795078828991,0.0945499147989,0.425474616595,0.743506148191,0.335222425196,0.601681275993
T[T>A]G,0.141065160782,0.294051321066,0.365577318082,0.367564151332,0.0437103315098,0.196696491794,0.343722152327,0.154972993535,0.278156655062
T[T>A]T,0.43020448213,0.896764272608,1.1148961227,1.12095534076,0.13330279728,0.599862587758,1.04824472406,0.472619008537,0.848290528143
A[T>C]A,0.435072366711,0.9069114123,1.12751148556,1.13363926537,0.134811155882,0.606650201471,1.06010590762,0.477966825401,0.857889173797
A[T>C]C,0.381587659502,0.795422163469,0.988903230259,0.994277704337,0.118238429705,0.532072933672,0.929784015407,0.419208978045,0.752426370849
A[T>C]G,0.452231194977,0.942679110655,1.17197943487,1.17834888832,0.140127975908,0.630575891587,1.10191544691,0.496817369129,0.891723483052
A[T>C]T,0.326394316442,0.680371251175,0.84586696092,0.850464063968,0.101136267067,0.455113201799,0.795298827387,0.358574037781,0.643594426787
C[T>C]A,0.556023546114,1.15903499753,1.44096242937,1.44879374692,0.17228898612,0.775300437539,1.35481793631,0.61084276897,1.09638445713
C[T>C]C,1.07858884972,2.24832605294,2.79521617392,2.81040756617,0.33421062949,1.50394783271,2.62811085917,1.18492859547,2.12679491494
C[T>C]G,0.919597600484,1.91690767425,2.38318251393,2.39613459281,0.284945735361,1.28225580913,2.24070964625,1.01026215264,1.81329104321
C[T>C]T,0.671385758043,1.39950834071,1.73992928845,1.74938542589,0.208035023619,0.936157606286,1.63591177664,0.737578720104,1.32385924121
G[T>C]A,0.423536803419,0.88286544938,1.09761650463,1.10358181172,0.131236755989,0.59056540195,1.03199812664,0.465293953051,0.835142992656
G[T>C]C,0.389617190206,0.812159776767,1.0097121549,1.01519972096,0.120726453303,0.543269039864,0.949348928247,0.42803015262,0.768259248293
G[T>C]G,0.434109506338,0.904904323071,1.12501618544,1.13113040384,0.134512804781,0.605307621513,1.05775978305,0.476909035132,0.855990575878
G[T>C]T,0.422338899078,0.880368409345,1.09451207648,1.10046051168,0.130865574362,0.58889508463,1.0290792893,0.463977945466,0.832780927759
T[T>C]A,0.470693047742,0.981162972759,1.2198242364,1.22645371595,0.145848550005,0.656318475021,1.1468999614,0.517099404562,0.928127136393
T[T>C]C,0.732058488547,1.52598107472,1.89716566046,1.9074763434,0.22683502462,1.02075761079,1.78374814815,0.804233269108,1.44349561122
T[T>C]G,0.48185134113,1.0044225139,1.24874150377,1.25552814238,0.149306049364,0.671877222139,1.17408847909,0.529357811382,0.950129405045
T[T>C]T,0.545777051553,1.13767610746,1.4144081336,1.42209513433,0.169114015974,0.761013071884,1.32985112561,0.599586056635,1.07618010165
A[T>G]A,0.1153364692,0.240419682277,0.298900145533,0.300524602846,0.035738060879,0.160821273955,0.281031115094,0.126707670389,0.227424023775
A[T>G]C,0.294156483284,0.613171260929,0.762321027101,0.766464076161,0.0911470793273,0.410161856973,0.716747487437,0.323157826706,0.580026868446
A[T>G]G,0.149592265477,0.311826130854,0.387675730251,0.389782663567,0.0463525329648,0.208586398341,0.364499463768,0.164340798693,0.294970664321
A[T>G]T,1.47052159153,3.06531261333,3.81092919495,3.83164076666,0.455654577657,2.05044559946,3.58310190612,1.61550259351,2.89962003963
C[T>G]A,0.158701880658,0.33081518785,0.411283747057,0.413518984813,0.0491752306264,0.221288537819,0.386696131744,0.174348544948,0.312933285804
C[T>G]C,0.636381884718,1.32654252026,1.64921502518,1.65817815032,0.197188753011,0.887349388551,1.55062064868,0.699123760676,1.25483751916
C[T>G]G,0.389792157228,0.812524496756,1.01016559056,1.01565562095,0.120780668437,0.543513007965,0.949775256344,0.428222369912,0.768604253689
C[T>G]T,2.76327561102,5.76006747086,7.16116496377,7.20008433858,0.856226245669,3.85301810551,6.73305184094,3.03571123464,5.44871247244
G[T>G]A,0.00259024492602,0.00539938378945,0.00671274741391,0.00674922973681,0.000802611103837,0.00361174996727,0.00631144186199,0.00284562118633,0.00510752520623
G[T>G]C,0.0422829639554,0.0881391361323,0.109578385462,0.110173920165,0.0131017634791,0.0589579356561,0.103027503722,0.0464517068806,0.0833748585036
G[T>G]G,0.152048749985,0.316946690109,0.394041830947,0.396183362637,0.0471136971784,0.212011637303,0.370484982357,0.167039471814,0.29981443659
G[T>G]T,0.744660117429,1.55224925887,1.92982340291,1.94031157358,0.230739754696,1.03832889613,1.81445352557,0.818077312105,1.46834389352
T[T>G]A,0.166915666849,0.347936883009,0.432570178876,0.434921103761,0.0517203474743,0.232741563634,0.406710005139,0.183372141045,0.329129483927
T[T>G]C,0.526179322715,1.09682450369,1.36361965323,1.37103062961,0.163041480278,0.73368666125,1.28209891309,0.578056157348,1.03753669268
T[T>G]G,0.248457947812,0.517912341917,0.643891019681,0.647390427397,0.0769869697445,0.34644136385,0.605397534809,0.272953801821,0.489917080192
T[T>G]T,3.81734734488,7.95728742313,9.89284382335,9.94660927891,1.18284002236,5.32278010061,9.30142381217,4.19370553381,7.52716377864
