,1,3,2,5,4,7,6,9,8
A[C>A]A,2.42727204663,1.57903181528,1.18753632389,0.574193387374,1.6740095713,0.535043838235,2.41422219691,2.28372369978,1.73563001183
A[C>A]C,2.00151760376,1.30206252718,0.979237107218,0.473477282611,1.14047840324,0.441194740615,1.99075675643,1.88314828311,1.43119269516
A[C>A]G,0.684587634319,0.445350020175,0.334932659801,0.161945461882,0.454255915793,0.150903725844,0.680907055639,0.644101268848,0.489516964325
A[C>A]T,1.2113602091,0.788035404843,0.592654725956,0.286558329034,0.896502127369,0.267020261145,1.2048475198,1.13972062684,0.866187676398
C[C>A]A,2.53158557108,1.64689168871,1.23857143531,0.598869704986,2.337031148,0.558037679646,2.51797489596,2.38186814483,1.81021979007
C[C>A]C,2.447244019,1.59202433494,1.19730755768,0.578917939979,1.98566877303,0.539446262253,2.43408679309,2.30251453401,1.74991104585
C[C>A]G,0.887214869827,0.57716666263,0.434067490077,0.209878786411,0.611504990994,0.195568869155,0.882444897409,0.834745173224,0.634406331651
C[C>A]T,4.58290673511,2.98135330617,2.24217480051,1.08412847497,2.44880473371,1.01021062441,4.55826745158,4.31187461636,3.27702470844
G[C>A]A,2.71011225262,1.7630300138,1.32591513435,0.6411018232,2.61041776602,0.597390335255,2.69554175664,2.54983679682,1.93787596558
G[C>A]C,2.74368613939,1.78487109068,1.3423410682,0.649044032975,1.59859337024,0.604791030726,2.72893513864,2.58142513115,1.96188309967
G[C>A]G,0.811597764062,0.527974889524,0.397072024353,0.191990868918,0.606861439152,0.178900582401,0.807234335223,0.763600046832,0.580336035592
G[C>A]T,2.57702923384,1.67645450159,1.26080462516,0.609619818758,1.83616873443,0.568054831116,2.56317423796,2.42462427915,1.84271445216
T[C>A]A,1.6504131195,1.07365584655,0.80746018212,0.390420307838,1.62678237556,0.363800741395,1.64153993068,1.55280804254,1.18013411233
T[C>A]C,1.92633254395,1.25315181622,0.942453018814,0.455691569536,1.6971182399,0.424621689795,1.91597591737,1.81240965156,1.37743133519
T[C>A]G,0.57647678645,0.375019844948,0.282039718102,0.136370852708,0.466388974826,0.127072840024,0.573377448888,0.542384073272,0.412211895687
T[C>A]T,2.44177185047,1.58846448337,1.19463031394,0.577623448498,2.36912018648,0.538240031555,2.42864404482,2.29736598834,1.74599815114
A[C>G]A,0.481731226912,0.313384292776,0.23568570779,0.113957924646,0.317155354616,0.106188066147,0.479141274079,0.45324174575,0.34446372677
A[C>G]C,0.305852847641,0.198968787982,0.149637683523,0.0723522865388,0.183569251518,0.0674191760929,0.304208477493,0.287764776006,0.218701229765
A[C>G]G,0.132901705152,0.0864575608787,0.0650218019832,0.0314391130468,0.159077016969,0.0292955371573,0.132187179856,0.125041926891,0.0950318644369
A[C>G]T,0.358825948653,0.233429783801,0.175554630793,0.084883557746,0.263455669373,0.0790960424451,0.356896776886,0.337605059217,0.256579845005
C[C>G]A,0.276408848563,0.179814358474,0.135232286125,0.065387039445,0.248104922276,0.0609288322101,0.274922779485,0.260062088702,0.197647187413
C[C>G]C,0.237292788456,0.154367889264,0.116094858868,0.0561337779142,0.262793034468,0.0523064748746,0.236017020776,0.223259343977,0.169677101423
C[C>G]G,0.201650940518,0.131181525821,0.0986571805758,0.0477023730257,0.236164257827,0.0444499385012,0.200566795676,0.189725347261,0.144191263919
C[C>G]T,0.235563193033,0.153242722349,0.115248658957,0.0557246263089,0.289253818229,0.0519252199696,0.234296724253,0.221632036456,0.168440347706
G[C>G]A,0.287976476384,0.187339535712,0.140891716941,0.0681234675317,0.276655925794,0.0634786856545,0.286428215758,0.270945609501,0.205918663221
G[C>G]C,0.419720183806,0.273043775487,0.205346971647,0.0992886456315,0.341541631193,0.0925189652476,0.417463623678,0.394898022398,0.300122497023
G[C>G]G,0.0972083826425,0.0632377112889,0.047558939895,0.0229955313778,0.137739358727,0.0214276542384,0.0966857569293,0.091459499798,0.0695092198465
G[C>G]T,0.309828996465,0.201555422432,0.151583003647,0.0732928808843,0.216644327475,0.0682956390058,0.308163249172,0.291505776244,0.221544389946
T[C>G]A,0.719815015949,0.468266757687,0.352167561566,0.170278820977,0.11425980766,0.158668901365,0.715945042745,0.677245310705,0.514706436135
T[C>G]C,0.286610259423,0.186450760162,0.140223298965,0.0678002764226,0.313587110707,0.0631775303029,0.285069344049,0.269660190317,0.204941744641
T[C>G]G,0.115705286768,0.0752706435425,0.0566085005154,0.0273711431064,0.113246300695,0.0255049288036,0.115083215334,0.108862500991,0.0827355007533
T[C>G]T,1.30987341832,0.85212195493,0.640852048749,0.309862529066,0.24076826864,0.288735538448,1.30283108812,1.23240778606,0.936629917403
A[C>T]A,2.88073273065,1.87402505596,1.40939074456,0.681463656712,2.34910974266,0.635000225573,2.86524492027,2.71036681647,2.05987878052
A[C>T]C,2.99643933325,1.9492965555,1.46599988885,0.708835111092,1.94871496476,0.660505444426,2.98032944436,2.81923055548,2.14261522216
A[C>T]G,5.12483130787,3.33389563577,2.50730994095,1.21232568573,2.93505220418,1.12966711625,5.09727845138,4.82174988644,3.66452991369
A[C>T]T,1.58919820026,1.0338332378,0.777510947437,0.3759393592,1.16257705557,0.350307130164,1.58065412391,1.49521336046,1.13636215395
C[C>T]A,5.67910195522,3.69446955152,2.77848536519,1.34344347328,3.02412702432,1.25184505465,5.64856914901,5.3432410869,4.06086322605
C[C>T]C,6.54277979152,4.25632448803,3.20103742488,1.54775435928,3.37887995656,1.44222565297,6.50760355608,6.1558412017,4.67843931329
C[C>T]G,4.95734856369,3.22494180756,2.42536945858,1.17270611184,2.88399000302,1.09274887694,4.93069615206,4.66417203573,3.54477074716
C[C>T]T,5.03578824053,3.27596976938,2.46374585961,1.19126173432,2.93566765177,1.11003934334,5.0087141102,4.73797280695,3.60085933328
G[C>T]A,3.7365831987,2.43078799486,1.82811328539,0.88392290722,2.71729871527,0.823655436274,3.71649404172,3.5156024719,2.67185787864
G[C>T]C,5.33028668603,3.46755209145,2.60782843241,1.26092803325,3.56636102041,1.17495566735,5.30162923073,5.01505467772,3.81144155506
G[C>T]G,3.66146319808,2.38191960735,1.79136102702,0.866152584492,3.24943224267,0.807096726458,3.64177791207,3.44492505196,2.61814303949
G[C>T]T,3.71660111506,2.41778889743,1.81833710468,0.879195962703,2.48557094751,0.819250783428,3.69661938864,3.49680212439,2.65756961454
T[C>T]A,13.9611369811,9.08224502532,6.83044873805,3.30263455466,2.79824002108,3.07745492594,13.8860771048,13.1354783424,9.98296354023
T[C>T]C,15.4645894502,10.060297438,7.56600881701,3.65828997746,3.66640431158,3.40886111536,15.3814464961,14.5500169558,11.0580128864
T[C>T]G,7.44779356393,4.84507000664,3.6438129802,1.76184363878,1.86128500028,1.64171793613,7.40775166305,7.00733265423,5.32557281722
T[C>T]T,8.88770064091,5.78178375027,4.3482836469,2.10246681828,1.89847283338,1.95911680794,8.83991730413,8.36208393634,6.35518379162
A[T>A]A,1.34559877397,0.875362643282,0.658330582964,0.318313688466,2.89751897381,0.296610482434,1.33836437196,1.26602035185,0.962175467409
A[T>A]C,0.987446721276,0.642371254163,0.483105653957,0.233589546968,0.72166917411,0.217662986948,0.982137867935,0.929049334533,0.706077494245
A[T>A]G,0.949559126024,0.617723947575,0.464569249829,0.224626890027,2.68289468017,0.209311420253,0.944453969432,0.893402403517,0.678985826673
A[T>A]T,1.04477880418,0.679667931752,0.5111552214,0.247151975182,0.950487817934,0.230300704147,1.03916171384,0.982990810385,0.747073015892
C[T>A]A,2.06695566374,1.34463244792,1.01125250215,0.488957253789,5.35268604545,0.455619259213,2.05584299889,1.9447163503,1.47798442623
C[T>A]C,0.907892192356,0.590618039113,0.44418381454,0.214770196041,2.2813032233,0.200126773584,0.903011051537,0.854199643346,0.649191728943
C[T>A]G,2.1366543682,1.38997407824,1.04535240595,0.505445119359,7.99160015068,0.47098295213,2.12516697912,2.01029308836,1.52782274715
C[T>A]T,0.852956864522,0.554880540899,0.417306853073,0.201774742145,2.43014957221,0.188017373362,0.848371074928,0.802513178986,0.609910016029
G[T>A]A,1.01606486736,0.660988435216,0.497107004997,0.240359430988,2.75427127787,0.223971287966,1.01060215302,0.95597500961,0.726541007304
G[T>A]C,0.570513997637,0.37114082642,0.279122439704,0.134960300516,0.55882056691,0.125758461845,0.56744671808,0.536773922508,0.407948181106
G[T>A]G,0.726088977684,0.472348205913,0.35523708048,0.171762983968,2.05345050374,0.160051871425,0.722185273503,0.683148231692,0.519192656086
G[T>A]T,0.459561285616,0.29896191161,0.224839123608,0.108713422404,0.682801393948,0.101301143603,0.457090526016,0.432382930015,0.328611026811
T[T>A]A,0.900942618699,0.586097079906,0.44078375431,0.213126210875,2.03724084255,0.198594878315,0.896098841179,0.84766106598,0.644222410145
T[T>A]C,0.587755679213,0.382357189165,0.287557886067,0.139038977878,1.16936058902,0.129559047568,0.584595702443,0.552995934743,0.420276910405
T[T>A]G,0.752937713436,0.489814318956,0.368372752273,0.178114297802,2.62082621492,0.165970141134,0.748889661214,0.708409138986,0.538390945629
T[T>A]T,0.619075175561,0.402731700231,0.302880865463,0.146447890993,1.06553496457,0.136462807516,0.615746814402,0.582463202813,0.442672034138
A[T>C]A,1.90896457534,1.24185329901,0.933955786858,0.451583017821,1.13838381914,0.420793266606,1.89870132493,1.79606882088,1.36501230387
A[T>C]C,1.33432891176,0.868031173779,0.652816833173,0.315647699556,0.46310004991,0.294126265495,1.32715510041,1.25541698687,0.954116910021
A[T>C]G,2.83881321388,1.84675483269,1.38888173367,0.671547211886,1.11000166611,0.625759901984,2.82355077725,2.67092641091,2.02990407229
A[T>C]T,1.21315773093,0.789204760442,0.59353415868,0.286983549252,0.497453696364,0.267416489076,1.20663537754,1.14141184362,0.867473001147
C[T>C]A,1.09209169481,0.7104467477,0.534302925956,0.258344271891,0.486554288704,0.240729889716,1.08622023409,1.02750562684,0.780904276397
C[T>C]C,1.00402889177,0.653158580131,0.491218436297,0.237512210957,0.391312698586,0.221318196573,0.998630886977,0.944650839032,0.717934637664
C[T>C]G,2.93511170762,1.909400627,1.43599551287,0.694327500728,0.918462176249,0.646986989314,2.91933153715,2.76152983244,2.09876267265
C[T>C]T,1.2464976764,0.810893649702,0.609845637379,0.294870418074,0.401400452093,0.274765616841,1.23979607599,1.17278007188,0.891312854631
G[T>C]A,3.2444749289,2.11065304515,1.58735063726,0.767510198235,0.831507837856,0.715179957447,3.22703151531,3.05259737935,2.3199740083
G[T>C]C,2.00057203932,1.30144740192,0.978774492354,0.473253600699,0.478113061904,0.440986309742,1.98981627567,1.88225863914,1.43051656575
G[T>C]G,2.83047852304,1.84133280262,1.38480400858,0.66957556459,0.760134074564,0.623922685186,2.81526089657,2.66308463189,2.02394432024
G[T>C]T,2.89470597417,1.88311517674,1.41622711639,0.684769155179,0.755267022577,0.638080349144,2.87914303882,2.72351368537,2.06987040088
T[T>C]A,1.55007976035,1.00838522044,0.75837235587,0.366685534707,0.524843910467,0.341684248249,1.5417459982,1.45840837667,1.10839036627
T[T>C]C,1.40045792747,0.911050587227,0.685170276345,0.331291122628,0.509595534551,0.30870309154,1.39292858378,1.31763514682,1.00140271158
T[T>C]G,1.52869237024,0.994471918275,0.747908632752,0.3616261521,0.553668177048,0.336969823548,1.52047359406,1.43828583222,1.09309723248
T[T>C]T,1.09123328555,0.70988832017,0.533882951533,0.258141207335,0.262737173059,0.240540670471,1.08536643993,1.02669798372,0.780290467625
A[T>G]A,0.134506264037,0.0875013868199,0.0658068281042,0.0318186861163,0.18479500624,0.0296492302447,0.13378311208,0.126551592508,0.0961792103061
A[T>G]C,0.147855405637,0.0961855058177,0.0723378597472,0.0349765475701,0.125170726868,0.032591782963,0.147060484101,0.139111268745,0.105724564246
A[T>G]G,0.333077933768,0.216679731107,0.162957483725,0.0787926294936,0.251387652491,0.0734204047554,0.331287192189,0.313379776395,0.23816863006
A[T>G]T,0.271132783482,0.176382079577,0.132650985467,0.0641389380281,0.369053604934,0.0597658286171,0.269675080345,0.255098048975,0.193874517221
C[T>G]A,0.118808199957,0.0772892053482,0.0581265924519,0.0281051655812,0.141430403794,0.0261889042915,0.118169446194,0.111781908561,0.0849542505067
C[T>G]C,0.427841151557,0.278326770637,0.209320133289,0.101209734777,0.31285635091,0.0943090710422,0.425540930313,0.402538717863,0.305929425576
C[T>G]G,0.746827754582,0.485839560776,0.365383471328,0.176668931191,0.534862593243,0.164623322247,0.7428125516,0.702660521784,0.534021996556
C[T>G]T,0.500106749285,0.325338261632,0.244675882715,0.118304822411,0.615191976524,0.11023858452,0.497418003321,0.470530543682,0.357603213198
G[T>G]A,0.0591458775373,0.0384766192582,0.0289369615908,0.0139914979121,0.0696325516795,0.0130375321453,0.0588278889484,0.0556480030593,0.0422924823251
G[T>G]C,0.129117426726,0.0839957453436,0.0631703539361,0.0305439073977,0.0592569100847,0.0284613682569,0.128423247013,0.121481449877,0.0923259019066
G[T>G]G,0.416847793678,0.271175177607,0.203941662498,0.0986091554936,0.363367642426,0.0918858039827,0.414606676507,0.392195504804,0.298068583651
G[T>G]T,0.54654720304,0.355549524558,0.267396749875,0.129290736203,0.305033503141,0.120475458735,0.543608777217,0.514224518989,0.390810634432
T[T>G]A,0.19115763885,0.124355238177,0.0935233609429,0.0452200866098,0.265900456391,0.0421368988864,0.190129909609,0.179852617198,0.13668798907
T[T>G]C,0.203939511289,0.132670327236,0.0997768576735,0.0482437553586,0.212597611336,0.0449544084023,0.202843062303,0.191878572449,0.145827715061
T[T>G]G,0.31746916113,0.206525637079,0.155320933671,0.0751002316651,0.359873102441,0.0699797613243,0.315762337683,0.298694103213,0.227007518442
T[T>G]T,0.416698249587,0.271077893548,0.203868498454,0.0985737794721,0.561531775836,0.0918528399627,0.414457936417,0.392054804719,0.297961651586
