,1,3,2,5,4,7,6,9,8
A[C>A]A,0.695818603728,0.526395314792,0.525788097045,1.23957606386,0.899966183354,1.68106890853,1.1971248288,1.22650480993,0.683338394102
A[C>A]C,0.664981769565,0.413566672885,0.381370584587,0.973882810342,0.707065602029,1.32074518115,0.940530659303,0.9650987624,0.537697881909
A[C>A]G,0.150255924107,0.0897835270413,0.0574068998555,0.211425724968,0.153500868812,0.28672803797,0.204185117949,0.277603893626,0.154665026449
A[C>A]T,0.498421487235,0.293991406829,0.409247093741,0.692302345115,0.502630469741,0.938875783101,0.668593360693,0.672987812292,0.374950352563
C[C>A]A,0.92550001638,0.64630510569,0.693843171229,1.52194428114,1.10497324521,2.06400662785,1.46982290165,1.08734325311,0.605805526732
C[C>A]C,0.658491336308,0.865609224472,0.580644432962,2.03837010924,1.47991254507,2.76436494267,1.96856291372,0.725118573799,0.403994633974
C[C>A]G,0.220323951118,0.316058337453,0.163641840021,0.744266407551,0.540357802743,1.0093475938,0.71877783195,0.255414021907,0.14230209792
C[C>A]T,1.61514935865,1.84877093809,1.06118629011,4.35355737035,3.16080192642,5.90413944746,4.20446293986,1.16604530123,0.649653810683
G[C>A]A,0.894866691745,0.546199811759,0.494448809953,1.28621245995,0.93382548462,1.74431552788,1.24216408803,1.4173754669,0.789680617274
G[C>A]C,1.11361687719,0.600064699057,0.388218774259,1.41305558165,1.02591706613,1.91633565183,1.36466326721,1.42797607897,0.795586672571
G[C>A]G,0.201104288772,0.129171017677,0.094144633468,0.304176912595,0.220840772158,0.412513895162,0.29375989504,0.305630661091,0.170279939751
G[C>A]T,1.67512075136,0.614263060116,0.568801672441,1.44649043189,1.05019168342,1.96167880489,1.39695308833,1.15380681698,0.642835226603
T[C>A]A,0.987428653808,0.655045866702,0.55855444265,1.54252736352,1.11991712694,2.09192067108,1.48970108395,1.06639482955,0.59413426218
T[C>A]C,0.800082171397,0.391487565858,0.546925816584,0.921890074439,0.669317451305,1.25023448451,0.890318496547,0.780460922896,0.434828228471
T[C>A]G,0.213329410944,0.107041279345,0.11183863974,0.252064948136,0.183006058236,0.341841505007,0.243432586899,0.215949508042,0.120314725909
T[C>A]T,1.32847892393,0.877243473867,0.822549594582,2.06576689007,1.49980335855,2.80151948106,1.99502144863,2.47525969529,1.3790732588
A[C>G]A,0.213037339273,0.204721895147,0.177892696642,0.48208704341,0.35000840138,0.65378927805,0.465577213157,0.261583531439,0.145739396087
A[C>G]C,0.0909944742422,0.123635471077,0.0961970840964,0.291141593181,0.211376773132,0.394835859246,0.281170990675,0.151082407781,0.0841744843351
A[C>G]G,0.0204591004733,0.0127400283694,0.00729024041415,0.0300007119667,0.0217813388251,0.0406858970507,0.028973290324,0.0459554472969,0.0256037492083
A[C>G]T,0.165985292834,0.203411171346,0.221525296303,0.479000500267,0.347767486495,0.649603418171,0.462596373546,0.194462370349,0.108343320623
C[C>G]A,0.204511151759,0.0957298977434,0.128302373749,0.22542846888,0.163667244529,0.305718060535,0.217708315836,0.189716274867,0.105699067426
C[C>G]C,0.0760180375157,0.0763498083906,0.132642548365,0.179791484275,0.130533543378,0.243826807441,0.173634241663,0.126612953423,0.0705415026212
C[C>G]G,0.0434481501978,0.0201218767797,0.0587923668341,0.0473837743522,0.0344019183653,0.0642601871352,0.0457610423539,0.0574771320323,0.0320229735608
C[C>G]T,0.124988227789,0.117190928031,0.18051405427,0.275965733749,0.200358683407,0.374254899194,0.266514852457,0.138120775667,0.0769530035859
G[C>G]A,0.127565816293,0.0551062501323,0.0887689195072,0.129766330957,0.0942139115165,0.175984476229,0.125322278527,0.133522222617,0.0743909526009
G[C>G]C,0.101727113409,0.170735148168,0.11323793904,0.402053736009,0.291902027513,0.545250957053,0.388284772447,0.190903308038,0.106360414478
G[C>G]G,0.0209967154097,0.00540905963987,0.00461591995821,0.0127374630229,0.00924774712622,0.0172740936886,0.0123012485358,0.0290579133447,0.0161894088635
G[C>G]T,0.203383439898,0.162383824421,0.103906764447,0.382387715573,0.277623957882,0.518580600572,0.369292245862,0.227061563242,0.126505728092
T[C>G]A,2.62691669279,0.861062157357,0.668065191665,2.02766249958,1.47213852709,2.74984366382,1.95822200302,0.161205917062,0.0898147252204
T[C>G]C,0.706524136176,0.254753947701,0.287390784346,0.599904457491,0.435547071877,0.813569058789,0.579359784289,0.146110595056,0.0814044743886
T[C>G]G,0.100431141881,0.0348462450234,0.0294992932038,0.0820572866681,0.0595758382659,0.111283169591,0.0792471056178,0.0224771532888,0.0125229854038
T[C>G]T,3.22328881599,1.11089510805,0.970885856756,2.61597880282,1.8992722815,3.54769728053,2.52639048765,0.21144710651,0.117806245056
A[C>T]A,1.21473952781,1.23373860804,1.00760591863,2.90525543184,2.10929503956,3.94000394181,2.80576038281,1.17006781624,0.651894926191
A[C>T]C,2.03750019259,0.705000773201,1.69416597621,1.66016311109,1.20532390257,2.25145408216,1.60330821002,0.854534573738,0.47609783394
A[C>T]G,2.06725574927,3.2520360644,1.01348629125,7.65802040972,5.55993262624,10.3855345283,7.39575943679,1.77156120015,0.987012668655
A[C>T]T,1.16370378576,0.689488985087,1.24198772327,1.62363535198,1.1788037487,2.20191643625,1.56803140157,0.652501837911,0.363536738265
C[C>T]A,1.06914047923,0.721028273376,1.16294373712,1.69790528892,1.23272575771,2.30263867949,1.63975784752,1.15954786823,0.646033812301
C[C>T]C,2.17383705184,0.732509506964,2.43679406174,1.72494174221,1.25235496352,2.3393045545,1.66586839487,0.910006934181,0.507003863329
C[C>T]G,1.51658673471,2.98946405264,1.00801282602,7.03970567235,5.11101918678,9.5469981036,6.79861986165,1.30043208468,0.724526447178
C[C>T]T,1.46635837032,0.808747395088,2.01897665265,1.9044696723,1.38269715934,2.58277393915,1.83924810818,0.746275226885,0.415781912121
G[C>T]A,2.510177605,2.19024295756,1.28433574656,5.15766890005,3.74460892743,6.99464686445,4.98103640347,1.1747363257,0.65449595289
G[C>T]C,5.92023743148,2.66461427984,2.32960524639,6.27473685252,4.55563086553,8.5095746356,6.05984860414,1.3934788645,0.776366795936
G[C>T]G,6.48176607422,4.03178198119,0.876686836498,9.49419627828,6.893046613,12.8756908431,9.16905257012,1.56330362256,0.870983446857
G[C>T]T,3.50718817385,1.96442580266,1.70265429595,4.6259059224,3.35853443681,6.27348885367,4.46748448671,0.916835365723,0.510808275188
T[C>T]A,3.67353284632,1.58799717881,1.21874606352,3.73947722751,2.7149629186,5.07134582909,3.6114129389,1.29922927043,0.723856307809
T[C>T]C,2.84387073529,0.738385513786,2.3973030885,1.73877879053,1.2624010397,2.35806986661,1.67923157167,1.15518998306,0.643605847707
T[C>T]G,1.13193696949,1.50350083387,0.513518861586,3.54050196363,2.57050142565,4.801502663,3.41925189638,1.64052395735,0.91400620481
T[C>T]T,2.74401581628,0.98622646106,1.7735378973,2.32240424701,1.68612911084,3.14956192403,2.24286985499,1.08971361547,0.607126157189
A[T>A]A,2.41878176036,0.711059202099,1.15331984587,1.67442973397,1.21568186165,2.27080196799,1.61708624993,2.37278223634,1.32197867453
A[T>A]C,0.584959132975,0.347031428696,0.534964233029,0.817203041768,0.593311797448,1.10826165938,0.789216636228,0.363952891053,0.202773753587
A[T>A]G,0.145050952297,0.176404798521,0.676017431698,0.41540484813,0.301595300697,0.563357259793,0.401178654701,0.301616074446,0.168043241477
A[T>A]T,0.489579922832,0.469752805054,0.447595014439,1.10619208932,0.80312576348,1.50017831291,1.06830879859,0.596890647368,0.332553360677
C[T>A]A,5.25981155872,1.1778939346,2.01435529211,2.77375023309,2.01381866238,3.76166127502,2.67875878676,4.90296227898,2.73165041257
C[T>A]C,0.462076876248,0.198346263548,0.811458777952,0.467073459322,0.339108128001,0.63342839004,0.451077792907,0.304140525011,0.169449721077
C[T>A]G,0.594351614158,0.173507498,1.73762307285,0.40858217271,0.29664185142,0.554104590388,0.394589632549,0.378567858416,0.21091637826
C[T>A]T,0.415114074896,0.191522719205,0.771479443255,0.451005112966,0.327442068318,0.611637071008,0.435559732385,0.355125741169,0.19785577008
G[T>A]A,1.89493994108,0.437945662538,0.895489365248,1.03129139888,0.748745810146,1.39860066423,0.995973200288,1.7154739898,0.955764080031
G[T>A]C,0.271646553589,0.197383672344,0.31286330311,0.464806712295,0.337462407557,0.630354308455,0.448888674203,0.190453978955,0.106110073989
G[T>A]G,0.343400150262,0.107567731448,0.513536082374,0.253304657926,0.183906121508,0.34352275527,0.244629840874,0.179733039487,0.100136979143
G[T>A]T,0.283846308679,0.156625891637,0.2814674752,0.368828712563,0.267779750217,0.500192363613,0.35619759227,0.220871198755,0.123056810735
T[T>A]A,0.970758784321,0.498538564698,0.722937292584,1.17397791042,0.852340126742,1.5921070292,1.13377318746,1.20724164909,0.672606061637
T[T>A]C,0.215452194502,0.127909330321,0.504949425893,0.301205842368,0.218683693774,0.408484635541,0.290890573794,0.225322278023,0.125536697756
T[T>A]G,0.113980812707,0.213133183645,0.618211320653,0.501894271164,0.364388991393,0.680651134866,0.484706111192,0.307209894897,0.171159798585
T[T>A]T,0.261691824699,0.26103315557,0.559836989545,0.614690979247,0.446282491782,0.833622012951,0.593639918313,0.380961166934,0.212249793006
A[T>C]A,1.00879694755,0.886886973234,1.69819596802,2.08847577568,1.51629063166,2.83231646291,2.01695263268,1.07622419514,0.599610623009
A[T>C]C,0.626145445249,0.460020694253,0.716128481081,1.08327453808,0.786486993401,1.46909834616,1.046176095,0.595927943556,0.332016997124
A[T>C]G,0.956880263162,1.1251596386,1.263703777,2.64956947154,1.92366002728,3.59325174907,2.558830791,1.06401734548,0.592809663909
A[T>C]T,0.644259509728,0.649828718916,1.12987295559,1.53024182196,1.11099748718,2.07525945718,1.47783628012,0.895315185742,0.498818460628
C[T>C]A,0.652249280099,0.550839359047,0.782511426885,1.2971378455,0.941757613854,1.75913214663,1.25271531654,0.628503716443,0.350166356304
C[T>C]C,0.797646106,0.399327870955,0.930104522637,0.940352728377,0.68272184389,1.27527287821,0.908148867816,0.518632665328,0.288952484968
C[T>C]G,1.24650664694,1.13439211122,1.1393185534,2.67131045545,1.93944457724,3.62273609711,2.57982722067,0.844944704205,0.470754906629
C[T>C]T,0.472665393212,0.633186554423,0.843449797726,1.4910522088,1.08254475434,2.02211189961,1.43998877699,0.730761088912,0.407138320965
G[T>C]A,1.93850063382,1.27522095335,1.80337910832,3.00293966435,2.18021646864,4.07247981877,2.90009926489,1.33745101735,0.745151281096
G[T>C]C,2.12225504099,0.687852848996,0.934064278396,1.61978251538,1.17600648377,2.19669135647,1.56431051143,0.796264951929,0.44363333036
G[T>C]G,1.30575700486,0.957489399812,1.34100451797,2.25473310278,1.63699800613,3.05778872843,2.1775162157,0.846021922831,0.471355071291
G[T>C]T,1.23598442613,0.914834024639,1.35550020898,2.15428657415,1.56407107438,2.92156672385,2.08050963668,1.11695009866,0.622300769256
T[T>C]A,0.784168412897,0.672173018186,1.06621215703,1.58285904283,1.14919903109,2.14661705808,1.52865154136,0.700178568643,0.390099488244
T[T>C]C,0.948617252203,0.504080975424,0.928509999977,1.18702939374,0.861815861209,1.60980698603,1.14637770217,0.730730168025,0.407121093614
T[T>C]G,0.532317920103,0.608193407962,0.801385649914,1.43219738004,1.03981453619,1.94229507704,1.38314952456,0.479743633084,0.267285738433
T[T>C]T,0.648443195938,0.678499853235,0.834580382349,1.59775771891,1.16001587811,2.16682211194,1.54303998881,0.799141375381,0.445235909141
A[T>G]A,0.0963832713444,0.403340392548,0.142842919095,0.949801569548,0.689581961453,1.28808706007,0.917274118536,0.534533708759,0.297811637737
A[T>G]C,0.183570174628,0.134353420069,0.179441039268,0.316380634356,0.229701008505,0.429064147962,0.305545681125,0.140236832093,0.0781319493092
A[T>G]G,0.161493253185,0.124852144185,0.180122834627,0.294006662113,0.213456891671,0.398721363687,0.283937940808,0.203414917196,0.113331168152
A[T>G]T,0.780142123623,0.331019049381,0.587185420208,0.779496471123,0.565935794103,1.05712535125,0.752801386495,0.434864356849,0.242281570245
C[T>G]A,0.0818200068772,0.258867337305,0.0743180594453,0.609590826556,0.442579641198,0.826705367521,0.588714428386,0.359644310173,0.200373258525
C[T>G]C,0.370846809159,0.203433438891,0.356173094479,0.479052936743,0.347805556814,0.649674530652,0.462647014252,0.199952500776,0.111402107575
C[T>G]G,0.298487316363,0.322138368908,0.334477599282,0.758583900977,0.55075269523,1.02876446845,0.732605000259,0.356091200866,0.198393669054
C[T>G]T,1.20273424717,0.885183235075,0.97267729152,2.08446374711,1.513377789,2.82687549266,2.01307800235,0.97011887126,0.540494799702
G[T>G]A,0.0292392570427,0.0888352993774,0.0112922135485,0.20919280176,0.151879705387,0.283699827044,0.202028664713,0.126462855042,0.0704578763808
G[T>G]C,0.0867624485995,0.053997175928,0.0605426511182,0.127154640089,0.0923177523931,0.172442594093,0.122800029127,0.0558875852247,0.0311373689109
G[T>G]G,0.302285288722,0.151164816133,0.153677996914,0.355968760572,0.258443072744,0.482752154748,0.343778049594,0.244863904689,0.136424175469
G[T>G]T,0.932651833524,0.352700104232,0.301264874593,0.830551858352,0.603003404009,1.126364849,0.802108301559,0.486441796913,0.271017572566
T[T>G]A,0.108135846394,0.627178620024,0.180674675455,1.47690449231,1.07227312456,2.0029252704,1.42632557134,0.796283246137,0.443643522848
T[T>G]C,0.277899294661,0.18177636028,0.293244316859,0.428054009691,0.310778938543,0.580511602184,0.413394625798,0.222387145688,0.12390140974
T[T>G]G,0.224019652154,0.172757177963,0.2000685611,0.406815290041,0.295359046194,0.551708407042,0.39288325956,0.275240929939,0.153348518109
T[T>G]T,2.00179982966,0.895482028926,1.43947095539,2.10871574554,1.53098540429,2.85976518915,2.03649945288,1.12575618209,0.627207015736
