,1,3,2,5,4,7,6,9,8
A[C>A]A,2.8508275384,0.778834327501,0.352679695472,0.898802342882,1.23312790821,2.32180799519,1.77809346467,0.44084961934,2.73326763991
A[C>A]C,2.2222057094,0.607097436072,0.274912046523,0.854450456155,0.700764292471,1.80983763961,1.38601490122,0.343640058154,2.13056836056
A[C>A]G,0.470935632444,0.128657672781,0.0582600782405,0.187397491856,0.206936935368,0.383545515084,0.293727894463,0.0728250978007,0.451515606364
A[C>A]T,1.92437843827,0.525732253755,0.238067435663,0.964180503812,1.01117440908,1.56727728478,1.2002566548,0.297584294578,1.84502262638
C[C>A]A,2.82613065816,0.772087241662,0.349624411319,1.46160021859,1.89074302653,2.30169404118,1.7626897404,0.437030514148,2.70958918772
C[C>A]C,2.25722185202,0.61666370184,0.279243940456,1.23701088541,1.11098985823,1.83835594133,1.40785486646,0.34905492557,2.16414053853
C[C>A]G,0.628987279762,0.171836731069,0.077812859352,0.340824356296,0.344682772101,0.512267990734,0.392306499233,0.09726607419,0.603049659978
C[C>A]T,2.97384075,0.81244102964,0.367897824743,2.27495557374,2.91804789261,2.42199401289,1.85481819974,0.459872280928,2.85120814176
G[C>A]A,2.35519264914,0.643428919611,0.291364039069,0.954403723819,2.14782614778,1.91814659054,1.46896036364,0.364205048837,2.25807130279
G[C>A]C,2.17865167433,0.595198653296,0.269523918474,1.40500350295,0.927739400677,1.77436579662,1.35884975564,0.336904898092,2.08881036817
G[C>A]G,0.54283650273,0.148300694045,0.0671550312656,0.394184079225,0.323629057285,0.442103955832,0.338573282631,0.083943789082,0.520451492308
G[C>A]T,2.0343407478,0.555773503265,0.251671020347,1.94173853081,2.3803629078,1.65683421728,1.26884139425,0.314588775433,1.95045040769
T[C>A]A,2.33514796554,0.63795279471,0.288884284397,0.907976838242,2.64024258095,1.90182153895,1.45645826717,0.361105355496,2.23885320408
T[C>A]C,2.15601956545,0.58901565448,0.266724069953,1.02904441224,1.92063583954,1.75593346052,1.34473385268,0.333405087441,2.06711154214
T[C>A]G,0.525111992562,0.143458430958,0.0649623083582,0.222649142933,0.398447555021,0.427668530025,0.327518304639,0.0812028854478,0.503457889776
T[C>A]T,2.84541554986,0.777355794548,0.352010171116,1.57239498063,3.67220559144,2.31740029318,1.77471794604,0.440012713895,2.72807882615
A[C>G]A,0.881680291227,0.240871419768,0.109073850461,0.332237709614,0.440156105043,0.718069515535,0.549913996074,0.136342313076,0.845322341073
A[C>G]C,0.487880791143,0.133287020261,0.0603563865332,0.174640844145,0.220532068912,0.397346211344,0.304296782105,0.0754454831665,0.467761995632
A[C>G]G,0.0698443378494,0.0190811850826,0.00864053664117,0.0348746954113,0.0860649142217,0.0568835328877,0.0435627055659,0.0108006708015,0.066964158969
A[C>G]T,0.940821880146,0.257028657978,0.116390335688,0.266664528875,0.39943030619,0.766236376614,0.586801275761,0.14548791961,0.902025101583
C[C>G]A,0.621396889821,0.169763067838,0.0768738420397,0.276579942128,0.378893605147,0.506086126762,0.38757228695,0.0960923025497,0.595772275808
C[C>G]C,0.573695693572,0.156731297728,0.0709726631223,0.251258181169,0.300122048415,0.467236698888,0.357820509908,0.0887158289028,0.550038139198
C[C>G]G,0.200991336031,0.0549100041734,0.0248649075502,0.0389876250083,0.160070957631,0.163693974706,0.125360575566,0.0310811344378,0.192703033514
C[C>G]T,0.799504022158,0.21842120193,0.0989077140814,0.2759660213,0.375824494352,0.651142451036,0.49865972516,0.123634642602,0.766534784131
G[C>G]A,0.405809140728,0.110865383807,0.0502031926674,0.198754625691,0.234803059706,0.330504351727,0.253107763031,0.0627539908342,0.389074743172
G[C>G]C,0.553372911513,0.151179197475,0.068458504517,0.188047844671,0.204434026751,0.450685154737,0.345144960273,0.0855731306463,0.530553410007
G[C>G]G,0.0512359982804,0.0139974634477,0.00633847401407,0.0645356408179,0.0709305687788,0.0417282872593,0.0319564731543,0.00792309251758,0.049123173609
G[C>G]T,0.531311300424,0.145152056301,0.0657292330422,0.219427104783,0.242589372805,0.432717450861,0.331384883254,0.0821615413027,0.509401556077
T[C>G]A,2.33924070595,0.639070914511,0.289390602798,0.216720439573,5.99996407941,1.90515480175,1.45901095577,0.361738253497,2.24277717168
T[C>G]C,1.03803580007,0.283587100019,0.128416800008,0.242997936069,1.38717728646,0.845410600056,0.647434700043,0.160521000011,0.995230200066
T[C>G]G,0.102297657924,0.0279472982988,0.0126553803617,0.0235516190425,0.291076553747,0.0833145873813,0.0638042093236,0.0158192254521,0.0980791978033
T[C>G]T,3.24049257628,0.885289208984,0.40088567954,0.303182342438,8.00453931065,2.63916405697,2.02113196768,0.501107099425,3.10686401644
A[C>T]A,2.57087310332,0.702351930289,0.318046157112,1.5353053571,1.83321403395,2.09380386765,1.60348270877,0.39755769639,2.46485771762
A[C>T]C,1.90289966681,0.519864341963,0.235410268059,1.64707581151,2.51184292627,1.54978426472,1.18686010146,0.294262835074,1.82442957746
A[C>T]G,3.6138342408,0.987284612177,0.447072277212,2.80512265366,2.23192566839,2.94322582498,2.25398939761,0.558840346515,3.4648101484
A[C>T]T,2.09140473202,0.571363148439,0.258730482312,1.13267176922,1.82808092255,1.70330900855,1.30443284832,0.32341310289,2.00516123792
C[C>T]A,2.58521573572,0.706270278315,0.319820503388,1.13286774509,2.0028363523,2.10548498064,1.61242837125,0.399775629235,2.47860890125
C[C>T]C,2.31053771827,0.63122937664,0.285839717724,2.00503970507,2.94485821377,1.88177814168,1.44110857686,0.357299647155,2.21525781236
C[C>T]G,3.41444948407,0.932813518844,0.422406121741,2.08696709518,1.72323764328,2.78084030146,2.12963086378,0.528007652176,3.27364744349
C[C>T]T,2.9648362333,0.809981032808,0.366783863913,2.10983198155,2.5512733665,2.41466043743,1.84920198056,0.458479829891,2.84257494533
G[C>T]A,3.02391742864,0.826121771743,0.37409287777,3.16927423439,2.19425189025,2.46277811199,1.88605159209,0.467616097213,2.89921980272
G[C>T]C,4.22953741632,1.15549218075,0.523241742226,6.81279471096,3.56061993711,3.44467480299,2.63801045039,0.654052177782,4.05512350225
G[C>T]G,3.30235699901,0.902190314162,0.408539010187,8.16568156345,3.30485565134,2.68954848373,2.05971750969,0.510673762733,3.16617732895
G[C>T]T,3.04386606176,0.831571656048,0.376560749909,4.43295830144,2.69995342868,2.4790249369,1.89849378079,0.470700937386,2.91834581179
T[C>T]A,2.947156084,0.805150888929,0.364596628949,1.10809278391,16.5602719703,2.40026114058,1.83817467095,0.455745786186,2.82562387435
T[C>T]C,2.65058249897,0.724128208481,0.327907113274,1.32089779866,5.97082838231,2.15872182906,1.65319836276,0.409883891593,2.54128012788
T[C>T]G,1.86377056655,0.50917443313,0.230569554625,1.14302912209,2.65479621825,1.51791623461,1.1624548379,0.288211943281,1.78691404834
T[C>T]T,2.76889661001,0.756451135725,0.342543910517,0.990399757239,9.91677849366,2.25508074424,1.72699221552,0.428179888146,2.65471530651
A[T>A]A,1.28296480168,0.350500693242,0.158717295053,0.413492703305,0.884781233043,1.0448888591,0.800199695893,0.198396618816,1.23005903666
A[T>A]C,2.08148977893,0.568654424141,0.257503890177,0.631395605694,0.468416402507,1.69523394366,1.29824877964,0.321879862721,1.99565514887
A[T>A]G,1.15349352097,0.315129673256,0.142700229399,0.368691583922,0.394439056514,0.939443176877,0.719446989886,0.178375286749,1.10592677784
A[T>A]T,1.61417324163,0.44098547323,0.199691535048,0.856927706921,0.562069776982,1.31463593906,1.00677815586,0.249614418809,1.54760939662
C[T>A]A,0.684647354049,0.187042833838,0.084698641738,0.41414288346,1.31083293503,0.557599391442,0.427022318762,0.105873302172,0.656414473469
C[T>A]C,1.60497848859,0.438473504614,0.198554039825,0.849152145955,0.583444666033,1.30714742885,1.00104328412,0.248192549781,1.53879380864
C[T>A]G,1.46123427326,0.399203177746,0.1807712503,0.823470362119,1.42499004604,1.19007739781,0.91138838693,0.225964062875,1.40097718983
C[T>A]T,1.86580334858,0.509729780799,0.230821032815,0.906269552227,0.931103328462,1.51957179936,1.16372270711,0.288526291018,1.78886300431
G[T>A]A,0.527159977937,0.144017932117,0.0652156673736,0.319691718853,0.96197300548,0.429336476876,0.328795656342,0.0815195842171,0.505421422146
G[T>A]C,1.13482984275,0.310030833329,0.140391320753,0.401012344347,0.305316281651,0.924242861621,0.707806242127,0.175489150941,1.08803273583
G[T>A]G,0.808965169393,0.221005948339,0.100078165286,0.455994327104,0.802817614209,0.658847921465,0.504560749982,0.125097706607,0.775605780965
G[T>A]T,1.00762569683,0.275279185217,0.124654725381,0.571350021643,0.519609111133,0.820643608762,0.628467573798,0.155818406727,0.966074121707
T[T>A]A,1.13976027821,0.311377807964,0.141001271531,0.382192937299,0.6972317166,0.928258370911,0.710881410634,0.176251589413,1.09275985436
T[T>A]C,1.33143370063,0.363742196565,0.164713447501,0.494750570583,0.2895112658,1.08436352938,0.830430297818,0.205891809376,1.27652921813
T[T>A]G,0.710943960017,0.194226958149,0.0879518301052,0.326022082764,0.344070159151,0.579016214859,0.443423810114,0.109939787631,0.681626683315
T[T>A]T,1.53419240114,0.419135037424,0.189796998079,0.760003913465,0.489626489288,1.24949690402,0.956893198647,0.237246247599,1.47092673511
A[T>C]A,5.96534223616,1.62970689957,0.737980482824,1.05788464409,1.51853539802,4.85837151193,3.72065160091,0.92247560353,5.71934874189
A[T>C]C,2.73904818236,0.748296668377,0.338851321529,0.687763341154,0.754464883251,2.23077120007,1.70837541271,0.423564151911,2.62609774185
A[T>C]G,4.56534403042,1.24723316295,0.564784828506,0.996079230284,1.35908012069,3.71816678766,2.84745684372,0.705981035632,4.37708242092
A[T>C]T,4.26387341478,1.16487263393,0.527489494612,0.828912585205,1.15433077088,3.47263917286,2.659426202,0.659361868265,4.08804358324
C[T>C]A,2.70404397669,0.738733663734,0.334520904332,0.69264175147,0.781269450283,2.20226262019,1.68654289268,0.418151130415,2.59253700858
C[T>C]C,3.1820550991,0.869324331198,0.39365630092,1.26938644048,0.797666078814,2.59157064772,1.98468385047,0.49207037615,3.05083633213
C[T>C]G,3.84935853328,1.05162887765,0.476209303086,1.60495844991,1.14534617773,3.13504457865,2.40088856973,0.595261628858,3.69062209892
C[T>C]T,4.59600768763,1.25561034765,0.568578270635,0.942570160424,0.967466320705,3.74314028168,2.86658211445,0.710722838294,4.40648159742
G[T>C]A,7.99177774161,2.18332072322,0.988673535044,1.1256800277,1.66087470848,6.50876743904,4.98456240585,1.23584191881,7.66221989659
G[T>C]C,4.22368395352,1.15389303885,0.522517602498,2.02713511211,1.0801394764,3.43990754978,2.63435957926,0.653147003122,4.04951141936
G[T>C]G,5.51266180517,1.50603647255,0.681978780021,1.00312096212,1.11092237862,4.48969363514,3.43830968261,0.852473475026,5.28533554516
G[T>C]T,6.01845759871,1.64421779759,0.74455145551,0.720582149549,1.25190207845,4.90163041544,3.75378025487,0.930689319388,5.77027378021
T[T>C]A,4.24044873708,1.15847310858,0.52459159634,0.690565173893,0.809507872228,3.45356134257,2.64481596488,0.655739495424,4.06558487163
T[T>C]C,3.33707482029,0.911675079771,0.412833998387,1.0203439382,0.888626182801,2.71782382271,2.08137140853,0.516042497984,3.1994634875
T[T>C]G,2.83035443364,0.773241159707,0.350146940245,0.622019064075,0.553138926504,2.30513402328,1.76532415707,0.437683675306,2.7136387869
T[T>C]T,3.32627694297,0.908725144213,0.411498178511,0.768228199092,0.845178124781,2.7090296752,2.07463664999,0.514372723139,3.18911088346
A[T>G]A,0.382235721134,0.104425222784,0.0472868933361,0.180495096259,0.191832592318,0.311305381129,0.238404753903,0.0591086166702,0.366473423355
A[T>G]C,0.453663121084,0.123938893904,0.0561232727115,0.31837169505,0.0987190041698,0.369478212017,0.282954833254,0.0701540908893,0.434955363514
A[T>G]G,0.682660473423,0.186500026244,0.084452842073,0.304052239905,0.255541571865,0.555981210314,0.425783078785,0.105566052591,0.654509526065
A[T>G]T,1.01216572628,0.27651950254,0.125216378509,1.47170841705,0.271030770988,0.824341158517,0.631299241649,0.156520473136,0.970426933444
C[T>G]A,0.153865310453,0.0420353683197,0.0190348837674,0.171417493932,0.0631779572233,0.125312984802,0.0959675389941,0.0237936047093,0.147520349198
C[T>G]C,0.871289920827,0.238032813422,0.107788443814,0.717578160542,0.249238935153,0.709607255106,0.543433404227,0.134735554767,0.835360439555
C[T>G]G,0.947477862554,0.258847044924,0.117213756192,0.559548890912,0.478095990844,0.771657228265,0.590952687469,0.14651719524,0.90840661049
C[T>G]T,4.92753966506,1.34618351674,0.609592535884,3.06013494372,1.18980281524,4.01315086123,3.07336236841,0.761990669854,4.7243421531
G[T>G]A,0.0545165414295,0.0148936943081,0.00674431440365,0.0435044921233,0.130344986504,0.0444000698241,0.0340025851184,0.00843039300457,0.0522684366283
G[T>G]C,0.310827422013,0.0849167699315,0.0384528769501,0.145700027432,0.0871708490569,0.253148106588,0.193866587957,0.0480660961876,0.298009796363
G[T>G]G,0.469354153252,0.128225619187,0.0580644313301,0.373143555903,0.407130326506,0.382257506256,0.292741507956,0.0725805391626,0.449999342808
G[T>G]T,1.48779297791,0.406458906335,0.184056863246,1.44370463165,0.52765785125,1.21170768304,0.927953352199,0.230071079058,1.42644069016
T[T>G]A,0.433677341765,0.11847886141,0.0536508051668,0.18869846562,0.192031509178,0.353201134015,0.27048947605,0.0670635064586,0.415793740043
T[T>G]C,0.684674261844,0.187050184937,0.0847019705374,0.534902522754,0.189821056067,0.557621306038,0.427039101459,0.105877463172,0.656440271665
T[T>G]G,0.562493952093,0.153671028149,0.0695868806713,0.387755717638,0.29580904874,0.458113631086,0.350833856718,0.0869836008391,0.539298325203
T[T>G]T,2.02727010238,0.553841832092,0.250796301325,3.71379742932,0.610122665933,1.65107565039,1.26443135251,0.313495376656,1.94367133527
