,1,3,2,5,4,7,6,9,8
A[C>A]A,0.409111114207,0.641309314162,1.09464865693,1.05042042837,1.10570571407,0.221141142814,1.50375977114,2.10084085674,0.685537542725
A[C>A]C,0.230429743844,0.361214193052,0.616555260555,0.591643936896,0.622783091469,0.124556618294,0.846985004398,1.18328787379,0.386125516711
A[C>A]G,0.055243395277,0.0865977547586,0.147813408985,0.141841150036,0.149306473722,0.0298612947443,0.203056804262,0.283682300071,0.0925700137075
A[C>A]T,0.250765447101,0.393091781943,0.670967007109,0.643857229044,0.677744451625,0.135548890325,0.92173245421,1.28771445809,0.420201560008
C[C>A]A,0.695814408483,1.09073609978,1.86177368756,1.78655050827,1.88057948239,0.376115896477,2.55758809604,3.57310101653,1.16595927908
C[C>A]C,0.620460174289,0.972613246182,1.66015019607,1.59307342047,1.67691938997,0.335383877994,2.28061037036,3.18614684094,1.03969002178
C[C>A]G,0.215218210164,0.337369086203,0.575854129898,0.552587296367,0.581670838281,0.116334167656,0.791072340062,1.10517459273,0.360635919734
C[C>A]T,1.31145708163,2.05579758743,3.50903381302,3.36725466906,3.54447859901,0.708895719802,4.82049089465,6.73450933812,2.19757673139
G[C>A]A,0.51723972927,0.810808224262,1.3839657621,1.32804795353,1.39794521424,0.279589042849,1.90120549137,2.65609590706,0.866726032832
G[C>A]C,0.349269058725,0.547502848812,0.934530724697,0.896771907538,0.943970428987,0.188794085797,1.28379978342,1.79354381508,0.585261665972
G[C>A]G,0.150036778357,0.235192787695,0.401449758306,0.385229566051,0.40550480637,0.081100961274,0.551486536663,0.770459132103,0.251412979949
G[C>A]T,0.508580989427,0.797235064507,1.36079778252,1.30581605393,1.37454321467,0.274908642933,1.86937877195,2.61163210787,0.852216793093
T[C>A]A,0.463754601908,0.726966673261,1.24085690781,1.19072127517,1.25339081597,0.250678163194,1.70461150972,2.38144255034,0.7771023059
T[C>A]C,0.424145157856,0.664876193397,1.13487488183,1.08902135125,1.14633826448,0.229267652895,1.55902003969,2.17804270251,0.710729723976
T[C>A]G,0.114119575151,0.178890144831,0.305346971349,0.293009719981,0.308431284191,0.0616862568382,0.4194665465,0.586019439963,0.191227396198
T[C>A]T,0.776974182204,1.21795952886,2.07893091995,1.99493371106,2.09993022217,0.419986044435,2.85590510216,3.98986742213,1.30195673775
A[C>G]A,0.115640095892,0.18127366383,0.30941539171,0.296913759722,0.312540799707,0.0625081599414,0.425055487602,0.593827519444,0.193775295818
A[C>G]C,0.0790968490411,0.123989655254,0.211637515002,0.203086504295,0.213775267679,0.0427550535357,0.290734364043,0.406173008589,0.132540665961
A[C>G]G,0.00960432746405,0.0150554322409,0.0256980653768,0.024659759705,0.0259576417947,0.00519152835894,0.0353023928408,0.04931951941,0.0160937379127
A[C>G]T,0.142284221073,0.22304013033,0.380706429357,0.365324351403,0.384551948845,0.076910389769,0.522990650429,0.730648702806,0.238422208284
C[C>G]A,0.0766308635037,0.120124056303,0.205039337483,0.196754919807,0.207110441902,0.0414220883804,0.281670200986,0.393509839613,0.128408473979
C[C>G]C,0.106297481676,0.166628484789,0.284417586105,0.272925966465,0.287290491015,0.0574580982031,0.390715067781,0.545851932929,0.17812010443
C[C>G]G,0.0479131168858,0.0751070480912,0.128199961397,0.123020164977,0.129494910502,0.0258989821004,0.176113078283,0.246040329954,0.0802868445113
C[C>G]T,0.145612400422,0.228257276338,0.389611557887,0.37386967676,0.393547028168,0.0787094056336,0.535223958309,0.74773935352,0.243999157464
G[C>G]A,0.0716469285056,0.112311401441,0.191703943839,0.183958329947,0.193640347312,0.0387280694625,0.263350872345,0.367916659893,0.120057015334
G[C>G]C,0.0810082609106,0.126985922509,0.216751833247,0.207994183419,0.218941245704,0.0437882491409,0.297760094158,0.415988366838,0.135743572337
G[C>G]G,0.00910791466079,0.0142772716304,0.024369825714,0.0233851862912,0.0246159855697,0.00492319711394,0.0334777403748,0.0467703725824,0.0152619110532
G[C>G]T,0.077946560507,0.122186500254,0.208559715951,0.200133060761,0.210666379749,0.0421332759497,0.286506276458,0.400266121522,0.130613155444
T[C>G]A,0.184891305026,0.289829613284,0.494709167502,0.47472091831,0.4997062298,0.0999412459601,0.679600472528,0.949441836621,0.309817862476
T[C>G]C,0.125285828697,0.196394001741,0.335224244352,0.321679830438,0.33861034783,0.067722069566,0.460510073049,0.643359660877,0.209938415655
T[C>G]G,0.0103231153295,0.0161821807868,0.0276213085844,0.0265052961164,0.0279003117015,0.00558006234029,0.037944423914,0.0530105922328,0.0172981932549
T[C>G]T,0.42998886957,0.674036606352,1.15051075912,1.10402547592,1.16213207992,0.232426415984,1.58049962869,2.20805095184,0.720521889549
A[C>T]A,0.613266401901,0.961336521899,1.64090199428,1.5746029238,1.6574767619,0.331495352379,2.25416839618,3.1492058476,1.02763559238
A[C>T]C,0.418572140454,0.656140112064,1.11996329473,1.07471225252,1.13127605528,0.226255211056,1.53853543518,2.14942450504,0.701391154275
A[C>T]G,0.579298604987,0.908089705115,1.55001518632,1.4873883101,1.56567190537,0.313134381074,2.1293137913,2.9747766202,0.97071658133
A[C>T]T,0.415575242226,0.651442271598,1.11194456704,1.06701751382,1.12317633034,0.224635266068,1.52751980926,2.13403502765,0.696369324811
C[C>T]A,0.574708195329,0.900893927814,1.53773273885,1.47560212314,1.55326539278,0.310653078556,2.11244093418,2.95120424629,0.963024543525
C[C>T]C,0.522223186038,0.818620129465,1.39729987616,1.3408433155,1.41141401632,0.282282803264,1.91952306219,2.681686631,0.875076690117
C[C>T]G,0.613260714461,0.961327606452,1.64088677653,1.57458832091,1.65746139043,0.331492278087,2.25414749099,3.14917664183,1.02762606207
C[C>T]T,0.689400216013,1.0806814197,1.84461138879,1.77008163571,1.86324382706,0.372648765413,2.53401160481,3.54016327142,1.15521117278
G[C>T]A,0.919326801981,1.44110687878,2.45982036206,2.36043368076,2.48466703238,0.496933406476,3.37914716404,4.72086736152,1.54049356008
G[C>T]C,1.03750223952,1.62635486194,2.77601950573,2.66385710146,2.8040601068,0.56081202136,3.81352174525,5.32771420292,1.73851726622
G[C>T]G,0.492594504807,0.772175169697,1.31802313448,1.2647696745,1.33133649948,0.266267299896,1.81061763929,2.52953934901,0.825428629676
G[C>T]T,0.978303879285,1.53355743239,2.61762389322,2.51186131168,2.64406453861,0.528812907721,3.59592777251,5.02372262335,1.63932001394
T[C>T]A,1.52356602936,2.38829269467,4.07656856505,3.91185872404,4.1177460253,0.82354920506,5.60013459441,7.82371744807,2.55300253569
T[C>T]C,0.711884593501,1.11592720062,1.90477229072,1.82781179412,1.92401241487,0.384802482974,2.61665688422,3.65562358825,1.19288769722
T[C>T]G,0.513105939672,0.804328229756,1.37290508182,1.31743416943,1.38677280992,0.277354561985,1.8860110215,2.63486833886,0.859799142153
T[C>T]T,1.02624021107,1.60870087141,2.74588597017,2.63494108248,2.77362219209,0.554724438417,3.77212618124,5.26988216497,1.71964575909
A[T>A]A,0.193031733166,0.302590284422,0.516490313065,0.495622017587,0.521707386934,0.104341477387,0.70952204623,0.991244035174,0.323458579899
A[T>A]C,0.164582093672,0.257993552242,0.440368304689,0.422575645914,0.444816469383,0.0889632938766,0.604950398361,0.845151291827,0.275786211017
A[T>A]G,0.195758599332,0.306864831385,0.523786522537,0.502623430718,0.529077295492,0.105815459098,0.719545121869,1.00524686144,0.328027923205
A[T>A]T,0.280662159593,0.439956898821,0.750960913505,0.720619058413,0.758546377277,0.151709275455,1.0316230731,1.44123811683,0.470298753912
C[T>A]A,0.162829456423,0.255246174933,0.435678815835,0.418075631357,0.440079611954,0.0880159223909,0.598508272258,0.836151262713,0.272849359412
C[T>A]C,0.307002062247,0.481246475955,0.821437950337,0.788248538202,0.829735303371,0.165947060674,1.12844001258,1.5764970764,0.51443588809
C[T>A]G,0.372206850129,0.583459386688,0.995904815209,0.955666236817,1.00596445981,0.201192891961,1.36811166534,1.91133247363,0.62369796508
C[T>A]T,0.240929181017,0.377672770243,0.644648349208,0.61860195126,0.651159948695,0.130231989739,0.885577530225,1.23720390252,0.403719168191
G[T>A]A,0.0973656075221,0.152627168548,0.260518787694,0.24999277607,0.2631502906,0.05263005812,0.357884395216,0.49998555214,0.163153180172
G[T>A]C,0.124255795365,0.194779354896,0.332468209219,0.319035150261,0.335826473959,0.0671652947917,0.456724004584,0.638070300521,0.208212413854
G[T>A]G,0.128600196913,0.201589497863,0.344092418767,0.330189694776,0.347568099764,0.0695136199529,0.472692615679,0.660379389552,0.215492221854
G[T>A]T,0.107473458515,0.168471907943,0.28756411873,0.275945366458,0.290468806798,0.0580937613596,0.395037577245,0.551890732916,0.180090660215
T[T>A]A,0.227220869715,0.35618406604,0.607969354102,0.583404935755,0.614110458689,0.122822091738,0.835190223817,1.16680987151,0.380748484387
T[T>A]C,0.180853829445,0.283500597508,0.483906192298,0.464354426953,0.488794133635,0.0977588267269,0.664760021743,0.928708853906,0.303052362853
T[T>A]G,0.20139344089,0.31569782626,0.53886353103,0.51709126715,0.544306597,0.1088613194,0.74025697192,1.0341825343,0.33747009014
T[T>A]T,0.23277104696,0.364884343884,0.622819828353,0.597655390844,0.62911093773,0.125822187546,0.855590875313,1.19531078169,0.390048781393
A[T>C]A,1.16692932112,1.82924055744,3.12232439976,2.99616987856,3.15386303006,0.630772606013,4.28925372089,5.99233975712,1.95539507864
A[T>C]C,0.472545878014,0.740747592563,1.26437951144,1.21329347058,1.27715102166,0.255430204332,1.73692538946,2.42658694115,0.791833633429
A[T>C]G,1.07578592469,1.68636712518,2.87845423091,2.76215304987,2.90752952618,0.581505905235,3.9542401556,5.52430609974,1.80266830623
A[T>C]T,0.811170189174,1.27156408033,2.17042834401,2.0827342695,2.19235186263,0.438470372527,2.98159853318,4.165468539,1.35925815483
C[T>C]A,0.439763681506,0.689359284522,1.17666498565,1.12912296603,1.18855049056,0.237710098111,1.61642866716,2.25824593206,0.736901304144
C[T>C]C,0.559557914199,0.877144838475,1.49719550016,1.43670275267,1.51231868703,0.302463737405,2.05675341435,2.87340550535,0.937637585956
C[T>C]G,1.11433602269,1.74679700854,2.98160179043,2.86113303122,3.01171898024,0.602343796047,4.09593781312,5.72226606245,1.86726576775
C[T>C]T,0.544749018463,0.853930893806,1.45757169805,1.39867991227,1.47229464449,0.294458928899,2.00232071651,2.79735982454,0.912822679586
G[T>C]A,0.335423139943,0.525798435587,0.897483536605,0.86122157553,0.906549026874,0.181309805375,1.23290667655,1.72244315106,0.562060396662
G[T>C]C,0.29417468037,0.461138688147,0.787116036665,0.755313368517,0.795066703702,0.15901334074,1.08129071704,1.51062673703,0.492941356295
G[T>C]G,0.552637955438,0.866297335552,1.47867993482,1.41893529099,1.49361609578,0.298723219156,2.03131789026,2.83787058198,0.926041979383
G[T>C]T,0.299088225394,0.468841001969,0.800263089568,0.767929227364,0.80834655512,0.161669311024,1.09935131496,1.53585845473,0.501174864174
T[T>C]A,0.44797467351,0.702230569286,1.19863493723,1.1502052428,1.21074236084,0.242148472168,1.64660961074,2.30041048559,0.75066026372
T[T>C]C,0.471263401863,0.738737224542,1.2609480212,1.2100006264,1.2736848699,0.25473697398,1.73221142306,2.42000125281,0.789684619338
T[T>C]G,0.511550516978,0.801889999587,1.36874327516,1.31344051657,1.38256896481,0.276513792961,1.88029379214,2.62688103313,0.85719275818
T[T>C]T,0.416563931654,0.652992109078,1.11458997929,1.06955604073,1.12584846393,0.225169692786,1.53115391094,2.13911208146,0.698026047636
A[T>G]A,0.186178839533,0.291847910619,0.498154192264,0.478026750152,0.503186052791,0.100637210558,0.684333031796,0.956053500304,0.311975352731
A[T>G]C,0.102037520603,0.159950707972,0.273019311883,0.261988228574,0.27577708271,0.055155416542,0.375056832485,0.523976457149,0.17098179128
A[T>G]G,0.119778203475,0.187760427069,0.320487625515,0.307538630545,0.323724874257,0.0647449748515,0.44026582899,0.615077261089,0.20070942204
A[T>G]T,0.312232941988,0.489446233386,0.835434088021,0.801679175374,0.843872816183,0.168774563237,1.14766703001,1.60335835075,0.523201146033
C[T>G]A,0.0919974722252,0.144212253758,0.246155398657,0.236209725984,0.248641816825,0.049728363365,0.338152870882,0.472419451967,0.154157926431
C[T>G]C,0.270415156447,0.423894029025,0.72354325644,0.694309185473,0.730851774182,0.146170354836,0.993958412887,1.38861837095,0.453128099993
C[T>G]G,0.324395217612,0.508511422203,0.867976393071,0.832906639815,0.876743831384,0.175348766277,1.19237161068,1.66581327963,0.543581175458
C[T>G]T,0.625708126111,0.980839765255,1.67419201311,1.60654789137,1.69110304354,0.338220608708,2.29990013922,3.21309578273,1.048483887
G[T>G]A,0.0287284951546,0.0450338572694,0.0768681356841,0.0737623524241,0.077644581499,0.0155289162998,0.105596630839,0.147524704848,0.0481396405294
G[T>G]C,0.0739950751618,0.115992279983,0.19798682273,0.189987355145,0.199986689626,0.0399973379253,0.271981897892,0.37997471029,0.123991747568
G[T>G]G,0.105608304638,0.165548153216,0.282573571869,0.271156457854,0.285427850373,0.0570855700745,0.388181876507,0.542312915708,0.176965267231
G[T>G]T,0.24865464132,0.389782951259,0.665319175425,0.63843759258,0.672039571136,0.134407914227,0.913973816746,1.27687518516,0.416664534105
T[T>G]A,0.268081255073,0.420235480925,0.717298493304,0.688316735998,0.72454393263,0.144908786526,0.985379748377,1.376633472,0.44921723823
T[T>G]C,0.173709381285,0.272301192285,0.464789966142,0.446010573571,0.469484814285,0.093896962857,0.638499347427,0.892021147141,0.291080584857
T[T>G]G,0.125121861573,0.196136972196,0.334785521507,0.321258833769,0.338167193441,0.0676334386882,0.45990738308,0.642517667538,0.209663659933
T[T>G]T,0.778179964221,1.21984967364,2.08215720156,1.99802963786,2.10318909249,0.420637818498,2.86033716578,3.99605927573,1.30397723734
