,1,3,2,5,4,7,6,9,8
A[C>A]A,0.517722335725,0.312321264271,2.61906593367,2.4972489135,1.90545385008,1.82725530256,1.96429945025,2.69520157127,2.2840691282
A[C>A]C,0.384992616837,0.15676775482,1.9476097087,1.85702321063,1.51603995287,1.35879747119,1.46070728153,2.00422627,1.69849683899
A[C>A]G,0.266535385487,0.0895273486186,1.34835547952,1.28564127117,0.910075239621,0.940713125247,1.01126660964,1.38755185974,1.17589140656
A[C>A]T,0.459625127267,0.206466764835,2.32516240853,2.21701531976,1.38843765272,1.62220633153,1.7438718064,2.39275433901,2.02775791442
C[C>A]A,0.901826624515,0.523431434021,4.56218174755,4.34998724766,2.7719057741,3.18291749829,3.42163631066,4.69480330998,3.97864687286
C[C>A]C,0.502701817628,0.280579803465,2.54307978329,2.42479700268,2.61827786385,1.77424170928,1.90730983747,2.61700652118,2.21780213659
C[C>A]G,0.304030430864,0.144596244371,1.53803629731,1.46649972534,0.693320683883,1.07304857952,1.15352722298,1.58274665479,1.3413107244
C[C>A]T,0.603685991732,0.398077085572,3.05394089935,2.91189713659,2.18287768281,2.13065644141,2.29045567451,3.14271825107,2.66332055176
G[C>A]A,0.802729801537,0.650845720569,4.06086840777,3.87199080741,2.26932008164,2.83316400542,3.04565130583,4.178916908,3.54145500678
G[C>A]C,1.44511772891,0.424449404179,7.31059556977,6.97056786885,3.24875353876,5.10041551379,5.48294667733,7.52311288284,6.37551939224
G[C>A]G,0.567072601546,0.169143365472,2.86872021959,2.73529137216,1.47695941727,2.00143271134,2.15154016469,2.95211324922,2.50179088917
G[C>A]T,0.88803440666,0.475512751825,4.49240935134,4.28346007918,2.13736348755,3.13423908233,3.3693070135,4.62300264643,3.91779885291
T[C>A]A,0.589483481694,0.501764107634,2.98209290739,2.8433909117,1.904775516,2.08052993539,2.23656968054,3.0687816547,2.60066241924
T[C>A]C,0.892744459821,0.417054811819,4.5162366791,4.30617915914,2.9945793644,3.15086279937,3.38717750932,4.64752262907,3.93857849921
T[C>A]G,0.192592666972,0.120707299327,0.974292315271,0.92897639363,0.630164290905,0.679738824608,0.730719236453,1.0026147663,0.84967353076
T[C>A]T,1.31434997306,1.41500567868,6.64906456957,6.33980575238,2.19653789851,4.63888225784,4.98679842718,6.84235133032,5.7986028223
A[C>G]A,0.234681104018,0.0811500963889,1.18721029092,1.13199120762,0.698468760872,0.828286249477,0.890407718188,1.22172221798,1.03535781185
A[C>G]C,0.153340428427,0.0580114168827,0.775722167335,0.739642066529,0.431144986351,0.541201512094,0.581791625501,0.798272230339,0.676501890118
A[C>G]G,0.0209114175742,0.0493046723712,0.105787171258,0.100866837711,0.136055446092,0.0738050032032,0.0793403784434,0.108862379725,0.092256254004
A[C>G]T,0.141868555648,0.0684650145741,0.717687987396,0.684307150773,0.467104173699,0.500712549346,0.538265990547,0.738551010286,0.625890686683
C[C>G]A,0.213264874199,0.0714236855728,1.0788693636,1.0286893932,0.674547992743,0.752699555998,0.809152022698,1.1102318451,0.940874444997
C[C>G]C,0.239237079974,0.0782674317536,1.21025816928,1.15396709164,0.694989376025,0.844366164613,0.907693626959,1.2454400928,1.05545770577
C[C>G]G,0.0325132962663,0.0529484988219,0.164479028171,0.156828840814,0.270666449233,0.114752810352,0.123359271128,0.169260395269,0.14344101294
C[C>G]T,0.194292349712,0.0888760241448,0.982890710307,0.937174863316,0.658781646057,0.685737704865,0.73716803273,1.01146311468,0.857172131082
G[C>G]A,0.107915063066,0.0904895273058,0.545923260218,0.520531480673,0.413102371933,0.380876693175,0.409442445164,0.561793122434,0.476095866469
G[C>G]C,0.166448135481,0.0942547724,0.842031744197,0.802867477025,0.541243429833,0.587464007579,0.631523808148,0.866509411179,0.734330009474
G[C>G]G,0.0735568567604,0.0324672213208,0.372111157729,0.354803662021,0.294501182171,0.259612435625,0.279083368297,0.382928342547,0.324515544531
G[C>G]T,0.0924999390151,0.0488259976924,0.467940867959,0.446176176426,0.357394371391,0.326470372995,0.350955650969,0.481543800167,0.408087966243
T[C>G]A,0.148345536758,0.27085969284,0.750453891835,0.715549059656,0.355582240314,0.523572482675,0.562840418876,0.772269411946,0.654465603344
T[C>G]C,0.154038763871,0.114346327699,0.779254923114,0.743010508085,0.647372076272,0.543666225428,0.584441192335,0.801907682506,0.679582781785
T[C>G]G,0.0290847513365,0.0351533008646,0.147134624408,0.140291153505,0.144088896722,0.102652063541,0.110350968306,0.151411793722,0.128315079426
T[C>G]T,0.14001512991,0.395415696304,0.708311833664,0.675367097214,0.493205677704,0.494171046742,0.531233875248,0.728902293945,0.617713808428
A[C>T]A,0.415645304519,0.62630233846,2.10267624639,2.00487735121,1.22784780322,1.46698342771,1.57700718479,2.16380055588,1.83372928464
A[C>T]C,0.544479820188,0.468522050336,2.75442732566,2.62631442679,1.54328779668,1.92169348302,2.06582049424,2.83449788745,2.40211685377
A[C>T]G,0.451538876084,0.489930985131,2.28425549078,2.17801104935,1.76168325291,1.59366662147,1.71319161808,2.35065826667,1.99208327684
A[C>T]T,0.400655769672,0.273985713785,2.02684683481,1.932574889,0.985862556019,1.41407918708,1.52013512611,2.08576680094,1.76759898385
C[C>T]A,0.386146709235,0.694883025756,1.95344805848,1.86259000925,2.86359815534,1.36287073848,1.46508604386,2.01023433925,1.7035884231
C[C>T]C,0.610304624982,0.54274152416,3.08742339697,2.94382230874,3.34457972469,2.15401632346,2.31556754772,3.17717407711,2.69252040433
C[C>T]G,0.378206356731,0.419700251772,1.9132792164,1.82428948541,1.63458591587,1.33484596493,1.4349594123,1.96889779827,1.66855745616
C[C>T]T,0.477205305534,0.403130448689,2.414097428,2.3018138267,3.02679049003,1.68425401953,1.810573071,2.48427467881,2.10531752442
G[C>T]A,0.719418176325,0.53973132524,3.63940959788,3.47013473286,1.80147453197,2.53912297527,2.72955719841,3.74520638852,3.17390371908
G[C>T]C,1.05284928536,0.53695167868,5.32617873769,5.07844949408,3.32160703001,3.7159386542,3.99463405327,5.48100951495,4.64492331775
G[C>T]G,0.799135112078,0.391348864481,4.04268350816,3.85465171708,3.3060376329,2.82047686616,3.03201263112,4.16020337758,3.5255960827
G[C>T]T,0.774888316692,0.329899424301,3.92002324915,3.7376965864,2.44546907514,2.73489994127,2.94001743686,4.03397741337,3.41862492658
T[C>T]A,0.610975113981,1.75145185565,3.09081528249,2.94705643214,3.37159218046,2.15638275523,2.31811146187,3.18066456396,2.69547844403
T[C>T]C,0.874736306461,1.01089619979,4.42513660916,4.21931630176,7.02503798221,3.08730461104,3.31885245687,4.55377430128,3.8591307638
T[C>T]G,0.717664367052,1.00284336252,3.63053738626,3.46167518225,2.69651051508,2.53293306018,2.7229030397,3.73607626377,3.16616632523
T[C>T]T,0.594222830777,1.07532982977,3.00606843805,2.8662513014,2.66037274018,2.0972570498,2.25455132854,3.09345414846,2.62157131225
A[T>A]A,0.118288547723,0.0924694948811,0.59840088848,0.570568289016,0.468514431198,0.417488991963,0.44880066636,0.615796263145,0.521861239953
A[T>A]C,0.188232509352,0.0699628453083,0.95223504731,0.90794504511,0.445660201091,0.664350033007,0.714176285483,0.979916298685,0.830437541259
A[T>A]G,0.175697797628,0.109399160737,0.888824152707,0.847483494442,0.732299360284,0.620109873982,0.666618114531,0.914662064123,0.775137342477
A[T>A]T,0.14735764191,0.139501070868,0.745456306135,0.710783919803,0.528249099864,0.520085794978,0.559092229601,0.767126547593,0.650107243723
C[T>A]A,0.0902127187584,0.0750685268406,0.456370224307,0.435143702247,0.506846733863,0.318397830912,0.342277668231,0.469636800595,0.39799728864
C[T>A]C,0.179625989382,0.212342494587,0.90869618158,0.866431242902,0.686704570447,0.633974080172,0.681522136185,0.935111768254,0.792467600215
C[T>A]G,0.207460333891,0.1985472843,1.04950521851,1.0006910223,1.64851109431,0.732212943146,0.787128913882,1.08001409114,0.915266178932
C[T>A]T,0.162005108295,0.188784220071,0.819555253726,0.781436404716,0.707610995698,0.571782735158,0.614666440295,0.843379534358,0.714728418947
G[T>A]A,0.078259804985,0.0528172459011,0.395902542865,0.377488471104,0.428297315472,0.276211076418,0.296926907149,0.407411337716,0.345263845522
G[T>A]C,0.158501624778,0.0775214296277,0.801831748876,0.764537248928,0.383329802187,0.559417499216,0.601373811657,0.825140811343,0.69927187402
G[T>A]G,0.0779882706451,0.0854771605685,0.394528898558,0.376178717229,0.632138345668,0.275252719924,0.295896673918,0.405997761888,0.344065899905
G[T>A]T,0.0823275694474,0.0936151352243,0.41648064544,0.397109452629,0.324680098193,0.290567892167,0.31236048408,0.428587640947,0.363209865209
T[T>A]A,0.0846838623277,0.0928421149332,0.428400715305,0.408475100639,0.418526108828,0.29888421998,0.321300536478,0.44085422447,0.373605274975
T[T>A]C,0.203336917063,0.144369041551,1.02864558043,0.980801599949,0.510591050883,0.71765970728,0.771484185326,1.05854806824,0.8970746341
T[T>A]G,0.192332936695,0.0897437055774,0.972978385635,0.927723577001,0.669929100708,0.678822129513,0.729733789226,1.00126264103,0.848527661891
T[T>A]T,0.152561049356,0.132243978607,0.771779426155,0.735882708659,0.478911490749,0.538450762433,0.578834569616,0.794214874589,0.673063453042
A[T>C]A,0.406314869121,0.166372024462,2.05547522026,1.95987172164,1.58100557551,1.43405247925,1.5416064152,2.1152274069,1.79256559906
A[T>C]C,0.219452894839,0.187093901164,1.11017346801,1.05853749275,0.56217194071,0.774539628845,0.832630101008,1.14244595255,0.968174536056
A[T>C]G,0.33536057297,0.241210392919,1.69652995738,1.61762158727,1.17899107639,1.18362555166,1.27239746803,1.7458476887,1.47953193957
A[T>C]T,0.359127491069,0.145562174024,1.81676260188,1.73226201574,1.11696493122,1.26750879201,1.36257195141,1.86957546821,1.58438599001
C[T>C]A,0.252241336571,0.163043983216,1.27604440854,1.21669350581,0.65686899529,0.890263540839,0.957033306402,1.31313872274,1.11282942605
C[T>C]C,0.325124659608,0.373006216315,1.64474827802,1.56824835811,0.591285359231,1.14749879862,1.23356120851,1.69256072796,1.43437349827
C[T>C]G,0.330169449172,0.375157076354,1.67026897816,1.59258204895,1.01082468569,1.16530393825,1.25270173362,1.71882330893,1.45662992282
C[T>C]T,0.239500083474,0.352745689898,1.21158865757,1.15523569676,0.816480341264,0.84529441226,0.90869149318,1.24680925808,1.05661801533
G[T>C]A,0.678130370546,0.0794590902506,3.43054187453,3.27098178734,1.11020128679,2.39340130781,2.5729064059,3.53026692902,2.99175163476
G[T>C]C,0.529462680313,0.172718493833,2.67845826512,2.55387881092,1.10098470177,1.86869181287,2.00884369884,2.75632042398,2.33586476609
G[T>C]G,0.480333435118,0.191627718849,2.42992208354,2.31690245174,0.761290584609,1.69529447689,1.82244156265,2.50055935341,2.11911809611
G[T>C]T,0.56583031955,0.170831096666,2.86243573419,2.72929918842,0.930904232156,1.99704818665,2.14682680064,2.9456460753,2.49631023331
T[T>C]A,0.314481892209,0.107525798948,1.59090839588,1.51691265654,0.734284031659,1.10993609015,1.19318129691,1.63715573297,1.38742011269
T[T>C]C,0.369569389888,0.310461926425,1.86958632531,1.78262882181,0.669717282632,1.30436255254,1.40218974399,1.923934765,1.63045319068
T[T>C]G,0.244839644889,0.205982202271,1.2386005565,1.18099122829,0.563481603308,0.864139923138,0.928950417373,1.27460638663,1.08017490392
T[T>C]T,0.296419751429,0.166739543638,1.49953521311,1.42978938925,0.612967207865,1.04618735799,1.12465140983,1.54312635303,1.30773419748
A[T>G]A,0.0471336952152,0.0719714664276,0.238441046383,0.227350765156,0.0860437131896,0.166354218407,0.178830784787,0.24537247215,0.207942773008
A[T>G]C,0.106524009484,0.129811436224,0.538886165624,0.513821692804,0.0987876916809,0.375967092296,0.404164624218,0.554551461136,0.46995886537
A[T>G]G,0.0897896516294,0.110089216558,0.454230002361,0.433103025507,0.21094028816,0.31690465281,0.34067250177,0.467434362894,0.396130816012
A[T>G]T,0.362613547845,0.574926848984,1.83439794792,1.74907711313,0.171399229219,1.2798125218,1.37579846094,1.88772346966,1.59976565226
C[T>G]A,0.0532731881037,0.0811250725591,0.269499657466,0.256964789677,0.034648061877,0.188023016837,0.202124743099,0.277333949834,0.235028771046
C[T>G]C,0.169862124026,0.27832153025,0.85930250978,0.819334951185,0.22396718531,0.599513378916,0.644476882335,0.884282233901,0.749391723645
C[T>G]G,0.129986868139,0.230158540612,0.657580627057,0.626995481613,0.332038320926,0.458777181668,0.493185470293,0.67669634296,0.573471477085
C[T>G]T,0.544401432104,1.33219951316,2.75403077417,2.62593631956,0.449300378033,1.92141681919,2.06552308063,2.83408980831,2.40177102399
G[T>G]A,0.0144883338255,0.0299018384179,0.0732939240585,0.0698849043349,0.0249294008659,0.0511352958548,0.0549704430439,0.0754245613858,0.0639191198185
G[T>G]C,0.0314356069764,0.0538125982439,0.159027188234,0.151630574828,0.0711586755241,0.110949201093,0.119270391175,0.163650071613,0.138686501367
G[T>G]G,0.112263980707,0.113945655869,0.567923667109,0.541508612824,0.281777941147,0.396225814262,0.425942750331,0.584433076036,0.495282267827
G[T>G]T,0.191699208988,0.369793794303,0.969772468997,0.924666772765,0.359902580831,0.676585443486,0.727329351748,0.997963529142,0.845731804358
T[T>G]A,0.0795089072889,0.124246703907,0.402221530991,0.383513552805,0.118103933532,0.280619672784,0.301666148243,0.413914017357,0.350774590981
T[T>G]C,0.158871660903,0.232267758883,0.803703696335,0.766322129064,0.155287944657,0.560723509071,0.602777772251,0.82706717588,0.700904386339
T[T>G]G,0.113846433027,0.153602757256,0.575929014137,0.54914161813,0.270315029881,0.401810940095,0.431946760603,0.592671136641,0.502263675119
T[T>G]T,0.965738820801,1.3754239346,4.88550226993,4.65826960622,0.402747234575,3.40848995577,3.66412670245,5.02752268476,4.26061244471
