,1,3,2,5,4,7,6,9,8
A[C>A]A,1.79444108061,1.55270290394,1.65497674792,1.41323857125,1.23658374985,1.54340528176,0.492773975503,0.762405018703,1.64567912574
A[C>A]C,1.19037791717,1.03001612522,1.09786149874,0.937499706789,0.820312243441,1.02384836399,0.32689134513,0.505756420768,1.09169373751
A[C>A]G,0.172703885603,0.14943807718,0.159281303821,0.136015495397,0.119013558473,0.148543238395,0.047426455632,0.0733767804118,0.158386465035
A[C>A]T,1.48515245212,1.28508010106,1.36972609574,1.16965374468,1.02344702659,1.27738501063,0.407839792552,0.630997414891,1.36203100531
C[C>A]A,2.36699792226,2.04812773584,2.18303435317,1.86416416675,1.63114364591,2.0358634979,0.650004610776,1.00566751101,2.17077011523
C[C>A]C,1.60336187211,1.38736493597,1.47874825511,1.26275131897,1.1049074041,1.37905736151,0.440301446746,0.681221106286,1.47044068064
C[C>A]G,0.526153655994,0.455272852596,0.485260884803,0.414380081405,0.362582571229,0.45254666785,0.144487791542,0.223547149179,0.482534700057
C[C>A]T,4.70124669785,4.06791812715,4.33586483014,3.70253625944,3.23971922701,4.04355933597,1.29101593257,1.9974208768,4.31150603896
G[C>A]A,2.79334539496,2.41703979771,2.57624601193,2.19994041468,1.92494786285,2.40256650551,0.767084486698,1.18680996055,2.56177271973
G[C>A]C,1.75449849471,1.51814118454,1.61813850807,1.3817811979,1.20905854816,1.50905051876,0.481805286111,0.745434593605,1.60904784229
G[C>A]G,0.343723475144,0.297418758285,0.317009215417,0.270704498559,0.236866436239,0.295637807636,0.0943903843659,0.14603795317,0.315228264769
G[C>A]T,3.04042656956,2.63083542547,2.80412398643,2.39453284235,2.09521623705,2.61508191993,0.834935793714,1.29178745442,2.78837048089
T[C>A]A,2.23162276676,1.93098964792,2.05818058281,1.75754746398,1.53785403098,1.91942683566,0.612829049939,0.948150605566,2.04661777055
T[C>A]C,1.73661705837,1.50266864636,1.60164682067,1.36769840866,1.19673610758,1.49367063051,0.476894839863,0.737837299411,1.59264880483
T[C>A]G,0.382626825233,0.331081242559,0.352888989075,0.301343406401,0.263675480601,0.329098720149,0.105073687758,0.162566837664,0.350906466665
T[C>A]T,4.20224272675,3.63613748895,3.87564355109,3.30953831329,2.89584602413,3.61436421057,1.15398375398,1.78540882691,3.85387027272
A[C>G]A,0.599876835087,0.519064411707,0.553254283137,0.472441859758,0.413386627288,0.515956241577,0.164733016889,0.254869950659,0.550146113007
A[C>G]C,0.429691058027,0.371805216013,0.396295379942,0.338409537928,0.296108345687,0.369578837474,0.117998062567,0.182563040198,0.394069001403
A[C>G]G,0.0826590603382,0.0715236428833,0.0762347810373,0.0650993635824,0.0569619431346,0.0710953575966,0.0226991201965,0.0351193935116,0.0758064957506
A[C>G]T,0.604824034357,0.5233451489,0.557816985055,0.476338099597,0.416795837148,0.520211345613,0.166091574202,0.25697186952,0.554683181768
C[C>G]A,0.613883176546,0.531183888514,0.566172048836,0.483472760803,0.423038665703,0.528003146667,0.168579317912,0.260820831486,0.562991306988
C[C>G]C,0.416375422098,0.360283396323,0.384014637997,0.327922612222,0.286932285695,0.358126010716,0.114341437156,0.176905619752,0.38185725239
C[C>G]G,0.145578687598,0.125967050927,0.134264281826,0.114652645155,0.100321064511,0.125212757209,0.0399775670606,0.0618520848862,0.133509988108
C[C>G]T,0.437264474842,0.378358379786,0.403280189233,0.344374094176,0.301327332404,0.376092760745,0.120077809154,0.185780761332,0.401014570192
G[C>G]A,0.328595539741,0.284328783092,0.303057026289,0.25879026964,0.226441485935,0.282626215528,0.0902360808614,0.139610540201,0.301354458726
G[C>G]C,0.403097436579,0.348794154967,0.371768620264,0.317465338653,0.277782171321,0.346705567213,0.110695150978,0.171264195852,0.36968003251
G[C>G]G,0.03733913073,0.0323089887664,0.034437125751,0.0294069837873,0.0257311108139,0.0321155217678,0.0102537509259,0.0158642938853,0.0342436587524
G[C>G]T,0.607578594565,0.525728628458,0.560357460272,0.478507494165,0.418694057394,0.522580552838,0.166848007834,0.258142200799,0.557209384653
T[C>G]A,0.721485662934,0.624290703161,0.66541164768,0.568216687907,0.497189601918,0.620552435477,0.198128187231,0.306537950055,0.661673379997
T[C>G]C,0.559367324207,0.484012140635,0.515893179838,0.440537996266,0.385470746733,0.481113864344,0.153608643435,0.237658655881,0.512994903547
T[C>G]G,0.0743050537154,0.0642950464791,0.0685300495406,0.0585200423043,0.0512050370163,0.0639100462008,0.0204050147509,0.0315700228221,0.0681450492623
T[C>G]T,1.14133889593,0.987583396998,1.05263380039,0.89887830146,0.786518513777,0.981669723962,0.313424670904,0.484921188945,1.04672012736
A[C>T]A,3.02261881105,2.61542663961,2.78770025061,2.38050807917,2.08294456927,2.59976540225,0.830045580237,1.28422146376,2.77203901324
A[C>T]C,1.84943631249,1.60028945174,1.70569773898,1.45655087823,1.27448201845,1.59070688017,0.507876293067,0.785770868518,1.69611516741
A[C>T]G,3.84732348797,3.32903120462,3.54830870911,3.03001642576,2.65126437254,3.30909688603,1.0565188853,1.63461412442,3.52837439052
A[C>T]T,1.87919740024,1.62604127378,1.73314578882,1.47998966236,1.29499095457,1.61630449969,0.516049027009,0.79841547575,1.72340901473
C[C>T]A,2.54126202306,2.19891584379,2.34375461194,2.00140843267,1.75123237858,2.18574868305,0.697859519286,1.07970718078,2.3305874512
C[C>T]C,1.75825752945,1.52139382082,1.62160538986,1.38474168123,1.21164897107,1.51228367818,0.482837559901,0.747031696451,1.61249524722
C[C>T]G,3.51638506894,3.04267516328,3.24309089259,2.76938098693,2.42320836357,3.02445555152,0.965639423076,1.494008164,3.22487128084
C[C>T]T,2.0267143408,1.75368546587,1.86919768219,1.59616880726,1.39664770636,1.7431843553,0.556558860427,0.861091067076,1.85869657162
G[C>T]A,3.75261554907,3.24708184816,3.46096149085,2.95542778994,2.5859993162,3.22763824428,1.0305110057,1.59437551826,3.44151788697
G[C>T]C,4.56251345204,3.94787433415,4.20791396095,3.59327484306,3.14411548767,3.92423436807,1.25291820186,1.93847721796,4.18427399487
G[C>T]G,4.33161626644,3.74808246889,3.99496215247,3.41142835492,2.98499981056,3.72563886129,1.1895112027,1.84037582305,3.97251854487
G[C>T]T,3.24986191686,2.81205668454,2.99728197513,2.55947674281,2.23954214996,2.79521802175,0.892449127428,1.3807703481,2.98044331235
T[C>T]A,5.37412394561,4.65014869905,4.95644591875,4.23247067219,3.70341183817,4.62230349726,1.47579569491,2.28330654684,4.92860071696
T[C>T]C,2.62630867732,2.27250543582,2.42219142261,2.0683881811,1.80983965846,2.25889761883,0.721214299989,1.11584099244,2.40858360562
T[C>T]G,2.20295177493,1.9061810695,2.03173790641,1.73496720098,1.51809630086,1.8947668116,0.604955668763,0.935969147897,2.02032364851
T[C>T]T,3.73604600299,3.23274446891,3.44567973333,2.94237819925,2.57458092434,3.2133867176,1.02596081947,1.58733560749,3.42632198202
A[T>A]A,9.65906732218,8.35784581764,8.90836260802,7.60714110348,6.65624846554,8.30779883669,2.65248999003,4.1038524374,8.85831562708
A[T>A]C,1.08161303675,0.935903508487,0.99754984737,0.851840319102,0.745360279214,0.930299295862,0.297023269161,0.459545435305,0.991945634744
A[T>A]G,1.08094115929,0.935322143014,0.996930188362,0.851311172084,0.744897275574,0.929721411618,0.29683876395,0.459259974414,0.991329456967
A[T>A]T,1.34043928945,1.15986197585,1.23626007006,1.05568275646,0.923722411901,1.15291669455,0.368099908502,0.569513065984,1.22931478877
C[T>A]A,20.7811578727,17.9816236515,19.1660419759,16.3665077547,14.3206942854,17.8739492584,5.70674283552,8.82930023608,19.0583675828
C[T>A]C,1.24174014971,1.07445909327,1.14523184792,0.977950791483,0.855706942548,1.06802520649,0.340995999662,0.527578716458,1.13879796114
C[T>A]G,2.59560666166,2.24593944299,2.39387557397,2.0442083553,1.78868231089,2.23249070381,0.712783176519,1.10279661273,2.38042683479
C[T>A]T,1.82410021715,1.57836650914,1.68233077022,1.43659706221,1.25702242943,1.56891521268,0.500918712481,0.775006309876,1.67287947376
G[T>A]A,7.45883269399,6.45401585438,6.87913067114,5.87431383154,5.14002460259,6.41536905286,2.04828048073,3.16903772491,6.84048386962
G[T>A]C,0.638863187253,0.552798716431,0.589210607933,0.503146137111,0.440252869972,0.549488544477,0.175439113598,0.271434100284,0.585900435978
G[T>A]G,1.05785693907,0.915347714114,0.975640078517,0.833130853565,0.72898949687,0.909866590078,0.290499573941,0.449452171002,0.970158954481
G[T>A]T,0.728756440054,0.630581997352,0.672117338495,0.573942895794,0.50220003382,0.626806057248,0.200124825507,0.30962708852,0.668341398391
T[T>A]A,4.31700720152,3.73544146452,3.9814885071,3.39992277011,2.97493242384,3.71307355156,1.18549938694,1.83416886282,3.95912059414
T[T>A]C,0.636572514673,0.550816631867,0.5870979669,0.501342084095,0.438674323583,0.547518328682,0.174810068796,0.270460861156,0.583799663716
T[T>A]G,0.94071767952,0.813988872953,0.867604906501,0.740876099933,0.648266587441,0.809114688085,0.258331798003,0.399683159174,0.862730721633
T[T>A]T,1.16057266341,1.00422608699,1.07037271547,0.914026139056,0.799772871674,0.998212757127,0.318706482697,0.493093048701,1.06435938561
A[T>C]A,2.817374113,2.43783148638,2.59840721303,2.2188645864,1.9415065131,2.42323369305,0.773683046575,1.19701905319,2.58380941969
A[T>C]C,1.43821121113,1.24446255056,1.32643313772,1.13268447716,0.991098917513,1.237010679,0.394949192693,0.61105346794,1.31898126616
A[T>C]G,2.88944829418,2.50019619237,2.6648797739,2.2756276721,1.99117421309,2.48522495769,0.793475438297,1.22764124416,2.64990853922
A[T>C]T,2.11611897777,1.83104595486,1.95165377224,1.66658074933,1.45825815566,1.82008160782,0.581110392859,0.899076456875,1.94068942521
C[T>C]A,1.7259108451,1.49340472089,1.59177269652,1.35926657231,1.18935825077,1.48446217765,0.47395479166,0.733288545586,1.58283015328
C[T>C]C,1.76304528519,1.52553659392,1.62602104023,1.38851234896,1.21494830534,1.51640164426,0.484152332202,0.749065872464,1.61688609056
C[T>C]G,2.82427304044,2.44380102463,2.60476995439,2.22429793858,1.94626069626,2.42916748556,0.775577570691,1.19995020371,2.59013641533
C[T>C]T,2.36500052902,2.04639942148,2.18119219775,1.86259109021,1.62976720393,2.03414553273,0.649456103823,1.00481887761,2.16893830899
G[T>C]A,3.62661640414,3.1380566813,3.34475502558,2.85619530274,2.4991708899,3.11926592273,0.995910204246,1.5408422028,3.32596426701
G[T>C]C,1.94372792733,1.68187856925,1.79266098997,1.53081163189,1.3394601779,1.67180744009,0.53376984533,0.825832590887,1.78258986082
G[T>C]G,2.58875590991,2.24001159044,2.38755726406,2.03881294459,1.78396132652,2.22659834739,0.710901881997,1.09988593064,2.37414402101
G[T>C]T,2.79876151751,2.42172628717,2.58124119232,2.20420596198,1.92868021673,2.40722493216,0.76857181569,1.18911111107,2.5667398373
T[T>C]A,1.69274677772,1.46470835171,1.56118614733,1.33314772131,1.16650425615,1.45593764301,0.464847560721,0.719198112814,1.55241543864
T[T>C]C,1.78683877243,1.54612474091,1.6479652927,1.40725126119,1.23134485354,1.53686650893,0.490686295019,0.759175022482,1.63870706072
T[T>C]G,1.37975065584,1.1938775105,1.27251614891,1.08664300357,0.95081262812,1.18672854337,0.378895257822,0.586215304555,1.26536718178
T[T>C]T,1.799983811,1.55749894527,1.66008869615,1.41760383042,1.24040335162,1.54817260428,0.49429607245,0.764759961149,1.65076235516
A[T>G]A,0.737807064,0.638413366259,0.680464546072,0.581070848331,0.50843699229,0.63459053173,0.20261023001,0.313472431337,0.676641711544
A[T>G]C,0.323601054776,0.280007130298,0.298450713731,0.254856789253,0.222999690597,0.278330440895,0.0888645383581,0.137488531045,0.296774024328
A[T>G]G,0.419212324274,0.362738125149,0.386631055548,0.330156856423,0.28888724937,0.360566040567,0.115120482832,0.178110935702,0.384458970966
A[T>G]T,0.734507821118,0.635558580967,0.677421721031,0.57847248088,0.50616342077,0.631752840961,0.201704220307,0.312070680475,0.673615981025
C[T>G]A,0.398390525025,0.344721335125,0.367427530852,0.313758340952,0.274538548333,0.342657135514,0.109402579411,0.169264368145,0.365363331241
C[T>G]C,0.544047538162,0.470756159964,0.50176405074,0.428472672542,0.374913588474,0.467937260802,0.149401655557,0.23114973124,0.498945151578
C[T>G]G,0.902592779363,0.780999969708,0.832443081485,0.71085027183,0.621993987851,0.776323323183,0.247862265835,0.383485015066,0.82776643496
C[T>G]T,2.97930353182,2.57794657935,2.74775144386,2.34639449138,2.05309517996,2.56250977349,0.818150710812,1.26581808088,2.73231463799
G[T>G]A,0.210333176057,0.181998136795,0.193986038021,0.16565099876,0.144944623915,0.180908327593,0.0577598877254,0.089364354594,0.192896228819
G[T>G]C,0.165257819527,0.142995108088,0.152413947543,0.130151236104,0.113882331591,0.142138849955,0.0453816810099,0.0702131668455,0.15155768941
G[T>G]G,0.80344080734,0.695205258165,0.740997221277,0.632761672102,0.553666463089,0.691042352427,0.220634004088,0.341358270476,0.73683431554
G[T>G]T,1.12202744407,0.970873487872,1.03482323857,0.883669282375,0.773210622078,0.965059874172,0.308121526091,0.476716323386,1.02900962487
T[T>G]A,0.983781937035,0.851251727901,0.907322200996,0.774791991862,0.677942992879,0.846154412165,0.270157734004,0.417979890346,0.90222488526
T[T>G]C,0.442217419574,0.382644088439,0.407848190073,0.348274858939,0.304740501572,0.380352806473,0.121437944235,0.18788512127,0.405556908106
T[T>G]G,0.611246862105,0.528902725241,0.563740629299,0.481396492435,0.421221930881,0.525735643054,0.167855355915,0.25970073934,0.560573547112
T[T>G]T,1.71579105364,1.4846482174,1.58243941735,1.35129658111,1.18238450847,1.47575810832,0.471175781571,0.728988945072,1.57354930826
