,1,3,2,5,4,7,6,9,8
A[C>A]A,0.450939168114,1.04579509201,1.7749733213,1.78456777168,0.527694771197,0.671415155522,0.24297680268,1.65024546629,0.863928546985
A[C>A]C,0.380592504022,0.882650700816,1.49807687753,1.50617459038,0.445374206834,0.572018395034,0.235300740492,1.39280661046,0.66075208827
A[C>A]G,0.0598313172758,0.13875773581,0.235506248852,0.236779255602,0.0700153712802,0.10489965055,0.0383378732665,0.218957161094,0.446693200043
A[C>A]T,0.5143057659,1.19275166985,2.02439503599,2.03533771186,0.601847172862,0.773968956197,0.723143471762,1.88214024968,0.770736175807
C[C>A]A,0.470279458017,1.09064810476,1.85109999432,1.86110594024,0.550327025339,0.741941639974,0.502832325927,1.72102269743,1.56180042335
C[C>A]C,0.477418603478,1.10720484636,1.87920088603,1.88935872866,0.558681344496,0.580143093239,0.548843340698,1.74714893188,1.21810365559
C[C>A]G,0.0933013338665,0.21637968918,0.367249931177,0.36923506594,0.109182411971,0.244385483624,0.144140451003,0.341443179256,0.477993856747
C[C>A]T,1.39927564111,3.24512861449,5.50778709798,5.53755892013,1.63745021832,1.60386418962,3.31492374705,5.12075341002,1.2772519779
G[C>A]A,0.325865697681,0.755731086112,1.28266285257,1.28959616529,0.381332199414,0.598412973365,0.353809636829,1.19252978726,1.2222334123
G[C>A]C,0.373433780013,0.866048553648,1.46989892133,1.4778443209,0.436996976611,0.802319407965,0.391549519095,1.36660872686,2.16667477924
G[C>A]G,0.0529253730403,0.122741822583,0.208323276861,0.209449348628,0.0619339471748,0.0671152055488,0.0794201255592,0.193684343892,0.895460290357
G[C>A]T,0.829394044336,1.92348831559,3.26463613196,3.28228281375,0.970567498691,1.16905146136,1.76676221769,3.03522926863,1.38430103332
T[C>A]A,0.478531739155,1.10978637378,1.88358237752,1.89376390389,0.559983950075,1.08566586944,0.600220796055,1.75122253478,0.845622569852
T[C>A]C,0.474343757451,1.10007382047,1.86709776869,1.87719018906,0.555083120422,0.758035421975,0.696185830344,1.73589630386,1.54350205333
T[C>A]G,0.0689108934714,0.159814625285,0.271245006217,0.27271119544,0.0806404072538,0.124699541863,0.0803842640813,0.252184546321,0.296606349438
T[C>A]T,1.44522002295,3.35168047876,5.68863200523,5.71938136742,1.69121492047,5.88738278951,1.72105141858,5.28889029675,1.12825328597
A[C>G]A,0.244181163967,0.566292486648,0.961138624127,0.966333968041,0.285743915281,0.613409304772,0.154152705118,0.893599153242,0.369774969732
A[C>G]C,0.125244062669,0.290459634699,0.492981948802,0.495646716092,0.146562200995,0.343929363807,0.0830862972526,0.458339974021,0.208444506284
A[C>G]G,0.0362445015038,0.0840563971045,0.142664527196,0.143435686802,0.0424137783555,0.214207911925,0.0215737847079,0.132639452312,0.0155820111578
A[C>G]T,0.243295162881,0.564237718172,0.957651173044,0.962827665871,0.284707105499,0.651459335371,0.138847433998,0.890356766289,0.22050581644
C[C>G]A,0.135210738381,0.313573840075,0.532212480861,0.535089305082,0.158225332148,0.400859598525,0.117219953449,0.49481376599,0.30812046801
C[C>G]C,0.128576955531,0.298189109635,0.506100782407,0.508836462312,0.15046239477,0.326370864742,0.0934861168869,0.470536943644,0.376168502319
C[C>G]G,0.0348924908391,0.0809208830097,0.13734278309,0.138085176512,0.0408316382159,0.162405577851,0.0304301548889,0.127691668602,0.0612604798696
C[C>G]T,0.190699814815,0.442261272656,0.750626930656,0.754684373524,0.223159357762,0.59017925569,0.101175573345,0.697880173366,0.247828902823
G[C>G]A,0.102683138359,0.238137491087,0.404178310561,0.406363058185,0.120161119356,0.444611118519,0.0849922076371,0.37577659144,0.160221982051
G[C>G]C,0.100739746517,0.233630475964,0.39652878948,0.398672188342,0.117886937413,0.586071611853,0.0800922195842,0.368664604273,0.224793267574
G[C>G]G,0.0112899261688,0.0261830202639,0.0444390710901,0.0446792822852,0.0132116157295,0.0683531892473,0.012002372284,0.0413163255541,0.12569565974
G[C>G]T,0.152531348465,0.353742914526,0.600389350342,0.603634698182,0.178494131183,0.46051161949,0.0841067393788,0.558199828426,0.10002760538
T[C>G]A,0.325385565096,0.754617587137,1.28077296899,1.28769606612,0.380770342133,0.412322167799,1.54489811619,1.19077270631,0.231059626739
T[C>G]C,0.164335448112,0.381118379665,0.646852295762,0.650348794658,0.19230743928,0.513175659045,0.320143147876,0.601397810114,0.227826253893
T[C>G]G,0.0264209522464,0.0612741232949,0.103997365225,0.104559513145,0.0309181356075,0.0979161285842,0.077227204015,0.0966894422635,0.0527216476707
T[C>G]T,0.645228995016,1.49638213738,2.53973115059,2.55345942708,0.755055206934,0.821706064171,2.16721608255,2.36126355623,0.331278715517
A[C>T]A,0.864149205155,2.00409070983,3.40143836071,3.41982451402,1.01123843156,2.4589788996,1.2009190236,3.1624183678,1.03630382518
A[C>T]C,1.09023330283,2.52841340443,4.29134385156,4.31454030481,1.27580492884,2.3402218167,1.05080151496,3.98978995929,2.17541870763
A[C>T]G,1.45336835775,3.37057768074,5.72070523795,5.75162796897,1.70075020588,2.82848746091,1.77265219943,5.31870973475,1.04338380961
A[C>T]T,0.912839279584,2.11701024414,3.59309078134,3.61251289367,1.06821617824,1.40742090533,0.887139794187,3.34060332103,1.48017266559
C[C>T]A,0.849053640964,1.96908184819,3.3420196506,3.36008462169,0.993573409639,2.91305469027,0.784667717448,3.10717502651,1.5582988898
C[C>T]C,1.57716974552,3.65769153749,6.20800857281,6.24156537591,1.84562417029,3.52910946341,0.843428038264,5.77177013256,3.68500833301
C[C>T]G,1.03693057309,2.40479643547,4.08153523451,4.10359758713,1.21342939404,2.80428846563,1.31907035933,3.79472465046,0.933362787687
C[C>T]T,1.61409693411,3.74333118761,6.35336027255,6.38770276051,1.88883683779,2.6855551997,0.94293117145,5.90690792907,3.3627970677
G[C>T]A,1.20644436646,2.79792416902,4.74877037862,4.77443940769,1.41179659905,2.79219836365,1.84799442427,4.41507300066,1.73587811644
G[C>T]C,1.76893701298,4.10242839179,6.96283717873,7.00047413645,2.07003267476,4.44995420646,2.09451476021,6.47355672833,3.16903543704
G[C>T]G,1.53448155734,3.55869127128,6.03998059805,6.07262914182,1.79566990753,1.77376399894,2.58928668612,5.615549529,1.27257080404
G[C>T]T,1.59504401117,3.69914462165,6.27836472482,6.31230183144,1.86654086413,2.57450092276,1.82726197704,5.83718233875,2.81110516712
T[C>T]A,2.73539589756,6.34379048582,10.7669838521,10.8251837648,3.20099519927,3.47478074325,6.15165645381,10.0103849868,1.40669155846
T[C>T]C,1.75424971415,4.06836635835,6.9050254706,6.9423499326,2.05284541018,5.36477843116,2.35450750344,6.41980746455,3.23588014886
T[C>T]G,1.16021192163,2.69070424378,4.56679160641,4.59147696645,1.35769480191,5.35579787363,1.36429809734,4.24588192596,0.571379801977
T[C>T]T,2.20041560156,5.10309150149,8.66121034657,8.7080276998,2.57495442736,3.124976634,3.7155996108,8.05258475465,1.99368684283
A[T>A]A,0.168905094955,0.391716071279,0.664839203546,0.668432928971,0.197654898352,0.868270893459,0.227686627534,0.618120773027,0.289712592953
A[T>A]C,0.189429938591,0.439316240562,0.745628481688,0.749658905914,0.221673332394,1.78274611814,0.230793248109,0.693232966759,0.206246578943
A[T>A]G,0.159932862273,0.3709081274,0.629522968523,0.63292579538,0.187155477129,0.539472653339,0.136393865673,0.585286219384,0.444741065805
A[T>A]T,0.261058525418,0.6054336015,1.02757079154,1.03312522825,0.305494019106,0.936942071913,0.276288535036,0.955363114294,0.197195445739
C[T>A]A,0.123468767397,0.286342460559,0.485994084435,0.488621079486,0.144484727805,0.386105079036,0.213990009618,0.451843148772,0.46255333712
C[T>A]C,0.229836919444,0.533026047221,0.90467723611,0.909567383332,0.268958097222,1.20001374654,0.278396242768,0.841105322221,0.423931764932
C[T>A]G,0.160476887326,0.372169802523,0.631664343731,0.635078745589,0.18779210219,0.828412847798,0.506946792495,0.587277119577,1.09108210879
C[T>A]T,0.234176020997,0.543089069971,0.92175667839,0.926739146922,0.274035769251,0.803909789136,0.375238296622,0.856984587477,0.468102392382
G[T>A]A,0.081189089712,0.188289591034,0.319574076526,0.321301503967,0.0950085092374,0.212039550765,0.281873911198,0.297117519797,0.360921449544
G[T>A]C,0.117141933166,0.271669589682,0.461090587993,0.46358296955,0.13708098562,0.997663166501,0.18201320972,0.428689627756,0.194505140519
G[T>A]G,0.102742679996,0.238275577012,0.40441267658,0.406598691048,0.12023079574,0.513448361878,0.308875133538,0.375994488496,0.3530448239
G[T>A]T,0.157026572549,0.364168008678,0.618083317481,0.621424308386,0.183754499792,0.622315683104,0.218777353758,0.574650435712,0.200901172401
T[T>A]A,0.211855669923,0.491324851524,0.833899977357,0.838407544803,0.247916209485,0.618145474191,0.22169512829,0.77530160057,0.291413013716
T[T>A]C,0.185332141429,0.429812838634,0.729498854563,0.733442091614,0.216878037843,0.902327100036,0.136688943434,0.678236772891,0.341074009788
T[T>A]G,0.153001986667,0.354834394612,0.602241862414,0.605497223833,0.179044878015,0.413923783539,0.119015957475,0.559922163974,0.535943748855
T[T>A]T,0.296661112737,0.688001304008,1.16770863524,1.17402057381,0.347156621288,1.00891838902,0.226962856516,1.08565343385,0.301652547993
A[T>C]A,0.598037834017,1.38693880655,2.35397870837,2.3667029176,0.699831507893,2.04495757953,0.694536327043,2.18856398832,0.598991854708
A[T>C]C,0.367006706605,0.851143213191,1.44460086643,1.45240951976,0.429475933262,1.64508464701,0.451674758911,1.34308837311,0.258751446929
A[T>C]G,0.593045705113,1.37536131611,2.33432883927,2.346946833,0.693989654919,1.98171785649,0.851012283283,2.17029492084,0.528020618932
A[T>C]T,0.513056429433,1.18985427251,2.019477435,2.03039352924,0.600385183379,1.69328297594,0.501032152856,1.87756820984,0.513210417442
C[T>C]A,0.328778288231,0.762485817387,1.29412730474,1.30112258747,0.384740550058,1.9760164129,0.382715644362,1.20318862927,0.304610462024
C[T>C]C,0.417282499815,0.967740265527,1.64249494608,1.65137329714,0.488309308294,2.19332440614,0.462927426872,1.5270763823,0.381181324173
C[T>C]G,0.460955008282,1.06902331708,1.81439737302,1.82420492639,0.539415435223,2.43795952194,0.836838594369,1.68689917924,0.33915169434
C[T>C]T,0.428037856366,0.992683539232,1.68482986016,1.6939370486,0.500895363833,1.72346425294,0.392488001494,1.56643641053,0.399283455742
G[T>C]A,0.602586336877,1.39748746212,2.37188238983,2.38470337572,0.705154224005,7.43035527175,0.863016128621,2.20520957325,0.510218617807
G[T>C]C,0.423902338572,0.983092657539,1.66855175821,1.6775709569,0.496055928116,4.00929333159,0.625672579791,1.5513021752,0.395757828192
G[T>C]G,0.493309457128,1.1440581027,1.94174999082,1.95224593672,0.577277024299,5.03649344107,0.766981850997,1.80530269417,0.412085636808
G[T>C]T,0.56394768739,1.30787867927,2.21979408866,2.23179297563,0.659938783116,5.64321665102,0.69435533491,2.06380855811,0.549942888705
T[T>C]A,0.444493706074,1.03084710558,1.74960288561,1.75906019851,0.520152209236,2.64078861894,0.421680452985,1.62665781797,0.349744416813
T[T>C]C,0.392627692933,0.910562096377,1.54544942963,1.55380321033,0.459457938539,3.07119913281,0.485700300433,1.43685028052,0.267517969941
T[T>C]G,0.352022509377,0.816392628129,1.38562051563,1.39311035626,0.411941234377,2.15806570509,0.421697023884,1.28825258751,0.26499795663
T[T>C]T,0.453421170873,1.05155122607,1.78474290663,1.79439016558,0.530599242511,2.50064847994,0.426388091144,1.65932854022,0.289210615173
A[T>G]A,0.1567097461,0.363433240956,0.616836234651,0.620170484568,0.183383745437,0.549656209767,0.0636710889283,0.573490985729,0.0828418436403
A[T>G]C,0.0657375097482,0.152455075799,0.258754027732,0.260152698152,0.0769268731096,0.783683527399,0.0791261059726,0.24057131227,0.0520369751527
A[T>G]G,0.117794663953,0.273183369593,0.463659847474,0.46616611692,0.137844819519,0.652107923026,0.117338856442,0.431078344678,0.0779805825327
A[T>G]T,0.216092424333,0.501150516006,0.850576563864,0.85517427502,0.252874113581,3.10985720206,0.222393454591,0.790806318836,0.12430821695
C[T>G]A,0.104209333492,0.241676964906,0.410185674381,0.412402894243,0.121947092384,0.568688559347,0.0222371015098,0.381361816182,0.0337429644932
C[T>G]C,0.122248665618,0.283512862816,0.481191556155,0.483792591594,0.143056949127,1.27543036463,0.170607821144,0.447378095452,0.118225222411
C[T>G]G,0.186520163401,0.432568038527,0.734175111261,0.738143625376,0.218268276321,1.05300463643,0.252633369525,0.682584427767,0.145520283008
C[T>G]T,0.387109991606,0.897765725214,1.52373081802,1.53196720082,0.453001054007,4.36657305187,0.3926627075,1.41665784162,0.461786059117
G[T>G]A,0.0527410899588,0.12231444267,0.207597907285,0.208720058135,0.0617182967603,0.2031263401,0.0480825669803,0.193009946232,0.0248408932036
G[T>G]C,0.0533731467848,0.123780276586,0.210085790536,0.211221389404,0.0624579377269,0.212585231758,0.065048339074,0.195323005255,0.0365577878941
G[T>G]G,0.179056281117,0.415258183868,0.704796000142,0.708605708251,0.209533945988,0.630991562008,0.156446745189,0.655269794727,0.175109644744
G[T>G]T,0.19215358685,0.445632786524,0.756349224834,0.760437599022,0.224860580356,1.34857562958,0.207819812867,0.703200360386,0.160755056345
T[T>G]A,0.252187639517,0.584860695902,0.992653474695,0.998019169153,0.29511319518,0.9535674038,0.0573137141402,0.922899446744,0.120876421798
T[T>G]C,0.127248918317,0.295109193543,0.500873401884,0.503580825678,0.148908308668,1.33077838036,0.107173188436,0.465676892563,0.061203805681
T[T>G]G,0.135555380206,0.314373115798,0.533569049748,0.536453206774,0.158628636412,0.869070865495,0.12565175284,0.496075008414,0.110187246843
T[T>G]T,0.471963796991,1.0945543377,1.85772983922,1.86777162213,0.552298060309,7.90110403732,0.394178309082,1.72718666133,0.196130521783
