,1,3,2,5,4,7,6,9,8
A[C>A]A,0.777393758723,0.558349108475,0.674313923312,0.0987848422687,0.150324759974,0.0987848422687,0.575529081043,0.103079835411,0.790278738149
A[C>A]C,0.663989515479,0.476898547029,0.575946706796,0.0843743583205,0.128395762662,0.0843743583205,0.491572348476,0.0880428086822,0.674994866564
A[C>A]G,0.0644671818863,0.04630239583,0.0559190472716,0.00819196233915,0.0124660296465,0.00819196233915,0.0477270849324,0.00854813461476,0.0655356987132
A[C>A]T,0.604930612929,0.434480550723,0.52471881895,0.0768696358971,0.116975532887,0.0768696358971,0.447849183053,0.0802117939796,0.614957087177
C[C>A]A,1.08800160832,0.781437619233,0.943736201689,0.138254348018,0.210387051332,0.138254348018,0.805481853671,0.144265406628,1.10603478414
C[C>A]C,1.49683877622,1.07507757408,1.29836291639,0.190206032338,0.289443962253,0.190206032338,1.10815688406,0.198475859831,1.5216482587
C[C>A]G,0.393061332423,0.282309244282,0.340942702709,0.0499470201421,0.0760063349989,0.0499470201421,0.290995682567,0.0521186297135,0.399576161137
C[C>A]T,2.98067151496,2.14081379527,2.58544435275,0.378759363779,0.576372944881,0.378759363779,2.20668498897,0.395227162204,3.03007491023
G[C>A]A,0.592430490598,0.425502562308,0.513876171403,0.0752812225622,0.11455838216,0.0752812225622,0.43859494884,0.0785543191953,0.602249780497
G[C>A]C,0.545333359514,0.391675893574,0.473023963777,0.0692965042477,0.105451202116,0.0692965042477,0.40372745953,0.0723093957367,0.554372033981
G[C>A]G,0.117789339533,0.0846000781175,0.102170863573,0.0149677061285,0.0227769441086,0.0149677061285,0.0872031574442,0.0156184759602,0.119741649028
G[C>A]T,0.926262212542,0.665271202378,0.803442913641,0.117701828113,0.179111477563,0.117701828113,0.685741085528,0.122819298901,0.941614624904
T[C>A]A,0.946133118736,0.679543123954,0.820679003545,0.120226860392,0.182953917988,0.120226860392,0.700452143153,0.125454115192,0.961814883135
T[C>A]C,0.810286849308,0.581973980166,0.702845499123,0.10296462726,0.156685302352,0.10296462726,0.599880871863,0.107441350184,0.823717018081
T[C>A]G,0.154678906607,0.111095347287,0.134168996338,0.0196553306738,0.0299102858079,0.0196553306738,0.114513665665,0.0205099102683,0.15724264539
T[C>A]T,2.20872384196,1.58637624008,1.91585438225,0.280666565553,0.427101295407,0.280666565553,1.6351878167,0.292869459708,2.24533252443
A[C>G]A,0.3332279713,0.239335007011,0.289043046929,0.0423438858558,0.0644363480414,0.0423438858558,0.246699161073,0.0441849243712,0.338751086846
A[C>G]C,0.231912508706,0.166566995203,0.201161678823,0.0294695453052,0.0448449602471,0.0294695453052,0.171692133517,0.0307508298837,0.235756362442
A[C>G]G,0.0458058447526,0.0328992255129,0.039732141581,0.00582063220613,0.00885748379194,0.00582063220613,0.0339115093748,0.00607370317161,0.046565057649
A[C>G]T,0.406969105837,0.292298252811,0.353006351472,0.0517143062666,0.0786956834492,0.0517143062666,0.301292045205,0.0539627543651,0.413714450133
C[C>G]A,0.168516416613,0.121033890385,0.146171698388,0.0214136882989,0.0325860474114,0.0214136882989,0.124758010089,0.022344718225,0.171309506391
C[C>G]C,0.17416691272,0.125092257755,0.151072957442,0.0221317071412,0.0336786847802,0.0221317071412,0.128941250301,0.0230939552778,0.17705365713
C[C>G]G,0.0565086618108,0.0405863316873,0.0490158005763,0.00718065868315,0.0109270893004,0.00718065868315,0.0418351418931,0.00749286123459,0.0574452694652
C[C>G]T,0.215193771107,0.154559062121,0.186659790407,0.0273450648368,0.0416120551864,0.0273450648368,0.159314725571,0.0285339806992,0.218760518694
G[C>G]A,0.183951591729,0.132119927762,0.15956022045,0.0233750641424,0.0355707497819,0.0233750641424,0.136185156308,0.024391371279,0.187000513139
G[C>G]C,0.21602298529,0.155154630319,0.187379053539,0.0274504345949,0.0417724004704,0.0274504345949,0.159928618944,0.0286439317512,0.219603476759
G[C>G]G,0.0133420400344,0.00958268068767,0.0115729297536,0.00169539735243,0.00257995249284,0.00169539735243,0.00987753240114,0.0017691102808,0.0135631788195
G[C>G]T,0.180882960812,0.129915938705,0.15689847982,0.022985127617,0.0349773681128,0.022985127617,0.133913352203,0.0239844809916,0.183881020936
T[C>G]A,1.48211617868,1.06450333275,1.28559248648,0.188335205025,0.286597051125,0.188335205025,1.09725728145,0.1965236922,1.5066816402
T[C>G]C,0.536007219542,0.384977560997,0.46493443905,0.068111414638,0.103647804884,0.068111414638,0.396823024413,0.0710727804918,0.544891317104
T[C>G]G,0.0694033093501,0.0498476807487,0.0602006605965,0.00881920505553,0.0134205294323,0.00881920505553,0.0513814555409,0.0092026487536,0.0705536404443
T[C>G]T,2.08172058904,1.49515843412,1.80569133966,0.264528030651,0.402542655339,0.264528030651,1.54116330901,0.276029249375,2.11622424521
A[C>T]A,2.79107989389,2.00464301771,2.42099195216,0.354667610826,0.539711581691,0.354667610826,2.06632434133,0.370087941731,2.8373408866
A[C>T]C,3.06549504702,2.2017367741,2.65902056564,0.389538044649,0.592775285335,0.389538044649,2.269482521,0.406474481372,3.11630435719
A[C>T]G,5.76806988144,4.14281262203,5.00324293583,0.732959156205,1.11537262901,0.732959156205,4.27028377963,0.764826945605,5.86367324964
A[C>T]T,2.34664407054,1.68543496779,2.03548684571,0.298192340455,0.453770952866,0.298192340455,1.73729450526,0.311157224822,2.38553872364
C[C>T]A,3.14371111101,2.25791405763,2.72686543883,0.399477102504,0.607899938593,0.399477102504,2.32738833633,0.416845672178,3.19581682003
C[C>T]C,5.33565285898,3.83223686004,4.62816297712,0.678011136776,1.0317560777,0.678011136776,3.95015184035,0.707489881853,5.42408909421
C[C>T]G,4.26207646562,3.06115989243,3.69693925471,0.541589827122,0.824158432578,0.541589827122,3.15534942758,0.56513721091,4.33271861698
C[C>T]T,4.99836264331,3.58998421895,4.33559632597,0.635151054123,0.966534212795,0.635151054123,3.70044527184,0.662766317345,5.08120843298
G[C>T]A,3.59109151326,2.57923699847,3.11492468277,0.456326545884,0.694409961127,0.456326545884,2.65859813689,0.476166830487,3.65061236707
G[C>T]C,5.52671688199,3.96946516386,4.79389254405,0.70228999053,1.0687021595,0.70228999053,4.09160255352,0.732824337944,5.61831992424
G[C>T]G,3.74087010172,2.68681278024,3.2448431269,0.475359184196,0.723372671603,0.475359184196,2.76948394271,0.496026974813,3.80287347357
G[C>T]T,4.71836018513,3.38887748103,4.09272126556,0.59957063126,0.912390091048,0.59957063126,3.4931506343,0.625638919575,4.79656505008
T[C>T]A,3.71282281744,2.66666832192,3.22051481955,0.471795164647,0.717949163594,0.471795164647,2.7487196549,0.492307997893,3.77436131718
T[C>T]C,6.11238077486,4.39010773885,5.30189934615,0.776711369181,1.18195208354,0.776711369181,4.52518797697,0.81048142871,6.21369095344
T[C>T]G,4.03555089764,2.89846197068,3.50045022613,0.512804810198,0.780355145953,0.512804810198,2.98764541594,0.535100671511,4.10243848158
T[C>T]T,3.74542529994,2.69008446957,3.24879432094,0.475938021539,0.724253511038,0.475938021539,2.7728562994,0.496630978997,3.80750417231
A[T>A]A,1.15103924502,0.826713269901,0.998415256727,0.146264655444,0.222576649589,0.146264655444,0.852150601283,0.152623988289,1.17011724355
A[T>A]C,0.862476073102,0.619457953057,0.748114604845,0.109596407079,0.166777141208,0.109596407079,0.638518197766,0.114361468257,0.876771256634
A[T>A]G,0.403662371399,0.289923250176,0.350138079059,0.0512941134927,0.0780562596628,0.0512941134927,0.298843965566,0.0535242923402,0.410352907942
A[T>A]T,1.00341230345,0.720682869878,0.870363158237,0.127505430825,0.194030003429,0.127505430825,0.742857727412,0.133049145208,1.0200434466
C[T>A]A,2.14997356514,1.54417990866,1.86489419738,0.273201060763,0.41574074464,0.273201060763,1.59169313662,0.285079367753,2.18560848611
C[T>A]C,1.69742386001,1.21914420885,1.47235108299,0.215694744642,0.328231133151,0.215694744642,1.25665633835,0.225072777018,1.72555795714
C[T>A]G,0.844409821404,0.606482192168,0.732443878234,0.107300695537,0.163283667122,0.107300695537,0.625143182697,0.11196594317,0.8584055643
C[T>A]T,1.03463954527,0.743111275609,0.897449771313,0.131473533377,0.200068420356,0.131473533377,0.765976237936,0.137189773959,1.05178826702
G[T>A]A,0.755299159509,0.542480059316,0.655148994712,0.0959772412635,0.146052323662,0.0959772412635,0.559171753448,0.100150164797,0.767817930108
G[T>A]C,0.521658903711,0.374672140787,0.452488662335,0.0662881479854,0.100873268673,0.0662881479854,0.38620051435,0.0691702413761,0.530305183883
G[T>A]G,0.339763567047,0.244029081304,0.294712044344,0.0431743759231,0.0657001372742,0.0431743759231,0.251537668421,0.0450515227023,0.345395007385
G[T>A]T,0.488220820495,0.350655837925,0.423484358109,0.0620391097867,0.0944073409797,0.0620391097867,0.361445248322,0.0647364623861,0.496312878293
T[T>A]A,0.639371258913,0.459216926291,0.554592749444,0.0812460715745,0.123635326309,0.0812460715745,0.473346677869,0.0847785094691,0.649968572596
T[T>A]C,0.961979841118,0.690924747764,0.834424503069,0.122240532297,0.186018201321,0.122240532297,0.712183970772,0.127555338049,0.977924258374
T[T>A]G,0.402590262865,0.289153227472,0.349208128563,0.0511578787066,0.0778489458579,0.0511578787066,0.298050249856,0.0533821343026,0.409263029653
T[T>A]T,1.55741034799,1.11858201789,1.35090289853,0.197902972396,0.301156697125,0.197902972396,1.15299992613,0.206507449457,1.58322377917
A[T>C]A,1.73845256405,1.24861233882,1.50793951688,0.220908336868,0.336164860451,0.220908336868,1.28703118001,0.230513047166,1.76726669494
A[T>C]C,1.5045581649,1.08062188639,1.30505873972,0.191186949131,0.290936661722,0.191186949131,1.11387179059,0.19949942518,1.52949559305
A[T>C]G,2.50607012323,1.79993986751,2.1737735323,0.318450899637,0.484599195099,0.318450899637,1.85532263267,0.332296590925,2.54760719709
A[T>C]T,1.32349084835,0.950573537486,1.14800034912,0.168178395094,0.255923644708,0.168178395094,0.979821954024,0.175490499228,1.34542716075
C[T>C]A,2.24137495703,1.6098273172,1.9441760677,0.284815602274,0.433415046939,0.284815602274,1.65936046542,0.29719888933,2.27852481819
C[T>C]C,3.67281868878,2.63793607482,3.18581510574,0.466711767083,0.710213558605,0.466711767083,2.71910333866,0.487003583043,3.73369413666
C[T>C]G,4.60772957867,3.3094190344,3.99675991078,0.585512598395,0.89099743234,0.585512598395,3.41124731239,0.61096966789,4.68410078716
C[T>C]T,1.20316277831,0.864150061772,1.04362738229,0.152888087852,0.232655785862,0.152888087852,0.890739294442,0.15953539602,1.22310470282
G[T>C]A,2.43116680261,1.74614190243,2.1088021437,0.308932798122,0.470115127576,0.308932798122,1.79986934558,0.32236465891,2.47146238497
G[T>C]C,1.72843820941,1.24141970841,1.49925303247,0.219635794566,0.334228383035,0.219635794566,1.2796172379,0.229185176938,1.75708635653
G[T>C]G,2.49786375799,1.79404579303,2.16665530389,0.317408101844,0.483012328893,0.317408101844,1.84924720205,0.331208454098,2.53926481475
G[T>C]T,1.87383843059,1.3458508065,1.62537366631,0.238112065765,0.362344447904,0.238112065765,1.38726160055,0.248464764277,1.90489652612
T[T>C]A,1.58381020325,1.13754323991,1.3738022205,0.201257650137,0.306261641513,0.201257650137,1.17254457037,0.210007982752,1.6100612011
T[T>C]C,2.79773123077,2.009420221,2.42676134382,0.35551280833,0.540997751807,0.35551280833,2.07124853549,0.370969886953,2.84410246664
T[T>C]G,2.18021435441,1.56589981256,1.89112515825,0.277043812992,0.421588411074,0.277043812992,1.61408134526,0.289089196165,2.21635050393
T[T>C]T,1.88566852631,1.35434756033,1.63563513055,0.239615337597,0.364632035474,0.239615337597,1.39601979296,0.250033395753,1.91692270078
A[T>G]A,0.505075209607,0.36276120027,0.438103911096,0.0641808277402,0.0976664769959,0.0641808277402,0.373923083356,0.0669712985115,0.513446621921
A[T>G]C,1.16094926875,0.833830966505,1.00701124416,0.147523940228,0.224492952521,0.147523940228,0.859487303936,0.153938024586,1.18019152182
A[T>G]G,0.582648016776,0.418476476138,0.505390821182,0.0740381457782,0.112666743576,0.0740381457782,0.431352675403,0.0772571955947,0.592305166226
A[T>G]T,5.71336749991,4.10352361872,4.95579390876,0.72600802485,1.10479482042,0.72600802485,4.22978588391,0.757573591148,5.8080641988
C[T>G]A,0.647431124881,0.465005780301,0.561583903902,0.0822702534379,0.125193863927,0.0822702534379,0.479313650464,0.0858472209787,0.658162027503
C[T>G]C,2.46929744346,1.77352855055,2.14187678797,0.313778128174,0.477488455917,0.313778128174,1.8280986598,0.327420655486,2.51022502539
C[T>G]G,1.68696456885,1.21163201078,1.46327865917,0.214365663446,0.326208618287,0.214365663446,1.24891299573,0.223685909682,1.71492530757
C[T>G]T,7.89128494687,5.66777371875,6.84492672187,1.00275996562,1.52593907812,1.00275996562,5.84216675625,1.046358225,8.022079725
G[T>G]A,0.027278010123,0.0195919409723,0.023661036405,0.00346626647972,0.0052747533387,0.00346626647972,0.0201947699253,0.00361697371797,0.0277301318378
G[T>G]C,0.111260903961,0.0799111464912,0.0965080769163,0.0141381259177,0.0215145394399,0.0141381259177,0.0823699509986,0.0147528270445,0.113105007341
G[T>G]G,0.587574970997,0.422015172539,0.509664477605,0.0746642228338,0.11361946953,0.0746642228338,0.435000254771,0.0779104933918,0.597313782671
G[T>G]T,2.3161869804,1.66355970968,2.00906826477,0.294322102482,0.447881460299,0.294322102482,1.71474616229,0.307118715633,2.35457681986
T[T>G]A,0.757016846646,0.543713757259,0.656638922229,0.0961955108997,0.146384473108,0.0961955108997,0.560443411329,0.100377924417,0.769564087198
T[T>G]C,2.08109672502,1.49471035498,1.80515019794,0.264448755113,0.40242201865,0.264448755113,1.54070144283,0.275946527074,2.1155900409
T[T>G]G,0.992698131394,0.712987608184,0.861069649883,0.126143961448,0.191958202203,0.126143961448,0.734925688435,0.131628481511,1.00915169158
T[T>G]T,15.2190982567,10.9308440518,13.2010962779,1.933918563,2.94291955239,1.933918563,11.2671777149,2.01800197879,15.471348504
