,1,3,2,5,4,7,6,9,8
A[C>A]A,0.579103192196,0.790178187483,0.487096142969,0.600751909661,0.497920501701,0.351791658811,0.568278833463,0.855124339878,0.135304484158
A[C>A]C,0.43398941865,0.592172477784,0.365037828771,0.450213322151,0.373149780522,0.26363843189,0.4258774669,0.640844188287,0.101399396881
A[C>A]G,0.0938815577241,0.128100069418,0.0789657962165,0.097391148667,0.080720591688,0.057030852823,0.0921267622526,0.138628842247,0.0219349433935
A[C>A]T,0.505976632883,0.690398022438,0.425587822051,0.524891647196,0.435045329208,0.307368982592,0.496519125726,0.747143065378,0.118218839459
C[C>A]A,0.962063002508,1.31272148006,0.809211871268,0.998027974564,0.827194357297,0.584430795916,0.94408051648,1.42061639623,0.224781075352
C[C>A]C,0.750711010189,1.02433464942,0.631439167448,0.778774973186,0.645471148947,0.456039398713,0.73667902869,1.10852653841,0.175399768736
C[C>A]G,0.17586437451,0.23996447363,0.147923305663,0.182438743651,0.151210490233,0.106833498534,0.17257718994,0.259687581052,0.0410898071285
C[C>A]T,1.5990755947,2.18191623202,1.34501685535,1.6588541216,1.37490611881,0.971401062199,1.56918633125,2.36125181273,0.373615793154
G[C>A]A,0.755422564823,1.03076349967,0.635402157328,0.783662660705,0.649522205269,0.45890155807,0.741302516883,1.11548378731,0.176500599258
G[C>A]C,0.536534966337,0.732094440049,0.451291093181,0.556592348256,0.46131978414,0.325932456186,0.526506275378,0.792266585806,0.125358636995
G[C>A]G,0.0968878340793,0.132202091361,0.0814944398798,0.100509809185,0.0833054274327,0.0588570954687,0.0950768465264,0.143068016678,0.0226373444111
G[C>A]T,0.918890652896,1.25381341423,0.772898680006,0.953241705341,0.790074206229,0.558204602227,0.901715126674,1.35686657157,0.21469407778
T[C>A]A,0.581595588942,0.793579027903,0.489192551447,0.603337480118,0.500063497035,0.3533057316,0.570724643355,0.858804701429,0.135886819846
T[C>A]C,0.769995749282,1.05064840556,0.647659976031,0.798780637105,0.662052419943,0.467754427134,0.75560330537,1.13700306903,0.179905548898
T[C>A]G,0.0946424545249,0.129138302436,0.0796058028714,0.098180490208,0.081374820713,0.0574930798515,0.0928734366833,0.139752409485,0.0221127230198
T[C>A]T,2.13760050439,2.91672592188,1.79798173267,2.21751080362,1.83793688228,1.29854236248,2.09764535478,3.15645681957,0.499439370186
A[C>G]A,0.379147239056,0.517341092543,0.318908892664,0.393320967618,0.325995756945,0.230323089146,0.372060374774,0.559862278232,0.0885858035176
A[C>G]C,0.126236937518,0.172248531567,0.106180601651,0.130956075369,0.108540170576,0.0766859900811,0.123877368593,0.18640594512,0.0294946115697
A[C>G]G,0.000292699827904,0.000399384811907,0.000246196116929,0.000303641877546,0.00025166714175,0.000177808306671,0.000287228803084,0.000432210960831,6.83878102581e-05
A[C>G]T,0.217072913052,0.296192946782,0.182584693222,0.225187788307,0.186642130849,0.131866722882,0.213015475425,0.320537572545,0.0507179703394
C[C>G]A,0.33337044756,0.454879302278,0.28040504935,0.345832894198,0.286636272668,0.202514757864,0.327139224241,0.492266642192,0.077890291486
C[C>G]C,0.221025486631,0.301586178021,0.185909287821,0.229288121646,0.190040605328,0.134267818982,0.216894169124,0.326374083063,0.0516414688391
C[C>G]G,0.0411914371478,0.0562051385381,0.0346470032084,0.042731303957,0.035416936613,0.0250228356505,0.0404215037431,0.0608247389659,0.00962416755789
C[C>G]T,0.0752667683155,0.102700450225,0.063308496714,0.0780804792806,0.0647153521965,0.0457228031823,0.073859912833,0.11114158312,0.0175856935317
G[C>G]A,0.190289259878,0.259647027497,0.160056386813,0.19740287707,0.163613195409,0.115596279365,0.186732451282,0.280987879073,0.0444601074482
G[C>G]C,0.141617171138,0.193234644731,0.119117246752,0.146911270994,0.12176429668,0.0860291226542,0.138970121211,0.209116944298,0.0330881240978
G[C>G]G,0.0152463423777,0.0208034204406,0.012824026299,0.0158162991021,0.0131090046612,0.00926179677148,0.0149613640155,0.0225132906138,0.00356222952749
G[C>G]T,0.14931681162,0.20374069623,0.125593579868,0.154898748503,0.128384548309,0.0907064743488,0.146525843179,0.220486506879,0.0348871055188
T[C>G]A,0.400146232569,0.545993924813,0.336571597488,0.415104970235,0.344050966321,0.243079487074,0.392666863736,0.590870137812,0.0934921104132
T[C>G]C,0.211003917744,0.287911887763,0.177479930813,0.218891914669,0.181423929276,0.128179950032,0.207059919282,0.311575878538,0.0492999807814
T[C>G]G,0.0750196690696,0.102363286768,0.0631006562267,0.0778241426796,0.0645028930318,0.0455726961637,0.0736174322645,0.110776707598,0.017527960063
T[C>G]T,0.64777427671,0.883878919623,0.544856868261,0.671990137522,0.556964798667,0.393507738188,0.635666346304,0.956526502058,0.151349130072
A[C>T]A,1.56133473764,2.13041936165,1.31327220923,1.61970239139,1.34245603611,0.948474373335,1.53215091077,2.30552232288,0.364797835898
A[C>T]C,1.43085451794,1.95238093102,1.20352249173,1.48434440646,1.23026743599,0.869210688469,1.40410957368,2.11285059659,0.334311803257
A[C>T]G,1.74453067722,2.38038765303,1.46736225187,1.8097467773,1.49997030191,1.05976162635,1.71192262718,2.57603595327,0.407600625518
A[C>T]T,0.899858173219,1.22784386252,0.756890052241,0.933497731097,0.773709831179,0.546642815507,0.883038394281,1.32876253616,0.210247236733
C[C>T]A,2.34492332545,3.19961500482,1.97236541393,2.43258401051,2.01619575646,1.42448613228,2.30109298292,3.46259706001,0.547879281647
C[C>T]C,2.32723517786,3.17547977539,1.95748753278,2.41423462376,2.00098725573,1.41374099589,2.28373545491,3.4364781131,0.543746536883
C[C>T]G,1.73203731239,2.36334063186,1.45685381416,1.7967863708,1.48922834337,1.05217219912,1.69966278319,2.55758780709,0.404681615045
C[C>T]T,2.48410583283,3.38952758498,2.08943481266,2.57696960228,2.13586669739,1.50903625359,2.4376739481,3.66811889334,0.580398559072
G[C>T]A,1.48152493183,2.02152000044,1.24614246603,1.53690904143,1.27383452083,0.899991781019,1.45383287703,2.18767232925,0.346150685007
G[C>T]C,1.96105945989,2.67583814153,1.64948926532,2.0343700939,1.68614458233,1.19129780273,1.92440414288,2.89577004357,0.45819146259
G[C>T]G,1.90791612642,2.60332480801,1.60478926521,1.97924009376,1.64045124888,1.15901446932,1.87225414275,2.81729671004,0.445774795892
G[C>T]T,1.69441948826,2.31201163819,1.42521265368,1.75776227287,1.45688404598,1.02932024988,1.66274809596,2.50203999201,0.395892403799
T[C>T]A,2.54973418938,3.47907655747,2.14463623406,2.64505135534,2.19229481704,1.54890394682,2.5020756064,3.76502805535,0.595732287238
T[C>T]C,4.65979946638,6.35823104758,3.91945749508,4.83399757727,4.00655655053,2.830719302,4.57270041093,6.88082538026,1.08873819308
T[C>T]G,2.70337862098,3.68872223049,2.27386986811,2.804439504,2.32440030962,1.64223934919,2.65284817946,3.99190487957,0.631630518919
T[C>T]T,2.39247640309,3.26450051262,2.0123633297,2.48191477329,2.0570825148,1.45337351589,2.34775721798,3.53281562325,0.558989813805
A[T>A]A,2.03831239007,2.78124868177,1.71446836548,2.11451098409,1.75256766249,1.23822715284,2.00021309305,3.00984446383,0.476241212632
A[T>A]C,0.610972235039,0.83366304968,0.51390187994,0.633812318592,0.525321921716,0.371151357734,0.599552193263,0.902183300338,0.142750522205
A[T>A]G,0.772551076723,1.05413511403,0.649809316869,0.801431490806,0.664249523911,0.46930672885,0.758110869681,1.14077635628,0.180502588019
A[T>A]T,0.833215666873,1.13691109685,0.70083560765,0.864363916102,0.716409732264,0.506159049969,0.817641542258,1.23035584454,0.194676557681
C[T>A]A,3.53171614334,4.81897716754,2.97060236355,3.66374291505,3.03661574941,2.14543504034,3.46570275748,5.21505748268,0.825167323209
C[T>A]C,1.23338193136,1.68293235493,1.03742405441,1.27948966711,1.06047792229,0.749250705964,1.21032806348,1.82125556219,0.288173348448
C[T>A]G,3.59425522471,4.90431086737,3.0232053292,3.72861990601,3.09038766985,2.18342607109,3.52707288407,5.30740491126,0.839779258111
C[T>A]T,2.14530066026,2.92723267661,1.80445849928,2.22549881578,1.84455757704,1.30322002726,2.1052015825,3.16782714318,0.501238472023
G[T>A]A,2.26097367861,3.08506688857,1.90175356144,2.34549605912,1.9440147517,1.37348868327,2.21871248835,3.33863403009,0.528264878179
G[T>A]C,0.410097102319,0.559571747089,0.344941487932,0.425427835116,0.35260685433,0.249124407951,0.402431735921,0.60556394548,0.0958170799811
G[T>A]G,1.69030923364,2.30640325338,1.42175543016,1.75349836387,1.45334999528,1.02682336623,1.65871466853,2.49597064407,0.394932063935
G[T>A]T,0.883424997204,1.20542102422,0.743067754657,0.916450230744,0.759580371427,0.53666004503,0.866912380433,1.30449672484,0.206407709627
T[T>A]A,1.45745634869,1.98867875616,1.22589786339,1.51194069818,1.25314003813,0.885370679114,1.43021417395,2.15213180461,0.340527184274
T[T>A]C,0.615908407247,0.840398387459,0.518053800488,0.638933020602,0.529566107166,0.374149967019,0.60439610057,0.909472227524,0.143903833469
T[T>A]G,0.874134949955,1.19274488499,0.735253696224,0.906812892009,0.751592667251,0.531016558384,0.857795978928,1.29077871115,0.20423713784
T[T>A]T,0.966162108117,1.3183146522,0.812659717108,1.00228031777,0.830718821932,0.5869209068,0.948103003292,1.42666928114,0.225738810308
A[T>C]A,1.92308769186,2.62402619637,1.61755039502,1.99497882052,1.65349595935,1.16823084085,1.88714212752,2.83969958237,0.449319554172
A[T>C]C,1.16704894855,1.59242192979,0.981629956721,1.21067694662,1.00344395576,0.708954968743,1.14523494951,1.72330592402,0.272674987978
A[T>C]G,1.96733064136,2.68439508074,1.65476409087,2.04087571207,1.69153662622,1.19510739896,1.93055810601,2.90503029285,0.459656691907
A[T>C]T,1.15189082766,1.57173888634,0.968880135416,1.19495216701,0.990410805092,0.699746764467,1.13036015798,1.7009229044,0.269133370949
C[T>C]A,1.16119030705,1.5844278956,0.976702127423,1.20459929049,0.998406619143,0.705395980917,1.13948581533,1.71465484592,0.271306146506
C[T>C]C,1.7159974481,2.34145446189,1.44336233952,1.78014688541,1.47543705818,1.04242835632,1.68392272944,2.53390277382,0.4009339832
C[T>C]G,1.86882831253,2.54999003392,1.57191166474,1.93869105318,1.60684303507,1.13526953565,1.8338969422,2.75957825588,0.436642129095
C[T>C]T,2.27326436664,3.10183736009,1.91209152335,2.35824621213,1.95458244609,1.38095498908,2.2307734439,3.35678289654,0.531136534263
G[T>C]A,2.12502936867,2.89957278342,1.78740788019,2.2044697189,1.82712805531,1.29090569125,2.08530919356,3.13789383411,0.496502188942
G[T>C]C,1.03047469528,1.40606827581,0.866754416593,1.0689971138,0.886015625851,0.625989300873,1.01121348603,1.52163553135,0.24076511572
G[T>C]G,1.59970123701,2.18276991218,1.34554309655,1.65950315241,1.37544405425,0.971781125284,1.56980027931,2.36217565838,0.373761971263
G[T>C]T,1.76194905232,2.40415478167,1.48201322158,1.82781630661,1.51494684872,1.07034288225,1.72901542517,2.60175654455,0.411670339327
T[T>C]A,1.69009613975,2.30611248976,1.42157619232,1.75327730386,1.45316677437,1.02669391667,1.6585055577,2.49565598206,0.394882275643
T[T>C]C,1.22990254565,1.67818478191,1.0344974683,1.27588021091,1.05748630093,0.74713706044,1.20691371302,1.81611777769,0.287360407862
T[T>C]G,1.05366411654,1.43770991602,0.886259537276,1.09305342931,0.90595419366,0.640076332477,1.03396946015,1.55587785433,0.246183204799
T[T>C]T,1.53073450886,2.08866577845,1.28753369904,1.58795822882,1.31614555902,0.929885449309,1.50212264888,2.26033693832,0.357648249734
A[T>G]A,0.219290653364,0.299219022347,0.184450082268,0.227488434798,0.188548972986,0.133213948305,0.215191762647,0.323812366649,0.0512361339635
A[T>G]C,0.132976647444,0.181444771279,0.111849516542,0.137947737068,0.114335061354,0.0807802063915,0.130491102632,0.196358040152,0.0310693101506
A[T>G]G,0.344635831796,0.470250761142,0.289880606184,0.357519414293,0.296322397432,0.209358215577,0.338194040548,0.508901508634,0.0805223906066
A[T>G]T,0.495341634228,0.675886715863,0.41664249608,0.513859078499,0.425901218215,0.300908469391,0.486082912093,0.731439048674,0.115734026689
C[T>G]A,0.0405463680847,0.0553249508446,0.0341044217535,0.0420621201627,0.0348622977925,0.0246309712664,0.0397884920458,0.0598722070784,0.00947345048709
C[T>G]C,0.476723220519,0.650482151363,0.4009821481,0.494544649324,0.409892862503,0.289598218073,0.467812506117,0.703946437776,0.111383930028
C[T>G]G,0.717522659388,0.979049610006,0.603523732196,0.744345936375,0.616935370689,0.43587825103,0.704111020895,1.05951944097,0.167645481165
C[T>G]T,3.54407846286,4.83584537923,2.98100057624,3.67656737736,3.04724503349,2.15294486062,3.47783400561,5.23331212273,0.828055715622
G[T>G]A,0.183943675367,0.250988566389,0.154718979281,0.190820074447,0.158157178821,0.111741485036,0.180505475828,0.271617763627,0.0429774942447
G[T>G]C,0.135199843392,0.184478290984,0.113719494442,0.140254043145,0.116246594319,0.082130745986,0.132672743516,0.199640890243,0.0315887484562
G[T>G]G,0.44800029259,0.611290118861,0.37682267601,0.464747967079,0.385196513255,0.272149710452,0.439626455345,0.661533142329,0.104672965558
G[T>G]T,0.951302134989,1.29803842718,0.80016067429,0.986864831625,0.817942022608,0.577893820321,0.933520786672,1.40472651709,0.222266853969
T[T>G]A,0.149196877898,0.203577048347,0.125492701036,0.154774331278,0.128281427726,0.0906336174148,0.146408151209,0.220309408485,0.0348590836211
T[T>G]C,0.24220751828,0.330488763261,0.203725949955,0.251262004945,0.208253193288,0.147135408301,0.237680274948,0.357652223255,0.0565905416543
T[T>G]G,0.443530756185,0.605191499093,0.373063252866,0.460111345201,0.381353547374,0.269434571514,0.435240461676,0.654933266142,0.103628681352
T[T>G]T,1.21569991196,1.65880548735,1.02255132782,1.26114663764,1.04527469066,0.738509292314,1.19297654912,1.79514566439,0.284042035505
