,1,3,2,5,4,7,6,9,8
A[C>A]A,0.550824747599,0.745731965981,1.21181444472,0.70336083155,1.61010310837,0.508453613169,0.288123714129,0.8558969155,1.32197939424
A[C>A]C,0.428753667309,0.580466503434,0.94325806808,0.547485452102,1.2532799506,0.395772615978,0.224271149054,0.666217236896,1.02900880154
A[C>A]G,0.227981110398,0.308651349462,0.501558442876,0.29111434097,0.666406322703,0.210444101906,0.119251657747,0.354247571542,0.547154664956
A[C>A]T,0.452134801135,0.612120961537,0.994696562498,0.57734136145,1.32162480332,0.417355201048,0.236501280594,0.702547921764,1.08512352272
C[C>A]A,0.969354937688,1.3123574541,2.13258086291,1.23779168966,2.83349904863,0.89478917325,0.507047198175,1.50622844164,2.32645185045
C[C>A]C,0.592749005544,0.802490961352,1.3040478122,0.756894884003,1.73265093928,0.547152928195,0.310053325977,0.921040762461,1.42259761331
C[C>A]G,0.262744106192,0.355715097614,0.578037033623,0.335504012522,0.768021233485,0.2425330211,0.137435378624,0.408263918852,0.630585854861
C[C>A]T,0.777551805765,1.05268552165,1.71061397268,0.992873844285,2.27284373993,0.717740128399,0.406719406093,1.2081958828,1.86612433384
G[C>A]A,0.86151052814,1.16635271502,1.89532316191,1.10008267439,2.51826154379,0.795240487514,0.450636276258,1.33865482065,2.06762526754
G[C>A]C,1.26418844443,1.71151666323,2.78121457774,1.61427139827,3.69532006833,1.16694317947,0.661267801701,1.96435435211,3.03405226663
G[C>A]G,0.410151586642,0.555282148069,0.902333490613,0.52373202602,1.19890463788,0.378601464593,0.214540829936,0.637312465398,0.984363807941
G[C>A]T,0.980099298564,1.32690366575,2.15621845684,1.25151141201,2.86490564196,0.904707044829,0.512667325403,1.52292352546,2.35223831655
T[C>A]A,0.746912656712,1.01120482755,1.64320784477,0.953750007802,2.18328315039,0.689457836965,0.39069277428,1.16058735889,1.79259037611
T[C>A]C,0.856394765704,1.15942675972,1.88406848455,1.09355023928,2.50330777667,0.790518245265,0.447960338983,1.33070571286,2.05534743769
T[C>A]G,0.186197213904,0.252082381901,0.409633870589,0.237759519293,0.544268779105,0.171874351296,0.0973954657345,0.289321824682,0.44687331337
T[C>A]T,2.08588817992,2.82397168974,4.58895399582,2.66351875282,6.09721160284,1.925435243,1.09107997103,3.24114932572,5.00613163181
A[C>G]A,0.23869540352,0.323156853997,0.525129887745,0.304795669111,0.697725025675,0.220334218634,0.124856057226,0.370895934701,0.572868968449
A[C>G]C,0.119989074716,0.162446747308,0.263975964376,0.153216818484,0.350737295325,0.110759145892,0.0627635160055,0.186444562252,0.287973779319
A[C>G]G,0.0566888136189,0.0767479322841,0.124715389962,0.0723872543134,0.165705762886,0.0523281356482,0.0296526102007,0.0880856950079,0.136053152685
A[C>G]T,0.133618245622,0.180898547919,0.293960140368,0.170620221333,0.390576410279,0.123339919036,0.0698926207869,0.207622197043,0.320683789493
C[C>G]A,0.228618355921,0.309514081862,0.502960383026,0.291928054484,0.668269040384,0.211032328542,0.119584986174,0.355237753046,0.54868405421
C[C>G]C,0.204859931831,0.277348830786,0.450691850028,0.261590374492,0.598821339198,0.189101475536,0.107157502804,0.318320817153,0.491663836394
C[C>G]G,0.0563240368137,0.0762540806093,0.12391288099,0.0719214623928,0.164639492225,0.0519914185972,0.0294618038718,0.087518887972,0.135177688353
C[C>G]T,0.149008686565,0.201734837195,0.327819110442,0.190272630536,0.435563853035,0.137546479906,0.0779430052799,0.231536574508,0.357620847755
G[C>G]A,0.195517847721,0.264701086146,0.430139264987,0.249661251706,0.571513708724,0.180478013281,0.102270874193,0.30380465569,0.469242834531
G[C>G]C,0.197705025316,0.26766218812,0.434951055694,0.252454109249,0.577906997076,0.182496946445,0.103414936319,0.307203193183,0.474492060757
G[C>G]G,0.0679603853738,0.0920079063522,0.149512847822,0.0867801844004,0.19865343417,0.062732663422,0.0355485092724,0.105599983427,0.163104924897
G[C>G]T,0.105567028113,0.142921514984,0.232247461849,0.13480097436,0.308580543715,0.0974464874891,0.0552196762438,0.164034920607,0.253360867472
T[C>G]A,0.567972862897,0.768947875922,1.24954029837,0.725257655699,1.66022836847,0.524282642674,0.297093497515,0.882542448502,1.36313487095
T[C>G]C,0.2426799699,0.328551343865,0.533895933781,0.309883653873,0.709372219709,0.224012279908,0.126940291948,0.377087337845,0.582431927761
T[C>G]G,0.0619542998469,0.083876590562,0.136299459663,0.0791108751892,0.181097184168,0.0571885844741,0.0324068645353,0.0962674505314,0.148690319633
T[C>G]T,0.676167277669,0.915426468229,1.48756801087,0.863413600716,1.97648896549,0.624154410156,0.353687499088,1.05065992376,1.62280146641
A[C>T]A,1.23250436099,1.66862128872,2.71150959417,1.57381326095,3.60270505519,1.13769633322,0.644694588823,1.91512216092,2.95801046637
A[C>T]C,1.16158540831,1.5726079374,2.55548789828,1.48325521369,3.39540350121,1.07223268459,0.60759852127,1.80492501907,2.78780497994
A[C>T]G,0.920688881212,1.24647110072,2.02551553867,1.17564887909,2.691244422,0.84986665958,0.481591107095,1.43060887696,2.20965331491
A[C>T]T,0.61032156407,0.826281502126,1.34270744095,0.779333689505,1.78401687959,0.56337375145,0.319245125821,0.94834581494,1.46477175377
C[C>T]A,1.54899271384,2.09709782796,3.40778397044,1.97794454228,4.52782485583,1.42983942816,0.810242342622,2.40689637073,3.71758251321
C[C>T]C,1.54134410826,2.08674279272,3.39095703817,1.96817786131,4.50546739337,1.42277917685,0.80624153355,2.39501161437,3.69922585982
C[C>T]G,0.722102645859,0.977615889779,1.58862582089,0.922069532405,2.1107615802,0.666556288485,0.377715230142,1.12203641895,1.73304635006
C[C>T]T,1.34992795565,1.82759477073,2.96984150243,1.72375415875,3.94594325497,1.24608734368,0.706116161416,2.09758036185,3.23982709356
G[C>T]A,1.42175913808,1.92484314079,3.12787010378,1.81547705324,4.1559113267,1.31239305054,0.743689395305,2.20919496841,3.4122219314
G[C>T]C,2.31719771567,3.13712921506,5.09783497447,2.95888323693,6.77334716887,2.13895173754,1.21207265127,3.60056875819,5.5612745176
G[C>T]G,2.08666908085,2.82502890946,4.59067197788,2.66451590324,6.09949423634,1.92615607463,1.09148844229,3.24236272563,5.00800579405
G[C>T]T,1.53088758443,2.07258626815,3.36795268575,1.95482568473,4.47490216987,1.41312700101,0.80077196724,2.37876378504,3.67413020263
T[C>T]A,2.10566407987,2.85074521582,4.63246097571,2.68877105583,6.15501807962,1.94368991988,1.10142428793,3.2718780318,5.05359379169
T[C>T]C,2.5368884956,3.4345567325,5.58115469032,3.23941146361,7.41552021791,2.34174322671,1.32698782847,3.94193443162,6.08853238944
T[C>T]G,1.75153759579,2.37131243738,3.85338271074,2.23657877616,5.11987912616,1.61680393458,0.91618889626,2.72161995654,4.2036902299
T[C>T]T,1.39165052213,1.88408070688,3.06163114868,1.77703066671,4.06790152621,1.28460048196,0.727940273112,2.1624108113,3.3399612531
A[T>A]A,0.817972447869,1.1074088525,1.79953938531,1.04448789497,2.39099638608,0.75505149034,0.427862511193,1.27100334207,1.96313387488
A[T>A]C,0.347473481386,0.470425636338,0.764441659049,0.443696907001,1.01569171482,0.320744752049,0.181755359494,0.539920332615,0.833936355326
A[T>A]G,0.263143641315,0.356256006703,0.578916010893,0.336014188141,0.769189105382,0.242901822752,0.137644366226,0.408884734966,0.631544739156
A[T>A]T,0.446224345589,0.604119114029,0.981693560296,0.569794164368,1.30434808711,0.411899395929,0.233409657693,0.693363983146,1.07093842941
C[T>A]A,1.36085979953,1.84239480551,2.99389155896,1.73771328247,3.97789787554,1.25617827649,0.711834356676,2.11456676542,3.26606351887
C[T>A]C,0.402278408036,0.544623075495,0.885012497679,0.513678582569,1.17589073118,0.37133391511,0.210422551896,0.625078757102,0.965468179286
C[T>A]G,0.776900687565,1.05180400778,1.70918151264,0.992042416429,2.27094047134,0.717139096213,0.406378821188,1.20718414529,1.86456165015
C[T>A]T,0.471137033782,0.637847061121,1.03650147432,0.60160575083,1.37716979106,0.434895723491,0.246440909978,0.732074467877,1.13072888108
G[T>A]A,0.732337117626,0.991471790017,1.61114165878,0.935138165584,2.14067772845,0.676003493193,0.383068646143,1.13793921354,1.7576090823
G[T>A]C,0.229194272132,0.31029378381,0.504227398691,0.292663455184,0.669952487771,0.211563943507,0.119886234654,0.356132638236,0.550066253117
G[T>A]G,0.442358730459,0.598885665852,0.973189207009,0.564858071201,1.29304859673,0.408331135808,0.231387643625,0.687357411943,1.0616609531
G[T>A]T,0.347298441479,0.470188659232,0.764056571253,0.443473394503,1.01518005971,0.320583176749,0.181663800158,0.539648347528,0.833516259548
T[T>A]A,0.532637202916,0.721108828563,1.17180184642,0.680136736031,1.55693951622,0.491665110384,0.278610229218,0.827636269147,1.278329287
T[T>A]C,0.349477725113,0.473139073999,0.768850995249,0.446256172068,1.02155027341,0.322594823181,0.182803733136,0.543034619022,0.838746540272
T[T>A]G,0.279008441581,0.377734505525,0.613818571478,0.356272317711,0.815563136929,0.257546253767,0.145942877135,0.433536193841,0.669620259794
T[T>A]T,0.312750039553,0.423415438164,0.688050087017,0.399357742814,0.914192423309,0.288692344203,0.163592328382,0.485965446075,0.750600094927
A[T>C]A,1.11096069603,1.5040698654,2.44411353127,1.41861135032,3.24742357301,1.02550218095,0.58111790254,1.7262620046,2.66630567048
A[T>C]C,0.72302601985,0.978865996105,1.59065724367,0.923248609963,2.11346067341,0.667408633708,0.378198225768,1.12347120007,1.73526244764
A[T>C]G,1.13651530575,1.53866687547,2.50033367265,1.45124262119,3.32212166296,1.04909105146,0.59448492916,1.76596993662,2.7276367338
A[T>C]T,0.760606511761,1.02974420054,1.67333432587,0.971236007326,2.22331134207,0.702098318549,0.397855713844,1.18186550289,1.82545562823
C[T>C]A,0.646601492731,0.875398944005,1.42252328401,0.825660367641,1.89006590183,0.596862916367,0.338222319275,1.00471924255,1.55184358255
C[T>C]C,0.686716529218,0.929708531864,1.51077636428,0.876884183463,2.00732523925,0.633892180816,0.359205569129,1.06705183771,1.64811967012
C[T>C]G,0.899935015339,1.21837355923,1.97985703375,1.14914778882,2.63057927561,0.830709244929,0.470735238793,1.3983605623,2.15984403681
C[T>C]T,0.603462400514,0.816995249927,1.32761728113,0.770575065272,1.76396701689,0.557042215859,0.315657255654,0.93768773003,1.44830976123
G[T>C]A,1.42651279981,1.93127886743,3.13832815958,1.8215471136,4.16980664559,1.31678104598,0.746175926054,2.21658142739,3.42363071954
G[T>C]C,1.07257514125,1.4521017297,2.35966531076,1.3695959496,3.13521964367,0.990069361158,0.561039304656,1.66661675795,2.57418033901
G[T>C]G,0.976035315151,1.32140165743,2.14727769333,1.24632201781,2.85302630582,0.900955675524,0.510541549463,1.51660872046,2.34248475636
G[T>C]T,1.1081328784,1.50024143538,2.43789233249,1.41500044473,3.23915764457,1.02289188776,0.579638736396,1.72186801106,2.65951890817
T[T>C]A,0.85366619638,1.15573269664,1.87806563204,1.09006606615,2.49533195865,0.787999565889,0.446533087337,1.32646593591,2.04879887131
T[T>C]C,0.841717779496,1.13955637839,1.85177911489,1.07480885689,2.46040581699,0.776970257996,0.440283146198,1.30789993429,2.02012267079
T[T>C]G,0.579398864486,0.784416924227,1.27467750187,0.739847780805,1.69362745004,0.534829721064,0.303070175269,0.900296697124,1.39055727477
T[T>C]T,0.746724201235,1.01094968783,1.64279324272,0.953509364654,2.18273228053,0.689283878063,0.390594197569,1.16029452807,1.79213808296
A[T>G]A,0.155439846227,0.210441637968,0.341967661699,0.19848472672,0.454362627432,0.143482934978,0.0813069964878,0.241529607214,0.373055630944
A[T>G]C,0.076834289604,0.104021807464,0.169035437129,0.0981114774943,0.224592538842,0.0709239596345,0.0401902437929,0.119388665385,0.18440229505
A[T>G]G,0.191987827644,0.259921982041,0.422373220816,0.245153687607,0.561195188497,0.17721953321,0.100424402152,0.29831954757,0.460770786345
A[T>G]T,0.247881128478,0.335592912402,0.545338482653,0.316525133288,0.724575606322,0.228813349365,0.129660897973,0.385169138097,0.594914708348
C[T>G]A,0.0962571364981,0.130317354028,0.211765700296,0.122912958913,0.281367014379,0.0888527413829,0.0503498867836,0.149568781328,0.231017127596
C[T>G]C,0.203719498174,0.275804859066,0.448182895983,0.260134128438,0.595487763893,0.188048767545,0.106560968276,0.316548758701,0.488926795618
C[T>G]G,0.296772494648,0.401784300447,0.652899488226,0.378955647012,0.86748883051,0.273943841214,0.155234843354,0.461138799376,0.712253987156
C[T>G]T,0.459829307311,0.622538139129,1.01162447609,0.587166653951,1.34411643676,0.424457822134,0.240526099209,0.714504000592,1.10359033755
G[T>G]A,0.0889126661359,0.120374071076,0.195607865499,0.11353463522,0.259898562551,0.0820732302793,0.0465081638249,0.138156604304,0.213390398726
G[T>G]C,0.0711188266581,0.0962839499371,0.156461418648,0.0908132709634,0.207885801,0.0656481476844,0.0372006170211,0.110507715269,0.170685183979
G[T>G]G,0.214265238138,0.290082168556,0.471383523904,0.273600227161,0.626313773019,0.197783296743,0.112077201488,0.332935216184,0.514236571532
G[T>G]T,0.359733988573,0.487024476837,0.791414774861,0.459352631562,1.05153012044,0.332062143298,0.188168547869,0.558971274552,0.863361572575
T[T>G]A,0.203151186819,0.275035452924,0.446932611001,0.259408438553,0.593826546085,0.187524172448,0.106263697721,0.315665690287,0.487562848365
T[T>G]C,0.147021782044,0.199044874151,0.323447920496,0.187735506302,0.429755978281,0.135712414194,0.0769037013767,0.22844923056,0.352852276905
T[T>G]G,0.237413423064,0.321421249687,0.522309530741,0.303158678682,0.693977698188,0.219150852059,0.124185482834,0.3689039343,0.569792215354
T[T>G]T,0.479536444955,0.649218571632,1.0549801789,0.612331152789,1.40172191602,0.442649026113,0.250834448131,0.745125860623,1.15088746789
