,1,3,2,5,4,7,6,9,8
A[C>A]A,0.098804388832,1.41672201575,1.75226144053,0.669175178908,2.23692949855,0.510478270629,0.817381762155,0.570370790076,0.538933029993
A[C>A]C,0.103866056748,1.0873986002,1.34494037393,0.703456475245,1.71694515821,0.385529580103,0.859255560367,0.599590418498,0.566542127714
A[C>A]G,0.0306372897187,0.279661403005,0.345896998454,0.207498007641,0.441570636324,0.0988192715797,0.253453942219,0.176860717922,0.167112489375
A[C>A]T,0.107087353941,0.922916095808,1.14150148692,0.725273442599,1.45723594075,0.257107344355,0.88590447351,0.618186088658,0.584112839677
C[C>A]A,0.184828900055,1.52779422181,1.88964022172,1.25179573219,2.41230666602,0.577792091997,1.52903908227,1.06696683214,1.00815763666
C[C>A]C,0.191421168152,0.881274086247,1.08999689615,1.29644336612,1.39148539934,0.465283202405,1.58357511835,1.10502219797,1.04411546265
C[C>A]G,0.0367744264166,0.311783405924,0.38562684417,0.249063160731,0.492289588302,0.205237715241,0.304224800356,0.212288734314,0.200587780454
C[C>A]T,0.36755564804,2.30093100597,2.84588834949,2.48935416173,3.63304895679,0.902406542782,3.04068763379,2.12179851369,2.00484898931
G[C>A]A,0.127431516824,1.78173716815,2.20372755008,0.863058909397,2.81326921287,0.687295127549,1.05420618463,0.735627392573,0.695081000857
G[C>A]C,0.179377815608,1.31618737093,1.62791595878,1.21487702389,2.07819058568,0.492754635421,1.4839437473,1.03549920828,0.97842444877
G[C>A]G,0.0530198810477,0.253220737846,0.313194070494,0.359089194368,0.399822217652,0.127339407608,0.43861901594,0.306069313321,0.289199351169
G[C>A]T,0.297368594594,1.93225162243,2.38989016458,2.01399639066,3.05092361436,0.575338944392,2.46004928255,1.71662779606,1.62201051597
T[C>A]A,0.202717855523,1.17796815431,1.4569606119,1.37295274877,1.85994971733,0.375149924982,1.67702953205,1.17023489324,1.1057337574
T[C>A]C,0.193657630517,1.25457148977,1.55170684261,1.31159031577,1.98090235226,0.38630100121,1.60207676155,1.11793268526,1.05631434827
T[C>A]G,0.0471886305344,0.223287287056,0.2761711182,0.319595724983,0.352558874298,0.112942339842,0.390378670784,0.272407094448,0.257392530188
T[C>A]T,0.279641991372,4.46189117387,5.51865487294,1.89393894156,7.04509132716,0.629412304795,2.31340192862,1.61429695019,1.52531995294
A[C>G]A,0.0403348399594,0.469037718323,0.580125598979,0.273176870634,0.740585871037,0.146192709836,0.333679130573,0.232842030675,0.22000821796
A[C>G]C,0.0247285037257,0.160233327584,0.198183326223,0.167479411597,0.252999990923,0.0722963503071,0.204572167186,0.142750907871,0.134882747595
A[C>G]G,0.0102088096239,0.0156324656337,0.0193348917049,0.0691414833621,0.0246828404743,0.0097347670671,0.084454697798,0.0589326737382,0.0556844161306
A[C>G]T,0.0344331064467,0.266114831481,0.329142028411,0.233206039116,0.420181312865,0.113944616435,0.284855698786,0.198772932669,0.187816944255
C[C>G]A,0.0496486858661,0.335543576364,0.415014423397,0.33625700882,0.52980564689,0.0786416055884,0.410730037619,0.286608322954,0.270811013815
C[C>G]C,0.0311108700955,0.218596316099,0.270369127806,0.210705438374,0.345152078051,0.0591204099779,0.257371743518,0.179594568279,0.169695655067
C[C>G]G,0.0163765717802,0.0811693097129,0.100393619908,0.11091405433,0.128162067968,0.0419455862737,0.135478912,0.0945374825496,0.089326755165
C[C>G]T,0.0425826833593,0.0532067999236,0.0658084104318,0.288400900934,0.0840107367214,0.0516986416422,0.352274925972,0.245818217574,0.23226918196
G[C>G]A,0.0351518673078,0.184353549752,0.228016232588,0.238074010403,0.29108455224,0.0460376423896,0.290801811365,0.202922143095,0.191737458043
G[C>G]C,0.0276736229619,0.187311299795,0.231674502377,0.187425900969,0.295754683886,0.060661352459,0.228936335412,0.159752278007,0.150947034338
G[C>G]G,0.0137073796417,0.0179893278046,0.0222499580741,0.0928363439367,0.0284042017967,0.005358439005,0.113397413399,0.0791289642951,0.0747675253182
G[C>G]T,0.0463716427522,0.155884162601,0.192804095849,0.314062489549,0.246132888318,0.0756560610804,0.383619953677,0.267690846797,0.252936233194
T[C>G]A,0.301217430327,0.432804705487,0.535311083103,2.04006350539,0.68337585077,0.282828171511,2.49188965088,1.73884607507,1.64300416542
T[C>G]C,0.0914352581853,0.205906688541,0.254674062142,0.6192660668,0.325115824011,0.127916885272,0.756418954078,0.527830808615,0.49873777192
T[C>G]G,0.0171859952199,0.0958138283122,0.118506577123,0.116396058535,0.151284992072,0.0282706403979,0.142175051364,0.0992100633147,0.0937417921084
T[C>G]T,0.423880286921,0.734330876782,0.908251347599,2.8708255796,1.15946980545,0.397007612474,3.50664600998,2.44694529268,2.3120742923
A[C>T]A,0.239522678757,2.05830438187,2.54579752494,1.62222177885,3.24995428716,1.01115727324,1.98150579699,1.3826991001,1.30648733867
A[C>T]C,0.253273330389,3.28003227015,4.05688201834,1.71535119218,5.17899832128,2.83431164558,2.09526118776,1.46207786179,1.38149089303
A[C>T]G,0.305808555814,4.49367601152,5.55796769846,2.0711579462,7.09527791292,1.19455847217,2.52987077992,1.76534939038,1.66804666808
A[C>T]T,0.14192983952,1.94021528763,2.39973996101,0.961252094932,3.06349782257,1.73647108214,1.17414685421,0.819322255412,0.774162761019
C[C>T]A,0.357588970183,1.82452674518,2.25665150062,2.42185257078,2.88083170291,1.08350106807,2.95823602606,2.0642636006,1.95048529191
C[C>T]C,0.385222299565,3.99891139325,4.94602198639,2.60900557432,6.31407062093,3.71845342647,3.18683902367,2.22378327476,2.10121254308
C[C>T]G,0.259430574139,2.98343177292,3.69003403493,1.75705252485,4.71068174672,1.27382828166,2.14619838606,1.49762195071,1.41507585894
C[C>T]T,0.366858435883,2.93249442078,3.62703257307,2.48463213394,4.6302543486,2.14649018487,3.03491978776,2.11777369805,2.00104601391
G[C>T]A,0.476432540898,2.10679215267,2.60576924146,3.22674766335,3.32651392527,1.30978028572,3.9413964747,2.75031512245,2.59872295035
G[C>T]C,1.06602648806,3.84776895268,4.759082652,7.21990666914,6.07542466213,3.04419142238,8.81894640123,6.15388018108,5.81468993488
G[C>T]G,1.17151942201,3.32514216107,4.11267583079,7.93438153998,5.25022446484,1.45956696648,9.691660673,6.76286211797,6.39010593824
G[C>T]T,0.667305498713,2.6477565851,3.27485682894,4.51947815037,4.18066829226,1.80309331058,5.52043639844,3.85217265166,3.6398481748
T[C>T]A,1.54186591235,1.53922787019,1.90378183945,10.4426373155,2.43035979504,1.10552045954,12.755436184,8.90077140311,8.41017770373
T[C>T]C,0.788906644184,3.81318754562,4.71631091169,5.3430495447,6.02082244046,3.92273989056,6.52640951097,4.55414290052,4.30312715009
T[C>T]G,0.380127152837,3.68901039708,4.56272338586,2.57449753513,5.82475325854,0.758864738075,3.14468826438,2.19437038229,2.07342083366
T[C>T]T,0.899286585664,3.05468503926,3.77816307487,6.09062278472,4.82318690409,2.54149045103,7.43955266322,5.19133619906,4.90519955817
A[T>A]A,0.672923508886,1.05188354694,1.30101386069,4.55752740109,1.66086875833,0.138209806814,5.56691266442,3.8846038922,3.67049186665
A[T>A]C,0.109129773632,0.734506714365,0.908468830925,0.739106194141,1.15974744373,0.143603327349,0.902800854589,0.62997642051,0.595253310718
A[T>A]G,0.218899266527,0.509726933182,0.630451733147,1.48254503239,0.804831999762,0.108628440954,1.81089393218,1.26364576586,1.19399599924
A[T>A]T,0.122532143839,0.861467209803,1.06549891739,0.829876792363,1.3602113839,0.203087169388,1.01367500812,0.707344648524,0.668357148212
C[T>A]A,1.43793504508,1.24697285157,1.54230852694,9.73874189622,1.96890450247,0.147777937434,11.8956444638,8.30080685114,7.84328206407
C[T>A]C,0.225990210018,0.852213323159,1.05405332075,1.53057005876,1.34559998394,0.213056087879,1.86955537378,1.30457984874,1.23267387282
C[T>A]G,0.668900875071,2.9904829756,3.69875525929,4.53028319935,4.72181522463,0.367800801398,5.53363451195,3.86138232427,3.64855022766
C[T>A]T,0.252118917453,1.66673061787,2.06148260632,1.70753266821,2.63167992296,0.415688525594,2.08571104439,1.45541375075,1.3751940952
G[T>A]A,0.551539197677,1.57861508122,1.95249760046,3.73542456608,2.49255012825,0.191918313258,4.5627333626,3.18388536841,3.00839562369
G[T>A]C,0.0676474295334,0.424707717969,0.525296388014,0.458157590931,0.670591133635,0.100316302073,0.559628735231,0.390510161397,0.368985979273
G[T>A]G,0.184899729896,1.66467209139,2.05893653409,1.25227544339,2.62842961798,0.222665628798,1.52962503823,1.06737571349,1.00854398125
G[T>A]T,0.0717511034253,0.905933343086,1.12049650329,0.485950655017,1.43042106803,0.160690847389,0.593577310155,0.414199551591,0.391369655047
T[T>A]A,0.318570956616,1.07750622033,1.33270506199,2.15759420617,1.70132561105,0.148273127745,2.63545064109,1.83902324955,1.73765976336
T[T>A]C,0.103155252017,0.311948767677,0.385831370548,0.698642388659,0.492550685807,0.0752859969513,0.853375266685,0.595487136643,0.562665011001
T[T>A]G,0.21053106858,0.584657534993,0.723129056439,1.42586950993,0.923143476305,0.0771265701977,1.7416661128,1.21533844135,1.14835128316
T[T>A]T,0.10666542319,0.741742278169,0.917418080893,0.722415820697,1.17117201816,0.156354512773,0.882413955482,0.615750397507,0.581811399219
A[T>C]A,0.203969122591,1.52444205198,1.88549411692,1.38142723937,2.40701376628,0.347717312382,1.68738092325,1.17745811678,1.1125588505
A[T>C]C,0.100331766762,0.831616239063,1.02857797989,0.679519693068,1.3130782722,0.267779418744,0.830017343211,0.579187926306,0.547264182337
A[T>C]G,0.172889576276,1.43505326508,1.77493430155,1.17093394841,2.26587357644,0.502971497269,1.43026831283,0.998044372138,0.943034052414
A[T>C]T,0.104515953117,1.06789259597,1.3208145266,0.707858046109,1.68614620417,0.243545036257,0.864631975784,0.603342092992,0.570087017
C[T>C]A,0.10489740499,0.680200276842,0.84130034241,0.710441515617,1.07400043712,0.197374000718,0.867787623102,0.605544110626,0.572167663584
C[T>C]C,0.145326210063,0.742700603229,0.918603377679,0.984254786337,1.17268516299,0.406430244276,1.20224410143,0.838928576273,0.792688418526
C[T>C]G,0.242155115721,0.987888312001,1.22186185958,1.64005055648,1.55982365053,0.61271343982,2.00328323006,1.39789544075,1.32084608575
C[T>C]T,0.17556372945,0.773369684874,0.956536189187,1.18904525854,1.22111002875,0.791092411073,1.45239085272,1.01348152909,0.957620342452
G[T>C]A,0.193791294369,2.48218441765,3.07007020078,1.31249558459,3.91923855419,0.372341189885,1.60318252615,1.11870429022,1.05704342383
G[T>C]C,0.331576372287,1.20442672424,1.48968568524,2.24567633958,1.9017264067,0.297301209548,2.74304089801,1.9140999673,1.80859839429
G[T>C]G,0.157142345305,1.69748278046,2.09951817583,1.06428224775,2.68023596914,0.384992515344,1.29999576571,0.907139902443,0.8571400653
G[T>C]T,0.125340712032,2.04094736626,2.52432963721,0.848898458759,3.22254847304,0.368813445675,1.03690952681,0.723557746728,0.683676611081
T[T>C]A,0.0969295494396,1.28876669988,1.59400091827,0.656477403023,2.03489478928,0.246275789098,0.801871727182,0.559547853583,0.528706633307
T[T>C]C,0.132218068674,0.881685085623,1.09050523748,0.895476919653,1.39213434572,0.245025606667,1.09380402266,0.763258850979,0.721189465492
T[T>C]G,0.0856648769247,0.698459299197,0.863883870059,0.580184848262,1.10283047242,0.232751349664,0.708682163649,0.494519971338,0.467262965044
T[T>C]T,0.0789603088049,1.20732454867,1.49326983651,0.534776636906,1.90630191895,0.237173456701,0.653217100113,0.455816328101,0.430692593481
A[T>G]A,0.0146081772475,0.236237442838,0.292188416142,0.0989372004487,0.373006488692,0.0330365880986,0.12084946632,0.0843290232012,0.0796809668043
A[T>G]C,0.0240403125823,0.102900823875,0.127272071635,0.162818480671,0.162474985066,0.0605282443355,0.198878949545,0.138778168089,0.131128977722
A[T>G]G,0.025504021799,0.373799652701,0.462331149393,0.172731784002,0.590209977948,0.0929127620432,0.210987816701,0.147227762203,0.139112846176
A[T>G]T,0.0942705408946,0.207492313548,0.256635229914,0.638468663332,0.327619442444,0.221011842324,0.779874474673,0.544198122437,0.514202950334
C[T>G]A,0.00967549478996,0.0354691624119,0.0438697535094,0.0655294874411,0.0560039406503,0.0122676086048,0.080042729626,0.0558539926511,0.052775426127
C[T>G]C,0.0629194588791,0.191696927885,0.237098831858,0.426136335136,0.302679359819,0.185364295753,0.520515523454,0.363216876257,0.343197048431
C[T>G]G,0.0641149965827,0.585885844002,0.724648280739,0.434233385947,0.925082911582,0.246503569,0.530405880821,0.370118389364,0.349718163178
C[T>G]T,0.341374716328,0.627710475269,0.776378745728,2.3120378515,0.991121803057,1.73960209533,2.82409992599,1.97066313517,1.86204390724
G[T>G]A,0.00154708325283,0.222421044655,0.275099713125,0.0104779729396,0.351191123139,0.0288624992921,0.0127985978189,0.00893088968679,0.00843863592452
G[T>G]C,0.0247511504961,0.0381198788271,0.0471482711808,0.167632791997,0.0601892823585,0.0726152739469,0.204759517741,0.1428816415,0.135006275434
G[T>G]G,0.0615527852103,0.459334599152,0.568124372635,0.416880227106,0.725265156555,0.146756461291,0.509209404921,0.355327441896,0.335742464783
G[T>G]T,0.198213381464,0.254249245234,0.314466171737,1.34244517446,0.401446176686,0.480301651527,1.63976524666,1.144231793,1.0811638989
T[T>G]A,0.0178464574135,0.142795557682,0.176615558186,0.120869188846,0.225466670024,0.0273645513777,0.147638874966,0.103022731432,0.0973443131644
T[T>G]C,0.0338301170433,0.144977720582,0.17931454914,0.229122156339,0.228912190392,0.0918896107166,0.279867331904,0.195292039296,0.184527911145
T[T>G]G,0.0420743398788,0.437648167958,0.541301681422,0.284958029179,0.691023423091,0.10122411092,0.348069538997,0.2428836893,0.229496399339
T[T>G]T,0.200683026806,0.912366374789,1.12845314777,1.35917140882,1.44057848651,0.504459361152,1.66019594903,1.15848838202,1.09463469167
