,1,3,2,5,4,7,6,9,8
A[C>A]A,1.08502968867,2.44475043777,0.453240249698,2.58209596798,0.302160166466,0.480709355741,1.44212806722,0.384567484593,2.29367035453
A[C>A]C,0.691719029622,1.55855680092,0.288945923766,1.64611617176,0.192630615844,0.306457797934,0.919373393802,0.245166238347,1.462241493
A[C>A]G,0.150551660464,0.339217665349,0.0628886682951,0.35827483756,0.0419257788634,0.0667001027372,0.200100308212,0.0533600821898,0.318254775918
A[C>A]T,1.10937061673,2.49959455414,0.463407979139,2.64002121449,0.308938652759,0.491493311208,1.47447993362,0.393194648966,2.34512522776
C[C>A]A,1.79253156712,4.03886859428,0.748779009052,4.2657713243,0.499186006035,0.794159555055,2.38247866517,0.635327644044,3.78927559126
C[C>A]C,1.09925680339,2.47680646839,0.459183221668,2.6159528992,0.306122147779,0.48701250783,1.46103752349,0.389610006264,2.3237453945
C[C>A]G,0.316517781847,0.713166647705,0.132216288619,0.753232189711,0.088144192413,0.140229397021,0.420688191062,0.112183517617,0.669094551499
C[C>A]T,3.02172842702,6.80845139253,1.2622409885,7.19094866178,0.841493992336,1.33874044235,4.01622132706,1.07099235388,6.38770439637
G[C>A]A,1.87397357007,4.22237082877,0.782799086233,4.45958267308,0.521866057489,0.830241455096,2.49072436529,0.664193164076,3.96143780003
G[C>A]C,0.906076666896,2.04153983174,0.378487721615,2.15623308071,0.252325147743,0.40142637141,1.20427911423,0.321141097128,1.91537725787
G[C>A]G,0.27763302133,0.625552883504,0.115973287391,0.660696303925,0.0773155249274,0.123001971475,0.369005914426,0.0984015771803,0.58689512104
G[C>A]T,2.73362900167,6.15931597846,1.14189565893,6.50534496601,0.761263772618,1.21110145644,3.63330436931,0.96888116515,5.77868409215
T[C>A]A,1.40692548537,3.17003463791,0.587703050849,3.34812647151,0.3918020339,0.623321417568,1.8699642527,0.498657134054,2.97413362096
T[C>A]C,1.32834320284,2.99297582412,0.554877540426,3.16112053334,0.369918360284,0.58850648227,1.76551944681,0.470805185816,2.80801664397
T[C>A]G,0.309951134976,0.698370911717,0.129473258914,0.7376052326,0.0863155059426,0.13732012309,0.411960369271,0.109856098472,0.655213158746
T[C>A]T,2.83674889226,6.39166206105,1.18497105626,6.75074419931,0.789980704175,1.25678748391,3.77036245174,1.00542998713,5.99667170897
A[C>G]A,0.214081327869,0.482360460262,0.0894263774643,0.509459362524,0.0596175849762,0.0948461579167,0.28453847375,0.0758769263333,0.452551667774
A[C>G]C,0.119537976501,0.269338731862,0.0499335851205,0.284470121292,0.033289056747,0.0529598630066,0.15887958902,0.0423678904052,0.252694203488
A[C>G]G,0.0673489543555,0.151748276902,0.0281331075156,0.160273460998,0.0187554050104,0.0298381443347,0.0895144330041,0.0238705154678,0.142370574397
A[C>G]T,0.231369696147,0.521313998913,0.0966481009221,0.550601302223,0.0644320672814,0.102505561584,0.307516684752,0.0820044492673,0.489097965273
C[C>G]A,0.160042867077,0.360602915693,0.0668533495386,0.380861506463,0.0445688996924,0.0709050676925,0.212715203077,0.056724054154,0.338318465847
C[C>G]C,0.171701440245,0.38687159954,0.0717233864316,0.408605959065,0.0478155909544,0.0760702583366,0.22821077501,0.0608562066693,0.362963804063
C[C>G]G,0.121851271571,0.274550966325,0.0508998982513,0.289975177917,0.0339332655009,0.0539847405696,0.161954221709,0.0431877924557,0.257584333575
C[C>G]T,0.250643415021,0.56474085916,0.104699148047,0.59646787372,0.069799432031,0.111044550958,0.333133652875,0.0888356407668,0.529841143145
G[C>G]A,0.148314608357,0.334177218829,0.0619542034908,0.352951219887,0.0413028023272,0.0657090037024,0.197127011107,0.0525672029619,0.313525817666
G[C>G]C,0.121383874799,0.273497844483,0.0507046565615,0.288862891926,0.0338031043743,0.05377766605,0.16133299815,0.04302213284,0.256596292296
G[C>G]G,0.0559026975086,0.125957976665,0.0233517597188,0.133034267489,0.0155678398125,0.0247670178835,0.0743010536506,0.0198136143068,0.118174056759
G[C>G]T,0.152984526257,0.344699312326,0.0639049286896,0.364064442231,0.042603285793,0.0677779546707,0.203333864012,0.0542223637366,0.323397669429
T[C>G]A,0.881559050484,1.98629760742,0.368246185645,2.09788736064,0.245497457097,0.39056413629,1.17169240887,0.312451309032,1.86354887887
T[C>G]C,0.440385895655,0.992261891476,0.183958665274,1.04800694156,0.122639110182,0.19510767529,0.58532302587,0.156086140232,0.930942336384
T[C>G]G,0.0652817042167,0.147090422159,0.0272695726475,0.155353929022,0.0181797150983,0.0289222740201,0.0867668220602,0.0231378192161,0.13800056461
T[C>G]T,1.13469412501,2.55665258548,0.473986153487,2.7002847532,0.315990768991,0.502712587032,1.5081377611,0.402170069626,2.39865720098
A[C>T]A,1.19211036799,2.68602082914,0.497970153716,2.83692087572,0.331980102478,0.528150163033,1.5844504891,0.422520130426,2.5200307779
A[C>T]C,1.89857768372,4.27780794559,0.793076753958,4.51813423467,0.528717835972,0.841142011773,2.52342603532,0.672913609419,4.0134490276
A[C>T]G,1.83784226634,4.1409610558,0.767706263154,4.37359931736,0.511804175436,0.814233915467,2.4427017464,0.651387132373,3.88505896808
A[C>T]T,1.38141453798,3.11255427545,0.577046579157,3.2874168752,0.384697719438,0.612019099106,1.83605729732,0.489615279284,2.92020541573
C[C>T]A,0.915478705993,2.062724173,0.382415155668,2.1786075535,0.254943437112,0.405591831769,1.21677549531,0.324473465415,1.93525245444
C[C>T]C,2.10432734773,4.74139579614,0.879022816138,5.00776634649,0.586015210759,0.932296926207,2.79689077862,0.745837540966,4.44838819076
C[C>T]G,1.30483577826,2.94000972824,0.545057983326,3.1051788141,0.363371988884,0.578091800497,1.73427540149,0.462473440398,2.7583237338
C[C>T]T,1.79845851092,4.05222297397,0.751254821018,4.27987595004,0.500836547345,0.796785416231,2.39035624869,0.637428332985,3.8018047003
G[C>T]A,2.28678044159,5.15249264055,0.955237399653,5.44195851923,0.636824933102,1.01313057539,3.03939172617,0.810504460312,4.834080174
G[C>T]C,4.96822831491,11.1942359501,2.07533587838,11.8231256102,1.38355725225,2.20111381041,6.60334143122,1.76089104832,10.5024573239
G[C>T]G,5.63302601333,12.6921345617,2.35303618279,13.4051758292,1.56869078852,2.49564443629,7.48693330886,1.99651554903,11.9077891674
G[C>T]T,3.34989418228,7.54786284108,1.39932288627,7.97190007935,0.932881924179,1.48413033392,4.45239100176,1.18730426714,7.08142187899
T[C>T]A,1.29047530663,2.90765322254,0.539059305303,3.07100452718,0.359372870202,0.57172956623,1.71518869869,0.457383652984,2.72796678744
T[C>T]C,2.40739145056,5.42424909113,1.00561921352,5.72898218614,0.670412809016,1.06656583253,3.19969749758,0.853252666021,5.08904268662
T[C>T]G,0.689198469697,1.55287756463,0.287893031646,1.64011787725,0.191928687764,0.30534109417,0.916023282509,0.244272875336,1.45691322075
T[C>T]T,1.64607293103,3.70887318637,0.687600085114,3.91723684853,0.458400056743,0.729272817545,2.18781845264,0.583418254036,3.479673158
A[T>A]A,0.256830891207,0.578682261201,0.107283789998,0.611192500595,0.0715225266653,0.113785837877,0.34135751363,0.0910286703013,0.542920997869
A[T>A]C,0.462643218389,1.04241130219,0.193256027935,1.1009737349,0.128837351956,0.204968514476,0.614905543428,0.163974811581,0.977992626214
A[T>A]G,0.276425619343,0.622832408141,0.115468929599,0.657822992868,0.0769792863994,0.122467046545,0.367401139634,0.0979736372356,0.584342764941
A[T>A]T,0.452810747014,1.02025712618,0.189148793057,1.07757494226,0.126099195371,0.200612356272,0.601837068816,0.160489885018,0.957207528499
C[T>A]A,0.19044399375,0.429101656803,0.0795525543511,0.453208491455,0.0530350362341,0.0843739212815,0.253121763844,0.0674991370252,0.402584138686
C[T>A]C,0.425211135551,0.95807065985,0.177619841433,1.01189485422,0.118413227622,0.188384680308,0.565154040923,0.150707744246,0.898864046039
C[T>A]G,0.471988750289,1.06346832344,0.197159857715,1.12321373486,0.131439905144,0.209108940001,0.627326820004,0.167287152001,0.997748370863
C[T>A]T,0.362565449934,0.81691962137,0.151451390479,0.862813982121,0.100967593652,0.160630262629,0.481890787887,0.128504210103,0.766435824544
G[T>A]A,0.138333804092,0.31168882441,0.0577850067726,0.329199432523,0.0385233378484,0.0612871283952,0.183861385186,0.0490297027162,0.292427155486
G[T>A]C,0.278398135559,0.627276811766,0.116292892069,0.66251708209,0.0775285947127,0.123340946134,0.370022838401,0.098672756907,0.58851251441
G[T>A]G,0.242517735859,0.546432366872,0.101304877004,0.577130814449,0.0675365846696,0.10744456652,0.322333699559,0.0859556532159,0.512664074537
G[T>A]T,0.326582250906,0.735843552675,0.136420433923,0.777183078106,0.0909469559486,0.144688339009,0.434065017027,0.115750671207,0.690370074701
T[T>A]A,0.242601602248,0.546621331647,0.1013399098,0.577330395223,0.0675599398665,0.107481722515,0.322445167545,0.0859853780119,0.512841361714
T[T>A]C,0.260578199625,0.587125563712,0.108849121362,0.620110145943,0.0725660809082,0.115446037808,0.346338113425,0.0923568302468,0.550842523258
T[T>A]G,0.17399240503,0.392033520195,0.0726803717215,0.414057875262,0.0484535811477,0.077085242735,0.231255728205,0.061668194188,0.367806729621
T[T>A]T,0.338181784193,0.761979209954,0.141265808587,0.804787030738,0.0941772057246,0.149827372744,0.449482118231,0.119861898195,0.714890607091
A[T>C]A,0.772873351726,1.74141084313,0.322845830468,1.83924291297,0.215230553645,0.342412244436,1.02723673331,0.273929795549,1.63379556631
A[T>C]C,0.441485971447,0.99474054326,0.184418190604,1.05062484344,0.122945460403,0.195595050641,0.586785151923,0.156476040513,0.933267813058
A[T>C]G,0.585445810334,1.31910574987,0.244553313177,1.39321281446,0.163035542118,0.259374726097,0.778124178292,0.207499780878,1.23758797881
A[T>C]T,0.625072179261,1.40839047985,0.261106100198,1.48751354052,0.174070733465,0.276930712331,0.830792136993,0.221544569865,1.32135511312
C[T>C]A,0.315291117206,0.710402770413,0.131703884402,0.750313038414,0.0878025896016,0.139685938003,0.419057814008,0.111748750402,0.666501475612
C[T>C]C,0.461336652182,1.03946739352,0.192710247114,1.0978644381,0.128473498076,0.20438965603,0.61316896809,0.163511724824,0.975230644486
C[T>C]G,0.619179634041,1.39511360581,0.258644657258,1.47349077468,0.172429771505,0.274320091031,0.822960273093,0.219456072825,1.30889872006
C[T>C]T,0.400513208154,0.902422165207,0.167302985685,0.953120039657,0.11153532379,0.177442560574,0.532327681723,0.14195404846,0.846654503313
G[T>C]A,1.17839126735,2.65510943784,0.49223939016,2.8042728894,0.32815959344,0.522072080473,1.56621624142,0.417657664379,2.49102964111
G[T>C]C,1.60792964391,3.62293008375,0.67166681328,3.82646548171,0.44777787552,0.712373892872,2.13712167862,0.569899114298,3.39904114599
G[T>C]G,0.961473406222,2.16635780136,0.401628131713,2.28806329582,0.267752087809,0.425969230605,1.27790769181,0.340775384484,2.03248175746
G[T>C]T,0.88517952152,1.99445512444,0.369758534306,2.10650316514,0.246505689537,0.392168142446,1.17650442734,0.313734513956,1.87120227967
T[T>C]A,0.457475021381,1.03076650387,0.19109716083,1.08867473442,0.12739810722,0.202678806941,0.608036420822,0.162143045553,0.96706745026
T[T>C]C,0.61996362339,1.39688006283,0.258972146479,1.47535647085,0.172648097653,0.274667428084,0.824002284253,0.219733942467,1.310556014
T[T>C]G,0.355066737968,0.800023789346,0.148319017126,0.844968946051,0.0988793447506,0.157308048467,0.471924145401,0.125846438773,0.75058411697
T[T>C]T,0.422717984237,0.952453179673,0.176578398479,1.00596178527,0.117718932319,0.187280119599,0.561840358796,0.149824095679,0.893593713513
A[T>G]A,0.0587850725813,0.132452442019,0.0245557898124,0.139893590447,0.0163705265416,0.026044019498,0.0781320584941,0.0208352155984,0.124267178748
A[T>G]C,0.102710533292,0.23142373324,0.0429043999827,0.244425066568,0.0286029333218,0.0455046666483,0.136513999945,0.0364037333186,0.217122266579
A[T>G]G,0.150534045355,0.339177975611,0.0628813100851,0.358232918061,0.0419208733901,0.0666922985751,0.200076895725,0.0533538388601,0.318217538915
A[T>G]T,0.305665368599,0.688714374818,0.127683002073,0.727406193628,0.085122001382,0.135421365835,0.406264097505,0.108337092668,0.646153374127
C[T>G]A,0.0346166209315,0.0779969433646,0.0144601074777,0.0823787941154,0.00964007165181,0.0153364776279,0.0460094328836,0.0122691821023,0.0731769075387
C[T>G]C,0.178856194019,0.402992437156,0.0747120810457,0.425632461715,0.0498080540305,0.0792400859576,0.237720257873,0.0633920687661,0.37808841014
C[T>G]G,0.20978389191,0.472677629874,0.0876312459879,0.499232552901,0.0584208306586,0.0929422305932,0.27882669178,0.0743537844745,0.443467214545
C[T>G]T,0.478792254683,1.0787977384,0.200001827906,1.13940435292,0.133334551937,0.212123150809,0.636369452427,0.169698520647,1.01213046243
G[T>G]A,0.025165836157,0.0567027700752,0.0105123113061,0.0598883189559,0.00700820753739,0.0111494210822,0.0334482632466,0.00891953686577,0.0531986663065
G[T>G]C,0.0819047422942,0.184544862384,0.0342133733634,0.194912551282,0.0228089155756,0.036286911143,0.108860733429,0.0290295289144,0.173140404597
G[T>G]G,0.292028457357,0.65798816974,0.121986570795,0.694953797254,0.0813243805297,0.129379696297,0.388139088892,0.103503757038,0.617325979475
G[T>G]T,0.592522623804,1.33505097515,0.24750945045,1.41005383893,0.1650063003,0.262510023204,0.787530069613,0.210008018563,1.252547825
T[T>G]A,0.055597139221,0.125269503561,0.0232241214467,0.132307116121,0.0154827476312,0.0246316439587,0.073894931876,0.0197053151669,0.117528129746
T[T>G]C,0.154758336577,0.348695998871,0.0646458874311,0.368285661729,0.0430972582874,0.0685638200027,0.205691460008,0.0548510560021,0.327147369727
T[T>G]G,0.128488001311,0.28950461055,0.0536722030794,0.305768914513,0.0357814687196,0.0569250638721,0.170775191616,0.0455400510977,0.27161387619
T[T>G]T,0.559107738264,1.25976173938,0.233551333705,1.3305348708,0.155700889137,0.24770595999,0.743117879971,0.198164767992,1.18191129481
