,1,3,2,5,4,7,6,9,8
A[C>A]A,1.46182461685,1.02112748971,0.653001991527,1.39733235434,0.849148123024,1.81653206065,1.65530140438,0.595267894568,1.02112748971
A[C>A]C,1.12697886274,0.787227882064,0.455557075464,1.07725920704,0.654642133506,1.40043696915,1.27613782987,0.448975655019,0.787227882064
A[C>A]G,0.818036225519,0.571422363414,0.180838525899,0.78194639204,0.475182807471,1.01653030965,0.926305725955,0.133460622543,0.571422363414
A[C>A]T,1.34033556314,0.93626381249,0.656240538251,1.28120311183,0.778577275649,1.66556404538,1.51773291709,0.565941908925,0.93626381249
C[C>A]A,3.41122842055,2.382843382,1.11704460348,3.26073304905,1.98152239135,4.23895296377,3.86271453503,0.626413945746,2.382843382
C[C>A]C,2.8824203035,2.01345535906,0.692877190346,2.75525470188,1.67434708806,3.58183111244,3.26391710838,0.602052581772,2.01345535906
C[C>A]G,1.36617089181,0.954310549425,0.262586350757,1.30589864658,0.793584562154,1.69766824056,1.54698762749,0.102710635581,0.954310549425
C[C>A]T,4.92905929321,3.44309288864,1.62703287907,4.71160079498,2.86320356003,6.12508103348,5.5814347879,1.30635486288,3.44309288864
G[C>A]A,2.41676992196,1.68818487196,1.00193011303,2.31014771952,1.40385899879,3.00319203538,2.73663652928,0.450429205426,1.68818487196
G[C>A]C,4.65619421713,3.25248860755,1.11785925358,4.45077388402,2.7047010526,5.78600604922,5.27245521645,0.488612186319,3.25248860755
G[C>A]G,1.92759846337,1.34648422074,0.344718919112,1.8425573547,1.11970793093,2.39532456111,2.18272178941,0.167965043892,1.34648422074
G[C>A]T,3.0266513129,2.11420496122,1.51229323522,2.89312257851,1.75812833617,3.76105935206,3.42723751608,0.839859023351,2.11420496122
T[C>A]A,1.86689797457,1.304083144,0.841070958581,1.78453482863,1.08444808817,2.31989527722,2.11398741238,0.541784473459,1.304083144
T[C>A]C,2.93469868662,2.04997334727,0.935746115811,2.80522668574,1.70471467825,3.64679469146,3.32311468926,0.733243417617,2.04997334727
T[C>A]G,0.633850771167,0.44276340633,0.192360629003,0.605886766557,0.368192727369,0.787652796524,0.717742784998,0.138684865918,0.44276340633
T[C>A]T,3.05254440148,2.13229204515,1.43661499759,2.91787332494,1.77316917439,3.79323532243,3.45655763109,1.01747107078,2.13229204515
A[C>G]A,0.763137306894,0.533073854081,0.228039483094,0.729469484531,0.443292994446,0.948310329891,0.864140773983,0.285899715311,0.533073854081
A[C>G]C,0.53666798093,0.374878369032,0.127099907468,0.51299145236,0.311740959511,0.666888888068,0.607697566642,0.15176237523,0.374878369032
A[C>G]G,0.090123871771,0.0629541751342,0.0428686309584,0.0861478186047,0.0523513666905,0.111992164186,0.10205203127,0.0500459303848,0.0629541751342
A[C>G]T,0.470732495813,0.328820493398,0.176879129938,0.449964885703,0.273440199773,0.584954351414,0.533035326141,0.301391905018,0.328820493398
C[C>G]A,0.718319175816,0.501767071342,0.175042663419,0.686628623942,0.417258933011,0.892617211125,0.813390831439,0.210650710511,0.501767071342
C[C>G]C,0.782988750358,0.546940671206,0.180331694529,0.748445129019,0.454824347634,0.972978667724,0.886619614376,0.212741065483,0.546940671206
C[C>G]G,0.107144270585,0.0748434243054,0.0527409651223,0.102417317471,0.0622382160013,0.133142512712,0.121325129927,0.096998070061,0.0748434243054
C[C>G]T,0.6499795226,0.454029813581,0.215499160854,0.621303955427,0.377561634452,0.807695142055,0.736006224121,0.291643698106,0.454029813581
G[C>G]A,0.447391108134,0.312515847593,0.137995526794,0.427653265128,0.259881599578,0.555949244666,0.506604637151,0.162527690568,0.312515847593
G[C>G]C,0.589222929393,0.411589546267,0.151998025639,0.563227800155,0.342269201632,0.732196140201,0.667208317106,0.157961744353,0.411589546267
G[C>G]G,0.246387703289,0.172109057444,0.0485795160599,0.235517657555,0.143122268822,0.306172954822,0.278997840489,0.038735449702,0.172109057444
G[C>G]T,0.362018094536,0.252880286625,0.131564675509,0.346046708013,0.210289922562,0.449860720416,0.409932254107,0.169775180943,0.252880286625
T[C>G]A,1.82441633686,1.2744084706,0.67445880065,1.74392738082,1.0597712545,2.26710559506,2.06588320497,0.355532302187,1.2744084706
T[C>G]C,0.814518938405,0.568965434915,0.311551714159,0.778584279358,0.473139677456,1.01215956317,0.922322915547,0.259000024442,0.568965434915
T[C>G]G,0.14256288564,0.0995843686456,0.0442890682953,0.136273346568,0.0828122644527,0.177155350538,0.161431502857,0.0413973827053,0.0995843686456
T[C>G]T,2.09593611194,1.46407301937,0.807228720919,2.0034683423,1.21749230032,2.60450884498,2.37333942087,0.791162582148,1.46407301937
A[C>T]A,2.68013642917,1.87215412332,1.07458597888,2.56189511612,1.55684395518,3.33046365095,3.03486036832,0.864112560623,1.87215412332
A[C>T]C,2.52967017914,1.76704902219,1.29940871796,2.418067083,1.46944076582,3.1434872079,2.86447946755,0.611126155721,1.76704902219
A[C>T]G,2.39994176803,1.67642991149,1.19971208522,2.29406198415,1.39408382114,2.9822805794,2.71758111969,0.998663701021,1.67642991149
A[C>T]T,1.73526452929,1.2121333109,0.896018870675,1.65870874123,1.00798454275,2.1563213636,1.96493189346,0.630191666011,1.2121333109
C[C>T]A,2.27263057344,1.58749929763,1.0036733049,2.17236745991,1.32013099487,2.82407769788,2.57341991405,0.901522052277,1.58749929763
C[C>T]C,3.25620853027,2.27455742923,1.38570060649,3.11255227158,1.89147407273,4.04631795306,3.68717730634,0.746524858646,2.27455742923
C[C>T]G,2.4981361711,1.74502159011,0.82484897203,2.3879242812,1.45112321703,3.10430156556,2.8287718408,0.636214882309,1.74502159011
C[C>T]T,3.01410327319,2.10543978642,1.19417642911,2.88112812878,1.75083940134,3.74546656742,3.4130287064,1.09350497969,2.10543978642
G[C>T]A,4.76332185924,3.32732041638,1.61232246154,4.55317530662,2.76692960941,5.91912789861,5.39376151708,0.988799062873,3.32732041638
G[C>T]C,6.41379184882,4.48022224733,2.72502952829,6.13083044372,3.72565850041,7.97007957684,7.2626760641,0.976472365644,4.48022224733
G[C>T]G,3.45096792564,2.41060259511,2.93667765743,3.29871934068,2.00460636857,4.28833514289,3.9077136805,1.0619144032,2.41060259511
G[C>T]T,5.06844524939,3.54045807862,1.88738609686,4.84483737074,2.94417040222,6.29828858196,5.73926888534,1.02827153414,3.54045807862
T[C>T]A,3.23606859683,2.26048909338,1.36488485952,3.09330086462,1.87977514081,4.021291124,3.66437179347,2.64749630671,2.26048909338
T[C>T]C,2.76533407896,1.93166718751,1.79555444606,2.64333404607,1.60633376646,3.43633425989,3.13133417765,1.17794211977,1.93166718751
T[C>T]G,2.10584244715,1.47099288588,0.511501080869,2.0129376333,1.22324671562,2.6168189233,2.38455688868,0.599981977424,1.47099288588
T[C>T]T,1.91959447544,1.34089319976,1.20893881431,1.83490648388,1.11505855559,2.38537842904,2.17365845013,1.83830475057,1.34089319976
A[T>A]A,1.1798883587,0.82418672115,0.374614141721,1.12783446052,0.685376326009,1.46618479868,1.33605005323,0.253248141296,0.82418672115
A[T>A]C,0.440753343997,0.307879174115,0.323186668624,0.421308343526,0.256025839527,0.547700846584,0.499088345408,0.236409708802,0.307879174115
A[T>A]G,0.481458192299,0.336312707856,0.368114413739,0.460217389698,0.279670567586,0.598282606607,0.545180600104,0.276722388719,0.336312707856
A[T>A]T,0.62244892235,0.434798879583,0.440310784565,0.594987940482,0.3615695946,0.773484322626,0.704831867955,0.303673765196,0.434798879583
C[T>A]A,2.28888390231,1.59885272588,0.327641360253,2.18790373015,1.32957226678,2.84427484919,2.59182441879,0.223404858671,1.59885272588
C[T>A]C,0.547619678729,0.382528452053,0.457172141592,0.52345998702,0.318102607497,0.680497983126,0.620098753855,0.471754883462,0.382528452053
C[T>A]G,0.588647167201,0.411187359442,0.672306897698,0.562677439236,0.341934751536,0.731480671007,0.666556351095,0.555555084144,0.411187359442
C[T>A]T,0.425031972737,0.296897333897,0.367722378183,0.406280562175,0.246893572399,0.528164730828,0.481286204423,0.420589749073,0.296897333897
G[T>A]A,0.878987619541,0.613998704827,0.205627599008,0.840208753973,0.510588396645,1.09227138017,0.995324216245,0.180846261867,0.613998704827
G[T>A]C,0.49702029377,0.347183293442,0.228452907794,0.475092927868,0.288710317705,0.617620806229,0.562802391475,0.163098729192,0.347183293442
G[T>A]G,0.232174986219,0.16218105655,0.228337517511,0.221931972121,0.134866352289,0.288511563758,0.262904028513,0.259206005483,0.16218105655
G[T>A]T,0.297983323896,0.208150115956,0.216090501248,0.284837000783,0.173093254322,0.370288101017,0.337422293235,0.188083399831,0.208150115956
T[T>A]A,0.572983901598,0.400246107734,0.396175664358,0.547705200057,0.332836236958,0.712016760075,0.648820006222,0.262533274529,0.400246107734
T[T>A]C,0.56833284018,0.396997204538,0.413892152347,0.543259332525,0.330134517458,0.706237132283,0.643553363145,0.296840016439,0.396997204538
T[T>A]G,0.581400485747,0.406125339308,0.397943030673,0.555750464317,0.337725282162,0.722475603612,0.658350550037,0.22857613527,0.406125339308
T[T>A]T,0.336583041183,0.235113153768,0.373596781928,0.321733789366,0.195515148923,0.418253926176,0.381130796634,0.38185056082,0.235113153768
A[T>C]A,1.52530304218,1.06546903682,1.26446845804,1.45801026091,0.886021620089,1.89541333918,1.727181386,1.36120716153,1.06546903682
A[T>C]C,1.17505116057,0.820807795985,0.775999108275,1.12321066819,0.682566482977,1.46017386865,1.3305726377,0.462197466251,0.820807795985
A[T>C]G,2.729693797,1.90677140232,1.15808540456,2.60926612948,1.58563095561,3.39204596833,3.09097679954,0.832696835153,1.90677140232
A[T>C]T,1.11422190717,0.778316773392,0.857158493998,1.06506505833,0.647231843136,1.38458457582,1.26169245371,1.00382610615,0.778316773392
C[T>C]A,0.97202024268,0.678984728343,0.730934925839,0.929136996679,0.564629405674,1.20787809568,1.10066998068,0.476612531896,0.678984728343
C[T>C]C,1.22663514368,0.856840725361,0.879095911449,1.17251888734,0.712530708458,1.52427455354,1.38898391269,0.70614884389,0.856840725361
C[T>C]G,3.13088547725,2.18701559073,1.01846900036,2.99275817679,1.81867612282,3.89058562982,3.54526737866,0.67951386937,2.18701559073
C[T>C]T,0.881009099664,0.615410768148,0.81110236552,0.84214105115,0.511762638775,1.09478336649,0.997613245208,0.603268959362,0.615410768148
G[T>C]A,1.14439085935,0.799390673814,1.39399102907,1.09390302732,0.664756455066,1.42207393552,1.29585435545,0.476323349574,0.799390673814
G[T>C]C,1.37974253601,0.963790742065,1.22387084303,1.31887154177,0.801468090769,1.7145330043,1.56235551872,0.36873249916,0.963790742065
G[T>C]G,1.75241178978,1.22411117669,1.03649509278,1.67509950494,1.01794508377,2.17762935642,1.98434864431,0.459692841935,1.22411117669
G[T>C]T,1.04981038021,0.733323427354,1.05511044953,1.00349521638,0.6098163238,1.30454378129,1.18875587171,0.442756427587,0.733323427354
T[T>C]A,0.796694580748,0.556514596846,1.01090318285,0.761546290421,0.46278582264,0.990010177547,0.902139451729,0.577197724291,0.556514596846
T[T>C]C,1.06395296768,0.743202440656,0.932113893812,1.01701386616,0.618031503282,1.32211802601,1.20477027222,0.596002909783,0.743202440656
T[T>C]G,1.26631835279,0.884560614085,0.693331457118,1.21045136664,0.735581984344,1.57358677663,1.43391931125,0.474608781402,0.884560614085
T[T>C]T,0.66818330683,0.466745692271,0.903487992433,0.638704631529,0.388135891467,0.830316020987,0.756619332734,0.530713181691,0.466745692271
A[T>G]A,0.0983293982117,0.068685976692,0.292303273687,0.0939913365259,0.0571178121965,0.122188737484,0.111343583269,0.148982863932,0.068685976692
A[T>G]C,0.147992089803,0.103376827436,0.119511803265,0.141463027017,0.0859659933412,0.183901935122,0.167579278159,0.184139141429,0.103376827436
A[T>G]G,0.225388223703,0.157440303322,0.157437138685,0.215444625598,0.13092404171,0.280078013278,0.255219018016,0.211584688919,0.157440303322
A[T>G]T,0.296046329802,0.206797068612,0.421843970411,0.282985462311,0.171968088635,0.367881101005,0.335228932276,0.679613225014,0.206797068612
C[T>G]A,0.0719846028252,0.0502833622676,0.203898223144,0.0688088115241,0.0418145854646,0.0894514549813,0.0815119767286,0.0779787656317,0.0502833622676
C[T>G]C,0.529505413878,0.369875105282,0.259359339181,0.506144880912,0.307580350708,0.657988345186,0.599587012773,0.369754237878,0.369875105282
C[T>G]G,0.745840610138,0.52099160267,0.283514993958,0.712935877338,0.433245648536,0.926816640539,0.844554808539,0.317793562205,0.52099160267
C[T>G]T,0.527880722074,0.368740210272,0.788627993497,0.504591866688,0.306636595911,0.655969426695,0.597747288231,1.06997793492,0.368740210272
G[T>G]A,0.0593413778277,0.0414516977473,0.073236437,0.0567233758647,0.0344703591793,0.0737403886241,0.0671953837166,0.0343606329983,0.0414516977473
G[T>G]C,0.214294003714,0.149690664359,0.0749791945027,0.204839856492,0.124479605099,0.266291813439,0.242656445382,0.0763463186437,0.149690664359
G[T>G]G,0.464113073142,0.324196631974,0.198890705093,0.443637496386,0.269595093958,0.576728745302,0.525539803411,0.169485751189,0.324196631974
G[T>G]T,0.533200396641,0.372456159419,0.498688541371,0.509676849731,0.30972670099,0.66257990465,0.603771037373,0.319209737021,0.372456159419
T[T>G]A,0.17970467305,0.125528999557,0.434803161725,0.17177652571,0.104387273316,0.223309483423,0.203489115072,0.210552060061,0.125528999557
T[T>G]C,0.172513153491,0.12050551163,0.196922487251,0.164902279073,0.100209846513,0.214372962794,0.195345776748,0.329921392161,0.12050551163
T[T>G]G,0.278766464233,0.194726574281,0.184163677088,0.266467943752,0.161930519665,0.346408326878,0.315662025676,0.247849008471,0.194726574281
T[T>G]T,0.436311448767,0.304776379653,0.821655539964,0.417062414263,0.253445620975,0.542181138541,0.49405855228,1.66106163011,0.304776379653
