,1,3,2,5,4,7,6,9,8
A[C>A]A,2.0201694222,0.354589399285,1.89895925687,1.30637622636,0.646454215104,2.06667956098,0.576642413067,2.30299314131,0.350162699848
A[C>A]C,1.63474932667,0.266095986406,1.53666436707,1.05713789791,0.523119784533,1.3876016779,0.512962456198,1.8636142324,0.283356549955
A[C>A]G,0.502088492437,0.0872357769003,0.471963182891,0.324683891776,0.16066831758,0.315531345785,0.0873235380963,0.572380881378,0.0870286720224
A[C>A]T,1.15410406729,0.238621774895,1.08485782325,0.746320630181,0.369313301533,1.80466635117,0.576839381982,1.31567863671,0.200044704997
C[C>A]A,2.17263923231,0.564891145527,2.04228087837,1.40497337023,0.695244554339,2.97607237154,1.03211500779,2.47680872483,0.376590800267
C[C>A]C,1.7835208481,0.748370820074,1.67650959722,1.15334348177,0.570726671393,1.6298896735,1.3059350666,2.03321376684,0.309143613671
C[C>A]G,0.6939981416,0.217933278134,0.652358253104,0.448785464901,0.222079405312,0.618306601855,0.398335885719,0.791157881424,0.120293011211
C[C>A]T,3.82551406918,1.39271786335,3.59598322503,2.47383243141,1.22416450214,2.7908603332,3.10991805547,4.36108603887,0.663089105325
G[C>A]A,2.3913642507,0.34692121792,2.24788239566,1.54641554878,0.765236560223,3.13949050312,0.532802821917,2.72615524579,0.414503136787
G[C>A]C,2.71394823113,0.348754036575,2.55111133726,1.75501985613,0.868463433962,2.00721775089,0.612306665265,3.09390098349,0.470417693396
G[C>A]G,0.715076070269,0.132695944182,0.672171506053,0.462415858774,0.228824342486,0.631744923563,0.191307719574,0.815186720106,0.123946518847
G[C>A]T,2.48761779719,0.367358548233,2.33836072936,1.60865950885,0.796037695102,2.55464003876,0.95395036866,2.8358842888,0.431187084847
T[C>A]A,1.25018646572,0.471203862179,1.17517527778,0.808453914499,0.40005966903,4.21676694032,1.06254023673,1.42521257092,0.216698987391
T[C>A]C,1.61220683295,0.443638035765,1.51547442298,1.04256041864,0.515906186545,2.46961867304,0.854616576516,1.83791578957,0.279449184379
T[C>A]G,0.440205441301,0.0964485800545,0.413793114823,0.284666185374,0.140865741216,0.567283851583,0.132802648018,0.501834203083,0.0763022764921
T[C>A]T,2.17990000579,0.584996500533,2.04910600544,1.40966867041,0.697568001851,15.4896274288,3.20891414533,2.4850860066,0.377849334336
A[C>G]A,0.436699345766,0.163171578896,0.41049738502,0.282398910262,0.139743790645,0.463934194307,0.434264259409,0.497837254173,0.0756945532661
A[C>G]C,0.27827619623,0.108256851818,0.261579624456,0.179951940229,0.0890483827937,0.298704008985,0.225742242517,0.317234863702,0.0482345406799
A[C>G]G,0.00644428439897,0.0309249099494,0.00605762733503,0.00416730391133,0.00206217100767,0.0555013461409,0.0534965433607,0.00734648421483,0.00111700929582
A[C>G]T,0.34152246095,0.152051112835,0.321031113293,0.220851191414,0.109287187504,0.439727533686,0.381382362715,0.389335605483,0.0591972265646
C[C>G]A,0.348390317668,0.113166464562,0.327486898608,0.225292405425,0.111484901654,0.431618868996,0.331326798527,0.397164962141,0.0603876550624
C[C>G]C,0.241155137981,0.104922032207,0.226685829702,0.155946989227,0.0771696441538,0.404848956333,0.263221284774,0.274916857298,0.0418002239166
C[C>G]G,0.0857737439979,0.0429377517655,0.080627319358,0.0554670211186,0.0274475980793,0.128450602322,0.0711764673135,0.0977820681576,0.0148674489596
C[C>G]T,0.173373805236,0.133766879597,0.162971376922,0.112115060719,0.0554796176755,0.470531604692,0.355182174285,0.197646137969,0.0300514595742
G[C>G]A,0.162970600981,0.0948553323394,0.153192364922,0.105387655301,0.0521505923138,0.196003126685,0.212815415673,0.185786485118,0.0282482375033
G[C>G]C,0.216899677231,0.128748940789,0.203885696597,0.140261791276,0.0694078967139,0.253218092735,0.232202231493,0.247265632043,0.0375959440534
G[C>G]G,0.0277912500503,0.024748408939,0.0261237750473,0.0179716750325,0.00889320001609,0.0700890989752,0.0318762619816,0.0316820250573,0.00481715000871
G[C>G]T,0.349481699237,0.105834826096,0.328512797283,0.225998165506,0.111834143756,0.325542922987,0.291769771104,0.39840913713,0.0605768278677
T[C>G]A,0.254692149049,0.65480362643,0.239410620106,0.164700923052,0.0815014876958,3.48491200942,2.10166913821,0.290349049916,0.0441466391686
T[C>G]C,0.276861748218,0.258231284893,0.260250043325,0.179037263848,0.0885957594298,1.00436082873,0.664619364327,0.315622392969,0.0479893696911
T[C>G]G,0.0194633777395,0.0408100576368,0.0182955750751,0.0125863176049,0.00622828087663,0.156302296298,0.118664309093,0.022188250623,0.00337365214151
T[C>G]T,0.438664566684,0.803209351875,0.412344692683,0.283669753122,0.140372661339,4.38239361724,2.84055304229,0.50007760602,0.0760351915586
A[C>T]A,2.39126301203,0.969231545102,2.24778723131,1.54635008111,0.76520416385,2.19008132239,2.26499968865,2.72603983372,0.414485588752
A[C>T]C,3.62093951518,0.664797842982,3.40368314427,2.34154088648,1.15870064486,5.33754072172,3.8369524311,4.1278710473,0.627629515964
A[C>T]G,3.1220953678,1.36887174247,2.93476964573,2.01895500451,0.999070517695,2.5575387353,2.76938599166,3.55918871929,0.541163197085
A[C>T]T,2.46860874744,0.527258967841,2.32049222259,1.59636699001,0.78995479918,3.52797584299,2.1296231888,2.81421397208,0.427892182889
C[C>T]A,2.73783702143,1.10594291425,2.57356680014,1.77046794052,0.876107846857,3.07424148512,3.37234644842,3.12113420443,0.474558417047
C[C>T]C,5.24312350349,1.08297993867,4.92853609328,3.39055319892,1.67779952112,8.67728393358,7.30810921618,5.97716079397,0.908808073938
C[C>T]G,2.75475218607,1.35753986171,2.58946705491,1.78140641366,0.881520699543,2.57998240169,3.06771968996,3.14041749212,0.477490378919
C[C>T]T,4.20891780758,1.03268542398,3.95638273913,2.7217668489,1.34685369843,6.71080124562,6.16428589869,4.79816630064,0.729545753314
G[C>T]A,3.53825072343,1.26809938874,3.32595568002,2.28806880115,1.1322402315,3.09443298028,3.86724154641,4.03360582471,0.613296792061
G[C>T]C,5.6458920442,1.37633058518,5.30713852155,3.65101018858,1.80668545414,8.06173618806,7.39079586809,6.43631693039,0.978621287661
G[C>T]G,2.4090457672,1.22987454129,2.26450302117,1.55784959613,0.770894645505,3.60373414593,3.1797445102,2.74631217461,0.417567932982
G[C>T]T,4.21102528799,1.11229093584,3.95836377071,2.72312968623,1.34752809216,5.43421134435,5.26469396266,4.80056882831,0.729911049919
T[C>T]A,2.43585947311,1.38466406477,2.28970790472,1.57518912594,0.779475031395,7.91358059778,5.19889812838,2.77687979935,0.422215642006
T[C>T]C,4.23237743481,1.91998624569,3.97843478872,2.73693740784,1.35436077914,7.52937034556,5.71623400647,4.82491027568,0.7336120887
T[C>T]G,1.62043737694,1.11801556651,1.52321113432,1.04788283709,0.518539960621,10.0290168248,3.83701329865,1.84729860971,0.280875812003
T[C>T]T,3.36643412986,0.91208536308,3.16444808206,2.17696073731,1.07725892155,7.97217342617,4.16862588458,3.83773490804,0.583515249175
A[T>A]A,5.91034095557,0.406623322095,5.55572049824,3.8220204846,1.89130910578,2.3528064137,0.800914498989,6.73778868935,1.02445909897
A[T>A]C,0.597275928984,0.215616134462,0.561439373245,0.386238434076,0.191128297275,0.480317355899,0.449056161698,0.680894559042,0.103527827691
A[T>A]G,0.815290782206,0.266867611126,0.766373335273,0.527221372493,0.260893050306,0.54045949927,0.801038682687,0.929431491714,0.141317068916
A[T>A]T,0.655197976312,0.384821315288,0.615886097733,0.423694691348,0.20966335242,0.836202330464,0.739698510075,0.746925692995,0.113567649227
C[T>A]A,13.1367896458,0.54549872582,12.3485822671,8.49512397098,4.20377268667,4.79115419047,1.16357292687,14.9759401963,2.27704353861
C[T>A]C,0.872668220924,0.409959686496,0.820308127668,0.564325449531,0.279253830696,0.648360151333,1.23683221068,0.994841771853,0.151262491627
C[T>A]G,2.00029670374,0.512518362299,1.88027890151,1.29352520175,0.640094945197,0.682787208578,2.78544650664,2.28033824226,0.346718095315
C[T>A]T,0.980793734117,0.331321097659,0.92194611007,0.634246614729,0.313853994917,0.911840684415,1.50174978356,1.11810485689,0.170004247247
G[T>A]A,4.63012183048,0.262852823639,4.35231452065,2.99414545038,1.48163898575,1.743054946,0.908291985064,5.27833888675,0.802554450617
G[T>A]C,0.332945672301,0.165055836578,0.312968931963,0.215304868088,0.106542615136,0.348118710493,0.388044384397,0.379558066423,0.0577105831988
G[T>A]G,0.550432326931,0.192488547117,0.517406387315,0.355946238082,0.176138344618,0.305935738802,0.999769001001,0.627492852701,0.0954082700014
G[T>A]T,0.254467409874,0.153565231013,0.239199365282,0.164555591719,0.0814295711598,0.56961273724,0.544484269782,0.290092847257,0.0441076843782
T[T>A]A,2.50770845013,0.336579013997,2.35724594313,1.62165146442,0.802466704043,1.18013409245,0.71846704386,2.85878763315,0.43466946469
T[T>A]C,0.500872139074,0.308440788057,0.470819810729,0.323897316601,0.160279084504,0.501056846275,0.586898857557,0.570994238544,0.0868178374394
T[T>A]G,0.741146683174,0.255826393367,0.696677882183,0.479274855119,0.237166938616,0.358002121201,0.853833125591,0.844907218818,0.128465425083
T[T>A]T,0.535213463715,0.381156665447,0.503100655892,0.346104706535,0.171268308389,0.937890314141,0.917176017632,0.610143348635,0.0927703337105
A[T>C]A,2.12609131786,1.03284334115,1.99852583878,1.37487238555,0.680349221714,1.13727460885,1.14304310539,2.42374410236,0.368522495095
A[T>C]C,1.14481721639,0.680575331735,1.07612818341,0.740315133266,0.366341509245,0.715444489251,0.790326150594,1.30509162669,0.198434984174
A[T>C]G,2.48642957759,1.33231654421,2.33724380293,1.60789112684,0.795657464827,1.03180278588,1.65061497421,2.83452971845,0.430981126782
A[T>C]T,1.38547380589,0.629559395154,1.30234537754,0.895939727808,0.443351617885,1.18170413845,0.748864166366,1.57944013871,0.240148793021
C[T>C]A,1.11281500235,0.734211290132,1.04604610221,0.719620368188,0.356100800753,0.520559351326,0.868866630115,1.26860910268,0.192887933741
C[T>C]C,1.2896791329,0.91590282754,1.21229838492,0.83399250594,0.412697322527,0.694194228704,1.42678837614,1.4702342115,0.223544383035
C[T>C]G,2.40134030047,1.52079540198,2.25725988245,1.55286672764,0.768428896152,0.835992431236,2.3282455754,2.73752794254,0.416232318749
C[T>C]T,1.33207773713,0.70826135791,1.2521530729,0.861410270008,0.42626487588,0.631014064676,1.04831153761,1.51856862032,0.230893474435
G[T>C]A,2.10532954276,0.836826510289,1.9790097702,1.36144643765,0.673705453683,1.19561096542,0.682541702162,2.40007567875,0.364923787412
G[T>C]C,1.1860855396,0.474675053273,1.11492040723,0.767001982277,0.379547372673,0.99367569362,0.515883536668,1.35213751515,0.205588160198
G[T>C]G,1.7607822798,0.863924296215,1.65513534301,1.1386392076,0.563450329536,0.854342510818,0.988423649447,2.00729179897,0.305202261832
G[T>C]T,1.73562793206,0.649062584641,1.63149025614,1.1223727294,0.555400938261,1.31327613132,0.627501244868,1.97861584255,0.300842174891
T[T>C]A,1.27138122431,0.814003172167,1.19509835085,0.822159858388,0.40684199178,0.519013469618,0.703870363087,1.44937459572,0.220372745547
T[T>C]C,1.14274470449,0.773049780698,1.07418002222,0.738974908903,0.365678305437,0.969051373829,0.995935637862,1.30272896312,0.198075748778
T[T>C]G,1.1051563177,0.790575279319,1.03884693864,0.714667752115,0.353650021665,0.567393543055,0.951590456352,1.25987820218,0.191560428402
T[T>C]T,0.911289446419,0.753388132874,0.856612079634,0.589300508684,0.291612622854,0.870375003805,0.821931582053,1.03886996892,0.157956837379
A[T>G]A,0.180376610902,0.209358220485,0.169554014247,0.116643541716,0.0577205154885,0.135418998864,0.202524200615,0.205629336428,0.0312652792229
A[T>G]C,0.142049180797,0.159149401715,0.133526229949,0.0918584702488,0.0454557378551,0.237622398771,0.343962431223,0.161936066109,0.0246218580048
A[T>G]G,0.18234901205,0.139771684091,0.171408071327,0.117919027792,0.058351683856,0.29858269591,0.345712659537,0.207877873737,0.0316071620887
A[T>G]T,0.275774229477,0.656666777354,0.259227775708,0.178334001728,0.0882477534325,0.670701256043,1.56132157899,0.314382621603,0.0478008664426
C[T>G]A,0.0825318233195,0.168153793443,0.0775799139203,0.0533705790799,0.0264101834622,0.153089679268,0.182610937975,0.0940862785842,0.014305516042
C[T>G]C,0.360249389573,0.394348280227,0.338634426199,0.232961271924,0.115279804663,0.243601288088,0.867917389369,0.410684304113,0.062443227526
C[T>G]G,0.530922351678,0.414698281794,0.499067010577,0.343329787419,0.169895152537,0.502752474311,0.912309770223,0.605251480913,0.0920265409576
C[T>G]T,1.1381797025,1.09059812253,1.06988892035,0.736022874283,0.3642175048,1.06030293668,3.24633545208,1.29752486085,0.197284481767
G[T>G]A,0.0151955138265,0.0418405488751,0.0142837829969,0.00982643227446,0.00486256442447,0.0453263758645,0.101904868846,0.0173228857622,0.00263388906326
G[T>G]C,0.125100476733,0.0445455326324,0.117594448129,0.080898308287,0.0400321525544,0.131912675409,0.168878930082,0.142614543475,0.0216840826336
G[T>G]G,0.42470409162,0.137903456261,0.399221846123,0.274641979248,0.135905309318,0.462160472986,0.445959766008,0.484162664447,0.0736153758808
G[T>G]T,0.584573228749,0.362727113422,0.549498835025,0.378024021258,0.1870634332,0.413850115851,0.947047914554,0.666413480774,0.101326026317
T[T>G]A,0.24545374296,0.316712508434,0.230726518382,0.158726753781,0.0785451977471,0.271510088326,0.285117577291,0.279817266974,0.0425453154464
T[T>G]C,0.16448477471,0.287310873177,0.154615688227,0.106366820979,0.0526351279072,0.509271839429,0.645451407802,0.187512643169,0.0285106942831
T[T>G]G,0.225332702461,0.197236287127,0.211812740314,0.145715147592,0.0721064647876,0.330852827107,0.501772839158,0.256879280806,0.0390576684266
T[T>G]T,0.561431712592,1.68625015595,0.527745809837,0.363059174143,0.179658148029,2.78874707066,4.25721520897,0.640032152355,0.0973148301826
