,1,3,2,5,4,7,6,9,8
A[C>A]A,1.0418155728,0.255539668799,1.0549201712,0.832141998396,0.805932801596,1.17286155679,1.081129368,1.048367872,0.190016676799
A[C>A]C,0.544349775253,0.133519756194,0.551196942237,0.434795103504,0.421100769535,0.612821445096,0.564891276206,0.547773358745,0.0992839212725
A[C>A]G,0.216386695504,0.053075981916,0.21910854073,0.17283717188,0.167393481427,0.243605147768,0.224552231183,0.217747618117,0.0394667557837
A[C>A]T,0.709419698808,0.174008605368,0.718343217032,0.566643407224,0.548796370776,0.798654881048,0.73619025348,0.71388145792,0.129391014248
C[C>A]A,1.92771805695,0.472836504534,1.95196608282,1.53974964297,1.49125359122,2.17019831568,2.00046213457,1.93984206988,0.351596375166
C[C>A]C,1.09379044091,0.268288221356,1.10754881124,0.873656515696,0.846139775044,1.23137414417,1.13506555189,1.10066962607,0.199496369726
C[C>A]G,0.54190453477,0.132919980226,0.548720944012,0.432841986891,0.419209168407,0.610068627193,0.562353762497,0.545312739391,0.0988379340146
C[C>A]T,2.14818997963,0.526914523305,2.17521123723,1.71584985794,1.66180734273,2.41840255568,2.22925375244,2.16170060843,0.391808235278
G[C>A]A,2.30649013854,0.565742864171,2.33550259312,1.84229086538,1.78426595623,2.59661468427,2.39352750226,2.32099636583,0.420680591307
G[C>A]C,1.42269409531,0.348962702624,1.44058961852,1.13636572393,1.10057467751,1.60164932743,1.47638066495,1.43164185692,0.259485086566
G[C>A]G,0.411618519684,0.10096303313,0.416796111127,0.328777056603,0.318421873718,0.46339443411,0.427151294012,0.414207315406,0.0750750759173
G[C>A]T,2.10694814338,0.516798601205,2.13345063574,1.68290826546,1.62990328072,2.37197306707,2.18645562048,2.12019938956,0.384286139358
T[C>A]A,3.07087207129,0.753232772204,3.10949939295,2.45283492487,2.37558028157,3.45714528781,3.18675403625,3.09018573212,0.560096163947
T[C>A]C,1.68477620285,0.413246993151,1.70596835634,1.34570174693,1.30331743994,1.8966977378,1.74835266333,1.69537227959,0.307286225676
T[C>A]G,0.445846469468,0.109358567983,0.451454601159,0.356116362405,0.344900099022,0.501927786382,0.462670864542,0.448650535314,0.0813179095256
T[C>A]T,5.10982198866,1.25335256326,5.17409647908,4.08143014188,3.95288116104,5.75256689289,5.30264545993,5.14195923387,0.931980111139
A[C>G]A,0.414034366919,0.101555599433,0.419242346378,0.33070669559,0.320290736673,0.4661141615,0.429658305294,0.416638356648,0.0755157021425
A[C>G]C,0.202869582705,0.0497604636824,0.205421401355,0.162040484299,0.156936846998,0.228387769209,0.210525038656,0.20414549203,0.0370013704305
A[C>G]G,0.213680099145,0.0524120997903,0.216367899134,0.170675299317,0.165299699339,0.240558099038,0.221743499113,0.21502399914,0.0389730998441
A[C>G]T,0.354523960916,0.0869587073945,0.358983381808,0.283173226644,0.27425438486,0.399118169836,0.367902223592,0.356753671362,0.0646616029344
C[C>G]A,0.369489670233,0.0906295417552,0.374137339041,0.295126969305,0.285831631689,0.415966358312,0.383432676657,0.371813504637,0.0673911977154
C[C>G]C,0.256131062929,0.0628246003411,0.259352837305,0.204582672905,0.198139124153,0.288348806694,0.265796386058,0.257741950117,0.0467157284587
C[C>G]G,0.203054410296,0.0498057987517,0.205608553821,0.162188113884,0.157079826832,0.228595845553,0.210716840873,0.204331482058,0.0370350811231
C[C>G]T,0.4342341652,0.106510266936,0.439696230171,0.346841125663,0.335916995721,0.488854814911,0.450620360113,0.436965197685,0.0791999420805
G[C>G]A,0.439806150811,0.107876980388,0.445338303652,0.351291705365,0.340227399684,0.495127679215,0.456402609332,0.442572227231,0.0802162161857
G[C>G]C,0.416802161438,0.102234492428,0.422044955922,0.332917449702,0.322431860735,0.469230106274,0.432530544889,0.41942355868,0.0760205200108
G[C>G]G,0.103373463287,0.0253557551458,0.104673758422,0.0825687411157,0.0799681508444,0.116376414643,0.107274348694,0.104023610854,0.0188542794674
G[C>G]T,0.28214517375,0.0692054199764,0.285694169646,0.22536123941,0.218263247618,0.317635132712,0.292792161439,0.283919671698,0.0514604404953
T[C>G]A,8.21147038284,2.01413424485,8.31475931847,6.5588474127,6.35226954144,9.24435973917,8.52133718973,8.26311485065,1.49768956668
T[C>G]C,1.9869748204,0.487371182361,2.01196821436,1.58708051692,1.53709372899,2.23690876007,2.0619550023,1.99947151738,0.362404212525
T[C>G]G,0.39211102953,0.0961781770546,0.397043243738,0.313195602203,0.303331173787,0.441433171609,0.406907672154,0.394577136634,0.0715171060149
T[C>G]T,10.0628325868,2.46824195525,10.1894090973,8.03760841839,7.78445539734,11.3285976921,10.4425621184,10.1261208421,1.83535940262
A[C>T]A,3.4067984089,0.83562979841,3.44965121908,2.7211534461,2.63544782576,3.83532651065,3.53535683943,3.42822481399,0.621365747536
A[C>T]C,2.63430203154,0.646149554907,2.66743790615,2.10412803777,2.03785628855,2.96566077765,2.73370965537,2.65086996885,0.480470181854
A[C>T]G,2.95476381586,0.724753388796,2.99193065631,2.36009436864,2.28576068774,3.32643222037,3.06626433722,2.97334723609,0.538919186541
A[C>T]T,1.40865723223,0.345519698471,1.42637619113,1.12515388989,1.0897159721,1.58584682119,1.46181410892,1.41751671168,0.256924903992
C[C>T]A,3.44303052349,0.844516920857,3.48633908354,2.75009356279,2.6634764427,3.87611612393,3.57295620362,3.46468480351,0.627974120637
C[C>T]C,2.81634182116,0.690800824057,2.85176750444,2.2495308886,2.17867952203,3.17059865401,2.92261887101,2.8340546628,0.513672407632
C[C>T]G,2.54574803041,0.624428762175,2.57777001821,2.03339622554,1.96935224994,2.86596790844,2.64181399382,2.56175902431,0.464318823156
C[C>T]T,2.02987347814,0.497893494639,2.05540647787,1.62134548254,1.57027948309,2.2852034754,2.10647247732,2.04263997801,0.370228496014
G[C>T]A,3.58819122054,0.880122374848,3.6333257013,2.86603952835,2.77577056683,4.03953602815,3.72359466282,3.61075846092,0.654449971041
G[C>T]C,4.79253908144,1.17552845394,4.85282259189,3.8280029141,3.70743589319,5.39537418602,4.97338961281,4.82268083667,0.874110901646
G[C>T]G,4.92474244598,1.2079556943,4.98668889184,3.93359931219,3.80970642047,5.54420690459,5.11058178356,4.95571566891,0.898223464989
G[C>T]T,2.87645247127,0.705544945784,2.91263426337,2.29754379781,2.22518021363,3.23827039219,2.98499784755,2.89454336732,0.524635985327
T[C>T]A,11.8550688888,2.90784708593,12.0041892522,9.46914307469,9.17090234793,13.3462725226,12.3024299789,11.9296290705,2.16224526902
T[C>T]C,5.35351669007,1.3131267353,5.42085652265,4.2760793688,4.14139970364,6.02691501586,5.55553618781,5.38718660636,0.976427572403
T[C>T]G,3.84695034713,0.943591594578,3.89533965967,3.07272134645,2.97594272136,4.33084347255,3.99211828475,3.8711450034,0.701645031866
T[C>T]T,5.98945548117,1.4691117218,6.06479454383,4.78403047867,4.63335235336,6.74284610773,6.21547266914,6.0271250125,1.09241640852
A[T>A]A,1.08749747696,0.266744664161,1.10117669051,0.868630060216,0.841271633123,1.22428961243,1.1285351176,1.09433708374,0.198348596427
A[T>A]C,0.569023402407,0.139571777949,0.576180929481,0.454502969218,0.440187915069,0.64059867315,0.59049598363,0.572602165944,0.103784142577
A[T>A]G,0.993551326051,0.243701268654,1.00604882701,0.793591310745,0.768596308832,1.11852633562,1.03104382892,0.999800076529,0.181213763871
A[T>A]T,1.06374245877,0.260917961584,1.07712286705,0.849655926185,0.822895109613,1.19754654163,1.10388368363,1.07043266291,0.194015920153
C[T>A]A,1.20028642559,0.294409877975,1.21538436805,0.958719346227,0.928523461307,1.35126585019,1.24558025297,1.20783539682,0.218920165674
C[T>A]C,1.08430598966,0.265961846521,1.09794505871,0.866080884824,0.838802746719,1.22069668018,1.12522319682,1.09112552419,0.197766501259
C[T>A]G,2.71447166554,0.665813804755,2.74861596322,2.16816290266,2.0998743073,3.05591464234,2.81690455858,2.73154381438,0.495092316356
C[T>A]T,1.23307802036,0.302453099333,1.24858843571,0.984911374753,0.953890544052,1.38818217386,1.27960926641,1.24083322803,0.224901022581
G[T>A]A,0.937286888078,0.229900557453,0.949076660255,0.748650533245,0.725070988891,1.05518460985,0.972656204609,0.943181774167,0.170951696568
G[T>A]C,0.439906299027,0.107901545044,0.445439711594,0.351371697965,0.340304872832,0.495240424691,0.456506536726,0.44267300531,0.0802344822125
G[T>A]G,1.03415064678,0.253659592607,1.04715883102,0.826019699003,0.800003330531,1.16423248915,1.07317519949,1.0406547389,0.188618671426
G[T>A]T,0.697248277651,0.171023162443,0.706018696237,0.556921580262,0.539380743088,0.784952463519,0.723559533411,0.701633486944,0.127171069509
T[T>A]A,1.11779926482,0.274177178164,1.13185963293,0.892833375046,0.864712638824,1.25840294593,1.15998036915,1.12482944888,0.203875337609
T[T>A]C,0.638832273938,0.156694708702,0.646867900025,0.510262256541,0.494191004367,0.71918853481,0.662939152199,0.642850086981,0.116516578265
T[T>A]G,1.00563498207,0.246665184282,1.0182844787,0.803243035994,0.777944042735,1.13212994837,1.04358347196,1.01195973039,0.183417701133
T[T>A]T,0.618728360735,0.15176356018,0.626511107411,0.49420441392,0.478638920569,0.696555827494,0.642076600763,0.622619734073,0.112849826801
A[T>C]A,1.06707818913,0.261736159597,1.08050055628,0.852320314585,0.825475580267,1.20130186071,1.1073452906,1.07378937271,0.194624323803
A[T>C]C,0.886824374816,0.217522959861,0.897979398399,0.708343997495,0.68603395033,0.998374610642,0.920289445564,0.892401886608,0.161747841948
A[T>C]G,1.39288183407,0.341650261186,1.41040236028,1.11255341463,1.0775123622,1.56808709621,1.44544341271,1.40164209717,0.254047630113
A[T>C]T,0.792481260326,0.194382195929,0.802449578066,0.632988176487,0.613051541007,0.892164437726,0.822386213546,0.797465419196,0.144540607229
C[T>C]A,0.549473655177,0.13477655693,0.556385273481,0.438887762311,0.425064525703,0.618589838218,0.570208510089,0.552929464329,0.10021846541
C[T>C]C,0.821462089465,0.201490701189,0.831794945936,0.656136385925,0.635470672982,0.924790654177,0.852460658879,0.8266285177,0.149826418833
C[T>C]G,1.31191602933,0.321790724175,1.32841811775,1.04788261462,1.01487843778,1.47693691352,1.36142229459,1.32016707354,0.239280282079
C[T>C]T,1.34851644246,0.330768184,1.36547891344,1.07711690687,1.04319196492,1.51814115221,1.39940385539,1.35699767795,0.245955829129
G[T>C]A,0.778176458173,0.190873470873,0.787964841294,0.621562328226,0.601985561983,0.876060289389,0.807541607538,0.783070649733,0.141931555264
G[T>C]C,1.3019407893,0.319343967186,1.318317403,1.03991497007,1.00716174266,1.46570692632,1.3510706304,1.31012909615,0.237460898677
G[T>C]G,1.0889370841,0.267097775345,1.10263440591,0.869779935099,0.842385291474,1.22591030223,1.13002904954,1.09578574501,0.198611166283
G[T>C]T,1.00378982343,0.246212598199,1.01641611051,0.801769230032,0.776516655858,1.1300526943,1.04166868469,1.01010296697,0.183081162763
T[T>C]A,0.612326121425,0.150193199595,0.620028336789,0.489090675604,0.473686244876,0.689348275063,0.635432767516,0.616177229107,0.111682122776
T[T>C]C,1.00882316672,0.247447191836,1.0215127663,0.805789573414,0.780410374252,1.13571916253,1.04689196546,1.01516796651,0.183999193929
T[T>C]G,0.750996681085,0.184206733096,0.760443180218,0.599852694954,0.580959696688,0.845461672416,0.779336178484,0.755719930651,0.136974237431
T[T>C]T,0.804082995642,0.197227904591,0.814197247159,0.642254971362,0.622026468327,0.905225510817,0.834425750194,0.809140121401,0.146656647004
A[T>G]A,0.648877233647,0.159158566744,0.657039211429,0.51828558914,0.501961633576,0.730497011464,0.673363166992,0.652958222538,0.118348677835
A[T>G]C,0.267608477599,0.0656398152602,0.270974621972,0.213750167642,0.207017878898,0.301269921322,0.277706910716,0.269291549785,0.0488090933986
A[T>G]G,0.460170958707,0.112872121947,0.465959272653,0.367557935571,0.355981307679,0.518054098167,0.477535900545,0.46306511568,0.0839305522171
A[T>G]T,0.958416829527,0.23508337328,0.970472387131,0.765527907861,0.741416792653,1.07897240557,0.99458350234,0.964444608329,0.17480558526
C[T>G]A,0.437000091585,0.10718870171,0.442496948083,0.349050387619,0.338056674623,0.491968656565,0.453490661079,0.439748519834,0.07970441922
C[T>G]C,0.609982049595,0.14961823858,0.617654779779,0.487218366658,0.471872906291,0.686709351431,0.633000240146,0.613818414687,0.111254587662
C[T>G]G,0.857344258577,0.210291987953,0.868128463088,0.684796986411,0.66322857739,0.965186303681,0.889696872108,0.862736360832,0.156370965401
C[T>G]T,3.18833455483,0.78204432477,3.228439392,2.54665716015,2.46644748581,3.58938292651,3.30864906633,3.20838697341,0.581520138931
G[T>G]A,0.268280697612,0.0658046994143,0.271655297582,0.214287098093,0.207537898153,0.302026697312,0.278404497522,0.269967997597,0.0489316995645
G[T>G]C,0.221294154634,0.0542796983064,0.224077728906,0.17675696628,0.171189817735,0.249129897355,0.22964487745,0.22268594177,0.0403618269458
G[T>G]G,0.529742391377,0.129936812979,0.536405817683,0.423127570471,0.409800717858,0.596376654443,0.549732670297,0.53307410453,0.0966196814461
G[T>G]T,1.24434528535,0.305216768106,1.25999742731,0.993911014088,0.962606730179,1.4008667049,1.29130171122,1.25217135633,0.226956058335
T[T>G]A,0.975291985917,0.239222562583,0.987559809639,0.779006806361,0.754471158917,1.09797022314,1.01209545708,0.981425897778,0.177883443972
T[T>G]C,0.454931660952,0.111587011177,0.460654071781,0.363373087678,0.351928266019,0.512155769247,0.47209889344,0.457792866366,0.0829749570289
T[T>G]G,0.600343765974,0.147254131277,0.607895259885,0.479519863388,0.464416875564,0.67585870509,0.622998247708,0.604119512929,0.109496661718
T[T>G]T,1.73017741183,0.42438313875,1.75194064971,1.38196560567,1.3384391299,1.94780979067,1.79546712548,1.74105903077,0.315566949327
