,1,3,2,5,4,7,6,9,8
A[C>A]A,1.15896355281,0.472658085515,1.07131084714,1.34400815368,1.34400815368,1.58605848648,0.486959475972,2.53685427188,0.399306770297
A[C>A]C,0.697365743724,0.363806316026,0.64462379672,0.808709854066,0.808709854066,1.13173999406,0.293010816691,2.11082382743,0.240268869686
A[C>A]G,0.155494205068,0.122584402776,0.143734139138,0.180321010919,0.180321010919,0.185407944304,0.0653336996082,0.174334690786,0.0535736336787
A[C>A]T,0.69436362563,0.303167350209,0.641848729574,0.805228406193,0.805228406193,1.25902710775,0.291749422534,2.11102062809,0.239234526478
C[C>A]A,1.01247995575,0.56671078784,0.935905841447,1.17413641927,1.17413641927,1.9771205415,0.425411746112,2.24677134805,0.348837631812
C[C>A]C,0.589495276696,0.488756580362,0.544911600308,0.683616371295,0.683616371295,1.13238225841,0.247687091049,1.76417613904,0.20310341466
C[C>A]G,0.253738224645,0.102040276207,0.234547938748,0.294251050429,0.294251050429,0.303337379489,0.106612699431,0.133535408479,0.0874224135332
C[C>A]T,1.11829407361,0.607218845633,1.0337172109,1.29684522822,1.29684522822,1.47980116851,0.469871459502,2.23403696234,0.385294596791
G[C>A]A,1.09428892027,0.492005435738,1.01152757336,1.26900731931,1.26900731931,1.91438625048,0.459785260618,1.79025759356,0.377023913707
G[C>A]C,0.686592766096,0.442138427009,0.634665582105,0.796216821187,0.796216821187,1.12637557331,0.288484355502,1.29333896194,0.236557171512
G[C>A]G,0.208270850625,0.142663870402,0.192519273687,0.241524179716,0.241524179716,0.304167595601,0.0875087607667,0.10124992961,0.0717571838287
G[C>A]T,0.878108404423,0.396632696917,0.811696844425,1.01831058664,1.01831058664,1.60626136062,0.368953111102,1.51570315571,0.302541551104
T[C>A]A,1.35558436475,0.440213611823,1.2530611775,1.5720222045,1.5720222045,1.66225606571,0.5695732625,2.39687806192,0.46705007525
T[C>A]C,1.10513177123,0.509980078681,1.02155037677,1.28158138177,1.28158138177,1.26798205303,0.46434108035,1.32022088471,0.380759685887
T[C>A]G,0.308449402511,0.0755639413294,0.285121296438,0.357697626441,0.357697626441,0.280257298097,0.12960058929,0.149613538863,0.106272483218
T[C>A]T,1.75055857705,0.733373519285,1.61816339055,2.03005952632,2.03005952632,3.59519455662,0.735528813885,3.33950141752,0.603133627386
A[C>G]A,0.792275761207,0.242190655478,0.732355745654,0.91877357182,0.91877357182,0.352785959773,0.332888975297,0.681773997454,0.272968959744
A[C>G]C,0.477652415784,0.113898474147,0.441527443162,0.553916246876,0.553916246876,0.211697384839,0.200694292346,0.354499741785,0.164569319724
A[C>G]G,0.148180857402,0.02860320739,0.1369739018,0.171839985895,0.171839985895,0.0474066530337,0.0622608644546,0.0361248659881,0.0510539088527
A[C>G]T,0.79708237618,0.180027466824,0.736798835125,0.92434762952,0.92434762952,0.358384323979,0.33490856142,0.690969036764,0.274625020365
C[C>G]A,0.517864954203,0.203708199056,0.478698697163,0.600549274622,0.600549274622,0.27772830182,0.217590316892,0.476507185212,0.178424059852
C[C>G]C,0.524465973688,0.164989520394,0.484800479879,0.608204238394,0.608204238394,0.292581018605,0.220363854491,0.467724338122,0.180698360682
C[C>G]G,0.197563736157,0.0541531013854,0.182621940986,0.229107525964,0.229107525964,0.0791856326982,0.0830099731754,0.0747238108947,0.0680681780038
C[C>G]T,0.636945008922,0.136765662776,0.588772697323,0.738642111187,0.738642111187,0.356379268139,0.267623953329,0.659146730801,0.219451641729
G[C>G]A,0.3807118052,0.130325211974,0.351918475395,0.441497723678,0.441497723678,0.172976505696,0.159962943361,0.28207240789,0.131169613556
G[C>G]C,0.365503086193,0.151865076008,0.337859995641,0.423860721804,0.423860721804,0.178357859952,0.153572725291,0.322093980786,0.125929634739
G[C>G]G,0.0684030459146,0.0406529654912,0.0632297063076,0.0793245406405,0.0793245406405,0.0403994576327,0.0287407755944,0.0208745247644,0.0235674359874
G[C>G]T,0.4098233303,0.119038172748,0.378828288512,0.475257307406,0.475257307406,0.219097151199,0.172194676597,0.503409830024,0.141199634809
T[C>G]A,0.834340879574,0.194945989393,0.771239468514,0.96755496959,0.96755496959,0.209788326325,0.350563394779,0.397280847726,0.287461983719
T[C>G]C,0.579786836797,0.165505734583,0.535937412165,0.672357844353,0.672357844353,0.271099681817,0.243607914621,0.384860060296,0.199758489989
T[C>G]G,0.123864876089,0.0459393198248,0.114496944284,0.143641621011,0.143641621011,0.0226044917757,0.0520440655837,0.00939230192634,0.0426761337787
T[C>G]T,1.65698411724,0.332400045487,1.53166599072,1.92154460655,1.92154460655,0.312530569726,0.696211813966,0.708234766921,0.570893687452
A[C>T]A,1.97963760031,0.601121543885,1.82991710953,2.29571419196,2.29571419196,0.921314120703,0.831780504334,2.10097255523,0.682060013554
A[C>T]C,2.53942183669,0.55016023912,2.34736472299,2.94487574338,2.94487574338,0.563660592009,1.06698396499,3.08635783993,0.874926851295
A[C>T]G,1.68787212995,0.864697134938,1.56021793525,1.95736431876,1.95736431876,1.5901948309,0.709189970566,1.95853568561,0.581535775864
A[C>T]T,2.00976009062,0.413743702881,1.85776142831,2.33064615551,2.33064615551,0.861497632411,0.844437012866,2.56324113375,0.69243835055
C[C>T]A,3.25979078463,0.545728145548,3.01325198579,3.78026158218,3.78026158218,0.681658198991,1.36965999354,3.0038976267,1.1231211947
C[C>T]C,4.43436095075,0.582707084069,4.09898911413,5.14236816137,5.14236816137,0.626134830824,1.86317687006,6.23741902081,1.52780503345
C[C>T]G,1.67032849515,0.66652608024,1.54400112997,1.93701959941,1.93701959941,1.04833619916,0.701818695439,1.53052418529,0.57549133026
C[C>T]T,3.74299503431,0.603471108161,3.45991137626,4.34061609021,4.34061609021,1.09515954673,1.57268698921,6.12420835584,1.28960333115
G[C>T]A,1.8930275335,0.518270000917,1.74985738391,2.19527562709,2.19527562709,0.899412363266,0.79538971996,2.0230856906,0.652219570367
G[C>T]C,2.82722745735,0.777175321507,2.613403532,3.27863352196,3.27863352196,1.72918650799,1.18791069636,5.01170709595,0.974086771018
G[C>T]G,1.22307852347,0.507287674927,1.1305767864,1.4183599684,1.4183599684,2.32366341697,0.513898539274,1.38206821067,0.421396802205
G[C>T]T,2.37658058683,0.586693484869,2.19683919791,2.7560346301,2.7560346301,1.29902900527,0.998563271777,3.82601084502,0.818821882857
T[C>T]A,9.18851059051,0.413416211503,8.49358121812,10.65558371,10.65558371,0.780225926087,3.86071873551,2.06348466752,3.16578936312
T[C>T]C,8.36710907545,0.610386724992,7.73430250672,9.70303405388,9.70303405388,0.751432734817,3.51559204851,4.16089286593,2.88278547978
T[C>T]G,2.90843956841,0.466341592655,2.68847355063,3.37281227261,3.37281227261,1.62786558978,1.2220334321,1.38612143888,1.00206741433
T[C>T]T,6.6334086803,0.527693877614,6.13172230952,7.69252435195,7.69252435195,0.864651707772,2.78714650433,2.6852964255,2.28546013355
A[T>A]A,0.697243594786,0.599270916681,0.644510885936,0.808568202356,0.808568202356,0.515503888113,0.292959493607,1.5426682115,0.240226784758
A[T>A]C,0.569884307603,0.450856057127,0.526783813751,0.660874239069,0.660874239069,0.613547897099,0.239447188068,1.05694964174,0.196346694216
A[T>A]G,0.775043465984,0.269102891644,0.716426733262,0.898789901729,0.898789901729,0.521821972478,0.325648515119,1.50388241229,0.267031782398
A[T>A]T,0.859003447926,0.391459360515,0.794036800604,0.996155258939,0.996155258939,0.830045814901,0.360925818456,2.13468442086,0.295959171134
C[T>A]A,0.47496579249,0.782585623079,0.439044009865,0.550800666921,0.550800666921,0.37171810093,0.19956545903,1.43218592312,0.163643676404
C[T>A]C,0.604101763237,0.379332076484,0.558413394589,0.700554985939,0.700554985939,0.655818441235,0.253824270268,1.62850219023,0.20813590162
C[T>A]G,1.03027506228,1.10327293726,0.952355099591,1.19477276131,1.19477276131,0.602557237968,0.432888681632,2.5182131499,0.354968718939
C[T>A]T,0.921626325632,0.637820304091,0.851923494282,1.06877674737,1.06877674737,0.837993438208,0.387237951946,2.21585913141,0.317535120596
G[T>A]A,0.598279688511,0.652336955998,0.553031644842,0.693803336257,0.693803336257,0.266658532476,0.251378020383,0.904910148675,0.206129976714
G[T>A]C,0.320609341061,0.256330949224,0.296361575771,0.371799067785,0.371799067785,0.373351500193,0.134709807169,0.679456147156,0.110462041878
G[T>A]G,0.642342756363,0.613163083917,0.593762211764,0.744901683849,0.744901683849,0.324578214449,0.269891914438,0.965456070428,0.221311369839
G[T>A]T,0.47211501963,0.364859314991,0.436408841675,0.547494728646,0.547494728646,0.578395494263,0.198367655307,1.19478422974,0.162661477351
T[T>A]A,0.72496674352,0.495255090527,0.670137325943,0.840717736183,0.840717736183,0.536719447499,0.304607875429,1.88018659117,0.249778457851
T[T>A]C,0.525267166525,0.190495527874,0.485541078301,0.609133352777,0.609133352777,0.539521780783,0.220700490137,1.01520589487,0.180974401912
T[T>A]G,0.519014455992,0.27422257848,0.479761261842,0.60188231031,0.60188231031,0.335550773572,0.218073300837,1.42222164768,0.178820106686
T[T>A]T,0.83757287913,0.347690201732,0.774227031129,0.971303002689,0.971303002689,0.863056704616,0.351921377786,2.20691305481,0.288575529784
A[T>C]A,2.68622511441,1.01537958486,2.48306523181,3.11511819991,3.11511819991,1.39091986171,1.12866601446,2.79030253226,0.925506131857
A[T>C]C,1.10999300417,0.484362463593,1.02604395344,1.28721877795,1.28721877795,0.731800339041,0.466383615199,1.12573631364,0.382434564463
A[T>C]G,2.21415888818,0.892208948725,2.04670149327,2.5676800552,2.5676800552,1.06666636156,0.930318860578,1.82843936822,0.762861465674
A[T>C]T,2.04646924878,0.751021345018,1.89169426358,2.37321643976,2.37321643976,1.2186072139,0.8598610289,2.6734706561,0.705086043698
C[T>C]A,1.12539084672,0.590529309158,1.04027725327,1.30507509955,1.30507509955,0.627867564374,0.472853296939,1.17075699551,0.38773970349
C[T>C]C,1.12159427881,0.437067944595,1.03676782074,1.30067235693,1.30067235693,0.858152144344,0.471258100339,1.40893172308,0.386431642278
C[T>C]G,1.60458608099,0.727653520376,1.48323083117,1.86078049728,1.86078049728,0.869302937631,0.67419583235,1.44559163987,0.552840582527
C[T>C]T,1.63263050815,0.559001062029,1.50915425123,1.89330260609,1.89330260609,0.941100583142,0.685979205106,2.23652128133,0.562502948187
G[T>C]A,1.42693194432,1.78786056023,1.31901272164,1.65476141442,1.65476141442,1.56896251813,0.599551237109,1.38126524294,0.49163201443
G[T>C]C,0.801909143824,0.785400921983,0.741260553115,0.929945057544,0.929945057544,1.19186603383,0.336936615052,1.00156131399,0.276288024343
G[T>C]G,1.20418815277,1.08572475952,1.1131150992,1.39645348809,1.39645348809,1.12661520659,0.505961408728,1.13663529533,0.414888355157
G[T>C]T,1.40566932906,1.25242001152,1.29935820334,1.63010392782,1.63010392782,1.28785623274,0.590617365153,1.50755865521,0.484306239425
T[T>C]A,1.36013696456,0.724445730088,1.25726946303,1.57730168999,1.57730168999,0.898855414649,0.571486119561,1.2595078247,0.46861861804
T[T>C]C,1.16425195549,0.608617166819,1.07619928658,1.35014092317,1.35014092317,0.863427703721,0.489181493902,1.21111650996,0.401128824999
T[T>C]G,1.01737380147,0.43178773584,0.940429564379,1.17981163531,1.17981163531,0.588452043161,0.427467983809,0.794381587847,0.350523746723
T[T>C]T,1.34594293698,0.692191668786,1.24414893334,1.5608413891,1.5608413891,0.876444522555,0.565522242427,1.92013959429,0.463728238791
A[T>G]A,0.251562132692,0.175872653096,0.232536425178,0.291727515223,0.291727515223,0.144784616721,0.105698375081,1.40946286276,0.0866726675662
A[T>G]C,0.163768876147,0.0505519340061,0.151382994758,0.189916847969,0.189916847969,0.10759729295,0.0688104521626,0.282605235079,0.0564245707733
A[T>G]G,0.420803515661,0.161759831849,0.388978039687,0.487990631607,0.487990631607,0.26771767856,0.176808199858,0.631574890215,0.144982723883
A[T>G]T,0.33217372157,0.100774210589,0.307051339266,0.385209861989,0.385209861989,0.270746788889,0.139568790576,0.97560262183,0.114446408272
C[T>G]A,0.122952067739,0.0708495019477,0.11365317186,0.142583070151,0.142583070151,0.0874981618633,0.0516605326635,0.864335624015,0.0423616367841
C[T>G]C,0.340316088078,0.104781617777,0.314577896542,0.394652270208,0.394652270208,0.201623995236,0.142989952974,0.506982633784,0.117251761438
C[T>G]G,0.617465565719,0.273036818058,0.57076648932,0.716052504783,0.716052504783,0.325589591031,0.259439313327,0.961877719323,0.212740236928
C[T>G]T,1.3003734096,0.36329146722,1.20202584081,1.50799605483,1.50799605483,0.733438014722,0.546375382186,2.94719433932,0.448027813393
G[T>G]A,0.130924491228,0.0948697976014,0.121022638951,0.151828401593,0.151828401593,0.0393025230549,0.0550102904321,0.295896772616,0.0451084381544
G[T>G]C,0.0678606893113,0.0229266479669,0.062728368271,0.0786955892854,0.0786955892854,0.070815555145,0.0285128946686,0.116154739429,0.0233805736283
G[T>G]G,0.4895860592,0.181792076794,0.452558542118,0.567755261929,0.567755261929,0.304887154421,0.205708428235,0.557374820236,0.168680911153
G[T>G]T,0.393108616095,0.155832882858,0.363377712357,0.45587385732,0.45587385732,0.44779061422,0.165171687435,1.16307898845,0.135440783697
T[T>G]A,0.347286162164,0.186464380286,0.321020822169,0.402735213266,0.402735213266,0.116881404665,0.145918555531,1.85841867666,0.119653215536
T[T>G]C,0.378819421975,0.0857089682123,0.35016921359,0.439303195231,0.439303195231,0.209765589542,0.159167824359,0.52406921235,0.130517615974
T[T>G]G,0.464408747953,0.202872521291,0.429285397268,0.538558043845,0.538558043845,0.229321920562,0.195129726031,0.714843103325,0.160006375345
T[T>G]T,1.01864871146,0.334945131152,0.941608052607,1.18129010236,1.18129010236,0.690321753956,0.428003660276,2.56470347045,0.350963001426
