,1,3,2,5,4,7,6,9,8
A[C>A]A,0.81101773278,1.85974755965,0.475424188181,2.41907013398,0.685170153556,1.06271289123,1.52415401505,1.20254353481,1.18050252667
A[C>A]C,0.741411079333,1.70013230261,0.434620287885,2.21145028836,0.62636453254,0.971504172919,1.39334151116,1.09933366936,0.68239174745
A[C>A]G,0.133307725328,0.305688404632,0.0781459079509,0.397624766927,0.112622043812,0.174679088361,0.250526587255,0.197663178935,0.109042319131
A[C>A]T,0.909368921558,2.08527700978,0.533078333327,2.71242799017,0.768259950972,1.19158686273,1.70898642155,1.34837460783,0.702408788178
C[C>A]A,0.83853595005,1.92284967856,0.491555556926,2.50115033377,0.708418302629,1.09877124489,1.57586928544,1.2433464087,2.03878699448
C[C>A]C,0.74997914299,1.71977975893,0.439642945891,2.23700675409,0.633603069078,0.982731290815,1.40944356183,1.11203803961,1.32464432641
C[C>A]G,0.165496322127,0.379500186946,0.0970150853847,0.493635581516,0.139815858349,0.216857249683,0.311018950204,0.245391098326,0.472707518665
C[C>A]T,2.46308355616,5.64810539602,1.4438765674,7.34678371062,2.08088093538,3.22748879773,4.62889840727,3.65215837638,3.59246920703
G[C>A]A,0.755644142791,1.7327701895,0.442963807843,2.25390408108,0.638389017186,0.990154394002,1.42008985456,1.1204378669,2.3926929858
G[C>A]C,0.802939463674,1.84122325291,0.470688651119,2.39497460716,0.678345408966,1.05212757309,1.50897244035,1.19056541165,1.2221085098
G[C>A]G,0.143699612082,0.329518075982,0.0842377036344,0.428621256728,0.121401396414,0.188296043418,0.270056167534,0.213071838605,0.287002782548
G[C>A]T,1.67992332965,3.85223798007,0.984782641521,5.01080579362,1.4192455716,2.20127884575,3.15709729193,2.49092079914,1.99515960767
T[C>A]A,0.622988817165,1.42857780488,0.365200341097,1.85822526499,0.526318138639,0.816330174216,1.17078932881,0.923742039245,1.44296555643
T[C>A]C,0.697835518453,1.60020903369,0.409075993576,2.08147490849,0.589550696624,0.91440516211,1.31144950882,1.03472163081,1.33057567888
T[C>A]G,0.130597383975,0.29947331153,0.076557087158,0.389540472892,0.110332272669,0.171127606588,0.245433014712,0.193644396929,0.296438783808
T[C>A]T,1.46075678198,3.34966641385,0.856305699782,4.35708488418,1.23408762616,1.91409509363,2.74521533165,2.16594971121,2.85749917792
A[C>G]A,0.196181828925,0.449865228396,0.115003141094,0.585163041448,0.165739820988,0.257065844798,0.368686540565,0.290890298061,0.327905823306
A[C>G]C,0.0861713199707,0.197599750967,0.0505142220518,0.257028247499,0.0727999082511,0.11291414341,0.161942653048,0.127771267543,0.267812987655
A[C>G]G,0.00980469657533,0.0224831835262,0.00574758075105,0.0292450432333,0.00828327814122,0.0128475334435,0.0184260677019,0.0145379983703,0.0526311378557
A[C>G]T,0.17244248675,0.395428460995,0.101086974991,0.514354313926,0.14568416984,0.225959120569,0.324072949237,0.255690583801,0.321815510088
C[C>G]A,0.119073438948,0.273047713449,0.0698016711072,0.355167326516,0.100596526007,0.156027264828,0.223775945608,0.176557168095,0.485421180591
C[C>G]C,0.0944714367236,0.216632777314,0.0553798077345,0.281785492296,0.0798120758527,0.123790158465,0.177541148325,0.140078337211,0.282470597459
C[C>G]G,0.0245801051284,0.0563647238289,0.0144090271442,0.0733165204692,0.0207659508843,0.0322084136165,0.0461936458447,0.0364463627766,0.142613343463
C[C>G]T,0.119263207502,0.273482872376,0.0699129147427,0.355733360308,0.100756847717,0.156275927072,0.224132579616,0.176838549055,0.223331034742
G[C>G]A,0.0770398304563,0.176660300874,0.0451612799227,0.22979121843,0.0650853740062,0.100948743357,0.14478175034,0.114231472746,0.246989794707
G[C>G]C,0.0628298884102,0.144075433768,0.0368313138957,0.187406391293,0.0530804229673,0.0823288192962,0.118076859254,0.0931615586772,0.24731279947
G[C>G]G,0.00748337708953,0.0171601578088,0.00438680725938,0.0223211075257,0.00632216340323,0.00980580446215,0.0140635879786,0.0110960418914,0.0215960454784
G[C>G]T,0.122178337018,0.280167565922,0.0716217837694,0.364428488003,0.10321962955,0.160095751955,0.229611012673,0.181160982476,0.431670643595
T[C>G]A,0.765816588195,1.75609665914,0.448926965494,2.28424603031,0.646982979682,1.00348380522,1.43920703644,1.13552114801,0.486302317069
T[C>G]C,0.234688066894,0.538164015463,0.137575763351,0.7000178547,0.198270953065,0.30752229455,0.441051711921,0.347985754359,0.503401483308
T[C>G]G,0.0287639655803,0.0659587486584,0.0168616349954,0.0857959663,0.024300591611,0.0376907135191,0.0540564180734,0.0426500179295,0.0700447385205
T[C>G]T,0.99176809259,2.27422683301,0.581381295656,2.9582048279,0.83787304374,1.29955819029,1.86384003607,1.47055268901,0.724202523381
A[C>T]A,1.03049543405,2.36303263325,0.604083530304,3.07371913949,0.870590970144,1.35030436186,1.9366207295,1.52797598842,2.05745276668
A[C>T]C,1.2213534539,2.80068981669,0.715965817801,3.64300254352,1.03183309036,1.60039418097,2.2953021806,1.81097236267,2.32005060526
A[C>T]G,1.80166014104,4.13139308204,1.05614559992,5.37391731724,1.52209218812,2.36079604688,3.38587854092,2.67142710568,2.01704587745
A[C>T]T,0.983416916541,2.25507672241,0.576485778662,2.93329528555,0.830817739836,1.28861526995,1.84814558453,1.45816991073,1.36124285562
C[C>T]A,0.96097573776,2.20361677797,0.563330604894,2.86635866608,0.811858812935,1.25920958741,1.8059716451,1.42489505944,5.65535399846
C[C>T]C,1.73357952211,3.97527718002,1.01623627158,5.17084926423,1.46457580316,2.27158696001,3.25793392949,2.57047998106,6.29188009546
C[C>T]G,1.32631536247,3.04137833117,0.777495212481,3.95607858115,1.12050780622,1.73793047496,2.49255818119,1.96660553745,3.02637541538
C[C>T]T,1.85114115916,4.24485817532,1.08515171399,5.5215072506,1.56389511722,2.42563324304,3.47886873015,2.74479551186,5.22288428631
G[C>T]A,1.75343683482,4.02081205225,1.02787676524,5.23007883489,1.48135180872,2.297606887,3.29525198267,2.59992358266,2.5133729973
G[C>T]C,2.94285619814,6.74827369573,1.72512259891,8.77782969445,2.48620609843,3.85615639756,5.5305400965,4.36354539724,4.09391100259
G[C>T]G,3.30271779641,7.57347356763,1.93607594962,9.85120997895,2.79022710386,4.3276991815,6.20683172084,4.89713328433,1.79298273154
G[C>T]T,2.34097161064,5.36809007268,1.37229370279,6.98255325243,1.9777173952,3.06748004153,4.39941216483,3.47109583647,2.93276823482
T[C>T]A,1.11393522117,2.55436869683,0.652996508964,3.32259988384,0.941083204095,1.45963925533,2.09342998462,1.65169705208,8.12871557086
T[C>T]C,1.5687320355,3.59726484002,0.919601538051,4.67914900244,1.32530809896,2.05557990859,2.94813434258,2.32605094919,15.9995257722
T[C>T]G,0.838239592901,1.92217010096,0.491381830321,2.50026637193,0.708167931933,1.09838291484,1.57531233838,1.24290698258,6.3593879811
T[C>T]T,1.14049239602,2.61526704604,0.668564508011,3.40181352606,0.963519438016,1.49443831202,2.14333915804,1.69107493203,5.73143056634
A[T>A]A,0.242368654278,0.555776396878,0.142078176646,0.722927192932,0.204759725166,0.317586512502,0.455485919246,0.359374211515,9.36582790178
A[T>A]C,0.273846831066,0.627959112616,0.160530900969,0.816818996109,0.23135335728,0.358833778638,0.51464318252,0.406048749511,0.597833298226
A[T>A]G,0.272170153844,0.624114318297,0.159548021219,0.811817872672,0.229936854109,0.356636753313,0.511492185672,0.403562641906,0.311673597802
A[T>A]T,0.40629679235,0.93168057556,0.238173981722,1.21188525994,0.343250738364,0.53238890032,0.763557764933,0.602440071415,0.822202711926
C[T>A]A,0.287928644235,0.660250166952,0.168785756965,0.858821645735,0.243250061509,0.377285809687,0.541107279683,0.426928679383,20.9519077374
C[T>A]C,0.410668489473,0.941705329309,0.240736700726,1.22492497722,0.346944068693,0.538117331034,0.771773540562,0.608922243012,0.709077342117
C[T>A]G,0.562000654063,1.28872563776,0.329448659278,1.67631229574,0.474793656018,0.736414650151,1.05617364298,0.833311314645,1.36292839251
C[T>A]T,0.573404662382,1.31487620857,0.336133767603,1.71032769986,0.48442807684,0.751357833466,1.07760531379,0.85022070629,1.11768463728
G[T>A]A,0.214578353428,0.492050362172,0.12578731063,0.640035433501,0.181281712379,0.281171635527,0.403259319374,0.318167903359,7.39945572377
G[T>A]C,0.174324261203,0.399743564482,0.102190084153,0.519967192898,0.147273944809,0.22842489399,0.327609387433,0.258480801094,0.304672037379
G[T>A]G,0.243656290041,0.558729078886,0.14283299761,0.726767899604,0.205847555379,0.319273759364,0.457905786456,0.361283464543,0.752118503086
G[T>A]T,0.291422345436,0.668261585224,0.170833788704,0.869242513111,0.246201636662,0.381863762985,0.547673028492,0.432108994957,0.493048890822
T[T>A]A,0.256901222201,0.589101078496,0.150597268187,0.766274335186,0.217037239446,0.336629187712,0.482797124481,0.380922501884,3.73414101093
T[T>A]C,0.230934245671,0.529556115073,0.135375247462,0.688821112087,0.195099621343,0.302603494327,0.433997116864,0.342419743581,0.310916284922
T[T>A]G,0.214485218623,0.491836794428,0.125732714365,0.639757634858,0.181203029526,0.281049596816,0.403084290171,0.318029806924,0.24026075775
T[T>A]T,0.386505628136,0.886297388657,0.22657226477,1.15285299427,0.326530616874,0.506455650661,0.726364025291,0.573094552064,0.729688083961
A[T>C]A,0.545285269463,1.2503955317,0.319649985547,1.62645433823,0.460672037994,0.714511732399,1.02476024778,0.808526434031,2.16388737075
A[T>C]C,0.322165823076,0.738759559812,0.18885582732,0.960942886071,0.272174574668,0.422148319893,0.605449564057,0.477694151457,1.23832104131
A[T>C]G,0.505975504427,1.16025417394,0.296606330181,1.50920279769,0.427462064085,0.663002385111,0.950884999699,0.750239541047,2.8149976561
A[T>C]T,0.481272761953,1.10360823,0.28212541218,1.43552047962,0.406592505788,0.630633274284,0.904460880223,0.713611336689,1.49982438229
C[T>C]A,0.198041872014,0.454130499618,0.11609351118,0.590711101007,0.167311236701,0.259503142639,0.372182138785,0.293648292986,1.57329309713
C[T>C]C,0.477075843815,1.09398426254,0.279665149822,1.42300208586,0.403046833568,0.625133864309,0.896573568548,0.707388320139,1.42930315576
C[T>C]G,0.504161035013,1.15609340788,0.295542675697,1.5037906734,0.42592915027,0.6606248045,0.947475048559,0.747549120882,2.95573676084
C[T>C]T,0.73126748816,1.67687199871,0.428674044784,2.18119440434,0.617794946894,0.958212570693,1.37427855534,1.0842931721,1.29257598606
G[T>C]A,0.423337417636,0.970756492166,0.248163313787,1.26271333192,0.357647128693,0.554717995523,0.795582388316,0.627707205461,2.7229315304
G[T>C]C,0.635158879499,1.45648501678,0.372334515568,1.89452562333,0.536599743025,0.832277152447,1.19366065285,0.941787304085,1.15313527443
G[T>C]G,0.404310130395,0.927124954182,0.237009386783,1.20595952687,0.341572351541,0.529785688104,0.75982421057,0.599494331275,1.81948525981
G[T>C]T,0.450659347996,1.03340850489,0.26417961779,1.34420805523,0.380729449169,0.590519145649,0.846928774681,0.668219033235,2.15409612268
T[T>C]A,0.284994833121,0.65352263457,0.167065936657,0.850070795343,0.240771496947,0.373441505469,0.535593738106,0.422578545662,1.17677696614
T[T>C]C,0.313757284966,0.719477912078,0.183926684291,0.935862246538,0.265070809713,0.411130235473,0.589647311402,0.465226319088,1.50957968902
T[T>C]G,0.220651381134,0.505976442945,0.129347361354,0.658149809245,0.186412373717,0.289129395969,0.414672423166,0.327172737544,1.10987601444
T[T>C]T,0.281842403481,0.646293787294,0.165217960662,0.84066785866,0.238108237424,0.369310735596,0.529669344474,0.417904253438,1.09845264012
A[T>G]A,0.060562157885,0.138875293081,0.0355019546223,0.180642298519,0.0511645816615,0.0793573103321,0.113815089818,0.0897990616916,0.15829797293
A[T>G]C,0.0779581313999,0.178766059934,0.0456995942689,0.232530288486,0.0658611799758,0.102152034248,0.146507522803,0.115593091386,0.0956222045993
A[T>G]G,0.137196580393,0.314605951592,0.0804255816099,0.409224282897,0.11590745585,0.179774829481,0.257834952808,0.203429412307,0.246701074123
A[T>G]T,0.283037949907,0.649035298926,0.165918798222,0.844233885069,0.239118268025,0.370877313672,0.53191614724,0.419676960208,0.111181470615
C[T>G]A,0.0303680871659,0.0696371653976,0.0178019821317,0.0905806737878,0.0256557977781,0.0397926659415,0.0570710603634,0.045028543039,0.00937937345193
C[T>G]C,0.186345059526,0.427308498568,0.109236759032,0.555822332723,0.157429446841,0.244176284896,0.350200198074,0.276304743435,0.385769484689
C[T>G]G,0.204054388356,0.467917821574,0.119618089726,0.608644985958,0.172390776369,0.267381612328,0.383481522944,0.302563403424,0.718369337657
C[T>G]T,1.44570949277,3.31516142307,0.847484875071,4.31220245256,1.22137526113,1.89437795604,2.71693680537,2.14363821341,0.535191581558
G[T>G]A,0.0170373516303,0.0390684097728,0.00998741302463,0.0508183074489,0.0143936246531,0.0223248055845,0.0320184711672,0.0252622800035,0.10711246433
G[T>G]C,0.093932377665,0.215396659128,0.0550638075967,0.280177609242,0.0793566638894,0.123083805216,0.17652808906,0.139279042745,0.126344628079
G[T>G]G,0.173371754946,0.397559369101,0.101631718417,0.51712609665,0.146469241248,0.227176782343,0.325819332571,0.257068464231,0.733227825525
G[T>G]T,0.568218326182,1.30298340314,0.333093501555,1.69485811085,0.480046516947,0.744561944652,1.06785857851,0.84253062158,0.524333002984
T[T>G]A,0.0471103047791,0.108028802338,0.0276163855602,0.140518667703,0.039800085072,0.0617307441934,0.0885348831194,0.0698532105346,0.120807683478
T[T>G]C,0.115127830812,0.264000025827,0.067488728407,0.343398529836,0.0972631674101,0.150857157616,0.216360923422,0.170706783618,0.201964429596
T[T>G]G,0.119820793537,0.274761474834,0.0702397755215,0.357396504859,0.101227911781,0.157006557048,0.225180456819,0.177665314554,0.412129130731
T[T>G]T,0.489238131019,1.12187364527,0.286794766459,1.45927925287,0.413321869309,0.641070654438,0.919430280707,0.725422056338,0.330559247555
