,1,3,2,5,4,7,6,9,8
A[C>A]A,0.883974977419,1.41786085487,0.367593554966,0.313042933163,0.953992797413,1.81077411893,1.64541876985,1.61040985985,1.38285194487
A[C>A]C,0.538726614955,0.864096154681,0.224024928991,0.249623019866,0.581398030001,1.29203619155,1.00277825358,0.981442546057,0.842760447158
A[C>A]G,0.226546288311,0.36337127432,0.0942073674163,0.101534498321,0.244490548771,0.427210844736,0.421690120816,0.412717990586,0.35439914409
A[C>A]T,0.543191122584,0.871257048105,0.225881456916,0.228314778063,0.586216161997,1.00627707122,1.0110884262,0.98957590649,0.849744528399
C[C>A]A,1.37445373043,2.2045693498,0.571555016614,0.421389175731,1.48332135264,1.77150934954,2.55838912198,2.50395531088,2.15013553869
C[C>A]C,1.0653101105,1.70871522674,0.44300024397,0.563534691373,1.14969110935,1.07885083802,1.98295347301,1.94076297358,1.66652472732
C[C>A]G,0.286215530711,0.459078375992,0.119020319702,0.117318784229,0.308886067797,0.470424649643,0.532757621522,0.521422352979,0.447743107449
C[C>A]T,1.14970152706,1.84407571668,0.478093704324,0.671408602159,1.24076699455,1.39363370377,2.14003848602,2.09450575228,1.79854298293
G[C>A]A,1.10675344898,1.77518870035,0.460234107497,0.288040806762,1.19441708851,1.8031525012,2.0600955288,2.01626370904,1.73135688059
G[C>A]C,0.914072531277,1.46613613928,0.380109369442,0.319794905267,0.986474315932,1.99718067604,1.70144193941,1.66524104708,1.42993524695
G[C>A]G,0.324603027371,0.520650400338,0.134983437125,0.13864622782,0.350314158252,0.629640957305,0.604211575701,0.591356010261,0.507794834898
G[C>A]T,0.732946083336,1.1756164901,0.304789460397,0.31513741801,0.79100121865,1.52123603794,1.36429567987,1.33526811222,1.14658892245
T[C>A]A,0.995640131772,1.59696734007,0.414028569648,0.32319734426,1.07450271647,1.57781364212,1.85327074033,1.81383944798,1.55753604772
T[C>A]C,1.05590092408,1.69362326437,0.439087512984,0.392004585396,1.13953664084,1.61639578648,1.96543934383,1.92362148546,1.65180540599
T[C>A]G,0.227992650761,0.365691182408,0.0948088250689,0.0809582455358,0.246051474583,0.450140116938,0.424382359832,0.415352947921,0.356661770497
T[C>A]T,1.20857295619,1.93850315745,0.502574892671,0.642354039923,1.30430150717,2.40653363304,2.24962094815,2.20175667266,1.89063888195
A[C>G]A,0.311366436065,0.499419432105,0.129479112027,0.115468140956,0.33602912407,0.78555644542,0.579573168122,0.567241824119,0.487088088102
A[C>G]C,0.189697702577,0.304267602152,0.0788841931506,0.058346673291,0.204723263177,0.428948669713,0.353100674103,0.345587893803,0.296754821852
A[C>G]G,0.0271567681925,0.0435583806652,0.0112929135058,0.0172997201011,0.0293077993365,0.0920894164175,0.0505492318831,0.0494737163111,0.0424828650932
A[C>G]T,0.261569865506,0.419547705068,0.10877162724,0.107564479391,0.282288270694,0.705502245563,0.486882521931,0.476523319337,0.409188502474
C[C>G]A,0.230278251531,0.369357195525,0.0957592729139,0.0649508284326,0.248518113038,0.499842554745,0.428636745424,0.41951681467,0.360237264771
C[C>G]C,0.230652783628,0.369957930175,0.0959150189342,0.0816080759461,0.248922311044,0.539584063169,0.429333894277,0.420199130569,0.360823166467
C[C>G]G,0.0523870988251,0.0840268317789,0.0217847341649,0.0360135641509,0.0565365719994,0.171050231307,0.0975126195952,0.0954378830081,0.0819520951917
C[C>G]T,0.264483350181,0.424220819102,0.109983175323,0.0738667773129,0.285432526433,0.578250159084,0.492305641921,0.481831053795,0.413746230976
G[C>G]A,0.151677737705,0.24328508424,0.0630739107289,0.0602849969306,0.163691815939,0.326316259403,0.282330838501,0.276323799384,0.237278045123
G[C>G]C,0.186469580829,0.299089822715,0.0775418058891,0.072990686826,0.201239448617,0.330512455824,0.347091893027,0.339706959133,0.291704888821
G[C>G]G,0.0487715920936,0.0782277021699,0.0202812561181,0.0313590175029,0.052634688497,0.0864695016125,0.0907827654811,0.0888512172794,0.0762961539682
G[C>G]T,0.16832692771,0.269989725634,0.0699973362754,0.0488070079259,0.181659753667,0.357498134094,0.313321409995,0.306654997016,0.263323312655
T[C>G]A,0.273193556383,0.438191644892,0.113605241268,0.224359607255,0.294832649958,0.710389379139,0.50851869901,0.497699152223,0.427372098104
T[C>G]C,0.301315538142,0.483298189892,0.125299530713,0.116861371881,0.325182115421,0.484537223873,0.560864566047,0.548931277408,0.471364901252
T[C>G]G,0.023568395574,0.037802773099,0.00980071895158,0.0227738146355,0.0254351991839,0.100442096574,0.0438698848309,0.042936483026,0.036869371294
T[C>G]T,0.356443070623,0.571720568722,0.14822385115,0.373970685555,0.384676185128,1.44580362129,0.663478190863,0.64936163361,0.55760401147
A[C>T]A,1.05825093663,1.69739259143,0.440064745926,0.565137716165,1.142072793,1.70148608448,1.96981362462,1.92790269644,1.65548166325
A[C>T]C,1.22901314197,1.97128840593,0.511074771908,0.496873959657,1.32636071757,1.70505176064,2.28766802663,2.23899423883,1.92261461813
A[C>T]G,0.818157389537,1.31229205054,0.340223864956,0.871689158195,0.882961935243,1.71192977448,1.52290682409,1.49050455124,1.27988977769
A[C>T]T,1.06506017487,1.70831433989,0.442896310343,0.452346586212,1.14942137684,1.56073960809,1.9824882463,1.94030764531,1.66613373891
C[C>T]A,1.5708027742,2.5195054398,0.653205114022,0.65497031465,1.69522279592,2.28229749615,2.92387051039,2.86166049953,2.45729542894
C[C>T]C,1.58806611891,2.54719516102,0.660383930635,0.968910647494,1.71385353427,2.74582403377,2.95600426094,2.89311055326,2.48430145334
C[C>T]G,0.816587218616,1.30977355857,0.339570922593,0.74437208913,0.881267394348,1.32714215353,1.5199841297,1.48764404183,1.27743347071
C[C>T]T,1.79511179884,2.8792882318,0.74648213417,1.20137722438,1.93729887201,2.97879252626,3.34139621962,3.27030268303,2.80819469521
G[C>T]A,1.12678355819,1.80731620225,0.468563459843,0.813929410786,1.21603374102,1.88873458322,2.09737929644,2.05275420503,1.76269111084
G[C>T]C,1.64882969556,2.6446575315,0.685651952611,1.11353798014,1.77943006749,2.33379113202,3.06910874026,3.0038085543,2.57935734554
G[C>T]G,1.04153387989,1.67057909448,0.433113098569,0.976761111241,1.12403161295,1.36286656719,1.93869672693,1.8974478604,1.62933022795
G[C>T]T,1.43021048909,2.29400098251,0.594740995465,1.14292691581,1.54349448823,2.45812988779,2.6621739797,2.60553198013,2.23735898294
T[C>T]A,1.34132448062,2.15143134516,0.557778496893,0.729815748051,1.44756800384,5.98771205551,2.49672279562,2.44360103401,2.09830958355
T[C>T]C,1.8745205222,3.00665667917,0.779503583489,0.739311164279,2.02299739525,3.31509314268,3.48920651657,3.41496808005,2.93241824265
T[C>T]G,0.556953507624,0.893331368665,0.231604428913,0.525130574322,0.601068636941,1.65830855832,1.03670553894,1.01464797429,0.871273804006
T[C>T]T,1.4383897423,2.30712018072,0.598142269075,0.690265167657,1.55232160307,4.31452029448,2.67739872824,2.62043279785,2.25015425033
A[T>A]A,0.51192646132,0.821109769642,0.212880310648,0.0740776508811,0.552475091919,1.70348613266,0.95289281909,0.932618503791,0.800835454342
A[T>A]C,0.631922138955,1.01357808427,0.262779503328,0.133367252432,0.681975377685,0.803349090826,1.17625111013,1.15122449077,0.9885514649
A[T>A]G,0.386350203472,0.619690425371,0.160660480652,0.125991176689,0.416952199787,2.25075512279,0.719146913394,0.703845915236,0.604389427214
A[T>A]T,0.595832554662,0.955691820349,0.247771953424,0.179072289391,0.643027212457,1.02903547325,1.10907445818,1.08547712928,0.932094491451
C[T>A]A,0.252768417186,0.405430530537,0.105111619028,0.117112283761,0.272789677954,2.46883053485,0.47049962803,0.460488997647,0.395419900153
C[T>A]C,0.703700774089,1.1287081723,0.292628044671,0.389211259105,0.759439449265,1.78931348513,1.30985886662,1.28198952903,1.10083883471
C[T>A]G,0.484639226762,0.777342126093,0.201533143802,0.317620875644,0.523026492248,5.86004061388,0.902100738923,0.88290710618,0.75814849335
C[T>A]T,0.725904059139,1.16432136218,0.301861093899,0.239282649297,0.783401410358,2.15774728308,1.35118775364,1.32243907804,1.13557268657
G[T>A]A,0.185324365703,0.297252943009,0.0770655778171,0.0679414096997,0.200003523382,1.78058421399,0.344960205467,0.337620626627,0.289913364169
G[T>A]C,0.377566017239,0.605600938542,0.157007650733,0.0932155603598,0.407472236426,0.499215191821,0.7027961509,0.687843041307,0.590647828948
G[T>A]G,0.245963176872,0.394515194586,0.102281717115,0.115121544582,0.265445408703,1.69047410247,0.457832448038,0.448091332123,0.38477407867
G[T>A]T,0.297031362125,0.476426541229,0.123517992171,0.108699952741,0.320558598728,0.638760389397,0.552890060192,0.54112644189,0.464662922927
T[T>A]A,0.531501370935,0.852507149421,0.221020372072,0.0923365441124,0.573600489425,1.54459287307,0.989329284513,0.968279725269,0.831457590176
T[T>A]C,0.792189977228,1.27064134961,0.329425535085,0.216271164489,0.854937698197,1.09524096012,1.47457144276,1.44319758228,1.23926748913
T[T>A]G,0.387922438642,0.622212228316,0.161314281415,0.148456523311,0.418648968435,2.14178025973,0.722073450145,0.706710185248,0.60684896342
T[T>A]T,0.675846503621,1.08403102561,0.281045080714,0.333476187218,0.729378899947,1.19452969747,1.25801131367,1.23124511551,1.05726482745
A[T>C]A,3.47974713952,5.58137660002,1.44702356297,0.347060349064,3.75537067532,3.12875288624,6.47715309139,6.33934132348,5.44356483212
A[T>C]C,2.15174752282,3.45131780889,0.8947860986,0.226285423069,2.32218297018,1.01876820205,4.00523301278,3.92001528911,3.36610008521
A[T>C]G,3.43601234076,5.51122771488,1.42883681497,0.400324100066,3.70817173409,2.17145391189,6.39574574319,6.25966604653,5.37514801822
A[T>C]T,2.20745501088,3.5406704135,0.917951588685,0.276975369093,2.38230293254,2.17238481085,4.10892615887,4.02150219805,3.45324645267
C[T>C]A,2.39782984577,3.84602410905,0.997117361606,0.415476291271,2.58775696226,1.05851625334,4.46328723767,4.36832367942,3.7510605508
C[T>C]C,2.70781945386,4.34323516362,1.12602393131,0.700981631214,2.92230020268,0.988567677862,5.04029759729,4.93305722288,4.23599478921
C[T>C]G,3.28888237879,5.27523708281,1.36765405851,0.760154806418,3.54938791374,1.33147632636,6.12188007141,5.99162730393,5.14498431533
C[T>C]T,3.13168872562,5.02310468862,1.30228640075,0.212488240786,3.37974327814,1.2981639063,5.82928198432,5.70525470806,4.89907741235
G[T>C]A,4.57390550859,7.33636329101,1.90202011248,0.199454261359,4.93619505383,1.45438622771,8.51380431302,8.3326595404,7.15521851839
G[T>C]C,2.28196323137,3.66017864834,0.948935205126,0.195363750081,2.46271279426,0.803842098421,4.24761472771,4.15723994627,3.5698038669
G[T>C]G,2.87626907462,4.61342168404,1.19607228845,0.278543799105,3.10409236766,1.09296708569,5.35384738642,5.2399357399,4.49951003752
G[T>C]T,3.11850065202,5.00195154086,1.29680225133,0.163183713264,3.36551060465,1.32681156881,5.80473388693,5.68122891061,4.87844656454
T[T>C]A,2.964705421,4.7552700812,1.23284779883,0.258932210561,3.19953357315,1.38778426737,5.51846157572,5.40104749964,4.63785600512
T[T>C]C,2.54402883287,4.08052149431,1.05791298001,0.47908067357,2.74553606716,1.02601081106,4.73542000574,4.6346663886,3.97976787716
T[T>C]G,1.98168566959,3.17854533142,0.824067308146,0.364527459976,2.13865087114,0.888952143051,3.68868223646,3.61019963569,3.10006273064
T[T>C]T,2.51345735483,4.03148605428,1.04520008815,0.345451746247,2.71254308591,1.1228418824,4.67851468028,4.57897181474,3.93194318875
A[T>G]A,0.422796694825,0.678149154075,0.175816447353,0.142617304251,0.45628554194,0.26918223289,0.786987907199,0.770243483641,0.661404730518
A[T>G]C,0.195433259322,0.313467208021,0.0812692761535,0.24506360143,0.210913121446,0.149794669556,0.363776759925,0.356036828863,0.305727276959
A[T>G]G,0.217831511942,0.349393118164,0.0905834010056,0.123306871322,0.235085493086,0.39174713253,0.405468556882,0.39684156631,0.340766127593
A[T>G]T,0.801456535534,1.28550454214,0.333278955371,1.21978118679,0.864938241319,0.286315407002,1.49182008594,1.46007923305,1.25376368925
C[T>G]A,0.304428046102,0.488290529392,0.126593840953,0.157717296944,0.328541158665,0.121037913157,0.56665814522,0.554601588939,0.476233973111
C[T>G]C,0.615786041176,0.98769642248,0.256069442865,0.507503215618,0.66456117315,0.306411144002,1.1462156014,1.12182803541,0.963308856492
C[T>G]G,0.633988078918,1.01689177015,0.263638607075,0.33571508737,0.684204956457,0.570322855835,1.18009662215,1.15498818338,0.991783331377
C[T>G]T,3.64834748959,5.85180488429,1.51713459963,1.73657561361,3.93732550857,0.83255548675,6.79098344597,6.64649443648,5.7073158748
G[T>G]A,0.0812503541058,0.13032235015,0.0337872759648,0.0107365993639,0.0876860257182,0.090649024837,0.15123828289,0.148020447084,0.127104514344
G[T>G]C,0.163916280182,0.262915221677,0.0681632056201,0.0167123349551,0.176899747919,0.0681368502533,0.305111491823,0.298619757955,0.256423487809
G[T>G]G,0.21740106047,0.348702691051,0.0904044013835,0.114327695038,0.234620946448,0.428838148779,0.404667320479,0.39605737749,0.340092748062
G[T>G]T,1.17425344423,1.88345601946,0.488303412452,0.489835902325,1.26726361803,0.311330211359,2.18573908431,2.13923399741,1.83695093256
T[T>G]A,0.634838863919,1.01825639559,0.263992398857,0.22772112667,0.685123130368,0.363433039739,1.18168026155,1.15653812833,0.993114262368
T[T>G]C,0.402109733773,0.644968087833,0.167213948698,0.449138237093,0.433960009715,0.318227497473,0.748481484646,0.732556346675,0.629042949862
T[T>G]G,0.251998966972,0.404196362866,0.104791649632,0.218451696186,0.271959281188,0.426816053381,0.469067384067,0.459087226959,0.394216205758
T[T>G]T,1.68052068777,2.69548862791,0.698830385015,3.26907681008,1.8136312373,0.917764614101,3.12809791388,3.06154263911,2.62893335315
