,1,3,2,5,4,7,6,9,8
A[C>A]A,1.47840541429,0.250957032254,0.546807481996,1.15437135088,0.484252022002,2.85718760197,2.30360750409,1.24550593121,2.0357461664
A[C>A]C,1.10476519736,0.226866228595,0.408611785326,0.862624880132,0.383238284701,2.31025118552,1.86264001832,0.930726844353,1.64605396968
A[C>A]G,0.911407480234,0.106863281472,0.337095917347,0.711646936621,0.0968573968477,0.907816682395,0.731927200181,0.767829589512,0.646819386206
A[C>A]T,1.26368122958,0.187228779078,0.467388947927,0.98671000118,0.296297459364,2.24525614387,1.81023776599,1.06460815917,1.5997450025
C[C>A]A,3.12865289395,0.476077238383,1.15717298817,2.44292075281,0.497327160102,3.51151752507,2.83116100459,2.63578291751,2.50195623661
C[C>A]C,1.83046286386,0.721938268997,0.677020511291,1.42926552384,0.349943872121,2.41267920451,1.94522260864,1.54210227572,1.71903393321
C[C>A]G,1.05768818914,0.173956581524,0.391199741187,0.825866120284,0.104228252195,0.948621939168,0.764826438454,0.891066077148,0.675893131657
C[C>A]T,1.6818145155,1.26122407551,0.622040985184,1.31319763539,0.618502147412,3.70017841607,2.98326884796,1.41687113292,2.63637712145
G[C>A]A,2.63630554451,0.261669204329,0.975071913723,2.05848515119,0.528022295184,3.32902535584,2.68402669315,2.22099713681,2.37193056604
G[C>A]C,5.03198957076,0.289986784964,1.86114682754,3.92908774703,0.472933163997,4.63406047969,3.73621126175,4.23927888495,3.30176809178
G[C>A]G,2.06971974261,0.165420382814,0.765512781512,1.61608253875,0.0930614053113,1.52663062438,1.23084594091,1.74366800233,1.08772431987
G[C>A]T,2.70058633206,0.308758832606,0.998846999531,2.10867699901,0.487615474586,3.72141310647,3.00038931709,2.27515149893,2.65150683836
T[C>A]A,1.97329790724,0.242191684046,0.729849910897,1.54079425634,0.491548802017,2.66631829703,2.14971912698,1.66243590815,1.89975178664
T[C>A]C,3.14340484067,0.383734330025,1.16262918764,2.45443939614,0.462688052799,3.18728308275,2.56974698547,2.64821092741,2.27093919646
T[C>A]G,0.650686795801,0.0737581036521,0.240664979269,0.50807051179,0.0970194676362,0.637808708979,0.514233271614,0.548181341668,0.454438705148
T[C>A]T,1.99082075807,0.399570722923,0.736330965314,1.55447648233,1.70437578783,3.98445488881,3.2124667541,1.67719830988,2.83892410828
A[C>G]A,0.602419723658,0.0863581280112,0.222812774504,0.470382523952,0.156567799687,0.91089225197,0.734406878151,0.50751798637,0.649010729529
A[C>G]C,0.435157182341,0.0587732988774,0.160948546893,0.339780265663,0.0757170727935,0.490506356977,0.395470750313,0.366605023479,0.349485779346
A[C>G]G,0.0158537750547,0.0240150920505,0.00586372502024,0.0123789750427,0.00752968349478,0.047999730076,0.0386997823737,0.0133562625461,0.0341998076791
A[C>G]T,0.27086236611,0.0580509736604,0.100181971027,0.211495272168,0.116276135284,0.634899305572,0.511887565118,0.228192267339,0.45236575522
C[C>G]A,0.664845300453,0.0787861481839,0.245901686469,0.519125782545,0.12528213563,0.689755061968,0.556115018711,0.560109396957,0.491450481652
C[C>G]C,0.745869108117,0.0765988663022,0.275869396153,0.582390947434,0.0790706182137,0.680276921375,0.548473267858,0.628369180126,0.484697306479
C[C>G]G,0.0598188583239,0.0443699805928,0.0221247832157,0.0467078756776,0.0306124787986,0.125275857624,0.101003660209,0.0503953395469,0.0892590485571
C[C>G]T,0.555454899327,0.076073422373,0.205442223039,0.433711359749,0.056290137544,0.661433629273,0.533280863601,0.467951730255,0.471271460857
G[C>G]A,0.272728042322,0.0693125054431,0.100872015653,0.212952033046,0.0637038294649,0.326026014907,0.262858474519,0.229764035655,0.232293535621
G[C>G]C,0.471229721586,0.0832030545626,0.17429044497,0.367946494937,0.0649883900488,0.466590808585,0.376188839422,0.396994902432,0.332445951117
G[C>G]G,0.253889703488,0.0383270798069,0.0939044108792,0.198242645189,0.00393111838433,0.170991355486,0.137861780361,0.213893380336,0.121831340784
G[C>G]T,0.208098686946,0.0606138625218,0.0769680075004,0.162488015834,0.0875038027779,0.45039076987,0.363127558208,0.175316017084,0.320903423533
T[C>G]A,2.0336969685,0.0577321426566,0.75218928972,1.58795516719,0.293236662038,3.17584071744,2.56052157844,1.71332004881,2.26278651118
T[C>G]C,0.740206790097,0.08260694142,0.273775114145,0.577969685418,0.142935883586,1.09978859452,0.886704554331,0.623598871109,0.783599373595
T[C>G]G,0.133017313676,0.0254902317641,0.0491981845102,0.103862833966,0.0269547376222,0.165465711606,0.133406729982,0.112062531384,0.117894319519
T[C>G]T,2.33782196486,0.106626320005,0.864673877413,1.8254226301,0.406572698945,3.81403067723,3.07506223351,1.969534943,2.71749685752
A[C>T]A,1.26124567767,0.503093726378,0.466488127357,0.984808268865,0.7524336861,2.27273032431,1.83238882397,1.06255629009,1.61932035607
A[C>T]C,1.47249616041,0.467374171226,0.544621867549,1.14975727594,1.22666176649,4.78009292797,3.85394992317,1.2405275872,3.40581621118
A[C>T]G,2.8684621643,0.429120287639,1.06093806077,2.23975812829,1.53646885343,2.64270207841,2.13067855071,2.41658113842,1.88292523086
A[C>T]T,0.865689162979,0.313389029693,0.320186402746,0.675949072463,0.766315883852,3.45044672446,2.7819226716,0.729313472921,2.45844329118
C[C>T]A,2.32858016476,0.549773181629,0.861255677378,1.81820643002,1.15403099905,2.37163474632,1.91213051422,1.96174904292,1.68978975676
C[C>T]C,2.82414721148,0.710982427532,1.04454759877,2.20515604184,1.93933093159,6.39286564627,5.15424792731,2.3792473083,4.55491677297
C[C>T]G,2.11200918178,0.581439184806,0.781154080931,1.64910305974,1.12157528775,2.19030925245,1.76593683479,1.77929540656,1.56059534237
C[C>T]T,2.45489628031,0.575146167619,0.907975336555,1.91683682162,1.48238648374,4.80943763286,3.87760909149,2.06816604437,3.42672431341
G[C>T]A,2.43049030515,0.691187605144,0.898948469029,1.89778010128,0.748668549019,3.22279376033,2.59837746927,2.04760484612,2.29624055424
G[C>T]C,3.74025867675,0.810199862682,1.3833833462,2.92047595308,1.392980662,5.73429646786,4.62327652721,3.15103984411,4.08568623335
G[C>T]G,3.96349336601,0.194158075463,1.46594960113,3.09478249127,1.11871332082,3.02816608692,2.44145890758,3.33910742479,2.15756833693
G[C>T]T,2.77301584776,0.667434159977,1.02563599849,2.16523155236,0.97475441308,4.36382544683,3.51833426651,2.33617088544,3.10922563087
T[C>T]A,6.65160893749,0.714509567807,2.46018412757,5.19372204708,1.34811462554,3.68594477976,2.97179297868,5.60375273501,2.62623565558
T[C>T]C,6.43129489661,1.07122570337,2.37869811245,5.02169601516,2.96654327382,6.79547639106,5.47885284029,5.41814570057,4.84177692863
T[C>T]G,3.22021963981,0.52804983356,1.19104014075,2.51441807492,2.00782773853,1.66640762211,1.34354114533,2.71292476505,1.18731543076
T[C>T]T,3.7870963744,0.580386991255,1.4007068782,2.95704785398,1.66528505164,4.89560481182,3.94708137953,3.19049900035,3.48811842842
A[T>A]A,0.638554677087,0.268840406789,0.236177757279,0.498597487588,1.08920449309,0.879822555326,0.709356935231,0.537960447135,0.62687357067
A[T>A]C,0.38036620755,0.118658383421,0.140683391834,0.296998271649,0.158519756652,0.695377498004,0.560648107766,0.320445503621,0.495456467328
A[T>A]G,0.710849509587,0.345441477429,0.262916941902,0.555046877348,0.134350007472,0.690749149509,0.556916501792,0.598866367665,0.492158769025
A[T>A]T,0.540791406009,0.196741500977,0.200018739209,0.422261782775,0.268801120185,0.855886415042,0.690058422127,0.455598239309,0.609819070717
C[T>A]A,1.15619941317,0.424905773067,0.427635399392,0.90278584316,2.22278392133,1.21514051572,0.979707040799,0.974058409726,0.86578761745
C[T>A]C,1.17885538289,0.370885489895,0.436015004631,0.920476120888,0.242477117005,0.746037787987,0.601492966564,0.993145288327,0.53155192394
C[T>A]G,1.6478811255,1.1289183438,0.609490279294,1.28670170073,0.524874512188,0.801971738766,0.64658971438,1.38828341395,0.57140486387
C[T>A]T,0.983503311012,0.395520652057,0.363761498594,0.767940941475,0.390524078994,0.89916179621,0.724949198194,0.828567857908,0.640652779799
G[T>A]A,0.545856800069,0.297740953134,0.201892241121,0.426216953478,0.942791240203,0.593111486147,0.478196135706,0.459865660332,0.42259193388
G[T>A]C,0.456454581241,0.121651214187,0.168825667034,0.356409741517,0.0844001214168,0.510637652774,0.411701607549,0.38454735269,0.363829327602
G[T>A]G,0.383006027168,0.335092684077,0.141659763473,0.299059500665,0.307551681336,0.344954634395,0.278119673981,0.322669461244,0.245780177006
G[T>A]T,0.233632337755,0.124548218148,0.0864119605395,0.182425250028,0.191270860941,0.500523956888,0.403547440241,0.196827243451,0.356623319283
T[T>A]A,0.367704266352,0.23773460757,0.136000208103,0.287111550439,0.565502053287,0.755389443848,0.609032739102,0.30977825179,0.538214978741
T[T>A]C,0.903756834987,0.163156207106,0.334266226639,0.705673145127,0.154976102278,0.693334391933,0.559000853496,0.7613841829,0.494000754252
T[T>A]G,0.943469092488,0.346917454604,0.348954321879,0.736681346189,0.125563376591,0.715988769069,0.577265945062,0.794840399835,0.510141997962
T[T>A]T,0.818849219888,0.197205895105,0.302862040232,0.639375418269,0.260561449838,0.871438235847,0.702597077652,0.689852424974,0.620899743041
A[T>C]A,1.04492965041,0.340123016907,0.386480829603,0.815903973607,0.711076183256,1.60374123868,1.29301637368,0.880317445207,1.14266563256
A[T>C]C,0.676980449888,0.245022654338,0.25039002941,0.5286011732,0.410504015714,0.919716692875,0.74152158363,0.570332844768,0.655298143673
A[T>C]G,0.978311223312,0.647759638137,0.361841137389,0.7638868456,0.699171458647,1.4633067059,1.17979103163,0.824193701831,1.04260602795
A[T>C]T,0.850136297227,0.159572371622,0.314433972947,0.663805053999,0.460356226585,1.5029822242,1.21177941826,0.716210716157,1.07087483474
C[T>C]A,1.14724860347,0.245632714549,0.424324825941,0.895796854764,0.356979482243,0.828630184179,0.668083085994,0.966517659087,0.590399006228
C[T>C]C,2.09326620559,0.273140506904,0.774221747274,1.63446813313,0.473941868482,1.11029724485,0.895177153662,1.76350509101,0.791086786957
C[T>C]G,2.05943828604,0.84583201373,0.761710051001,1.60805455211,0.557934763868,1.06989339653,0.862601550949,1.73500622728,0.762299045025
C[T>C]T,0.996835929943,0.195122748672,0.368692741212,0.778351342559,0.474681222883,1.38216117783,1.11436744962,0.839800132761,0.984789839203
G[T>C]A,1.01507206296,0.159597540954,0.375437612329,0.792590514917,0.656429466895,2.10767264049,1.6993110664,0.855163450306,1.50171675635
G[T>C]C,1.38189275782,0.0888426444317,0.511111020017,1.07901215337,0.357041378045,1.49158686585,1.20259191059,1.16419732337,1.06275564192
G[T>C]G,0.840910252727,0.347898653125,0.311021600324,0.656601156239,0.488361038146,1.55229266514,1.25153596127,0.708438089626,1.10600852391
G[T>C]T,0.86152911029,0.115986939904,0.318647753121,0.672700812144,0.609586045209,1.97706300049,1.59400704414,0.725808770998,1.40865738785
T[T>C]A,0.786439665648,0.146381585735,0.290874944829,0.614069327971,0.570327733283,1.24416318236,1.00310656578,0.662548485443,0.886466267435
T[T>C]C,1.51649693622,0.199287999788,0.560896127095,1.18411404609,0.421992258696,1.05164341113,0.847887500225,1.27759673394,0.749295930431
T[T>C]G,0.904992651194,0.295650107606,0.334723309346,0.706638097508,0.381736811534,0.777088309885,0.626527449844,0.762425315732,0.553675420793
T[T>C]T,0.904971188404,0.135477059157,0.334715371053,0.706621338891,0.493029889566,1.18738480678,0.957329000462,0.762407234066,0.846011674827
A[T>G]A,0.239520765142,0.0370445540571,0.0885898720389,0.187023063193,0.068318896402,0.453773522341,0.365854902387,0.201788041866,0.323313634668
A[T>G]C,0.669904464179,0.0270944776747,0.247772884011,0.523076088468,0.0488817114486,0.195123713214,0.157318493778,0.564371569137,0.139025645665
A[T>G]G,0.325459521326,0.0480332436567,0.120375439394,0.25412592761,0.104489274413,0.334668432894,0.269826424021,0.274188500843,0.238451258437
A[T>G]T,3.10961254527,0.117734556221,1.15013066743,2.42805363124,0.124947379006,0.536516351066,0.432566308047,2.61974207581,0.382267900135
C[T>G]A,0.326792805697,0.0274674376701,0.12086857197,0.25516698527,0.0228799232507,0.303141790551,0.244408068632,0.275311747265,0.215988525768
C[T>G]C,1.40646735048,0.143227991192,0.520200252917,1.09820053394,0.108632415887,0.323534601914,0.260849772793,1.18490057609,0.230518403864
C[T>G]G,0.810273851044,0.238166708581,0.299690328469,0.632679582322,0.185946878007,0.477209240021,0.384749949767,0.6826279704,0.340011583515
C[T>G]T,5.29108002098,0.20835517247,1.95697480228,4.13139124926,0.374260105318,1.66075649224,1.33898492187,4.4575537163,1.18328900072
G[T>G]A,0.0020747223953,0.0134296273479,0.000767363077712,0.00161998871961,0.0405351679917,0.111653027271,0.0900202532371,0.0017478825659,0.0795527819305
G[T>G]C,0.132047755279,0.0319259122869,0.0488395807198,0.10310578152,0.0266536602213,0.12464679903,0.100496481718,0.11124571164,0.0888108443089
G[T>G]G,0.395779226972,0.0754862370288,0.146384097647,0.309033095033,0.150953877519,0.48331121767,0.389669669246,0.333430444641,0.34435924259
G[T>G]T,1.62516208002,0.0990836595543,0.601087344664,1.26896217207,0.142113394757,0.704556181253,0.568048421135,1.36914339618,0.501996279142
T[T>G]A,0.338388716691,0.0468792275147,0.125157470557,0.264221326731,0.0733432605802,0.638301982932,0.514630973739,0.285080905157,0.454790162839
T[T>G]C,1.08408280155,0.0507574227124,0.400962132081,0.84647561217,0.0882211215122,0.26949209958,0.217278005287,0.913302634183,0.192013120951
T[T>G]G,0.570040772401,0.0740287478308,0.210836998011,0.445100329135,0.129420666757,0.344401141015,0.277673419944,0.480239828803,0.245385812974
T[T>G]T,8.08446740856,0.301388012081,2.99014547988,6.31252934641,0.415924776186,1.20636192564,0.972629302546,6.81088692639,0.859532872018
