,1,3,2,5,4,7,6,9,8
A[C>A]A,3.26282454682,2.6976108458,2.56915318647,0.437297860635,0.924895147131,1.22806574251,3.67388905666,1.13042740205,1.95255642172
A[C>A]C,2.61735729956,2.16395682247,2.0609112595,0.341854897705,0.741928053419,0.810660444007,2.94710310108,0.906800954178,1.56629255722
A[C>A]G,1.47562359859,1.22000376262,1.16190834535,0.0652307000944,0.418287004325,0.303211426254,1.66152893385,0.511239671953,0.883050342465
A[C>A]T,2.39028276259,1.97621803206,1.88211241149,0.260493754657,0.677560468135,0.624227151328,2.69142074842,0.828129461054,1.43040543273
C[C>A]A,4.61499545788,3.81554742581,3.63385469125,0.450208227583,1.30818768885,1.71745056762,5.19641220848,1.59889606415,2.76172956535
C[C>A]C,4.40642389323,3.64310636842,3.46962511278,0.280717646402,1.2490650406,1.12434153958,4.96156391127,1.52663504962,2.63691508571
C[C>A]G,1.09815371055,0.907922359119,0.864687961065,0.0578074638351,0.311287665984,0.437162423538,1.23650378432,0.380462702869,0.65716285041
C[C>A]T,3.6021925995,2.97819073187,2.83637212559,0.4101813729,1.02109396521,1.57648076895,4.0560121396,1.24800373526,2.15564281545
G[C>A]A,3.78660300358,3.13065602658,2.98157716817,0.466291626508,1.07336778054,2.15599034514,4.26365535049,1.311893954,2.26599864781
G[C>A]C,5.1430305722,4.2521118904,4.04963037181,0.342294534804,1.45786693385,1.37960418202,5.79097143169,1.7818373636,3.07771908257
G[C>A]G,2.3357042219,1.93109404173,1.8391371826,0.0538118496594,0.662089385736,0.379708767593,2.62996617112,0.809220360344,1.39774425878
G[C>A]T,3.0427348168,2.51564689578,2.39585418646,0.369488287848,0.862507507125,1.71836953919,3.42607148664,1.05417584204,1.82084918171
T[C>A]A,3.01064653709,2.48911721571,2.37058782448,0.311907152056,0.853411616814,1.24031248742,3.38994058901,1.04305864277,1.80164674661
T[C>A]C,4.70610608625,3.89087511068,3.7055953435,0.29716097719,1.33401432366,1.14371252882,5.29900134121,1.63046195114,2.81625246106
T[C>A]G,0.909732641707,0.752141160466,0.71632491473,0.0395327730077,0.257876969303,0.352205980469,1.02434462806,0.315182962481,0.544406935195
T[C>A]T,3.51261102841,2.90412722821,2.76583545544,0.638608284455,0.995700763959,1.91716461649,3.95514470128,1.21696760039,2.10203494614
A[C>G]A,1.08111775153,0.893837511111,0.851273820105,0.180640651886,0.306458575238,0.235456776713,1.21732156275,0.374560480846,0.64696810328
A[C>G]C,0.639664528437,0.528856499889,0.503672857037,0.0628933373069,0.181322228533,0.126297640915,0.720252185563,0.221616057096,0.382791371348
A[C>G]G,0.183081384665,0.151366499133,0.144158570603,0.0053002598129,0.0518970854169,0.177378634028,0.206146755962,0.0634297710651,0.109560513658
A[C>G]T,0.663305319814,0.548402036066,0.522287653397,0.112943032727,0.188023555223,0.173846013615,0.746871344357,0.229806567494,0.396938616581
C[C>G]A,1.08446561044,0.896605425957,0.853909929483,0.150313991904,0.307407574614,0.189035220521,1.22109119916,0.375720368972,0.648971546407
C[C>G]C,1.09178936076,0.902660495117,0.859676662016,0.100542092961,0.309483598326,0.167479431604,1.22933762668,0.378257731287,0.653354263132
C[C>G]G,0.374061791401,0.309263685804,0.294536843623,0.0211092093338,0.106033263704,0.198317029919,0.421187686381,0.129596211194,0.223848001153
C[C>G]T,0.95933252836,0.79314894077,0.755379943591,0.0589638816821,0.271936779693,0.194382291781,1.08019331933,0.33236717518,0.574088757129
G[C>G]A,0.629484462193,0.520439909687,0.495657056845,0.0828026989751,0.178436540464,0.317672870476,0.708789591288,0.218089105012,0.376699363202
G[C>G]C,0.827314112413,0.683999856719,0.651428434971,0.0642402406904,0.23451423659,0.30566653959,0.931542662008,0.286628511387,0.495085610578
G[C>G]G,0.457527874572,0.378271077402,0.360258168954,0.0073980711715,0.129692940823,0.0950993497107,0.515169181604,0.15851359434,0.273796208405
G[C>G]T,0.532991119743,0.440661949394,0.419678047042,0.0916613948734,0.151084096935,0.178861897885,0.60013960727,0.184658340698,0.318955315752
T[C>G]A,0.649441445608,0.536939777865,0.511371217015,0.168631881681,0.184093638125,0.148418108249,0.731260840331,0.225003335486,0.388642124931
T[C>G]C,0.905275147461,0.748455830578,0.712815076741,0.0870405621777,0.256613427627,0.24797706263,1.01932555974,0.313638633766,0.541739458323
T[C>G]G,0.217306118217,0.179662538683,0.171107179698,0.0282118685661,0.0615985846913,0.102103659093,0.244683266968,0.0752871590672,0.130041456571
T[C>G]T,0.838577375287,0.69331200319,0.660297145895,0.283741116876,0.237706972522,0.211901720725,0.94422491863,0.290530744194,0.50182583088
A[C>T]A,1.67568821211,1.38541151395,1.3194395371,0.455237380751,0.474998233355,2.95378436716,1.88679853805,0.580553396322,1.00277404819
A[C>T]C,1.05128520876,0.869172810396,0.827783628948,0.2820222343,0.298002106421,3.45016599414,1.1837305894,0.364224796737,0.629115558001
A[C>T]G,1.36404349774,1.12775249813,1.07404999822,0.506729874262,0.386657999359,1.77437913819,1.53589149746,0.472581999217,0.816277998647
A[C>T]T,1.0975457672,0.907419728791,0.864209265515,0.219747886246,0.311115335585,1.7170237724,1.23581924969,0.380252076827,0.656799041792
C[C>T]A,1.91030365978,1.57938491557,1.50417611006,0.363115314533,0.541503399623,3.54747675928,2.15097183739,0.661837488428,1.14317384365
C[C>T]C,1.23098482133,1.01774335622,0.969279386872,0.218146706586,0.348940579274,4.87737524964,1.38606952323,0.426482930224,0.736652334022
C[C>T]G,1.15884834315,0.958102960869,0.912479010351,0.347499447919,0.328492443726,1.67332754882,1.3048449848,0.401490764554,0.693484047867
C[C>T]T,1.91999675071,1.58739888838,1.51180846512,0.366139387617,0.544251047444,3.37730355774,2.16188610513,0.665195724654,1.14897443349
G[C>T]A,1.7265668237,1.42747650779,1.35950143599,0.299998152037,0.489420516956,3.07314643869,1.94408705346,0.598180631835,1.03322109135
G[C>T]C,1.53378848726,1.26809284379,1.20770747028,0.301516014065,0.434774689301,5.09889283839,1.7270216825,0.531391286924,0.917857677413
G[C>T]G,1.23913723094,1.02448353739,0.975698607036,0.361573583208,0.351251498533,2.81793469497,1.39524900806,0.429307387096,0.741530941348
G[C>T]T,1.62272328136,1.34162161057,1.27773486721,0.288624067668,0.459984552196,2.89945828953,1.82716086011,0.562203341573,0.971078499081
T[C>T]A,1.54433436254,1.27681187454,1.21601130909,0.30062610602,0.437764071272,3.51535992012,1.738896172,0.535044975999,0.924168594907
T[C>T]C,1.30261261093,1.07696318227,1.02567922121,0.195094809842,0.369244519634,4.60717047611,1.46672128632,0.45129885733,0.779516208116
T[C>T]G,0.757212530262,0.626041855728,0.596230338789,0.305096030364,0.214642921964,1.05778389481,0.852609384468,0.262341349067,0.45313505748
T[C>T]T,1.16595274378,0.963976677926,0.918073026596,0.333134849278,0.330506289575,2.77974132527,1.31284442803,0.403952131702,0.697735500213
A[T>A]A,0.787952500521,0.651456791769,0.62043503978,0.779472621366,0.223356614321,2.80785944689,0.887222106886,0.272991417503,0.471530630233
A[T>A]C,0.695606791763,0.575107977442,0.547721883278,0.199780805782,0.19717987798,0.660850118232,0.783242293088,0.240997628642,0.416268631292
A[T>A]G,1.03499501929,0.855704543508,0.814956708103,0.185708856142,0.293384414917,1.96169153651,1.16538809259,0.358580951565,0.619367098158
A[T>A]T,0.79949908849,0.661003183397,0.629526841331,0.345418326121,0.226629662879,1.0322517797,0.900223383103,0.276991810186,0.478440399411
C[T>A]A,0.904189268957,0.747558057012,0.711960054297,1.39393967338,0.256305619547,5.17568853669,1.01810287764,0.313262423891,0.541089641266
C[T>A]C,1.15345813933,0.953646493147,0.908234755378,0.327857880262,0.326964511936,1.99323314718,1.29877570019,0.399623292366,0.690258414087
C[T>A]G,2.68923797294,2.22338572566,2.11751021491,0.980509509753,0.762303677368,5.71167338154,3.02803960732,0.931704494561,1.60930776333
C[T>A]T,1.4041192301,1.16088597764,1.10560569299,0.659489748365,0.398018049477,1.90410915706,1.58101614098,0.486466504916,0.840260326673
G[T>A]A,0.874963522324,0.723395038142,0.688947655374,0.843010293405,0.248021155934,2.46973485051,0.985195147184,0.303136968364,0.523600218084
G[T>A]C,0.656579952375,0.542841692908,0.516992088484,0.125264592056,0.186117151854,0.507861237991,0.739298686532,0.227476518933,0.392913987248
G[T>A]G,1.15779184072,0.957229474609,0.911647118675,0.558350894924,0.328192962723,1.57559862736,1.30365537971,0.401124732217,0.692851810193
G[T>A]T,0.70616994372,0.583841292052,0.556039325764,0.338380861125,0.200174157275,0.645921526148,0.795136235843,0.244657303336,0.422589887581
T[T>A]A,0.73843093628,0.610513766215,0.58144168211,0.555850887959,0.20931900556,1.87718851017,0.831461605417,0.255834340128,0.441895678403
T[T>A]C,0.827692236194,0.684312478743,0.651726170232,0.116361212938,0.234621421283,1.11562281129,0.931968423431,0.286759514902,0.495311889376
T[T>A]G,0.968143185587,0.800433342415,0.762317468966,0.224777810161,0.274434288828,1.92494404199,1.09011398062,0.335419686345,0.579361276414
T[T>A]T,0.862714569858,0.713267951457,0.679302810912,0.335242053136,0.244549011928,1.03630212856,0.971403019604,0.298893236801,0.516270136293
A[T>C]A,2.41895453232,1.99992303853,1.90468860812,0.488662669305,0.685687898924,1.352563764,2.72370470962,0.838062987574,1.44756334217
A[T>C]C,1.00305518471,0.829297593654,0.789807232052,0.223508872036,0.284330603539,0.943016459007,1.12942434183,0.347515182103,0.600253496359
A[T>C]G,2.09165040969,1.72931726785,1.64696882652,0.429863231251,0.592908777549,1.45599403277,2.35516542193,0.724666283671,1.25169630816
A[T>C]T,1.79395003984,1.48318704081,1.41255908649,0.389533964006,0.508521271136,0.685200601387,2.01995949368,0.621525998055,1.07354490573
C[T>C]A,1.2380695502,1.02360080922,0.974857913546,0.217595320117,0.350948848877,0.912376387568,1.39404681637,0.42893748196,0.740892014295
C[T>C]C,1.12564869823,0.930654435544,0.886337557661,0.296033583183,0.319081520758,1.28355686593,1.26746270745,0.389988525371,0.673616543822
C[T>C]G,1.78932080792,1.47935972308,1.40891402198,0.331561448828,0.507209047913,1.58244624089,2.01474705143,0.619922169672,1.07077465671
C[T>C]T,1.20597169874,0.99706321549,0.949584014752,0.384650033202,0.341850245311,0.722663318834,1.3579051411,0.417816966491,0.721683851212
G[T>C]A,2.1838930913,1.80558090225,1.71960085929,0.364921072716,0.619056309344,1.06126861007,2.45902922878,0.756624378087,1.30689665306
G[T>C]C,1.09256750742,0.903303844714,0.860289375918,0.158567553399,0.309704175331,1.10694847042,1.23021380756,0.378527325404,0.653819925698
G[T>C]G,1.34350652304,1.1107731096,1.057879152,0.281521958699,0.380836494719,1.15485419412,1.51276718736,0.465466826879,0.803988155518
G[T>C]T,1.50605946518,1.24516727436,1.18587359463,0.330339461128,0.426914494066,0.986400601364,1.69579924032,0.521784381636,0.901263931916
T[T>C]A,1.19695508317,0.989608533329,0.942484317457,0.306260943925,0.339294354284,0.983379479415,1.34775257396,0.414693099681,0.716288081267
T[T>C]C,1.10156916028,0.910746156135,0.867377291557,0.207807633336,0.31225582496,1.31127021279,1.24034952693,0.381646008285,0.659206741583
T[T>C]G,0.860803197257,0.711687682772,0.677797793116,0.136115060688,0.244007205522,0.944852149571,0.969250844156,0.298231028971,0.515126322768
T[T>C]T,1.05535479919,0.872537432398,0.830988030855,0.367165839204,0.299155691108,0.885016992362,1.18831288412,0.365634733576,0.63155090345
A[T>G]A,0.161583962756,0.133593040074,0.127231466737,0.163703888435,0.0458033280253,0.46655057214,0.181940997434,0.0559818453643,0.0966959147201
A[T>G]C,0.107766607939,0.0890983766422,0.0848555968021,0.0306309358719,0.0305480148487,0.368747001899,0.121343503427,0.0373364625929,0.0644902535696
A[T>G]G,0.340733895506,0.281709126206,0.268294405911,0.144614728319,0.0965859861278,0.411797104996,0.383661000452,0.118049538601,0.203903748492
A[T>G]T,0.193918949019,0.160326690133,0.152692085841,0.101979336737,0.0549691509029,1.66964371136,0.218349682753,0.0671845177702,0.116045985239
C[T>G]A,0.0610375485528,0.0504641149452,0.0480610618526,0.0592531966678,0.0173019822669,0.408234285627,0.0687273184492,0.0211468672151,0.036526407008
C[T>G]C,0.328561279721,0.271645152525,0.258709669072,0.0951651778333,0.0931354808658,0.835927660394,0.369954826773,0.113832254392,0.196619348495
C[T>G]G,0.609969472489,0.504305469381,0.48029092322,0.235540038524,0.172904732359,0.842279057791,0.686816020204,0.211328006217,0.365021101647
C[T>G]T,0.55793937666,0.461288461018,0.439322343827,0.580041154368,0.158156043778,2.4360198115,0.628230951672,0.193301831284,0.333884981308
G[T>G]A,0.0734643954131,0.0607382796723,0.0578459806403,0.0919901944903,0.0208245530305,0.148972156288,0.0827197523156,0.0254522314817,0.0439629452866
G[T>G]C,0.0907826501323,0.075056521763,0.071482401679,0.0203746985164,0.0257336646044,0.0868608457597,0.102219834401,0.0314522567388,0.054326625276
G[T>G]G,0.380901032612,0.314918176569,0.299922072923,0.178461022888,0.107971946252,0.444126066139,0.428888564279,0.131965712086,0.227940775421
G[T>G]T,0.289515063575,0.239362847838,0.227964616988,0.196481732928,0.0820672621159,0.982589963496,0.325989402294,0.100304431475,0.173253108911
T[T>G]A,0.133911312523,0.110714077283,0.105441978365,0.156337882177,0.0379591122113,0.674575471355,0.150782029062,0.0463944704805,0.0801359035572
T[T>G]C,0.176783975528,0.146159979767,0.139199980731,0.056369891501,0.050111993063,0.655016682875,0.199055972445,0.0612479915215,0.105791985355
T[T>G]G,0.432774520986,0.357805706327,0.340767339359,0.183134931074,0.122676242169,0.609273335897,0.487297295284,0.149937629318,0.258983177913
T[T>G]T,0.440698970607,0.364357416644,0.34700706347,0.348772971095,0.124922542849,3.78816003056,0.496220100763,0.152683107927,0.263725368237
