,1,3,2,5,4,7,6,9,8
A[C>A]A,2.00764971173,0.693363560236,1.96625487231,0.558438523676,1.41777325004,0.224939723807,0.110264570494,0.110264570494,0.807136656015
A[C>A]C,1.55141787696,0.535798957508,1.5194298795,0.442831203473,1.09558891311,0.217583195563,0.106658429197,0.106658429197,0.780739701725
A[C>A]G,0.359447933942,0.124139234918,0.352036636335,0.112240170913,0.253836943041,0.0215207472688,0.0105493859161,0.0105493859161,0.0772215049056
A[C>A]T,2.86970202995,0.991082659828,2.81053291593,0.306901256125,2.02654215517,0.270329143886,0.132514286219,0.132514286219,0.97000457512
C[C>A]A,2.58576127962,0.893020648117,2.53244661406,0.669630438713,1.8260272954,0.324521850716,0.159079338586,0.159079338586,1.16446075845
C[C>A]C,2.08513495517,0.720123927818,2.04214248187,0.428657358003,1.47249221061,0.252796290993,0.123919750487,0.123919750487,0.907092573562
C[C>A]G,0.441105563801,0.152340581313,0.432010603723,0.174037946518,0.311502382684,0.043050695701,0.0211032822064,0.0211032822064,0.154476025751
C[C>A]T,8.77396785253,3.03018477381,8.59306129887,0.957673494267,6.19604946287,0.561784517021,0.275384567167,0.275384567167,2.01581503166
G[C>A]A,1.65173881975,0.570445881047,1.61768234924,0.71679300296,1.16643411498,0.179806606072,0.0881404931727,0.0881404931727,0.645188410024
G[C>A]C,2.21560038484,0.765181576208,2.16991790268,0.615589455816,1.56462501404,0.237682270234,0.116510916781,0.116510916781,0.852859910838
G[C>A]G,0.600444080863,0.207369862979,0.588063790536,0.144565742962,0.424024943702,0.0255309098383,0.0125151518815,0.0125151518815,0.0916109117726
G[C>A]T,5.36213806386,1.85187242412,5.25157851615,0.741005358815,3.78666450901,0.478397584386,0.234508619797,0.234508619797,1.71660309691
T[C>A]A,1.57650125583,0.544461773922,1.5439960753,2.04014823914,1.11330243324,0.635191702137,0.31136848144,0.31136848144,2.27921728414
T[C>A]C,2.85124674268,0.984708926597,2.79245815005,0.970375283047,2.01350929767,0.34023145749,0.16678012622,0.16678012622,1.22083052393
T[C>A]G,0.43377776418,0.149809846392,0.424833892753,0.203161264701,0.306327596354,0.0797230932963,0.0390799476943,0.0390799476943,0.286065217122
T[C>A]T,5.27623255285,1.82220402598,5.16744425279,1.29863281131,3.72599927701,3.2668318469,1.60138816024,1.60138816024,11.722161333
A[C>G]A,0.726223711077,0.250809219805,0.711250026312,0.234495856926,0.512848703183,0.132561772859,0.0649812612053,0.0649812612053,0.475662832023
A[C>G]C,0.3188256358,0.110109884529,0.31225191135,0.0918050196844,0.225150062395,0.0725458343146,0.0355616834875,0.0355616834875,0.260311523129
A[C>G]G,0.0152002615245,0.00524957485639,0.0148868540704,0.0148507907382,0.0107342053034,0.0280993589274,0.0137741955527,0.0137741955527,0.100827111445
A[C>G]T,0.824789859561,0.284850106137,0.807783883075,0.216155852339,0.582454694638,0.130363377714,0.0639036165266,0.0639036165266,0.467774472975
C[C>G]A,0.616530942101,0.212925634643,0.603818963913,0.250574303578,0.435385252927,0.0902002706289,0.0442158189357,0.0442158189357,0.32365979461
C[C>G]C,0.655327734838,0.22632452698,0.641815822779,0.0851731642644,0.462782988004,0.0736512375235,0.0361035478056,0.0361035478056,0.264277969937
C[C>G]G,0.29035825498,0.10027836641,0.284371486836,0.040492367624,0.205046808929,0.0300986408854,0.0147542357281,0.0147542357281,0.10800100553
C[C>G]T,0.819653399172,0.283076173941,0.802753329086,0.290417508564,0.578827400446,0.143401840068,0.0702950196414,0.0702950196414,0.514559543775
G[C>G]A,0.447346758203,0.154496045359,0.438123113704,0.0869537483125,0.315909824092,0.0718754183372,0.0352330482045,0.0352330482045,0.257905912857
G[C>G]C,0.448486374702,0.154889624253,0.439239232956,0.0715903236481,0.316714604816,0.0702667375262,0.0344444791795,0.0344444791795,0.252133587594
G[C>G]G,0.0368931946069,0.0127414641168,0.036132510182,0.0122816892851,0.0260534415523,0.01379624235,0.00676286389706,0.00676286389706,0.0495041637265
G[C>G]T,0.38075828449,0.131498995159,0.372907598212,0.174556980271,0.268886005027,0.110236299913,0.054037401918,0.054037401918,0.39555378204
T[C>G]A,0.742482771488,0.256424462318,0.727173848365,9.59800620847,0.524330616979,0.0952996984324,0.0467155384473,0.0467155384473,0.341957741434
T[C>G]C,0.710686467552,0.245443264567,0.696033138325,2.25371555055,0.501876526055,0.132964858079,0.0651788519994,0.0651788519994,0.477109196636
T[C>G]G,0.0598643240879,0.0206747923396,0.0586300081273,0.335440315121,0.0422753216497,0.016929003959,0.00829853135245,0.00829853135245,0.0607452495
T[C>G]T,1.98322039495,0.684926631247,1.94232925279,11.337095572,1.40052161912,0.183342936851,0.0898739886524,0.0898739886524,0.657877596935
A[C>T]A,3.86910788575,1.33623829044,3.78933246542,0.508734142649,2.73230814612,0.433409816723,0.212455792511,0.212455792511,1.55517640118
A[C>T]C,3.117311144,1.07659714767,3.05303668742,0.733988346788,2.20140013777,0.509747705877,0.24987632641,0.24987632641,1.82909470932
A[C>T]G,4.37006410342,1.50924894293,4.27995968891,0.726794028174,3.08607619674,1.61470087716,0.791520037824,0.791520037824,5.79392667687
A[C>T]T,2.89407456853,0.999499979852,2.83440292794,0.407557373053,2.04375369014,0.311261788953,0.15257930831,0.15257930831,1.11688053683
C[C>T]A,2.89667867144,1.00039933498,2.83695333801,0.784575895278,2.04559267004,0.953197133818,0.467253496969,0.467253496969,3.42029559782
C[C>T]C,2.26623788766,0.782669785944,2.21951133327,1.28394327385,1.60038448768,1.12861187011,0.553241112799,0.553241112799,4.04972494569
C[C>T]G,2.81298853378,0.971496040015,2.75498877019,0.620349294207,1.98649190272,1.12735312479,0.552624080779,0.552624080779,4.0452082713
C[C>T]T,3.56683034094,1.23184346826,3.49328744731,1.05193282219,2.51884410675,0.986503797747,0.483580293013,0.483580293013,3.53980774486
G[C>T]A,5.1964560894,1.79465236077,5.08931266487,1.00005816857,3.66966228994,0.712411216555,0.349221184586,0.349221184586,2.55629907117
G[C>T]C,5.27361704301,1.82130073135,5.16488267099,1.95169754695,3.72415224171,1.82454143561,0.894383056672,0.894383056672,6.54688397484
G[C>T]G,6.8397725252,2.36218948035,6.69874628756,1.37833970385,4.83014863893,2.72069453001,1.33367378922,1.33367378922,9.76249213709
G[C>T]T,4.94135950205,1.70655199298,4.83947580098,1.31123894434,3.48951676176,1.22679260333,0.601368923201,0.601368923201,4.40202051783
T[C>T]A,2.76630947455,0.955374921623,2.7092721658,4.29707930789,1.95352782481,1.24845358528,0.611987051606,0.611987051606,4.47974521775
T[C>T]C,3.31300932865,1.14418363412,3.24469985796,1.01335498173,2.33959937127,2.79197997356,1.3686176341,1.3686176341,10.0182810816
T[C>T]G,1.54601007284,0.533931313814,1.51413357649,0.546361426352,1.09176999989,3.36590874089,1.64995526514,1.64995526514,12.0776725408
T[C>T]T,3.59239972142,1.24067413059,3.51832962407,1.36192923975,2.5369008342,1.26902989797,0.622073479398,0.622073479398,4.5535778692
A[T>A]A,1.48175666243,0.511740703005,1.45120497867,1.22122144324,1.04639516883,0.613740645277,0.300853257489,0.300853257489,2.20224584482
A[T>A]C,1.11750405309,0.385942121427,1.0944627324,0.34975311614,0.789165233365,0.277672650812,0.136114044516,0.136114044516,0.996354805854
A[T>A]G,1.20492957322,0.416135471165,1.1800856645,0.877272600732,0.850903873875,0.750520479354,0.367902195762,0.367902195762,2.69304407298
A[T>A]T,1.39287808682,0.481045524829,1.36415895101,0.348702253777,0.983630401517,0.402794334453,0.197448203163,0.197448203163,1.44532084715
C[T>A]A,1.45810561565,0.503572557982,1.42804158234,2.30300408166,1.02969314095,0.925369409803,0.453612455786,0.453612455786,3.32044317635
C[T>A]C,2.03617457781,0.703214931511,1.99419159682,0.724766565303,1.43791709876,0.665069648005,0.326014533336,0.326014533336,2.38642638402
C[T>A]G,3.46067890014,1.19518291912,3.38932469601,2.61753690939,2.44388149133,2.20382220038,1.08030500019,1.08030500019,7.90783260138
C[T>A]T,2.18040293565,0.753025756127,2.13544617409,0.81016140068,1.53976908342,0.757006798577,0.371081764008,0.371081764008,2.71631851254
G[T>A]A,1.33787402759,0.46204927757,1.3102889961,1.08889800658,0.944787328764,0.560351039296,0.274681882008,0.274681882008,2.0106713763
G[T>A]C,0.789795209794,0.272764325032,0.773510772479,0.200209507576,0.55774197805,0.170226745431,0.0834444830545,0.0834444830545,0.610813615959
G[T>A]G,1.5771622212,0.544690045467,1.54464341252,0.647415479342,1.11376919745,0.572851562491,0.280809589457,0.280809589457,2.05552619482
G[T>A]T,0.978948274238,0.338090383371,0.958763773738,0.186176752096,0.691319142117,0.216858041493,0.106302961516,0.106302961516,0.778137678298
T[T>A]A,1.51124284185,0.521924074246,1.48008319562,0.736329287046,1.06721788316,0.54489730208,0.267106520628,0.267106520628,1.95521973099
T[T>A]C,1.16630940893,0.402797579373,1.14226179225,0.396886889928,0.823630871256,0.349153665741,0.171153757716,0.171153757716,1.25284550648
T[T>A]G,1.12290230176,0.387806465041,1.09974967698,0.868186011076,0.792977398666,0.773764249035,0.379296200507,0.379296200507,2.77644818771
T[T>A]T,1.35223566593,0.46700922483,1.32435451818,0.333838245752,0.954929310474,0.422924014098,0.207315693185,0.207315693185,1.51755087412
A[T>C]A,7.4324724467,2.56688481407,7.27922559213,0.764491349141,5.24870476906,0.584825891955,0.286679358802,0.286679358802,2.09849290643
A[T>C]C,2.18300417382,0.753924121885,2.13799377848,0.324605503703,1.54160604027,0.271331316895,0.133005547497,0.133005547497,0.97360060768
A[T>C]G,4.12004214853,1.42290115439,4.03509282588,0.67697232734,2.90951430076,0.370513712368,0.181624368808,0.181624368808,1.32949037967
A[T>C]T,5.21728988251,1.80184753674,5.10971689524,0.419712043624,3.68437481394,0.37300167663,0.182843959132,0.182843959132,1.33841778085
C[T>C]A,1.71254976442,0.591447599052,1.67723946,0.353297819049,1.20937792642,0.234409402756,0.114906569978,0.114906569978,0.841116092242
C[T>C]C,2.44437827436,0.844192496815,2.39397872231,0.270975673467,1.72618465767,0.261925319391,0.128394764407,0.128394764407,0.939849675461
C[T>C]G,2.386429148,0.824179138743,2.3372244233,0.619767914499,1.68526182101,0.369394846719,0.181075905254,0.181075905254,1.32547562646
C[T>C]T,2.90009018787,1.00157753911,2.84029451389,0.27043092074,2.0480018337,0.385953443107,0.189192864268,0.189192864268,1.38489176644
G[T>C]A,2.79010924529,0.963594430075,2.73258121962,0.892953929787,1.97033487941,0.524306306712,0.257012895447,0.257012895447,1.88133439467
G[T>C]C,1.98538447526,0.685674019805,1.94444871288,0.578975633354,1.40204986139,0.713490537594,0.349750263527,0.349750263527,2.56017192901
G[T>C]G,2.46536211516,0.851439493381,2.4145299066,0.558474128273,1.74100314318,0.3493753804,0.171262441372,0.171262441372,1.25364107085
G[T>C]T,2.46958944028,0.852899445871,2.41867007038,0.586299710783,1.74398841917,0.484739106902,0.237617209265,0.237617209265,1.73935797182
T[T>C]A,2.86110797725,0.988114610698,2.80211606019,0.416004128153,2.02047315919,0.32290078553,0.158284698789,0.158284698789,1.15864399514
T[T>C]C,2.32312771914,0.802317305063,2.27522817854,0.371748428546,1.64055926558,0.368291471652,0.180535035123,0.180535035123,1.3215164571
T[T>C]G,1.96935237308,0.680137159775,1.92874716951,0.262580760763,1.39072822223,0.260222123278,0.127559864352,0.127559864352,0.933738207055
T[T>C]T,2.26535584246,0.782365162087,2.21864747458,0.250168521695,1.59976160009,0.359039844638,0.175999923842,0.175999923842,1.28831944253
A[T>G]A,0.636386458786,0.219782952261,0.623265088502,0.0462943967621,0.449406932236,0.138017453243,0.0676556143348,0.0676556143348,0.495239096931
A[T>G]C,0.530459114233,0.183199797184,0.519521812909,0.023961984501,0.374602570361,0.07992245322,0.0391776731471,0.0391776731471,0.286780567436
A[T>G]G,0.826270561487,0.285361482576,0.809234055065,0.0619972601235,0.583500344968,0.103251326479,0.0506133953328,0.0506133953328,0.370490053836
A[T>G]T,1.07623398071,0.371689055195,1.05404358936,0.0464988425511,0.760020903906,0.28427489469,0.139350438573,0.139350438573,1.02004521036
C[T>G]A,0.0461867993704,0.0159511111228,0.0452344942288,0.0254571033865,0.0326164511018,0.106797142328,0.0523515403568,0.0523515403568,0.383213275412
C[T>G]C,0.99134092685,0.342370320098,0.97090090774,0.0800798244579,0.700070654528,0.125125366419,0.0613359639309,0.0613359639309,0.448979255974
C[T>G]G,1.008356171,0.348246718852,0.987565322118,0.155315943227,0.712086574369,0.191518531632,0.093881633153,0.093881633153,0.68721355468
C[T>G]T,2.37481835845,0.820169226888,2.32585303147,0.144332143623,1.67706244901,0.661923581883,0.32447234406,0.32447234406,2.37513755852
G[T>G]A,0.141252812188,0.0487831877144,0.138340383071,0.00670543663285,0.0997506972667,0.0373116495683,0.0182900242982,0.0182900242982,0.133882977863
G[T>G]C,0.422399104125,0.145880102971,0.413689844246,0.0340275315842,0.298292150851,0.0680916426264,0.0333782561894,0.0333782561894,0.244328835307
G[T>G]G,0.404229056076,0.139604880191,0.395894436363,0.11633781858,0.285460725167,0.159312303094,0.0780942662226,0.0780942662226,0.57165002875
G[T>G]T,0.748502674324,0.258503500926,0.733069629493,0.185731859928,0.528581785476,0.360741568867,0.176834102386,0.176834102386,1.29442562946
T[T>G]A,0.710269198544,0.245299156198,0.695624472801,0.0554355813841,0.501581856704,0.244803791771,0.120001858711,0.120001858711,0.878413605767
T[T>G]C,0.767976926777,0.265229144815,0.752142350967,0.0448672707661,0.542334221487,0.161413695512,0.079124360545,0.079124360545,0.579190319189
T[T>G]G,0.748032273237,0.258341042819,0.732608927397,0.0701308800046,0.528249595018,0.145460463017,0.071304148538,0.071304148538,0.521946367298
T[T>G]T,1.89199788328,0.65342194938,1.85298761765,0.122787481812,1.33610159799,0.911136920723,0.446635745452,0.446635745452,3.26937365671
