,1,3,2,5,4,7,6,9,8
A[C>A]A,1.53561702195,0.812508357292,1.68140344809,1.33151602536,1.63280797271,0.417921088253,1.9146617299,0.301291947345,0.622022084841
A[C>A]C,0.968957655637,0.728509670052,1.06094730649,0.840172144445,1.03028408954,0.263703665775,1.20813074785,0.190111945093,0.392489176967
A[C>A]G,0.425499600898,0.185352897617,0.465895132628,0.368945856475,0.452429955385,0.115800524295,0.530527983398,0.0834840989103,0.172354268718
A[C>A]T,1.43932171088,0.810919594249,1.57596617711,1.24801945817,1.5304180217,0.391714136507,1.79459732307,0.282398563528,0.583016389219
C[C>A]A,2.52312031753,1.12558131333,2.76265705654,2.18776888293,2.68281147687,0.686671985152,3.14591583895,0.495042593947,1.02202341976
C[C>A]C,1.99554302479,1.04213834131,2.18499331196,1.73031262276,2.12184321624,0.543090823203,2.48811377142,0.391530593472,0.808321225233
C[C>A]G,0.611901436415,0.271652838494,0.669993344936,0.530572764487,0.650629375429,0.166530137759,0.762940398569,0.120056610942,0.247858809687
C[C>A]T,4.54533886563,1.96598586266,4.97685837819,3.94121154805,4.83301854067,1.23702260267,5.66728959829,0.891806992624,1.84114992026
G[C>A]A,2.44881238662,0.78164831963,2.68129457523,2.12333732258,2.60380051236,0.666448940664,3.05326607699,0.480463189781,0.991924004709
G[C>A]C,1.95943060174,0.939091564481,2.14545249431,1.69899995214,2.08344519679,0.533262758702,2.44308752243,0.384445244646,0.793693408301
G[C>A]G,0.761175535042,0.28197693155,0.833439035205,0.660006634815,0.809351201817,0.207155367132,0.949060635464,0.149344567002,0.308324267359
G[C>A]T,2.77856786298,1.20390931115,3.04235595123,2.40926453942,2.95442658848,0.756192519671,3.46441689245,0.545162049065,1.12549584323
T[C>A]A,3.56615710101,1.35429278153,3.90471631946,3.09217419518,3.79186324665,0.970536426225,4.44641106898,0.699689051464,1.44451933206
T[C>A]C,2.48658060898,0.950554531406,2.72264838832,2.15608571791,2.64395912854,0.67672763409,3.10035683525,0.487873410623,1.00722252516
T[C>A]G,0.499721646426,0.215248076659,0.547163574885,0.433302946585,0.531349598732,0.136000194913,0.623070660418,0.0980466521469,0.202418894755
T[C>A]T,9.16892572415,6.46433361316,10.0393933562,7.9502710393,9.74923747885,2.49534054518,11.4321415675,1.79896643955,3.71399523004
A[C>G]A,0.535287645059,0.258988979509,0.586106092374,0.464141818817,0.569166609936,0.145679548972,0.667415608079,0.105024791119,0.216825375214
A[C>G]C,0.312695942537,0.135671907725,0.342382266195,0.271135089415,0.332486824976,0.0851007944878,0.389880384049,0.061351735561,0.12666164761
A[C>G]G,0.0651964251965,0.0291992975008,0.0713859592341,0.0565310775438,0.0693227812216,0.0177433309079,0.0812892136944,0.0127917036778,0.0264086785606
A[C>G]T,0.428174236269,0.207491954844,0.46882368908,0.371265002335,0.455273871476,0.11652843139,0.533862813576,0.0840088691414,0.173437665324
C[C>G]A,0.485937578746,0.20094436403,0.532070893184,0.421350938533,0.516693121705,0.132248834722,0.605884196285,0.0953421831718,0.196835474935
C[C>G]C,0.405429773466,0.180108203976,0.443919941833,0.351543537752,0.431089885711,0.110338482652,0.50550421122,0.0795463479585,0.164224718366
C[C>G]G,0.149303097268,0.0514426380832,0.163477441946,0.12945901472,0.158752660387,0.0406331214085,0.18615639343,0.0292936456666,0.0604772039568
C[C>G]T,0.547987425954,0.20442239627,0.600011548671,0.47515365415,0.582670174432,0.149135818456,0.683250145019,0.107516520282,0.22196959026
G[C>G]A,0.269427217145,0.138847837904,0.295005750418,0.233617270562,0.28647957266,0.0733251287166,0.335931403655,0.052862302098,0.109135075299
G[C>G]C,0.363670430091,0.147123289877,0.398196103834,0.315334486851,0.38668754592,0.0989735980627,0.453437181822,0.0713530590685,0.147309541303
G[C>G]G,0.125548172837,0.0463698009772,0.13746730317,0.108861390371,0.133494259726,0.0341681736202,0.156537911702,0.0246328693541,0.0508549560859
G[C>G]T,0.36051448282,0.168975486959,0.394740541316,0.312598000927,0.383331855151,0.0981147010208,0.449502234909,0.0707338542243,0.146031182915
T[C>G]A,6.56086460722,0.414868128646,7.18373150031,5.68885095689,6.97610920261,1.78555176019,8.18031852926,1.28725824572,2.65756541052
T[C>G]C,1.82094138647,0.219178442145,1.99381556873,1.57891753131,1.93619084131,0.495572655811,2.27041426034,0.357273310004,0.737596510975
T[C>G]G,0.283462404509,0.0344319000633,0.310373392279,0.245787021631,0.301403063022,0.0771448316069,0.353430972711,0.055616041391,0.114820214485
T[C>G]T,7.90304872474,0.596762280319,8.65333816063,6.85264351449,8.403241682,2.15082971623,9.85380125806,1.55059816751,3.20123492648
A[C>T]A,1.62374919666,0.835486962505,1.77790260141,1.40793443002,1.72651813316,0.44190642694,2.02454804901,0.318583703143,0.657721193586
A[C>T]C,1.36615409373,0.64328813045,1.49585226718,1.18457665089,1.4526195427,0.371801430572,1.70336934471,0.268042891808,0.553378873409
A[C>T]G,2.62423271635,1.56915355882,2.87336873372,2.27544229202,2.7903233946,0.714189916475,3.27198636152,0.514881102575,1.0629803408
A[C>T]T,1.32347756745,0.634972237441,1.44912417196,1.14757232115,1.40724197046,0.360186932915,1.65015873917,0.259669649311,0.536092179222
C[C>T]A,1.58224156535,0.496315820606,1.73245437219,1.37194363578,1.68238343657,0.430610046266,1.97279486313,0.310439800796,0.640907975838
C[C>T]C,1.26971672235,0.477599258921,1.39025944916,1.10095690483,1.35007854022,0.345555816843,1.58312781205,0.249121635399,0.514315634371
C[C>T]G,2.29526971957,1.26871100408,2.5131750727,1.9902022252,2.44053995499,0.624662012289,2.8618236377,0.45033772979,0.929729506662
C[C>T]T,1.53084107975,0.702537871506,1.67617409365,1.32737486029,1.62772975568,0.416621306514,1.90870691589,0.300354895393,0.620087525974
G[C>T]A,2.25975919207,1.39092641627,2.47429329258,1.95941145135,2.40278192574,0.614997754804,2.8175478534,0.443370474393,0.915345495522
G[C>T]C,2.76731254494,2.63619885067,3.03003209035,2.39950518137,2.94245890855,0.753129363497,3.450383363,0.542953727172,1.12093672706
G[C>T]G,3.47767942065,3.47044820447,3.80783885932,3.01545620652,3.6977857131,0.94645705752,4.33609396119,0.682329506584,1.40868027166
G[C>T]T,2.58412026538,1.94021986105,2.82944813867,2.24066124276,2.74767218091,0.70327323678,3.22197273594,0.507010938143,1.04673225939
T[C>T]A,4.05879493591,1.26436793538,4.44412356906,3.51933484949,4.31568069134,1.10460874838,5.06064938211,0.796345841855,1.6440688348
T[C>T]C,2.63894796434,0.944077951499,2.88948099893,2.28820171592,2.8059699874,0.718194699156,3.29033385427,0.517768271484,1.06894094758
T[C>T]G,5.29959161875,4.42378601401,5.80271740534,4.59521551752,5.63500880981,1.44229392156,6.60771866388,1.03979329229,2.14667002278
T[C>T]T,2.74572103337,1.50081615043,3.00639075173,2.38078342767,2.91950084561,0.747253192625,3.4234623011,0.538717417939,1.11219079833
A[T>A]A,0.651019210267,0.389453103172,0.712824831494,0.564491340548,0.692222957752,0.177176114186,0.811713825459,0.127731617204,0.263703983905
A[T>A]C,0.587512037354,0.397285593505,0.643288496597,0.509424994415,0.624696343516,0.159892516495,0.732530831385,0.115271349101,0.237979559435
A[T>A]G,0.459546086938,0.392281145686,0.503173880002,0.398467176649,0.488631282314,0.125066340116,0.572978348904,0.0901641056651,0.186145250405
A[T>A]T,0.849474300866,0.542372913526,0.930120595252,0.736569488725,0.903238497123,0.231186043907,1.05915466627,0.166669008398,0.344090856047
C[T>A]A,0.490952190996,0.455278822647,0.537561576217,0.425699051686,0.522025114477,0.133613570967,0.612136592571,0.0963260627903,0.198866710277
C[T>A]C,0.713330578846,0.508595953647,0.781051836331,0.618520818366,0.758478083836,0.194134271458,0.889405848308,0.13995726547,0.288944031938
C[T>A]G,1.15169642343,1.02603962687,1.26103469148,0.998622848164,1.22458860213,0.313436368402,1.43597592035,0.225965753964,0.466509943668
C[T>A]T,1.0539739716,0.628418097626,1.15403479169,0.913888823478,1.120681185,0.286841017588,1.31413210383,0.206792361517,0.426926165712
G[T>A]A,0.454641538714,0.359771060679,0.497803710111,0.394214498758,0.483416319645,0.123731558004,0.566863184346,0.0892018208869,0.18415859796
G[T>A]C,0.442062739099,0.256946109354,0.484030720659,0.383307564915,0.470041393472,0.120308213805,0.551179491155,0.0867338285574,0.179063387989
G[T>A]G,0.558214541416,0.425979088543,0.611209592816,0.484021469456,0.593544575683,0.151919147347,0.696001675057,0.109523106227,0.226112219308
G[T>A]T,0.440458716323,0.371755873638,0.482274417239,0.381916735039,0.468335850267,0.119871675961,0.549179538706,0.0864191152279,0.178413657245
T[T>A]A,0.780109621979,0.366249261827,0.85417066204,0.676424165893,0.829483648687,0.212308314842,0.972668326138,0.153059482793,0.315993770928
T[T>A]C,0.440440712477,0.29781827696,0.482254704168,0.38190112411,0.468316706938,0.119866776181,0.549157090874,0.0864155828278,0.178406364548
T[T>A]G,0.601774403505,0.342624882203,0.658904884851,0.521791729622,0.639861391069,0.163774046524,0.750313655004,0.118069661447,0.243756720407
T[T>A]T,0.676309651047,0.476677288438,0.740516263488,0.586420393629,0.719114059341,0.184058955665,0.843246843394,0.132693665712,0.273948213082
A[T>C]A,2.53526241966,0.904179896202,2.77595188988,2.19829716135,2.69572206647,0.689976481299,3.16105504223,0.497424905123,1.02694173961
A[T>C]C,1.39400387925,0.52799657881,1.52634601968,1.20872488264,1.48223197287,0.37938080258,1.73809344438,0.273507090232,0.564659799188
A[T>C]G,2.54840339082,0.919811302497,2.7903404216,2.20969154774,2.70969474467,0.693552821554,3.17743967084,0.500003196934,1.03226466464
A[T>C]T,1.98193850846,0.701537302038,2.17009722761,1.71851630164,2.10737765456,0.539388328251,2.47115117827,0.388861352925,0.802810535071
C[T>C]A,1.58241273659,0.36705949565,1.73264179386,1.37209205641,1.68256544144,0.430656630844,1.97300828549,0.310473385027,0.640977311024
C[T>C]C,1.66702910142,0.464696656565,1.82529135788,1.44546194237,1.77253727239,0.453685135195,2.07851096822,0.327075330025,0.675252294244
C[T>C]G,2.72730803961,0.949726474375,2.98622968894,2.36481773055,2.89992247249,0.742242061412,3.40050432787,0.535104741948,1.10473237047
C[T>C]T,2.66370997273,0.441364070448,2.9165938309,2.30967257129,2.83229921151,0.724933726754,3.32120800397,0.522626640218,1.07897112819
G[T>C]A,2.83125449974,0.879392983969,3.1000444839,2.45494852193,3.01044782251,0.770531287905,3.53010845854,0.555499300583,1.14683726572
G[T>C]C,1.70598243124,1.0383421551,1.86794278863,1.47923793088,1.81395600283,0.464286357868,2.12707936047,0.334718071951,0.691030858222
G[T>C]G,1.91435797446,0.782625871364,2.09610082014,1.65991799052,2.03551987158,0.520996157607,2.38688937322,0.375601881066,0.775436141555
G[T>C]T,2.16513895753,0.748227922064,2.37069012439,1.87736732394,2.30217306877,0.589246678315,2.69957199135,0.424805744832,0.877018311911
T[T>C]A,1.36606393138,0.480206680959,1.49575354512,1.18449847215,1.45252367388,0.371776892719,1.70325692711,0.268025201727,0.553342351953
T[T>C]C,1.75229946963,0.59121864269,1.91865701422,1.51939890721,1.86320449936,0.476891627811,2.18482908555,0.343805592143,0.709792190231
T[T>C]G,1.23394327732,0.479365303134,1.35108979098,1.06993815818,1.31204095309,0.335820005852,1.53852421285,0.242102794916,0.499825124988
T[T>C]T,1.74366012277,0.552595656588,1.9091974762,1.51190782797,1.85401835839,0.47454041316,2.17405724169,0.342110530418,0.706292707959
A[T>G]A,0.831067956609,0.0779343335488,0.909966813249,0.720609557313,0.883667194369,0.226176722368,1.03620498387,0.163057637056,0.336635121664
A[T>G]C,0.339875626644,0.114809705717,0.37214230006,0.294702283863,0.361386742255,0.0924977971248,0.423768977525,0.0666844583923,0.137671139907
A[T>G]G,0.336247020223,0.179233871883,0.368169205687,0.291555960573,0.357528477199,0.0915102649974,0.41924470243,0.065972516626,0.136201324647
A[T>G]T,1.20909127792,0.350104534177,1.32387842456,1.04838927263,1.28561604234,0.329056487029,1.50753785918,0.237226769718,0.489758492322
C[T>G]A,0.539977362027,0.070062208848,0.591241035637,0.468208218973,0.574153144434,0.146955864349,0.673262913414,0.105944925461,0.218725007403
C[T>G]C,0.698254148513,0.185314117819,0.764544099321,0.605448217382,0.742447449052,0.190031192317,0.870608020614,0.13699923167,0.282837123448
C[T>G]G,0.969992368794,0.337279935848,1.06208025191,0.841069332436,1.03138429087,0.263985264925,1.20942086489,0.190314958434,0.392908301284
C[T>G]T,5.00949582557,0.579637954999,5.4850808723,4.34367676015,5.32655252339,1.36334380063,6.24601694707,0.982875763245,2.02916286605
G[T>G]A,0.210881735604,0.0330863133899,0.230902153541,0.182853150492,0.224228680895,0.0573918647529,0.26293482224,0.0413755304032,0.0854204498647
G[T>G]C,0.279204553754,0.103485563278,0.305711315187,0.242095087749,0.296875728042,0.0759860494394,0.348122133478,0.0547806402935,0.113095515445
G[T>G]G,0.42347874665,0.208168833512,0.463682425129,0.367193596778,0.450281198969,0.115250544974,0.528008310696,0.0830876021907,0.171535694845
G[T>G]T,1.54449251765,0.407121974192,1.69112155414,1.33921186657,1.64224520865,0.42033657126,1.92572801252,0.303033342071,0.625617222341
T[T>G]A,1.29267899549,0.143371644384,1.41540168494,1.12086723027,1.37449412179,0.351805043077,1.61175798805,0.253626891521,0.523616808301
T[T>G]C,0.608772910967,0.232623973134,0.666567807578,0.527860055712,0.647302842041,0.165678703618,0.759039642155,0.119442786329,0.246591558873
T[T>G]G,0.45802346533,0.190345714309,0.50150670571,0.397146928799,0.48701229225,0.124651955754,0.571079890317,0.0898653634509,0.185528492286
T[T>G]T,3.30440976317,1.35408808869,3.61811955082,2.86521606047,3.5135496216,0.899301391243,4.12005521104,0.648333561129,1.33849509394
