,1,3,2,5,4,7,6,9,8
A[C>A]A,1.10977466327,0.210474505102,0.802914400687,1.6168268801,1.90383756888,0.35397984949,0.688825653062,1.80816733929,0.813196951532
A[C>A]C,0.938941555314,0.17807512256,0.479527348302,1.36794071421,1.61077042679,0.29948997885,0.582791310195,1.52982718926,0.68801751898
A[C>A]G,0.406649478134,0.0771231768875,0.108770115699,0.592446222454,0.697614190937,0.129707161129,0.252403124359,0.662558201443,0.297975910702
A[C>A]T,1.15594413469,0.219230784166,0.908691720322,1.68409102382,1.98304209314,0.368706318824,0.717482566361,1.8833917367,0.847028029732
C[C>A]A,1.63684464224,0.310436052838,1.27122718806,2.38471331498,2.80803520522,0.522096997955,1.01597253656,2.66692790847,1.19941202233
C[C>A]C,1.10713736382,0.209974327622,1.03989779185,1.61298460764,1.89931323621,0.353138641909,0.68718870858,1.80387036002,0.811264447629
C[C>A]G,0.483611719579,0.0917194640581,0.355054625333,0.704572246628,0.829644243071,0.15425546228,0.300172791463,0.78795357759,0.354370656588
C[C>A]T,2.88151244076,0.546493738765,3.48685925738,4.19806553869,4.94328427337,0.919103106105,1.78852496323,4.69487802848,2.11145308159
G[C>A]A,1.51013252128,0.28640444369,1.50001900111,2.20010686289,2.59065837702,0.481680200752,0.937323633896,2.46047453898,1.10656262335
G[C>A]C,2.28888119552,0.43409815777,0.815851223916,3.33466312105,3.92661515438,0.730074174432,1.42068487998,3.72929780994,1.67719742775
G[C>A]G,0.759607458437,0.144063483497,0.278449780563,1.10666948686,1.30311969163,0.242288585881,0.471480491444,1.23763629004,0.55660891351
G[C>A]T,2.50560771418,0.475201463034,2.00774237151,3.65041123876,4.29841323381,0.799202460557,1.55520478811,4.08241256879,1.83600565263
T[C>A]A,1.22260137901,0.231872675329,1.03792694809,1.78120373321,2.09739374502,0.389967681235,0.758856028349,1.99199707442,0.895871700134
T[C>A]C,1.53961173693,0.291995329418,1.03197707785,2.24305503053,2.64123047974,0.491083054022,0.955621078097,2.50850533,1.12816377275
T[C>A]G,0.32411767125,0.0614705928232,0.28679399135,0.472205917596,0.556029453264,0.103382360657,0.201176485603,0.528088274708,0.237500017726
T[C>A]T,3.83464087467,0.727259476231,3.35190217778,5.58667506741,6.578392535,1.22311821003,2.38012192221,6.24782004581,2.80986615817
A[C>G]A,0.301240438872,0.0571318073723,0.273266492302,0.438876156633,0.516783166686,0.0960853123988,0.186976824127,0.490814163335,0.220736528484
A[C>G]C,0.17956370661,0.0340551857365,0.225532804983,0.261605744976,0.308044634616,0.0572746305568,0.111453335138,0.292565004736,0.131576853982
A[C>G]G,0.0261869702899,0.00496649436532,0.0499764272972,0.0381517067154,0.0449241990317,0.00835274052349,0.0162539815592,0.042666701593,0.0191887282296
A[C>G]T,0.173865026872,0.0329744016481,0.280785668615,0.253303358115,0.298268451271,0.0554569482263,0.107916223575,0.283280086886,0.127401097277
C[C>G]A,0.256246671474,0.0485985066588,0.280975916319,0.373324892061,0.439595582959,0.0817338521079,0.159049658156,0.417505352659,0.187766957545
C[C>G]C,0.265054223486,0.0502689044542,0.199660184573,0.386156584217,0.45470509029,0.0845431574912,0.164516414577,0.431855588266,0.194220767209
C[C>G]G,0.0454820489809,0.00862590584121,0.0937587788358,0.0662626403256,0.0780252392,0.0145072052784,0.0282302372985,0.0741043729086,0.0333273634774
C[C>G]T,0.235234513028,0.044613442126,0.240864088468,0.342712350877,0.403548862867,0.0750316981211,0.146007628776,0.383270025537,0.172370117305
G[C>G]A,0.150843706857,0.0286082892315,0.1795882036,0.219763676369,0.258774979866,0.0481139409802,0.0936271283939,0.245771212034,0.110532026576
G[C>G]C,0.198985803047,0.0377386867848,0.162352868745,0.289901730301,0.341363575917,0.0634696095926,0.123508429478,0.324209627379,0.145808562578
G[C>G]G,0.084014336494,0.015933753473,0.0286821033462,0.122400197133,0.144128042778,0.0267976762955,0.052146829548,0.136885427563,0.0615622293275
G[C>G]T,0.146967812462,0.0278732058118,0.281016163726,0.214116899191,0.252125816207,0.0468776643199,0.0912214008388,0.239456177202,0.107691931546
T[C>G]A,0.967182032956,0.183431075216,0.157986966089,1.4090841687,1.65921745309,0.308497717408,0.600319882524,1.57583969163,0.708710972424
T[C>G]C,0.362420064359,0.0687348397923,0.280618127308,0.52800854204,0.62173786903,0.115599503287,0.224950384775,0.590494760033,0.26556642647
T[C>G]G,0.0538874166142,0.0102200272889,0.0318828206733,0.0785083914466,0.0924447922951,0.0171882277132,0.0334473620364,0.0877993253456,0.0394864690708
T[C>G]T,1.13538825108,0.215332254515,0.352548058027,1.65414322787,1.94777812039,0.362149700776,0.704723742051,1.84989982288,0.83196552881
A[C>T]A,1.44945507294,0.274896651765,1.73168986224,2.11170609765,2.48656516824,0.462326187059,0.899661769413,2.36161214471,1.0621007
A[C>T]C,1.8604953975,0.352852575387,1.13688352623,2.71054932911,3.19171193191,0.593433876788,1.15479024672,3.03132439765,1.36329404127
A[C>T]G,1.88370582838,0.357254553658,2.06037793471,2.74436452583,3.23152982627,0.60083720388,1.16919672106,3.06914139279,1.38030168459
A[C>T]T,1.14682775975,0.217501816504,1.13290426716,1.6708094086,1.96740279474,0.365798509574,0.711824126739,1.86853833269,0.8403479274
C[C>T]A,1.38795005421,0.263231906833,1.65191546931,2.02209964794,2.38105224817,0.442708206946,0.861486240544,2.26140138143,1.01703236731
C[C>T]C,2.5947071547,0.492099632787,0.99210943285,3.78021990641,4.45126486021,0.827622109688,1.61050788912,4.22758320895,1.90129403577
C[C>T]G,1.3143812105,0.249279195094,2.0346722829,1.91491745323,2.25484362835,0.419242282659,0.815822820309,2.14153490331,0.963124162865
C[C>T]T,2.31538499602,0.439124740625,1.23189087648,3.37327641662,3.97208288111,0.738527972869,1.43713551477,3.77248072628,1.69661831605
G[C>T]A,2.62383365837,0.497623624864,2.19022736159,3.82265420918,4.50123187945,0.836912459998,1.62858640865,4.27503932269,1.92263673243
G[C>T]C,4.56798787401,0.86634252783,2.3647888353,6.65508578196,7.83646195628,1.45703061499,2.83530281835,7.44266989817,3.34723249389
G[C>T]G,3.86611549375,0.733228800539,2.55051747192,5.63253033141,6.63238778669,1.23315752818,2.39965789267,6.29910196827,2.83292945663
G[C>T]T,3.27068224002,0.620301804141,1.91263921097,4.76504567727,5.61091177382,1.04323485242,2.03007863173,5.3289564083,2.39662060691
T[C>T]A,1.82936239183,0.346948039829,1.44893896586,2.66519176051,3.13830272391,0.583503521531,1.13546631217,2.98059906944,1.34048106298
T[C>T]C,1.84743826668,0.350376222992,1.5591451972,2.69152644025,3.16931219888,0.589269102304,1.1466858207,3.01005027934,1.3537263161
T[C>T]G,2.12848907767,0.403678963007,2.0565305045,3.10098839764,3.65145971084,0.678914619603,1.32113115166,3.4679692731,1.55966872071
T[C>T]T,1.62297374934,0.307805366255,1.66367616495,2.36450485896,2.78423944931,0.517672661429,1.00736301683,2.64432791919,1.18924800599
A[T>A]A,0.203308802181,0.0385585659308,3.12094462636,0.296199892832,0.348779755465,0.0648484972473,0.126191670319,0.331253134587,0.14897627746
A[T>A]C,0.419915140272,0.0796390783275,0.290709499761,0.611772919879,0.720371663053,0.133938449914,0.260636983617,0.684172081995,0.307696438993
A[T>A]G,0.298662785961,0.0566429421651,0.409852482876,0.435120782996,0.512361158675,0.095263130005,0.185376901631,0.486614366782,0.218847731092
A[T>A]T,0.557482807163,0.10572949791,0.452839895647,0.812194779401,0.95637136746,0.17781779194,0.346023811342,0.908312504773,0.408500332835
C[T>A]A,0.255762779009,0.0485067339499,6.84705457952,0.372619910797,0.438765457092,0.0815795070976,0.158749311109,0.416716941661,0.18741238117
C[T>A]C,1.05586338721,0.200249952747,0.870831859152,1.53828372792,1.8113518453,0.336784011438,0.655363481718,1.72032913951,0.77369299925
C[T>A]G,0.636451945067,0.120706403375,1.04940297188,0.927244644106,1.09184428507,0.203006223858,0.395039138317,1.03697773808,0.466365649403
C[T>A]T,0.676408728607,0.128284414046,1.50490915592,0.985457544264,1.16039083615,0.215751059987,0.419839900515,1.10207973885,0.495644326997
G[T>A]A,0.126134425728,0.0239220462587,2.39913442928,0.183764809896,0.216385782067,0.0402325323441,0.0782903332102,0.205512124677,0.0924260878176
G[T>A]C,0.360315980111,0.0683357893315,0.279395727164,0.524943108956,0.618128276226,0.114928372967,0.223644401449,0.587066553802,0.264024640599
G[T>A]G,0.198244903319,0.0375981713192,0.402909868538,0.288822316043,0.34009254966,0.0632332881277,0.123048560681,0.323002471788,0.145265661915
G[T>A]T,0.263000531293,0.0498794111074,0.293850496393,0.383164567143,0.451181945926,0.0838881004987,0.163241709079,0.428509486331,0.192715906551
T[T>A]A,0.148303272243,0.0281264826668,1.32706699406,0.216062525941,0.254416820486,0.0473036299397,0.0920503069096,0.241632055638,0.108670501213
T[T>A]C,0.669668189679,0.127006035974,0.364579335356,0.975637276342,1.1488273254,0.213601060501,0.415656117732,1.09109730905,0.490705138989
T[T>A]G,0.359700417326,0.0682190446652,0.305069280472,0.524046297655,0.617072267653,0.114732029664,0.223262327995,0.586063610987,0.263573581661
T[T>A]T,0.845054467056,0.160268950649,0.527948031648,1.23115693907,1.44970550814,0.269543235182,0.524516565759,1.37685598512,0.619220945688
A[T>C]A,0.833485335643,0.158074805036,1.11649278732,1.21430191141,1.42985846373,0.265853081196,0.517335725571,1.35800627962,0.610743564911
A[T>C]C,0.741795748546,0.140685400586,0.835004575361,1.08071966814,1.27256339621,0.236607264622,0.460424947373,1.20861548685,0.543557229538
A[T>C]G,0.899890491013,0.170668886227,1.41659112004,1.31104735329,1.54377765269,0.287034035927,0.55855271856,1.46620088622,0.659402514967
A[T>C]T,0.679584420808,0.128886700498,0.789138075761,0.990084199281,1.16583879087,0.216763996292,0.421811019812,1.10725392701,0.497971342833
C[T>C]A,1.05029031144,0.199192990101,0.842595389524,1.53016433304,1.80179113773,0.335006392442,0.651904331238,1.7112488695,0.769609279934
C[T>C]C,2.09959220788,0.398198522185,2.08604341236,3.05888864769,3.60188663249,0.669697514583,1.30319516351,3.42088730422,1.53849429026
C[T>C]G,2.07260873108,0.393080966239,2.38384901985,3.01957651338,3.5555960128,0.661090715947,1.2864467986,3.37692284633,1.51872191501
C[T>C]T,0.519976750607,0.0986162802875,3.64680230454,0.757552334936,0.892029080782,0.165854653211,0.322744190032,0.847203498833,0.381017446565
G[T>C]A,0.944656315032,0.179158956299,0.544750563917,1.37626652793,1.62057419561,0.301312790139,0.586338402433,1.53913830639,0.692205058428
G[T>C]C,1.37952950913,0.261634906904,0.754859003124,2.00983178485,2.3666066579,0.440022343429,0.856259695322,2.24768170022,1.01086214031
G[T>C]G,1.04543130079,0.198271453598,0.895751441709,1.52308525718,1.79345542118,0.333456535597,0.648888393594,1.70333203318,0.766048797992
G[T>C]T,0.767369030481,0.145535505781,0.739204044245,1.11797729441,1.31643480229,0.244764259722,0.476298018919,1.25028229966,0.562296272335
T[T>C]A,0.793462678418,0.150484301079,0.531757848029,1.15599304011,1.36119890522,0.253087233633,0.49249407626,1.29279695018,0.581416617806
T[T>C]C,1.65051268266,0.313028267401,1.0681068767,2.40462623594,2.83148296422,0.526456631538,1.02445614786,2.68919738813,1.20942739678
T[T>C]G,0.974983839733,0.184910728225,0.850794266099,1.42045059409,1.67260158713,0.310986224742,0.605162383282,1.58855125612,0.714427813597
T[T>C]T,1.02727558207,0.194828127634,0.728963089617,1.49663425319,1.76230897269,0.327665487385,0.637619326803,1.67375073286,0.752745038586
A[T>G]A,0.301941303914,0.0572647300526,0.122241663009,0.439897244495,0.517985512748,0.0963088641794,0.187411843808,0.491956089997,0.221250093385
A[T>G]C,0.762393020379,0.144591779727,0.414450905861,1.11072776245,1.30789837117,0.243177084086,0.473209460925,1.24217483493,0.558650058036
A[T>G]G,0.393936674274,0.0747121278795,0.274175369536,0.573924982347,0.675805156728,0.12565221507,0.244512418515,0.641845098601,0.28866049408
A[T>G]T,3.6893090894,0.699696551439,1.69310701675,5.3749416906,6.32907335165,1.17676238196,2.28991598653,6.01102946463,2.70337303965
C[T>G]A,0.428549585298,0.0812766454876,0.0943547968045,0.624352413064,0.735184202365,0.136692540138,0.265996294323,0.698240272598,0.31402340302
C[T>G]C,1.50866908252,0.286126894961,1.04074592119,2.19797478402,2.5881478226,0.481213414253,0.9364152926,2.45809014307,1.10549027599
C[T>G]G,0.914617689161,0.173461975531,0.879786038791,1.33250335748,1.56904241503,0.291731504301,0.5676937381,1.49019606251,0.670193996368
C[T>G]T,5.10476945887,0.968145931854,9.05951203655,7.43712102197,8.75732001995,1.62824543084,3.16847759516,8.31725368729,3.74056382762
G[T>G]A,0.0153021273252,0.00290212759616,0.0286323978451,0.0222936165342,0.0262510632562,0.00488085095718,0.0094978721329,0.0249319143489,0.0112127657124
G[T>G]C,0.100093427308,0.0189832362137,0.364713372091,0.145825769096,0.171712000296,0.0319263518139,0.062126954881,0.163083256563,0.0733443217346
G[T>G]G,0.339640054679,0.0644144931288,0.458430528889,0.49482042449,0.582658369665,0.108333465717,0.210811068422,0.553379054607,0.248874177998
G[T>G]T,1.6357271173,0.310224108453,2.34096451137,2.38308519675,2.80611807191,0.521740546034,1.01527890039,2.66510711352,1.19859314629
T[T>G]A,0.459246574373,0.0870984882431,0.189691968313,0.669074750595,0.787845416381,0.146483821136,0.285049597887,0.748255194452,0.336516886394
T[T>G]C,1.32313642472,0.250939666756,0.647675901914,1.92767289463,2.2698633493,0.42203489409,0.821257091203,2.15579986441,0.969539621559
T[T>G]G,0.619676716902,0.117524894585,0.384790789054,0.902804872038,1.06306609193,0.197655504529,0.384626927732,1.0096456853,0.454073456351
T[T>G]T,9.85029835797,1.86816003341,3.72751567286,14.3508657112,16.8983566658,3.14190551073,6.11397829115,16.0491930143,7.21789103817
