,1,3,2,5,4,7,6,9,8
A[C>A]A,2.81496973969,2.35848816028,3.60113245979,0.666264912032,1.64840570342,3.44897193332,2.93572976864,3.95617368821,1.36944473823
A[C>A]C,2.25926683102,1.8928992368,2.89023324328,0.248732371253,1.32299409023,2.76811071187,1.09597701083,3.17518581656,1.09910278266
A[C>A]G,0.615492620967,0.515683006756,0.787386956553,0.064942571911,0.360423606873,0.754117085149,0.286153207483,0.865016656494,0.299428842633
A[C>A]T,1.73369431223,1.45255469403,2.21787921023,0.278152898602,1.01522639905,2.12416600417,1.22561120946,2.43654335772,0.843418854596
C[C>A]A,2.57316199705,2.15589248402,3.29179282506,0.96615556869,1.50680657485,3.15270298738,4.25712297454,3.61633577964,1.25180853911
C[C>A]C,1.57780483919,1.321944595,2.01845303752,0.274666978361,0.923939770697,1.93316628946,1.2102513734,2.21745544967,0.767580732579
C[C>A]G,0.536130930691,0.449190779768,0.685861190614,0.20068719166,0.313950544999,0.656881140307,0.884277938252,0.753481307999,0.260820452769
C[C>A]T,2.11735548497,1.77400054146,2.70868899879,0.500811972315,1.23989285156,2.59423735095,2.20670275301,2.97574284374,1.03006483052
G[C>A]A,2.92085684352,2.4472043824,3.73659163765,1.40602063895,1.71041166512,3.57870748395,6.19527844037,4.10498799629,1.42095738333
G[C>A]C,3.01554105824,2.52653440015,3.85771919163,0.342238040417,1.76585737645,3.69471697226,1.50798636559,4.23805770348,1.46701997428
G[C>A]G,0.78305815079,0.656075747959,1.00175006678,0.127082996878,0.458547565778,0.959422599166,0.559959454992,1.10051415787,0.380947208493
G[C>A]T,2.38179158924,1.99555511531,3.04697662768,0.840970524699,1.39474282253,2.91823113637,3.70552637445,3.34738277407,1.15870942179
T[C>A]A,1.93739199921,1.62322032366,2.47846544043,0.764603552894,1.13450882836,2.37374154858,3.36903440494,2.72282118807,0.942515026641
T[C>A]C,1.81552961949,1.52111941092,2.32256942313,0.510929477481,1.06314797538,2.22443268694,2.25128301015,2.55155514091,0.883230625698
T[C>A]G,0.455751103881,0.381845519468,0.583032943703,0.181853566193,0.266881277047,0.558397748899,0.80129227604,0.640515064913,0.221716753239
T[C>A]T,3.4566467023,2.89610939922,4.42201650204,1.2657567633,2.02416248333,4.23517073434,5.57724073827,4.85798995998,1.68161190923
A[C>G]A,0.650164356245,0.544732298476,0.831741789071,0.0843867742052,0.380726875279,0.796597769814,0.371829223842,0.913744500669,0.316296173309
A[C>G]C,0.356858846862,0.298989844668,0.456522128418,0.0643732003336,0.208971396811,0.43723246102,0.28364441397,0.501531352347,0.173607006582
A[C>G]G,0.0391974521453,0.0328411085542,0.05014448833,0.0482922802997,0.022953462968,0.048025707133,0.21278786007,0.0550883111231,0.0190690307734
A[C>G]T,0.48648274626,0.407593652272,0.622347297017,0.102662334299,0.284877283846,0.596050932355,0.452355910505,0.68370548123,0.236667281964
C[C>G]A,0.447651647326,0.3750594883,0.57267147676,0.0473921373544,0.262138352038,0.548474090418,0.208821605218,0.629132044891,0.217776477078
C[C>G]C,0.391493515029,0.32800808016,0.500829541749,0.073684195519,0.229252959251,0.479667730126,0.324670986506,0.550207102204,0.190456304609
C[C>G]G,0.0744966812322,0.0624161383297,0.0953020606755,0.0734980154581,0.0436241827036,0.0912752130413,0.323850630612,0.104698038489,0.0362416287076
C[C>G]T,0.424046181923,0.355281936206,0.542473493991,0.103097183999,0.248315331757,0.519552078752,0.454271966997,0.595956796216,0.206292737152
G[C>G]A,0.217490812604,0.182222032182,0.278231489998,0.0587457221302,0.127359484858,0.266475229858,0.258848338136,0.30566276366,0.105806341267
G[C>G]C,0.267479521637,0.224104464074,0.342181009662,0.0552379520304,0.15663215231,0.327722657141,0.243392226134,0.375917165544,0.130125172688
G[C>G]G,0.0622622295024,0.0521656517452,0.0796507800841,0.0144484219727,0.036459864123,0.0762852541651,0.0636633593172,0.0875036738953,0.0302897332714
G[C>G]T,0.409189006667,0.342834032613,0.523467017538,0.0513465712751,0.239615184084,0.501348692853,0.226245829681,0.575076441802,0.199064922162
T[C>G]A,0.347389276604,0.291055880398,0.444407903403,0.152630227501,0.203426152966,0.425630104667,0.672526939928,0.488222767119,0.169000188618
T[C>G]C,0.315066828233,0.263974910142,0.403058464947,0.143187677511,0.18449859311,0.386027825583,0.630920704035,0.442796623463,0.153275754276
T[C>G]G,0.0267296182406,0.0223950855529,0.0341946467582,0.0287578781526,0.0156524791499,0.032749802529,0.12671440061,0.0375659499598,0.013003598063
T[C>G]T,0.510410875925,0.427641544694,0.652958057489,0.223297093049,0.298889251668,0.625368280412,0.983902816249,0.717334204002,0.248307993693
A[C>T]A,1.12830338753,0.945335270637,1.44341514441,0.449546423096,0.660718199907,1.38242577211,1.98081392677,1.58572367978,0.548904350692
A[C>T]C,0.718180725254,0.601718986024,0.918753720596,0.518671812693,0.420556280554,0.879933140852,2.28539767468,1.00933507333,0.349385217691
A[C>T]G,2.22165815698,1.86138926666,2.84212124586,0.368460505998,1.30097099283,2.72203161576,1.62352910455,3.12233038278,1.08080667096
A[C>T]T,1.02676585337,0.860263282552,1.31352028089,0.32794282929,0.601259283504,1.25801942395,1.44499809156,1.44302228041,0.49950771245
C[C>T]A,1.00440264279,0.841526538558,1.28491148898,0.631661128459,0.588163709745,1.23061945423,2.78325684727,1.41159290339,0.488628312711
C[C>T]C,0.615901508888,0.516025588527,0.787910038397,0.887159602933,0.360663045745,0.754618064943,3.90904700042,0.865591309788,0.29962776108
C[C>T]G,1.35980771394,1.13929835493,1.73957383225,0.366861209459,0.796283796453,1.66607071258,1.61648220418,1.91108111149,0.661528077053
C[C>T]T,0.964762191899,0.808314268888,1.23420028153,0.719635495041,0.564950833094,1.18205097386,3.17089390002,1.35588199943,0.469343769032
G[C>T]A,0.952302494819,0.797875063227,1.21826084923,0.468510977615,0.557654614083,1.1667850387,2.06437649512,1.3383710738,0.463282294777
G[C>T]C,0.866195884802,0.725731687266,1.10810644722,0.774266856841,0.507231824434,1.06128504805,3.41161333795,1.21735637864,0.421392592606
G[C>T]G,1.67812808111,1.40599920309,2.14679448214,0.337213980593,0.982687615066,2.05608485614,1.48584910199,2.35845027616,0.816386634055
G[C>T]T,0.949592817105,0.79560479271,1.21479441468,0.507624257797,0.556067865872,1.16346507321,2.23671938592,1.33456287809,0.461964073186
T[C>T]A,1.24183388001,1.04045541298,1.58865235101,0.633216877463,0.727200019828,1.52152619533,2.79011186632,1.74528004759,0.604135401088
T[C>T]C,0.84586709665,0.708699459355,1.08210024977,0.640145602964,0.495327579119,1.036377704,2.82064156306,1.18878618989,0.411502911884
T[C>T]G,1.71733146521,1.43884528166,2.19694655909,0.252428178872,1.0056445517,2.10411783125,1.11226166316,2.41354692408,0.835458550642
T[C>T]T,1.2899990946,1.08081005223,1.65026911201,0.410895289428,0.755404875216,1.58053943122,1.81050736904,1.81297170052,0.627567127102
A[T>A]A,1.37180114967,1.14934690918,1.75491678606,0.110349184654,0.803306979534,1.68076537256,0.48622609488,1.92793675088,0.667362721459
A[T>A]C,0.668231179976,0.559869367007,0.854854302312,0.111507923399,0.391306546833,0.818733697989,0.491331787475,0.939135712399,0.325085438907
A[T>A]G,0.710638627013,0.59539993074,0.909105270593,0.138952002784,0.416139736539,0.870692371835,0.612257262267,0.998735367694,0.345716088817
A[T>A]T,1.07219898825,0.898328882048,1.37164194893,0.174444718088,0.627864272399,1.31368524687,0.768647039075,1.50687425376,0.521610318608
C[T>A]A,2.34908614043,1.96815325279,3.0051372247,0.0794781153784,1.37559098314,2.87815959548,0.350200445886,3.30141835953,1.14279866291
C[T>A]C,0.995756306194,0.834282310595,1.27385040973,0.258855496246,0.583100539663,1.22002574453,1.14058203033,1.39944129519,0.484421986797
C[T>A]G,1.08737585743,0.911044637308,1.3910574032,0.215539686021,0.636751628226,1.33228032983,0.949721741528,1.52820390774,0.528993660372
C[T>A]T,1.32477315915,1.10994507929,1.69475485225,0.186558308438,0.775768066169,1.62314549229,0.822022546553,1.86184335881,0.644484239587
G[T>A]A,1.00500408395,0.842030448713,1.28568090019,0.0722140903686,0.588515905014,1.23135635511,0.318193335687,1.41243817203,0.488920905704
G[T>A]C,0.409549162412,0.343135784723,0.52392775732,0.0814564877611,0.239826086097,0.501789964757,0.358917649198,0.575582606633,0.199240133065
G[T>A]G,0.430868249346,0.360997722425,0.551200823488,0.0830911421848,0.252310236104,0.527910647847,0.366120345252,0.605544566649,0.209611580763
G[T>A]T,0.580468537269,0.486338504199,0.742581372002,0.102868154848,0.339914008311,0.711204694312,0.453262807297,0.815793619946,0.282390099212
T[T>A]A,0.974112616953,0.816148408798,1.24616208655,0.116050395572,0.570426307225,1.1935073505,0.511347055489,1.36902313734,0.473892624464
T[T>A]C,0.691385123796,0.579268617235,0.884474662875,0.178644854987,0.404865162583,0.847102494021,0.787153892287,0.9716763902,0.336349519685
T[T>A]G,0.631642243745,0.529213771786,0.80804683434,0.0960315087552,0.369880593184,0.773904010354,0.423138835452,0.887713423641,0.307285415876
T[T>A]T,1.13534193718,0.951232433857,1.45241941514,0.227009973385,0.664839873126,1.39104958069,1.00026269523,1.5956156955,0.552328509982
A[T>C]A,1.83107009055,1.5341398056,2.34245002575,0.345733072867,1.07224825122,2.2434732641,1.52338635232,2.57339580293,0.890790854862
A[T>C]C,1.02085424874,0.855310316515,1.30595768758,0.228980347404,0.597797533048,1.25077637684,1.00894465575,1.43471407932,0.496631796686
A[T>C]G,1.63732168153,1.3718100575,2.0945917007,0.344432079175,0.958791975673,2.00608782602,1.51765384886,2.30110074162,0.796534872098
A[T>C]T,1.66616487735,1.39597597832,2.13149020346,0.291804620535,0.975682135385,2.04142723711,1.28576410923,2.34163712492,0.810566697089
C[T>C]A,1.17139487413,0.981438948593,1.49854119032,0.309664042418,0.685951953318,1.43522254848,1.3644571869,1.64628468796,0.569867776602
C[T>C]C,1.70866052331,1.43158043845,2.18585400279,0.507935557525,1.00056697311,2.0934939745,2.23809105034,2.40136073546,0.831240254583
C[T>C]G,1.83055202839,1.53370575352,2.34178727956,0.521087793617,1.07194488149,2.24283852127,2.29604309062,2.57266771558,0.890538824623
C[T>C]T,1.86892910953,1.5658595242,2.39088228427,0.184444804141,1.09441794702,2.28985908916,0.812709918247,2.62660307286,0.909208755989
G[T>C]A,1.78126156412,1.4924083375,2.27873100995,0.284769201384,1.0430810961,2.18244660108,1.2547642936,2.50339463065,0.866559679841
G[T>C]C,1.17780673294,0.986811046521,1.50674374845,0.22557118161,0.689706645418,1.44307851964,0.993923018968,1.655295949,0.57298705927
G[T>C]G,1.10871445765,0.928922923973,1.4183554323,0.295475054434,0.649247204928,1.35842492108,1.3019369586,1.55819329183,0.539374601017
G[T>C]T,1.48717803078,1.24601402578,1.90251603937,0.255621234011,0.870870018021,1.82212803771,1.12633106236,2.09008804325,0.723492014972
T[T>C]A,1.11648298769,0.935431692387,1.42829355182,0.233409986012,0.653796344141,1.36794312005,1.02846275086,1.56911122594,0.543153885902
T[T>C]C,1.39513850658,1.16889982984,1.78477178319,0.470814658354,0.816972999348,1.70935889094,2.07452708837,1.96073519843,0.678716030227
T[T>C]G,0.751762170396,0.629854791413,0.961713767533,0.260569650302,0.440221090772,0.921077974539,1.14813502164,1.05653061785,0.365722136949
T[T>C]T,1.28706007014,1.07834762633,1.64650927892,0.286511817754,0.753683824856,1.57693846431,1.26244269698,1.80884117965,0.626137331419
A[T>G]A,0.518900431841,0.434754415867,0.663818570463,0.0927176193181,0.30386061324,0.635769898472,0.40853701012,0.729265471776,0.252438047923
A[T>G]C,0.372462680023,0.312063326506,0.476483788858,0.175184148474,0.21810877659,0.456350671019,0.771905154215,0.523461063816,0.181198060552
A[T>G]G,0.442285029265,0.370563132627,0.565806073474,0.131433878496,0.258995737858,0.541898774595,0.579130527125,0.621589770859,0.215165689913
A[T>G]T,1.69401955139,1.41931367819,2.16712411079,0.80967535466,0.991993430995,2.07555548639,3.56763203147,2.38078423439,0.824117619595
C[T>G]A,0.421674622876,0.353294954301,0.539439607643,0.109183165942,0.246926580963,0.516646384784,0.481088324932,0.592623794312,0.205139005723
C[T>G]C,0.798824846493,0.669285682197,1.02192007389,0.357899172789,0.467780315514,0.97874035246,1.5769932301,1.12267275723,0.388617492889
C[T>G]G,0.789326065758,0.661327244283,1.00976848052,0.278403254041,0.462217966435,0.967102206694,1.22671433812,1.10932311944,0.383996464423
C[T>G]T,4.4759883158,3.7501523727,5.7260391067,1.15728871599,2.62107423898,5.48409379233,5.09930340481,6.29057817356,2.17750782931
G[T>G]A,0.103790835374,0.0869598890971,0.132777465073,0.0287915972558,0.0607784171109,0.127167149647,0.126862975409,0.145868201066,0.0504928388306
G[T>G]C,0.148343911026,0.124288141671,0.189773291583,0.0125621579375,0.0868680560064,0.181754701798,0.055352008412,0.208483334415,0.0721673080669
G[T>G]G,0.469094462482,0.393025090188,0.600102825878,0.169046735619,0.274694955508,0.574746368447,0.744862178821,0.659267893218,0.228208116883
G[T>G]T,1.49284861042,1.25076505197,1.90977029441,0.359562529771,0.874190627723,1.82907577493,1.5843223968,2.09805750653,0.726250675339
T[T>G]A,0.68271364935,0.572003327834,0.873381425295,0.132214201333,0.399787272142,0.83647798479,0.582568824623,0.959489453141,0.332130964549
T[T>G]C,0.68403793191,0.573112861871,0.875075552534,0.334355929501,0.40056275292,0.838100529187,1.47325581436,0.961350607009,0.332775210118
T[T>G]G,0.518933857863,0.434782421452,0.66386133168,0.174255167266,0.303880187037,0.635810852877,0.767811830766,0.729312448888,0.25245430923
T[T>G]T,4.50628346778,3.77553479733,5.7647950669,2.13840050797,2.6388146433,5.52121217674,9.42232723825,6.33315514391,2.19224601135
