,1,3,2,5,4,7,6,9,8
A[C>A]A,3.26467838171,2.46587409683,0.538324626772,2.13593319655,2.13593319655,1.37185953274,2.90000686035,0.78810313312,0.959662998833
A[C>A]C,2.41478244038,1.82393141774,0.398182210914,1.57988425621,1.57988425621,1.01472240846,2.14504610396,0.835568632334,1.01746112373
A[C>A]G,0.700449104963,0.529062621833,0.115499586457,0.458272552715,0.458272552715,0.294337655809,0.622207449621,0.190027723007,0.231394302165
A[C>A]T,2.22011036933,1.67689187471,0.366082028986,1.45251901823,1.45251901823,0.932918719028,1.97211931744,2.14559448248,2.61266266914
C[C>A]A,3.26155314138,2.46351354296,0.537809294589,2.13388849143,2.13388849143,1.37054626686,2.89723071601,1.33796914346,1.62922773251
C[C>A]C,2.81361031504,2.1251737486,0.463946381736,1.84081951463,1.84081951463,1.18231497281,2.49932405645,1.82473928653,2.22196144414
C[C>A]G,0.560775174309,0.423564227404,0.0924682468275,0.366890140638,0.366890140638,0.235644887077,0.4981353942,0.384210663043,0.4678483584
C[C>A]T,2.6862523293,2.0289778232,0.44294586281,1.75749487502,1.75749487502,1.12879752136,2.38619222869,8.96587595617,10.9176312664
G[C>A]A,2.63334375438,1.98901496342,0.43422157652,1.72287915845,1.72287915845,1.10656466275,2.33919365416,0.727515051185,0.885885674572
G[C>A]C,2.92004321572,2.20556455655,0.481496487698,1.91045380603,1.91045380603,1.22703943639,2.59386817566,1.27632178483,1.55416054071
G[C>A]G,0.927055891399,0.700223066908,0.152865599114,0.606531248096,0.606531248096,0.389560720322,0.82350177587,0.286224866934,0.348532320961
G[C>A]T,2.29267782476,1.73170346339,0.37804793919,1.49999666195,1.49999666195,0.963412490193,2.0365808337,4.64705515541,5.65865899876
T[C>A]A,2.92148969987,2.20665711373,0.481735003701,1.91140017598,1.91140017598,1.2276472675,2.59515308446,1.13248487378,1.37901219324
T[C>A]C,3.10070526537,2.34202206214,0.511286506524,2.02865291298,2.02865291298,1.30295593598,2.75434988999,1.92423334445,2.3431140725
T[C>A]G,0.566442057872,0.427844533074,0.0934026797556,0.370597729353,0.370597729353,0.238026183893,0.503169274812,0.224301052949,0.273128493047
T[C>A]T,3.76354840456,2.84268017792,0.620585109263,2.46232156256,2.46232156256,1.5814910849,3.34315204022,4.90219858885,5.96934385989
A[C>G]A,2.05142938237,1.5494838952,0.338267610923,1.34215858528,1.34215858528,0.862036814933,1.82228035562,0.24855818492,0.30266608912
A[C>G]C,1.11397651963,0.841407796744,0.183687617599,0.728825063377,0.728825063377,0.468107154527,0.989542972227,0.172784150109,0.210397026323
A[C>G]G,0.374797910951,0.283092039122,0.0618017831887,0.245213526845,0.245213526845,0.157494866836,0.332932186855,0.022944978083,0.027939803244
A[C>G]T,1.91668714894,1.44771050611,0.316049476687,1.25400276234,1.25400276234,0.805416408331,1.70258911635,0.299697154799,0.364937351762
C[C>G]A,1.50998623171,1.14052151544,0.248987091398,0.987916523936,0.987916523936,0.634515490983,1.34131755689,0.197890227758,0.240968372576
C[C>G]C,1.35705536422,1.02500990276,0.223769767505,0.887860690423,0.887860690423,0.570251988158,1.20546939269,0.168241874764,0.204865956345
C[C>G]G,0.45143904893,0.340980558234,0.0744394176426,0.295356399034,0.295356399034,0.189700451412,0.401012346656,0.081076912563,0.0987263084951
C[C>G]T,1.94130592565,1.46630553959,0.320108955826,1.27010972795,1.27010972795,0.815761532588,1.72445792332,0.262096457793,0.319151469013
G[C>G]A,1.01840124383,0.769217960766,0.167927864674,0.666294430804,0.666294430804,0.427945203525,0.904643658084,0.131715848327,0.160388686058
G[C>G]C,1.02682543493,0.775580913614,0.169316960014,0.671806002637,0.671806002637,0.431485156165,0.912126849109,0.21971381335,0.267542670678
G[C>G]G,0.258884552461,0.195540459838,0.0426884102462,0.169376595493,0.169376595493,0.108786593853,0.229966597133,0.0214968044614,0.0261763809427
G[C>G]T,1.41372265579,1.0678117932,0.233113842178,0.924935567351,0.924935567351,0.594064307486,1.25580682722,0.179342693254,0.218383279541
T[C>G]A,1.1913434125,0.89984449242,0.196444924401,0.779442764561,0.779442764561,0.500617710571,1.05826781855,1.70650117249,2.07798442092
T[C>G]C,1.67199634489,1.26289085624,0.275701524955,1.09391250224,1.09391250224,0.702594208755,1.48523079572,0.585017371128,0.712368091374
T[C>G]G,0.225411857674,0.170257892498,0.0371689765313,0.147476906882,0.147476906882,0.0947209401926,0.200232873572,0.0699536275434,0.0851816280971
T[C>G]T,2.40799352025,1.81880361636,0.397062761317,1.5754425691,1.5754425691,1.01186961755,2.13901552065,2.20542291379,2.68551497666
A[C>T]A,2.93498734037,2.21685214007,0.483960678465,1.92023107907,1.92023107907,1.23331914835,2.6071430098,3.39701166842,4.13649720169
A[C>T]C,2.31728767819,1.75029175693,0.382105946936,1.51609778946,1.51609778946,0.973753864772,2.05844171414,2.70275063093,3.29110450977
A[C>T]G,1.89437441917,1.43085727406,0.31237024997,1.2394045402,1.2394045402,0.796040314439,1.68276876597,8.19408450964,9.97783079745
A[C>T]T,2.39976097977,1.81258542089,0.395705267941,1.5700563857,1.5700563857,1.00841019895,2.13170257246,2.43517879226,2.96528574023
C[C>T]A,3.85112426025,2.9088278987,0.635025808872,2.51961853197,2.51961853197,1.61829157745,3.4209454865,1.7358361882,2.11370529039
C[C>T]C,4.22009818721,3.18752097119,0.695867254273,2.76102168631,2.76102168631,1.77333913186,3.74870424076,1.95551887658,2.38121006059
C[C>T]G,1.68135021889,1.2699560164,0.277243919072,1.10003232406,1.10003232406,0.706524826023,1.4935398221,5.50819802819,6.70726154453
C[C>T]T,5.04829122996,3.8130710354,0.832431000685,3.30287138982,3.30287138982,2.1213564211,4.48438635853,2.33998889164,2.8493742286
G[C>T]A,3.13871344939,2.37073037135,0.517553813463,2.05351996955,2.05351996955,1.31892746011,2.78811247898,5.40335654672,6.57959742764
G[C>T]C,3.88710023555,2.93600124174,0.640958017564,2.54315600517,2.54315600517,1.63340914153,3.45290286881,5.93050630573,7.22150087569
G[C>T]G,1.63429303521,1.23441282447,0.269484489849,1.06924491134,1.06924491134,0.686750796711,1.45173902596,9.9995837329,12.1763638652
G[C>T]T,3.71145026711,2.80332945707,0.611994458938,2.42823607901,2.42823607901,1.55959878246,3.29687337557,4.98236564432,6.06696224717
T[C>T]A,2.51559148646,1.90007442063,0.414804979151,1.64583911082,1.64583911082,1.05708365655,2.2345945651,2.17491668764,2.64836793937
T[C>T]C,3.90034369525,2.94600428045,0.643141779536,2.55182060913,2.55182060913,1.63897421237,3.46466700589,2.64099837388,3.21590958453
T[C>T]G,1.24211959869,0.938196718158,0.204817593401,0.81266335446,0.81266335446,0.521954512214,1.10337219671,3.68918377625,4.49227140102
T[C>T]T,2.59749051122,1.9619343223,0.428309605573,1.6994219834,1.6994219834,1.09149867227,2.30734529454,2.47080900788,3.00867219326
A[T>A]A,3.28997733317,2.48498287931,0.542496262385,2.15248517011,2.15248517011,1.38249047511,2.9224798651,0.896166829967,1.09125076574
A[T>A]C,1.01583723691,0.767281317242,0.167505076299,0.664616915639,0.664616915639,0.426867775085,0.902366056193,0.428715222784,0.522040985567
A[T>A]G,1.37864119995,1.04131409784,0.227329134035,0.901983338266,0.901983338266,0.579322631894,1.22464404464,0.492833468717,0.6001169449
A[T>A]T,1.68653088739,1.27386907451,0.278098178239,1.10342180398,1.10342180398,0.708701809061,1.4981417989,0.646282663758,0.786970046345
C[T>A]A,5.53167538309,4.17818034255,0.912137962105,3.61912804319,3.61912804319,2.32448061311,4.91377547328,1.389532558,1.69201583593
C[T>A]C,1.52128155492,1.14905308935,0.250849618098,0.995306549227,0.995306549227,0.639261929991,1.35135116846,0.858354209782,1.04520682688
C[T>A]G,2.0319677447,1.53478414759,0.335058511094,1.32942570531,1.32942570531,0.853858786336,1.80499262428,1.08474514119,1.32088013791
C[T>A]T,1.87752270217,1.41812884951,0.3095915094,1.22837921472,1.22837921472,0.788959007827,1.66779942161,0.674708634129,0.821583983055
G[T>A]A,2.25710223553,1.7048325396,0.372181751604,1.47672114346,1.47672114346,0.948463173442,2.00497911348,0.587326332509,0.715179683804
G[T>A]C,0.706391023641,0.533550666793,0.11647937092,0.462160084616,0.462160084616,0.296834525892,0.627485643341,0.383975919383,0.467562514078
G[T>A]G,1.07006030961,0.808237042364,0.176446114882,0.700092649371,0.700092649371,0.449653002442,0.950532296301,0.348772891286,0.424696241771
G[T>A]T,0.927154747724,0.700297734983,0.152881899891,0.606595925372,0.606595925372,0.389602261012,0.823589589733,0.284931266375,0.34695712028
T[T>A]A,2.29248455939,1.73155748635,0.378016070963,1.49987021705,1.49987021705,0.963331277615,2.03640915648,0.633480914158,0.771381521321
T[T>A]C,1.09546002927,0.827421936999,0.180634366528,0.716710551063,0.716710551063,0.460326288894,0.973094813232,0.584348827471,0.711554014403
T[T>A]G,1.33985174541,1.01201568005,0.220933000573,0.876605131307,0.876605131307,0.563022807913,1.1901874547,0.415706290843,0.506200177285
T[T>A]T,1.85724191096,1.40281037955,0.306247336382,1.21511039919,1.21511039919,0.780436760456,1.64978403793,0.562166677655,0.684543097281
A[T>C]A,4.14190860575,3.12846288307,0.682974291373,2.70986573674,2.70986573674,1.74048287156,3.67924860192,2.5517435339,3.10722511951
A[T>C]C,1.61173748221,1.21737618337,0.265765223131,1.05448782081,1.05448782081,0.677272665398,1.43170297622,1.32300213144,1.61100259543
A[T>C]G,2.99283279436,2.26054391914,0.493499024602,1.95807677503,1.95807677503,1.25762654657,2.6585270035,2.31961373669,2.82456366577
A[T>C]T,3.5911965908,2.71249955262,0.592165395291,2.34955947164,2.34955947164,1.50906665252,3.19005229076,1.60461375408,1.95391742843
C[T>C]A,1.77509655979,1.34076442282,0.292702092306,1.16136636625,1.16136636625,0.745918235231,1.57681449726,1.03663890768,1.26230179915
C[T>C]C,2.00189373793,1.5120686744,0.33009949934,1.30974962641,1.30974962641,0.841221304769,1.77827794806,1.51142714798,1.84044530264
C[T>C]G,2.13340224068,1.61139956477,0.351784412026,1.39578976385,1.39578976385,0.896482856454,1.89509667124,2.02523578458,2.46610343837
C[T>C]T,2.67874605006,2.02330818675,0.441708125275,1.7525838519,1.7525838519,1.12564328699,2.37952441681,1.31608264068,1.60257682096
G[T>C]A,1.6449349979,1.24245090267,0.271239281568,1.07620747203,1.07620747203,0.691222685286,1.46119225877,1.99511205945,2.42942216763
G[T>C]C,1.20856779176,0.912854395906,0.199285114599,0.790711906313,0.790711906313,0.507855614624,1.073568198,1.54522131943,1.88159602842
G[T>C]G,1.44462562743,1.09115339944,0.238209544948,0.945154000924,0.945154000924,0.607050130675,1.28325787117,1.72602410006,2.10175723749
G[T>C]T,1.74000026869,1.31425552209,0.286914937922,1.13840443111,1.13840443111,0.731170325672,1.54563853655,1.62285667564,1.97613159823
T[T>C]A,2.00674361157,1.51573187682,0.330899212546,1.31292268204,1.31292268204,0.843259283585,1.78258608049,1.53153541365,1.86493087785
T[T>C]C,1.82235351121,1.37645850315,0.300494461955,1.19228447808,1.19228447808,0.765776209499,1.61879274666,1.38886624622,1.69120447669
T[T>C]G,1.41548709822,1.06914451036,0.233404787473,0.9260899632,0.9260899632,0.594805748722,1.25737417768,1.42056057195,1.72979824748
T[T>C]T,2.39685281735,1.81038883012,0.39522573052,1.56815370497,1.56815370497,1.00718815197,2.12911925796,1.21171921419,1.47549482545
A[T>G]A,1.31510443645,0.993323563701,0.216852327287,0.860414072783,0.860414072783,0.552623672763,1.1682044728,0.157756188166,0.192097671304
A[T>G]C,0.39193681984,0.296037385198,0.0646278798672,0.256426749151,0.256426749151,0.164696855145,0.348156643156,0.309455154074,0.376819541356
A[T>G]G,0.924574787836,0.698349041876,0.152456480973,0.604907972893,0.604907972893,0.388518128931,0.821297816854,0.232909285358,0.283610626388
A[T>G]T,1.17579964978,0.888103990793,0.193881857145,0.769273175124,0.769273175124,0.494086023047,1.0444603272,0.806488618352,0.982050766565
C[T>G]A,0.79229670374,0.598436871974,0.130644669234,0.518364332766,0.518364332766,0.332933189338,0.703795476194,0.0581085158123,0.0707579886421
C[T>G]C,0.776462062707,0.586476664385,0.128033638,0.508004434643,0.508004434643,0.326279271031,0.689729598255,0.541179587398,0.658987388737
C[T>G]G,1.32959840726,1.0042711374,0.219242290559,0.869896830284,0.869896830284,0.558714224329,1.18107943624,0.461395847234,0.561835759557
C[T>G]T,2.67093393481,2.01740754651,0.440419957336,1.74747273395,1.74747273395,1.12236053644,2.37258493146,1.25273593343,1.52544035432
G[T>G]A,0.455179167672,0.34380554154,0.0750561393502,0.297803391615,0.297803391615,0.191272097054,0.404334686177,0.00221884666544,0.00270186090554
G[T>G]C,0.302257601799,0.22830095455,0.0498403492328,0.19775364373,0.19775364373,0.127012502884,0.268494784577,0.213314060589,0.259749774458
G[T>G]G,1.28912934035,0.973704076223,0.212569199739,0.843419727996,0.843419727996,0.541708605786,1.14513085021,0.184870709839,0.225114673885
G[T>G]T,1.13139889782,0.854567252607,0.186560456555,0.740223746976,0.740223746976,0.475428260253,1.0050192337,0.494857515529,0.602581600542
T[T>G]A,2.02372821902,1.52856067607,0.333699865902,1.32403495181,1.32403495181,0.850396432461,1.79767347115,0.226890002773,0.276281023784
T[T>G]C,0.842017534529,0.63599196757,0.138843316864,0.550894450782,0.550894450782,0.353826517169,0.747962384396,0.383788105671,0.467333815749
T[T>G]G,1.18017813,0.891411140742,0.194603840585,0.772137819094,0.772137819094,0.495925916328,1.04834972186,0.225652188019,0.274773752757
T[T>G]T,2.96069339882,2.23626841826,0.488199443423,1.93704940455,1.93704940455,1.24412116227,2.62997764683,1.32091277061,1.60845840775
