,1,3,2,5,4,7,6,9,8
A[C>A]A,0.729043025487,1.84405000564,0.385963954669,1.81451133198,1.58674070253,0.939332039061,0.360807259622,2.63027287627,1.58674070253
A[C>A]C,0.598972431287,1.51504791443,0.317103051858,1.50402158732,1.30364587986,0.606036083049,0.264657672243,2.16099857562,1.30364587986
A[C>A]G,0.124586364024,0.315130214883,0.065957486836,0.187588867906,0.271158556993,0.0729760027036,0.0540576902843,0.449488058438,0.271158556993
A[C>A]T,0.474896380444,1.20120849171,0.251415730823,1.67799324155,1.0335980045,0.728718750238,0.207881431963,1.71335164709,1.0335980045
C[C>A]A,0.734870371049,1.85878976207,0.389049019967,2.01222192676,1.59942374875,1.47042271973,0.442287567506,2.65129702496,1.59942374875
C[C>A]C,0.606172717747,1.53326040371,0.320914968219,1.64019041239,1.31931709157,1.16316447096,0.338130762527,2.18697607971,1.31931709157
C[C>A]G,0.170089950611,0.430227522134,0.0900476209118,0.360802076449,0.37019577486,0.399353891865,0.0893388395259,0.613657861029,0.37019577486
C[C>A]T,0.98752676598,2.49786181983,0.522808287872,3.01838855947,2.14932296125,2.4016497415,0.590634763252,3.5628416655,2.14932296125
G[C>A]A,0.650830785549,1.6462190458,0.344557474702,1.79182222621,1.41651406266,1.59566542293,0.352191096317,2.34809538316,1.41651406266
G[C>A]C,0.671393591902,1.6982308501,0.355443666301,1.19584530504,1.4612684059,0.592346996786,0.266393497819,2.42228276294,1.4612684059
G[C>A]G,0.145458055704,0.36792331737,0.0770072059612,0.201156389727,0.316585180063,0.207250586002,0.0556838468676,0.524789848032,0.316585180063
G[C>A]T,0.682961660772,1.7274912596,0.361567938056,1.99499822251,1.48644596756,1.19850285379,0.308725796743,2.46401854082,1.48644596756
T[C>A]A,0.591794927103,1.49689305091,0.313303196702,1.51089399433,1.28802425311,1.27970236672,0.322294520211,2.13510326641,1.28802425311
T[C>A]C,0.517023285247,1.30776478033,0.273718209837,1.29919487143,1.12528597377,0.828389876104,0.345796924481,1.86533891148,1.12528597377
T[C>A]G,0.104335817366,0.263908243925,0.0552366091936,0.216851592013,0.227083837796,0.274049247782,0.0511163857876,0.376427262653,0.227083837796
T[C>A]T,0.834452907703,2.11067500184,0.441769186431,2.55443406487,1.81616221088,1.92215861834,0.898892558224,3.01057519642,1.81616221088
A[C>G]A,0.284690995878,0.72010075428,0.150718762524,0.545492084698,0.619621579264,0.239623614961,0.192265281759,1.02712045572,0.619621579264
A[C>G]C,0.145787825162,0.368757440116,0.0771817897918,0.301677212693,0.317302913588,0.177462927799,0.0767793233141,0.525979604507,0.317302913588
A[C>G]G,0.037212739334,0.0941263406682,0.0197008620003,0.13514870163,0.080992432668,0.0827196181277,0.0157315208311,0.134257726224,0.080992432668
A[C>G]T,0.253040249794,0.640042984773,0.133962485185,0.561766325866,0.550734661317,0.238851411171,0.150527784735,0.912929528669,0.550734661317
C[C>G]A,0.182176789459,0.460800114515,0.0964465355961,0.389234226767,0.396502424117,0.218119229145,0.15511286193,0.657265279618,0.396502424117
C[C>G]C,0.153191748841,0.387485011775,0.0811015140925,0.370958836035,0.333417335714,0.177902600392,0.119980662239,0.552691799742,0.333417335714
C[C>G]G,0.0439145411717,0.111077957081,0.0232488747379,0.14094345094,0.0955787072559,0.0989608663839,0.0408632832027,0.158436775992,0.0955787072559
C[C>G]T,0.228345811026,0.577580580831,0.120888958779,0.511487808274,0.496987941645,0.260395536309,0.0999004172812,0.823835867232,0.496987941645
G[C>G]A,0.117468688888,0.297126683657,0.0621893058817,0.334430433969,0.255667146402,0.218872528008,0.107658160029,0.423808603046,0.255667146402
G[C>G]C,0.137235120356,0.347124127958,0.072653887247,0.337514534384,0.298688203127,0.166584170408,0.105260588057,0.495122787165,0.298688203127
G[C>G]G,0.0189294811808,0.0478804523985,0.0100214900369,0.0558481750262,0.0411994590406,0.0339268181455,0.0101518784132,0.06829459877,0.0411994590406
G[C>G]T,0.197417425307,0.499349958128,0.104515107515,0.375934655837,0.429673219785,0.207690102302,0.0857351252799,0.712251103067,0.429673219785
T[C>G]A,0.568163427317,1.43711925733,0.300792402697,0.289179621526,1.23659098887,1.51368980922,0.21239437411,2.04984452209,1.23659098887
T[C>G]C,0.27093071984,0.685295350184,0.143433910504,0.369372856565,0.589672743182,0.460888510512,0.125469970235,0.977475538247,0.589672743182
T[C>G]G,0.0369307382305,0.0934130437595,0.0195515672985,0.0617053823407,0.0803786655605,0.0984621119355,0.0360543292038,0.133240310479,0.0803786655605
T[C>G]T,0.80512531107,2.03649343388,0.426242811743,0.499578776431,1.75233155939,1.98124990717,0.41769370205,2.90476582817,1.75233155939
A[C>T]A,0.614703715898,1.5548388108,0.325431379005,2.78745523822,1.33788455813,2.03300582595,0.765100513334,2.21775458285,1.33788455813
A[C>T]C,0.58470124253,1.47895020169,0.309547716633,3.43184318629,1.27258505727,1.42132988714,0.736650896633,2.10951036521,1.27258505727
A[C>T]G,1.28316542187,3.24565371413,0.679322870399,3.07768294929,2.79277180053,1.57076123411,1.28907427662,4.62945956124,2.79277180053
A[C>T]T,0.46833598623,1.18461455341,0.247942580945,2.72388101359,1.01931949944,1.12187095435,0.423464662267,1.68968277385,1.01931949944
C[C>T]A,1.17269802308,2.96623617604,0.620840129868,2.23669827294,2.55234275612,2.29092047788,0.787446145998,4.23091051466,2.55234275612
C[C>T]C,1.40383478497,3.55087622081,0.743206650867,4.24648857962,3.05540512023,1.81148599849,1.06691223565,5.0648156948,3.05540512023
C[C>T]G,1.16707891672,2.9520231423,0.617865308854,2.5642605229,2.5401129364,1.81622651511,0.905016885274,4.21063766034,2.5401129364
C[C>T]T,1.31443654387,3.32475125804,0.695878170287,3.21211195463,2.86083247785,1.67464515026,1.07031807501,4.74228086418,2.86083247785
G[C>T]A,0.848455722756,2.14609388697,0.449182441459,2.75668368848,1.846638926,1.80156676341,0.791158614829,3.06109515661,1.846638926
G[C>T]C,1.34048701864,3.39064363539,0.709669598105,4.26220254755,2.91753056999,1.93876676676,1.21076649542,4.83626689079,2.91753056999
G[C>T]G,1.47957546268,3.74245558206,0.783304656711,3.75663805845,3.22025247759,0.910423183844,0.71460765176,5.33807617907,3.22025247759
G[C>T]T,1.05069371978,2.65763705593,0.556249616357,2.79156588872,2.28680397835,1.40780228016,0.903623177543,3.79073812628,2.28680397835
T[C>T]A,2.1268000566,5.37955308434,1.12595297114,2.56365181527,4.62891777025,3.76130845607,0.707132629429,7.67316098852,4.62891777025
T[C>T]C,3.3722875245,8.52990373843,1.78532868944,5.2172732616,7.33968461214,2.32265056227,0.62467043633,12.1666844021,7.33968461214
T[C>T]G,1.62089271599,4.09990510515,0.858119673172,1.57249242408,3.52782532304,1.50349160043,0.904328363086,5.84792666162,3.52782532304
T[C>T]T,1.49015830562,3.76922394951,0.78890733827,3.24916416972,3.243285724,2.45738461163,0.684358507159,5.37625741636,3.243285724
A[T>A]A,0.247499316739,0.626027683517,0.131029050038,0.809013939676,0.538674983491,2.06954022962,0.485949801037,0.892938711373,0.538674983491
A[T>A]C,0.286648685538,0.725052557536,0.151755186461,0.677259369487,0.623882433229,0.663292926313,0.322751602189,1.03418349292,0.623882433229
A[T>A]G,0.204108084029,0.516273389015,0.108057220957,0.869407123865,0.444235241711,2.36238336434,0.299834421682,0.736389950223,0.444235241711
A[T>A]T,0.432103785459,1.09296839851,0.228760827596,1.24331486407,0.940461180117,1.06410587488,0.381211084669,1.55896267695,0.940461180117
C[T>A]A,0.184454350552,0.466561004336,0.0976523032332,0.769458288685,0.401459468848,3.43006213897,0.566870081233,0.665482362774,0.401459468848
C[T>A]C,0.326925731839,0.826929792298,0.173078328621,1.10936424855,0.711544239885,2.36408042829,0.444311219658,1.17949675801,0.711544239885
C[T>A]G,0.315300851857,0.79752568411,0.166923980395,1.34136207995,0.686243030513,6.9696123359,1.3469332361,1.13755601454,0.686243030513
C[T>A]T,0.373503229484,0.944743462813,0.197737003845,1.29382729755,0.812918793583,3.37833452395,0.707301905775,1.34754106324,0.812918793583
G[T>A]A,0.136885516819,0.34623983666,0.0724688030218,0.520471701487,0.297927301312,2.00940564111,0.614101408202,0.493861472445,0.297927301312
G[T>A]C,0.169545373006,0.428850061133,0.0897593151208,0.48607594925,0.369010517719,0.586477217644,0.196173399472,0.611693110453,0.369010517719
G[T>A]G,0.181867310384,0.460017314501,0.0962826937329,0.60101493601,0.395828852013,1.87339821799,0.667742030836,0.656148727661,0.395828852013
G[T>A]T,0.230921977436,0.584096766456,0.122252811584,0.876534595589,0.502594892067,0.814173865062,0.358176704465,0.833130271534,0.502594892067
T[T>A]A,0.284509914009,0.719642723669,0.150622895652,0.846677448422,0.619227459901,1.68477715196,0.483238627879,1.02646714074,0.619227459901
T[T>A]C,0.217680680977,0.550604075412,0.115242713458,0.757645370444,0.473775599773,1.10932309376,0.193018452598,0.785357750975,0.473775599773
T[T>A]G,0.207815081727,0.525649912603,0.110019749149,0.600941806719,0.45230341317,2.26358012611,0.327930831327,0.749764216426,0.45230341317
T[T>A]T,0.42632262409,1.07834546093,0.225700212754,1.27709900789,0.927878652431,1.24807049082,0.342341688024,1.53810515358,0.927878652431
A[T>C]A,0.565772979261,1.43107282989,0.299526871373,1.12345957596,1.23138824898,1.16143706918,0.971647580992,2.04122016047,1.23138824898
A[T>C]C,0.34386912333,0.86978660607,0.18204835941,0.758256435925,0.74842103313,0.855702021352,0.401188992769,1.24062585672,0.74842103313
A[T>C]G,0.609329577233,1.54124540124,0.322586246771,1.16854155314,1.32618790339,1.48862063871,0.785420910511,2.19836553355,1.32618790339
A[T>C]T,0.522062736159,1.32051162675,0.276386154437,1.1499156865,1.13625419046,0.661973152304,0.667800802279,1.88352045987,1.13625419046
C[T>C]A,0.366165584866,0.926183538189,0.193852368458,0.53692285214,0.796948625884,0.721779162242,0.368824222284,1.32106799246,0.796948625884
C[T>C]C,0.47562326921,1.20304709271,0.251800554288,0.876182183217,1.03518005652,1.91533775329,0.39566873967,1.71597414774,1.03518005652
C[T>C]G,0.67828693943,1.71566696444,0.359093085581,0.963581780889,1.47627157405,2.40340857715,0.607294732501,2.44715287951,1.47627157405
C[T>C]T,0.457480271051,1.15715597972,0.242195437615,0.744622099354,0.995692354641,4.01210031665,0.447049511243,1.65051705634,0.995692354641
G[T>C]A,0.660727486629,1.67125187794,0.349796904686,0.759516128024,1.43805394149,0.296986392089,0.93338944617,2.38380112823,1.43805394149
G[T>C]C,0.525244695947,1.32856011328,0.278070721384,0.710733444901,1.14317963235,0.538405218703,0.425174714519,1.89500047165,1.14317963235
G[T>C]G,0.550117107111,1.39147268269,0.29123846847,0.80084703321,1.19731370371,0.869273948794,0.707338014533,1.98473622958,1.19731370371
G[T>C]T,0.620650477189,1.56988061877,0.328579664394,0.84559201518,1.35082750918,0.634887811319,0.73803920124,2.23920956476,1.35082750918
T[T>C]A,0.443783050135,1.12251006799,0.234943967718,0.588822072957,0.965880756176,0.405448891273,0.569065669273,1.60109963186,0.965880756176
T[T>C]C,0.450341288712,1.1390985538,0.238415976377,0.775538621539,0.980154569549,0.847112874762,0.416651944196,1.6247607279,0.980154569549
T[T>C]G,0.356839508585,0.902594051127,0.188915033957,0.562542094396,0.776650695156,0.763406560724,0.378113166667,1.28742097215,0.776650695156
T[T>C]T,0.496867079834,1.25678143723,0.263047277559,0.71727728232,1.08141658552,0.516553557053,0.516282594042,1.79261848411,1.08141658552
A[T>G]A,0.231896756339,0.58656238368,0.122768871003,0.269047331325,0.504716469678,0.175765534404,0.141434230291,0.836647120908,0.504716469678
A[T>G]C,0.112215054742,0.283838079642,0.0594079701576,0.170577756641,0.244232766204,0.283810659152,0.0565061609284,0.404854315148,0.244232766204
A[T>G]G,0.175549834225,0.444037815981,0.0929381475309,0.452540573364,0.38207905096,0.346846956598,0.173062998993,0.633356264655,0.38207905096
A[T>G]T,0.460993640363,1.16604273739,0.244055456663,0.611869640893,1.00333909961,1.2434649393,0.112619989325,1.6631927417,1.00333909961
C[T>G]A,0.166925864733,0.422224246089,0.0883725166233,0.196790923991,0.363309235007,0.118750459843,0.029045811221,0.602242335507,0.363309235007
C[T>G]C,0.241048670241,0.609711342375,0.127614001892,0.395374514095,0.524635341114,0.976887021333,0.141380107083,0.869665790675,0.524635341114
C[T>G]G,0.300657215801,0.76048589879,0.159171467189,0.606394816695,0.654371587331,1.06177720485,0.285380168116,1.08472407269,0.654371587331
C[T>G]T,0.801157125836,2.02645625947,0.424142007795,0.924204460587,1.74369492094,9.48353086525,0.329947770178,2.89044923831,1.74369492094
G[T>G]A,0.070896165338,0.179325594679,0.0375332640025,0.11248869423,0.154303418677,0.0675113898215,0.0886677484699,0.255782243572,0.154303418677
G[T>G]C,0.0525072607607,0.132812483101,0.0277979615792,0.111180253757,0.114280508714,0.391518896538,0.0398088738439,0.189437960392,0.114280508714
G[T>G]G,0.233122033499,0.589661614143,0.123417547146,0.491544414844,0.507383249379,0.469651478508,0.17182542662,0.841067728701,0.507383249379
G[T>G]T,0.378676282186,0.957828243177,0.200475678805,0.524133017744,0.824177790641,2.44488372755,0.112376473804,1.36620462593,0.824177790641
T[T>G]A,0.333248224193,0.842921978841,0.176425530455,0.270115853333,0.725304958538,0.184295363199,0.131242043104,1.20230731866,0.725304958538
T[T>G]C,0.212728953807,0.538079118452,0.112621210839,0.343676893122,0.462998311227,0.452802591965,0.0894408671028,0.767492696087,0.462998311227
T[T>G]G,0.213131657475,0.539097721848,0.112834406898,0.480472240111,0.463874783916,0.434702760751,0.204478996346,0.768945587753,0.463874783916
T[T>G]T,1.22271575925,3.09275162634,0.647320107838,1.16648840376,2.66120488778,2.18198888114,0.340846154136,4.41136666082,2.66120488778
