,1,3,2,5,4,7,6,9,8
A[C>A]A,1.08569529498,1.36171952251,1.83096070932,0.892478335701,1.15010094807,4.28129985636,3.15580350237,0.273811716094,1.16551224531
A[C>A]C,0.872153016866,1.09388683471,1.47083432505,0.716939344373,0.923890907697,1.30654444135,0.963071418106,0.294293427259,0.44529627327
A[C>A]G,0.287868842647,0.36105583654,0.485473726159,0.236637946922,0.304945807889,0.26500677124,0.195340042718,0.0803520617304,0.0880915647008
A[C>A]T,0.722250894573,0.905874003363,1.21803328831,0.59371471842,0.765096286624,1.79348078564,1.32199872343,0.505325021797,0.56479525172
C[C>A]A,1.31930801621,1.65472530847,2.22493470531,1.08451591163,1.39757205107,7.13540953733,5.25960599917,0.351186284049,1.97205589301
C[C>A]C,1.42294932248,1.78471609938,2.39971962011,1.16971257865,1.50736157042,2.13884876014,1.57657408608,0.365012607349,1.07998902421
C[C>A]G,0.279580005869,0.350659668379,0.471495094644,0.229824242113,0.296165260455,1.36490085185,1.00608671038,0.133311266776,0.484917479966
C[C>A]T,1.94522030869,2.4397678448,3.28049865618,1.59903703341,2.06061473378,4.15837670905,3.06519520306,1.80474669392,2.17531203991
G[C>A]A,0.895544741797,1.12322560836,1.51028308151,0.736168135206,0.948670277328,9.83774186247,7.25153137285,0.444984811204,2.46743754497
G[C>A]C,0.926291401072,1.1617892149,1.56213549842,0.76144293139,0.981240890966,1.66189100486,1.22500213245,0.560182436507,0.505168066657
G[C>A]G,0.353493942447,0.443365283747,0.596146563958,0.290584003537,0.374463922084,0.722668393491,0.532688558088,0.080025275736,0.260349543848
G[C>A]T,0.777975921299,0.975766409765,1.31201024016,0.639522579373,0.824127035274,5.72073135947,4.21682775466,1.26979708048,1.61250465307
T[C>A]A,1.12601843184,1.41229430434,1.89896328759,0.925625321089,1.19281613542,5.59462381121,4.12387219073,0.3799079367,1.67404281842
T[C>A]C,1.25485475798,1.57388562866,2.1162381088,1.03153314851,1.32929529447,3.67754441136,2.71076727229,0.510587635864,1.15474181637
T[C>A]G,0.258542326058,0.324273425903,0.43601629564,0.212530556166,0.273879582689,1.21075653511,0.892464868661,0.0972730726602,0.373781513942
T[C>A]T,1.33833359034,1.67858789297,2.25702020743,1.1001555785,1.41772626095,9.50302203471,7.00480490188,1.00733601631,2.73525428992
A[C>G]A,0.480307518669,0.602419599687,0.810010137417,0.394829061957,0.508800337573,0.381771167711,0.281408644241,0.0943007979261,0.115874653206
A[C>G]C,0.276993407802,0.347415460633,0.467132950445,0.22769797082,0.293425220129,0.366107348259,0.269862632995,0.0442398634585,0.139323593102
A[C>G]G,0.139544240526,0.175021589813,0.2353330836,0.114710096026,0.147822288693,0.260816205482,0.192251120536,0.0743338924913,0.0623298542386
A[C>G]T,0.502070750003,0.629715855936,0.846712536023,0.41271917585,0.531854608054,0.587742349104,0.433232762484,0.100345483683,0.178931846458
C[C>G]A,0.396916524556,0.497827505375,0.669376172767,0.326278837982,0.42046242008,0.258954343472,0.190878717095,0.0411086683074,0.0625248937128
C[C>G]C,0.383080304002,0.48047360163,0.646042207597,0.314904995663,0.405805406782,0.449499627523,0.331332199669,0.0428072561451,0.116327555965
C[C>G]G,0.197593038624,0.247828556919,0.333228938019,0.162428175818,0.20931465956,0.452300941754,0.333397085932,0.0805370418912,0.109618549386
C[C>G]T,0.573119497699,0.718827844572,0.966532034255,0.471123654888,0.607118111969,0.622631375051,0.458949931095,0.0478928873642,0.150922865023
G[C>G]A,0.357962555408,0.448969984748,0.603682614628,0.294257354869,0.379197622254,0.283969545926,0.209317758079,0.13634887348,0.0740728668194
G[C>G]C,0.368134595632,0.461728136894,0.62083715704,0.302619116748,0.389973088593,0.288956344775,0.212993594345,0.133165229924,0.0862351087576
G[C>G]G,0.106874788904,0.134046345406,0.180237991457,0.0878546993536,0.113214818755,0.0722354901768,0.0532457479139,0.0260720071062,0.0192193525802
G[C>G]T,0.346097561605,0.434088467098,0.583673006435,0.28450392776,0.366628772886,0.249167614664,0.183664788129,0.0463334447815,0.0837285132704
T[C>G]A,0.949148471382,1.19045740478,1.60068259157,0.780232218,1.00545388918,0.801229286409,0.590596845137,0.701768759669,0.633963498019
T[C>G]C,0.499923167037,0.627022277301,0.843090764749,0.410953789853,0.529579626099,0.840153844786,0.619288658785,0.152578222372,0.200531178294
T[C>G]G,0.106517070868,0.133597682106,0.17963472121,0.087560643002,0.112835880157,0.16800917444,0.123841814149,0.0681681711174,0.0588205148092
T[C>G]T,1.87591223127,2.35283906972,3.1636146951,1.54206344435,1.98719516024,1.44306142207,1.0636999142,1.08757255913,1.20129180567
A[C>T]A,1.72068590763,2.15814842651,2.90183470862,1.41446214441,1.82276049537,2.27063870114,1.67371821785,2.3071339056,1.45146700473
A[C>T]C,1.27756858376,1.6023741559,2.15454362854,1.05020468326,1.35335655059,2.28321142692,1.68298574253,4.47348736858,1.58372962744
A[C>T]G,1.19212426262,1.49520670226,2.01044684967,0.979966554862,1.26284349853,5.23604808021,3.85956121377,1.65184115264,3.58206821437
A[C>T]T,1.07809893582,1.3521918856,1.81814990023,0.886233870968,1.14205395743,1.86701176459,1.37619939349,2.58405894592,1.08278433591
C[C>T]A,1.9929783923,2.49966781407,3.36103983108,1.63829579706,2.11120592405,2.94075785557,2.16767202756,3.04019544649,1.86357907593
C[C>T]C,1.46444900834,1.83676655283,2.46970637847,1.20382672719,1.55132310205,3.24561794993,2.39238848887,6.52509209194,2.9354755313
C[C>T]G,1.04733370183,1.31360498196,1.76626615817,0.860943805743,1.10946366719,3.97763713638,2.93196964176,1.5715014886,2.72952789318
C[C>T]T,1.55245430795,1.94714608116,2.61812209561,1.2761700667,1.64454905503,2.98883229675,2.20310834245,4.39276539521,2.81952086239
G[C>T]A,1.61521578926,2.02586387128,2.7239656107,1.32776213185,1.71103367506,2.33425395264,1.72060987231,2.64913748625,2.04842784377
G[C>T]C,1.65163785654,2.07154578617,2.78538926653,1.3577023058,1.74961637345,3.94119415875,2.90510703454,5.08866806478,3.40275388586
G[C>T]G,0.871850373411,1.09350724801,1.47032393482,0.716690561194,0.923570310816,4.68344720905,3.45223170564,2.0020477815,2.51972067829
G[C>T]T,1.34115327674,1.6821244488,2.26177544129,1.10247345631,1.42071321689,2.7723635232,2.04354630834,3.26690713932,2.59680099767
T[C>T]A,8.00525091209,10.0404841948,13.5003807755,6.58058761417,8.48013867806,6.22850960144,4.59111790209,6.50988539827,7.33400444618
T[C>T]C,2.89743462114,3.63407054177,4.88635160684,2.3817894767,3.06931633596,3.47111506537,2.55860543478,8.11943878557,2.54236824909
T[C>T]G,1.38493967441,1.73704298147,2.33561860346,1.13846735948,1.46709711273,3.38278778467,2.49349821241,1.63728031354,2.56228610412
T[C>T]T,4.7206827487,5.92085632887,7.96115141517,3.88056124257,5.00072325074,3.59898812151,2.65286237822,5.94361465624,4.41701875303
A[T>A]A,1.36055599029,1.70646005562,2.29449696667,1.11842314456,1.44126693887,1.17505530471,0.866149013266,1.01323593287,0.143370034908
A[T>A]C,0.850055723449,1.06617158534,1.43356855056,0.698774620123,0.900482757891,1.04589332226,0.770941984966,0.387950065425,0.151011915523
A[T>A]G,1.65061933682,2.07026832076,2.78367159345,1.35686504807,1.74853743307,1.05733702418,0.779377291022,0.845639891235,0.180165344062
A[T>A]T,0.851579059257,1.06808220992,1.43613756604,0.700026853796,0.902096461078,1.03149356163,0.760327728421,0.441362868029,0.342814713034
C[T>A]A,1.9495619157,2.4452132502,3.28782051885,1.60260598155,2.06521389375,1.09619702528,0.808021518634,1.81278908551,0.0750577363753
C[T>A]C,1.76685235099,2.21605210125,2.97969167668,1.45241252582,1.87166562605,1.08774002563,0.801787750849,1.00490684212,0.357019140834
C[T>A]G,4.66693052246,5.85343828241,7.87050147432,3.8363750905,4.94378233311,2.55660356198,1.88450674929,2.34666334688,0.274024823753
C[T>A]T,1.73408403207,2.17495285378,2.92442985069,1.42547585687,1.8369534238,1.25118448048,0.922264849015,0.906332820953,0.47208885538
G[T>A]A,1.22292592696,1.53383929822,2.06239202937,1.00528656708,1.29547238026,1.0099726305,0.744464361659,0.881541963298,0.0668498850545
G[T>A]C,0.567522484897,0.711807862413,0.957093004191,0.466522720636,0.601189072984,0.593931341443,0.437794751683,0.285468113867,0.139274638733
G[T>A]G,1.30895874335,1.64174486454,2.20748127057,1.07600845852,1.38660883829,0.975142215151,0.718790395704,0.63325036535,0.123917134798
G[T>A]T,0.573351955469,0.719119401775,0.966924060495,0.471314743055,0.607364359607,0.84643574503,0.623919131646,0.296642334043,0.195617463055
T[T>A]A,1.11281113042,1.39572921442,1.87668995723,0.914768471615,1.17882535002,1.1051344168,0.814609389701,0.690339173173,0.203752469278
T[T>A]C,1.01883182566,1.27785686608,1.7181994348,0.837514297366,1.07927100176,0.880676262606,0.649158276044,0.5422626538,0.181566658465
T[T>A]G,1.55785669389,1.95392195505,2.62723289902,1.28061101108,1.65027192149,0.776512324162,0.572377641006,0.799258122906,0.101742493668
T[T>A]T,0.976969913523,1.22535209493,1.64760180331,0.80310238654,1.03492575585,0.828437762926,0.610652577827,0.540035902029,0.290666761853
A[T>C]A,3.20379331132,4.01831703453,5.403007364,2.63362670507,3.39384884673,4.02297225948,2.96538676859,0.497168746449,0.620083940942
A[T>C]C,1.34058193555,1.68140785137,2.26081190826,1.10200379448,1.42010798258,2.08998674514,1.54055723997,0.467611867984,0.507199460866
A[T>C]G,2.5598033554,3.21060081863,4.31695650613,2.10424513113,2.71165609682,3.78026622668,2.78648489904,0.539623135886,1.0344261843
A[T>C]T,2.15729649727,2.70576170844,3.63815256743,1.77337084945,2.28527171321,2.99882385602,2.21047325469,0.310959270214,0.464845759206
C[T>C]A,1.58849886464,1.99235450819,2.67890910222,1.30579991415,1.68273184813,2.36989261606,1.74687960874,0.455741225457,0.458632844823
C[T>C]C,1.46193926122,1.83361873441,2.46547383883,1.20176362998,1.54866447163,1.91484406992,1.41145722679,0.821990372814,0.947848514119
C[T>C]G,2.35840117206,2.95799469038,3.97730367152,1.93868570923,2.49830632633,3.21227152794,2.36780839431,0.71530722569,1.54836914001
C[T>C]T,1.28204005442,1.60798244114,2.16208449856,1.05388038372,1.35809327799,1.71471871643,1.26394214665,0.632844615634,1.17927867663
G[T>C]A,2.84731250142,3.57120551026,4.80182362528,2.34058739523,3.01622087015,5.7648306461,4.24933392985,0.8373069896,0.2923843898
G[T>C]C,1.33054629475,1.66882077646,2.24388739538,1.09375415755,1.40947700715,2.73935974757,2.019218783,0.719989506409,0.408711995215
G[T>C]G,1.72973122005,2.16949339464,2.91708909144,1.42189769784,1.83234239412,3.32126331328,2.44814769999,0.799442467664,0.65068940285
G[T>C]T,1.8006041565,2.25838487425,3.03661209444,1.48015765407,1.90741965731,3.88120428214,2.8608876925,0.878340897251,0.406921153895
T[T>C]A,1.40903690699,1.76726662911,2.37625715671,1.15827610151,1.49262384215,2.26176284226,1.66717570331,0.420975678894,0.298004797362
T[T>C]C,1.68049006849,2.10773330624,2.83404681042,1.38141980206,1.7801801573,2.84364545943,2.09608917886,0.774916054258,0.593904754934
T[T>C]G,1.16042702579,1.45545084591,1.9569913401,0.953910351709,1.22926591715,1.62857962343,1.20044786675,0.51454445336,0.608906425597
T[T>C]T,1.1494814771,1.4417225306,1.93853232155,0.944912739649,1.21767105625,1.92739147194,1.42070608499,0.426822306316,0.364185563537
A[T>G]A,0.247525340976,0.31045551241,0.417436803849,0.203474220972,0.262209047644,0.197970226572,0.145926507215,0.179276705517,0.0676633712304
A[T>G]C,0.231268010825,0.29006496273,0.390019780968,0.190110144492,0.244987299603,0.167907100246,0.123766573893,0.289250572106,0.191042229613
A[T>G]G,0.384667232984,0.482463987132,0.648718469184,0.31620950508,0.407486475618,0.441536819226,0.325462706955,0.227868528751,0.143133074304
A[T>G]T,0.930662669789,1.16727182313,1.5695073838,0.765036262454,0.985871472234,0.298764838482,0.22022356651,1.32567202933,0.762052752666
C[T>G]A,0.161732389984,0.202850794217,0.272752081413,0.13294950702,0.171326684305,0.0829724964062,0.0611601391035,0.193655726458,0.0557432381371
C[T>G]C,0.657969098351,0.825249377593,1.1096258523,0.540872902882,0.697001163508,0.518301375573,0.382046890242,0.596420857272,0.515904218956
C[T>G]G,0.767087188738,0.962109355366,1.29364703863,0.630571672098,0.812592360951,0.957759941422,0.70597768878,0.46162991101,0.523471187068
C[T>G]T,1.51802533495,1.90396397943,2.56005967504,1.24786828381,1.60807768533,0.827168836124,0.609717234875,2.53696594318,2.91119591536
G[T>G]A,0.0740669487705,0.0928975289664,0.124909515299,0.0608855426334,0.0784607508162,0.188573606948,0.139000132956,0.0495115579943,0.0261230759986
G[T>G]C,0.18911616736,0.237196548892,0.318933197497,0.155459900287,0.200334923051,0.147948216657,0.109054613309,0.085084479705,0.119544021258
G[T>G]G,0.331571074038,0.415868804726,0.559174946895,0.272562662557,0.351240544532,0.939331494891,0.692393833863,0.224710725597,0.306613355901
G[T>G]T,0.632663116505,0.793509671549,1.06694881512,0.520070527975,0.670193979349,0.776850618341,0.572627002179,0.748640743727,0.846161117739
T[T>G]A,0.345542643145,0.433392467674,0.582737169372,0.284047765975,0.366040935535,0.162249187488,0.119596050571,0.2740410021,0.0814237220979
T[T>G]C,0.496020859499,0.622127857676,0.836509754578,0.407745960774,0.52544582574,0.472704525139,0.348436840696,0.483609607452,0.316412493741
T[T>G]G,0.483116175684,0.605942322044,0.814746770857,0.397137873232,0.511775609835,0.381143240566,0.280945790726,0.339809369258,0.165644417594
T[T>G]T,2.07937914854,2.60803486427,3.50674958102,1.70932014753,2.20273214888,0.527389232035,0.388745671036,2.94382602144,1.76003856354
