,1,3,2,5,4,7,6,9,8
A[C>A]A,1.30370463156,0.528082888735,1.30370463156,1.48523312457,0.756108238491,0.979214143831,1.51823830511,0.874637284467,0.387810871415
A[C>A]C,1.04534259184,0.423429910618,1.04534259184,1.19089662361,0.550219972549,0.749059697261,1.21736099303,0.701305789462,0.31095634061
A[C>A]G,0.314485319104,0.127386458371,0.314485319104,0.358274414169,0.317033527032,0.296166213635,0.366236067818,0.210983821678,0.0935494303665
A[C>A]T,0.791661924103,0.320673184447,0.791661924103,0.901893331257,0.641565034592,0.602004826453,0.921935405285,0.53111496174,0.235494369828
C[C>A]A,1.4184048043,0.574543718199,1.4184048043,1.61590420743,1.31768765398,1.1611212137,1.65181318982,0.951588033266,0.421930543052
C[C>A]C,1.61785687463,0.655334430231,1.61785687463,1.84312808502,0.815989224959,1.13286566885,1.88408648691,1.08539765007,0.481261222201
C[C>A]G,0.428208588506,0.173451580154,0.428208588506,0.487832569184,0.4258708977,0.237941906868,0.498673292944,0.287279179631,0.127378504176
C[C>A]T,2.49392599552,1.0101978716,2.49392599552,2.84118151389,1.06039108543,1.27313846071,2.90431888086,1.67314022485,0.74186406196
G[C>A]A,1.39235762658,0.563992962664,1.39235762658,1.58623020749,1.16485053675,1.15425660318,1.62147976766,0.934113344412,0.414182331956
G[C>A]C,1.11266198203,0.450698524367,1.11266198203,1.26758959978,1.79527864559,1.09427772053,1.29575825756,0.746469430983,0.330981728832
G[C>A]G,0.367803751845,0.148983798216,0.367803751845,0.419016932482,0.689663152606,0.377205585764,0.428328419871,0.246754415795,0.109409976815
G[C>A]T,1.25456240723,0.508177177611,1.25456240723,1.42924831203,1.07768520871,0.871913735582,1.46100938563,0.841668450418,0.373192614808
T[C>A]A,1.95896330695,0.793504124336,1.95896330695,2.2317303497,0.997606038142,0.92870092483,2.28132435747,1.31424120593,0.582729591309
T[C>A]C,1.66356501521,0.673849120086,1.66356501521,1.89520065024,1.2339032005,1.18247481159,1.93731622025,1.11606260514,0.494857947563
T[C>A]G,0.381280715178,0.154442821338,0.381280715178,0.434370435013,0.260085122354,0.244890894666,0.444023111346,0.255795922841,0.11341894692
T[C>A]T,2.29345636115,0.928994981732,2.29345636115,2.61279838612,1.56150624837,1.36068875021,2.67086057248,1.53864793849,0.68223068971
A[C>G]A,0.294230861757,0.119182121218,0.294230861757,0.335199715925,0.40924492272,0.447848063969,0.342648598502,0.197395388267,0.0875243702694
A[C>G]C,0.224422819241,0.0909054457687,0.224422819241,0.255671566224,0.249995136318,0.25327347175,0.261353156585,0.150562144554,0.0667586867364
A[C>G]G,0.0659214913859,0.0267023762576,0.0659214913859,0.0751004332245,0.0155547892906,0.0833588254167,0.0767693317406,0.0442258106766,0.0196095575642
A[C>G]T,0.322982005072,0.130828153953,0.322982005072,0.367954182994,0.287002261565,0.346108856194,0.376130942616,0.216684129985,0.0960769255594
C[C>G]A,0.175435899388,0.0710626427903,0.175435899388,0.199863682848,0.389429384095,0.463397229252,0.204305098022,0.117697502121,0.0521866282991
C[C>G]C,0.159987763788,0.0648051701419,0.159987763788,0.182264541024,0.355322998268,0.334188632413,0.186314864158,0.107333563048,0.047591296823
C[C>G]G,0.109590219917,0.0443909751563,0.109590219917,0.124849617627,0.0365684563115,0.147524680242,0.127624053574,0.0735225526027,0.0325996223804
C[C>G]T,0.199623919544,0.0808603218405,0.199623919544,0.227419655176,0.288182292631,0.281444908984,0.232473425291,0.133924908048,0.0593817988516
G[C>G]A,0.105521235591,0.0427427789737,0.105521235591,0.120214065864,0.20347490918,0.294719899477,0.12288548955,0.0707927276753,0.0313892283088
G[C>G]C,0.245504628558,0.0994449128338,0.245504628558,0.279688817345,0.300013147606,0.291495834739,0.285904124397,0.164705636881,0.0730298578623
G[C>G]G,0.0561513730581,0.0227448599729,0.0561513730581,0.0639699186737,0.0894460060112,0.0942100461209,0.065391472422,0.0376711743301,0.0167032565426
G[C>G]T,0.167436796952,0.067822500031,0.167436796952,0.190750781337,0.178692533925,0.316702975149,0.194989687589,0.112331015676,0.0498071484603
T[C>G]A,2.76609360364,1.12044297869,2.76609360364,3.15124587757,1.58880356486,0.307144840475,3.22127356374,1.85573368346,0.822825312476
T[C>G]C,0.462982097945,0.187537052332,0.462982097945,0.527447959684,0.523565230293,0.388267235879,0.539169025455,0.310608242925,0.137722522806
T[C>G]G,0.153274173092,0.0620857409992,0.153274173092,0.17461614656,0.0920927621351,0.0870468805566,0.178496505373,0.10282950853,0.0455942160463
T[C>G]T,4.38004354622,1.77419485416,4.38004354622,4.98992302734,1.96335787542,0.489242221229,5.10081020572,2.93851022721,1.30292434603
A[C>T]A,2.94597605575,1.19330675676,2.94597605575,3.35617525338,0.916892181962,1.6156622005,3.43075692568,1.97641431588,0.876334649494
A[C>T]C,3.5448047076,1.43587026131,3.5448047076,4.03838510993,0.665254032293,1.12751159236,4.12812700126,2.37816012029,1.05446722315
A[C>T]G,9.38120492616,3.79998174224,9.38120492616,10.6874486501,1.56946732855,1.05618666234,10.9249475089,6.29371976059,2.79061159196
A[C>T]T,2.4875782865,1.0076266477,2.4875782865,2.83394994665,0.630532804559,0.838711411851,2.89692661213,1.66888163525,0.739975819402
C[C>T]A,2.95305128182,1.19617267112,2.95305128182,3.36423563751,1.00239553767,1.7732809018,3.43899642946,1.98116098653,0.87843930535
C[C>T]C,5.07738129886,2.05666077929,5.07738129886,5.78435844174,0.629893371848,1.34507177212,5.91289974044,3.40634441569,1.51036025979
C[C>T]G,6.46559082623,2.61897349923,6.46559082623,7.36586296659,1.4926908756,1.01102200373,7.52954881029,4.3376748581,1.9233086635
C[C>T]T,4.15037852026,1.68116598289,4.15037852026,4.72827932688,0.905316526476,1.41254401458,4.83335220081,2.78443115916,1.23460626869
G[C>T]A,3.74382702437,1.51648689595,3.74382702437,4.26511939485,1.20874070806,1.46499475845,4.35989982585,2.51168142141,1.11367006421
G[C>T]C,5.64457335043,2.2864094584,5.64457335043,6.43052660176,1.65710642693,1.6623822404,6.57342719291,3.78686566548,1.67908194601
G[C>T]G,7.52761601352,3.04916091687,7.52761601352,8.57576507869,1.24860044039,0.93470317133,8.76633763599,5.05017276856,2.23922754832
G[C>T]T,3.97554919112,1.61034903944,3.97554919112,4.52910667343,1.30029138971,1.1650661511,4.6297534884,2.66714059658,1.18260007584
T[C>T]A,20.1868870535,8.17696690776,20.1868870535,22.9977194281,1.6789217497,1.4136072686,23.5087798598,13.543101441,6.00496007289
T[C>T]C,7.72170894909,3.12778084014,7.72170894909,8.79688361289,1.10820517369,1.45895282179,8.9923699154,5.18038701648,2.29696405448
T[C>T]G,6.17959016367,2.50312512959,6.17959016367,7.04003942697,1.38074827914,0.661463036695,7.19648474757,4.14580099588,1.83823251704
T[C>T]T,12.7564636344,5.16717514306,12.7564636344,14.5326800899,1.11451252729,1.26003472732,14.8556285363,8.5581338307,3.79464424569
A[T>A]A,0.238238927829,0.0965018441839,0.238238927829,0.271411436767,0.538795186514,4.25174585686,0.277442802029,0.15983117943,0.0708685418225
A[T>A]C,0.273993514918,0.110984714904,0.273993514918,0.312144510666,0.914496408211,0.391573399124,0.319081055348,0.183818434059,0.0815044000074
A[T>A]G,0.29670268168,0.120183364731,0.29670268168,0.338015713306,0.335680429227,0.463637278948,0.345527173602,0.199053697836,0.0882596584745
A[T>A]T,0.564376038096,0.228608015431,0.564376038096,0.6429600434,0.469468169046,0.576651977308,0.657248044364,0.378632025558,0.167884011332
C[T>A]A,0.180214817183,0.0729984069601,0.180214817183,0.205308019575,0.42904401054,9.12771773761,0.20987042001,0.120903611528,0.0536082051113
C[T>A]C,0.451547028182,0.18290512534,0.451547028182,0.514420665017,0.61085708225,0.646538030675,0.525852235351,0.302936613844,0.134320951421
C[T>A]G,0.493147710841,0.199756034771,0.493147710841,0.561813847793,1.02425777271,1.56172346012,0.574298599966,0.330845932589,0.146695838035
C[T>A]T,0.354221407677,0.143482089185,0.354221407677,0.403543375834,1.1864194658,1.01772730281,0.412511006408,0.237642210213,0.105369659246
G[T>A]A,0.131757506637,0.0533701292708,0.131757506637,0.150103488574,0.501889316951,3.52719799993,0.153439121654,0.0883942766048,0.0391936886833
G[T>A]C,0.175309494141,0.0710114406646,0.175309494141,0.199719676869,0.55017802684,0.258750454869,0.204157891911,0.117612698601,0.0521490267381
G[T>A]G,0.21406769637,0.0867109656182,0.21406769637,0.243874590801,0.611287729411,0.837774305375,0.249294026152,0.143615036805,0.0636783653759
G[T>A]T,0.228815795963,0.0926848793774,0.228815795963,0.260676223249,0.485236219337,0.453280235785,0.26646902821,0.153509331469,0.0680654582928
T[T>A]A,0.310079658271,0.125601886894,0.310079658271,0.353255306891,0.39647739587,1.9288865145,0.361105424821,0.208028125169,0.0922388856881
T[T>A]C,0.255484275554,0.10348730149,0.255484275554,0.291058035442,0.418762327214,0.335631037097,0.297525991785,0.171400843093,0.075998487032
T[T>A]G,0.184977253257,0.0749274949901,0.184977253257,0.21073357966,0.3268043669,0.378473565726,0.215416548096,0.124098663577,0.0550248791333
T[T>A]T,0.41254402881,0.16710644205,0.41254402881,0.469986868265,0.409952954159,0.531051058654,0.480431020893,0.276770044645,0.12271879338
A[T>C]A,1.00573829106,0.407387662203,1.00573829106,1.14577779995,1.74313422469,1.56676252231,1.17123952883,0.674735815524,0.299175314431
A[T>C]C,0.547911531073,0.221938848029,0.547911531073,0.624203010083,1.01451251601,0.747446292915,0.638074188085,0.367586217049,0.162986341522
A[T>C]G,1.13899341797,0.46136442247,1.13899341797,1.2975874382,1.60803455089,1.51665347382,1.3264227146,0.764134824716,0.338814497751
A[T>C]T,0.675295493,0.273537414886,0.675295493,0.769323979368,1.35715872161,1.01908474002,0.786420067798,0.453046343405,0.200879039057
C[T>C]A,0.549284759959,0.222495092642,0.549284759959,0.625767448055,1.23073966782,0.804497432008,0.639673391345,0.368507497188,0.163394833659
C[T>C]C,0.722778912144,0.292771204919,0.722778912144,0.823419013835,1.48371296024,0.931216622806,0.841717214143,0.484902308147,0.215003853613
C[T>C]G,1.25803245936,0.509582768347,1.25803245936,1.43320153598,1.81810340225,1.28789538146,1.465050459,0.843996460075,0.374224845505
C[T>C]T,0.503886609362,0.204105968349,0.503886609362,0.574048035982,2.79997730655,1.07508953627,0.586804659004,0.338050510078,0.149890320506
G[T>C]A,0.859493082906,0.348149096873,0.859493082906,0.979169334956,4.16011601573,1.09261164076,1.00092865351,0.576621941696,0.255671993016
G[T>C]C,0.583085873569,0.236186682965,0.583085873569,0.664275045839,2.12257465793,0.522639275454,0.679036713524,0.391184193661,0.173449595302
G[T>C]G,0.650521172714,0.263502247175,0.650521172714,0.74110007018,2.5265611427,0.882237927009,0.757568960629,0.436425596884,0.193509462769
G[T>C]T,0.73187514393,0.296455754503,0.73187514393,0.83378180954,3.02357327353,0.893509798835,0.852310294197,0.491004843396,0.217709694713
T[T>C]A,0.625157336571,0.253228288231,0.625157336571,0.71220456065,1.39334749411,0.927868178236,0.728031328664,0.419409352383,0.18596452417
T[T>C]C,0.580930945326,0.235313800638,0.580930945326,0.661820064295,1.44774933114,0.769218188291,0.676527176835,0.389738482307,0.172808572344
T[T>C]G,0.75764450391,0.306893976267,0.75764450391,0.863139308252,0.964349005862,0.673130519626,0.882320181769,0.508293148193,0.225375263821
T[T>C]T,0.530721960361,0.214975983943,0.530721960361,0.604619954841,1.23900928992,0.851850589589,0.618055953838,0.356053973406,0.157872988209
A[T>G]A,0.120413885678,0.0487752448314,0.120413885678,0.137180376088,0.0896101409734,0.190539811974,0.14022882889,0.080783999252,0.0358193204231
A[T>G]C,0.2378497436,0.0963441999393,0.2378497436,0.270968062329,0.222707940437,0.104310252847,0.276989574826,0.15957008115,0.0707527718304
A[T>G]G,0.16879722127,0.0683735579828,0.16879722127,0.192300631827,0.247358512403,0.251428672328,0.1965739792,0.113243705409,0.0502118316436
A[T>G]T,0.855967644969,0.34672107138,0.855967644969,0.975153013255,0.708800078807,0.211410992556,0.996823080217,0.574256774473,0.254623286794
C[T>G]A,0.0945181636578,0.0382858384437,0.0945181636578,0.107678920623,0.0221659255131,0.054528864884,0.110071785526,0.0634109199223,0.0281161626071
C[T>G]C,0.443975440922,0.179838153285,0.443975440922,0.505794806114,0.526995041322,0.257583219636,0.517034690694,0.297856941378,0.132068643819
C[T>G]G,0.398600662886,0.161458496359,0.398600662886,0.454102021009,0.524935352713,0.463556787119,0.464193177031,0.267415634594,0.118571083263
C[T>G]T,1.22785967286,0.497360880148,1.22785967286,1.39882747542,5.31295302513,1.0178488924,1.42991253042,0.823753957745,0.365249396358
G[T>G]A,0.0112484314381,0.00455632665846,0.0112484314381,0.0128146687269,0.0700516957243,0.106882882586,0.0130994391431,0.00754641602807,0.00334605238981
G[T>G]C,0.0474975250544,0.0192395038195,0.0474975250544,0.0541111044924,0.237188447197,0.0539184167195,0.0553135734811,0.0318654282011,0.0141290106175
G[T>G]G,0.201334110571,0.0815530574464,0.201334110571,0.229367974068,0.29425672304,0.378846109941,0.234465040158,0.135072251396,0.0598905265622
G[T>G]T,0.398184811459,0.161290050211,0.398184811459,0.453628266219,1.39690821247,0.344848357454,0.463708894357,0.267136645662,0.118447380624
T[T>G]A,0.164844522706,0.0667724648935,0.164844522706,0.187797557513,0.0687928373389,0.197736826287,0.191970836569,0.11059189498,0.0490360289061
T[T>G]C,0.336587354363,0.136339181514,0.336587354363,0.383453948008,0.30470966859,0.168187122219,0.391975146853,0.225811769382,0.100124086424
T[T>G]G,0.245658133094,0.099507091886,0.245658133094,0.279863695929,0.277678801923,0.36664495843,0.286082889172,0.164808620936,0.0730755206038
T[T>G]T,2.09020773241,0.846666423254,2.09020773241,2.3812493154,1.4068677622,0.508565003225,2.43416596685,1.40229126351,0.621770654577
