,1,3,2,5,4,7,6,9,8
A[C>A]A,0.0793065053625,0.779723622045,0.447848500871,0.452513589422,0.104964492392,0.293900578696,0.240252060363,0.415192881016,0.118959758044
A[C>A]C,0.0655390433522,0.617804245675,0.370102833048,0.373958070892,0.0867428514956,0.242879984188,0.198544748979,0.343116168138,0.0983085650283
A[C>A]G,0.0467526220953,0.038107078598,0.264014807126,0.266764961367,0.0618784704202,0.173259717177,0.141632943406,0.24476372744,0.0701289331429
A[C>A]T,0.0713849946357,0.641113541579,0.403115263825,0.407314381157,0.094480139959,0.264544391885,0.216254542573,0.373721442505,0.107077491954
C[C>A]A,0.126152139683,1.34107975161,0.712388553506,0.719809267605,0.166966067228,0.467504988238,0.3821667761,0.660443554813,0.189228209525
C[C>A]C,0.0941750349597,2.06918975824,0.531811962125,0.537351670064,0.124643428623,0.349001600145,0.285294958848,0.493034006554,0.14126255244
C[C>A]G,0.0622228451551,0.601144282219,0.351376066758,0.35503623412,0.0823537656464,0.23059054381,0.188498619146,0.325754895224,0.0933342677326
C[C>A]T,0.197479726355,3.61388898408,1.11517963118,1.12679608567,0.261370226058,0.731836632962,0.59824740631,1.03386444974,0.296219589532
G[C>A]A,0.227001798692,0.278552679304,1.28189251026,1.29524555724,0.300443557092,0.841241959858,0.687681919567,1.18842118139,0.340502698038
G[C>A]C,0.250117406217,0.545237740831,1.41242770569,1.4271404943,0.331037743522,0.926905681862,0.757708612951,1.30943818549,0.375176109325
G[C>A]G,0.043745725369,0.119067331912,0.247034684437,0.249607962399,0.0578987541648,0.162116511661,0.132523815088,0.229021738696,0.0656185880535
G[C>A]T,0.258384310255,0.974094822354,1.45911139909,1.47431047616,0.341979234161,0.957541855652,0.782752469302,1.35271785957,0.387576465383
T[C>A]A,0.155823992704,0.584131200248,0.879947252916,0.889113370134,0.206237637402,0.577465384726,0.472055036721,0.815784432391,0.233735989056
T[C>A]C,0.136116382019,0.643030061546,0.768657216105,0.776664062106,0.180154035025,0.504431298069,0.412352569056,0.712609294098,0.204174573028
T[C>A]G,0.050859254347,0.165017557293,0.287205201019,0.290196921862,0.0673137189887,0.188478413168,0.154073623463,0.266263155111,0.0762888815205
T[C>A]T,0.341206554623,1.60478007225,1.92681348493,1.94688445873,0.451596910531,1.26447134949,1.03365515077,1.78631666832,0.511809831935
A[C>G]A,0.0423992319123,0.46385561025,0.239430956681,0.241925029147,0.0561166304722,0.157126565322,0.12844473197,0.221972449423,0.0635988478685
A[C>G]C,0.018752353225,0.241236572764,0.105895641741,0.106998721343,0.0248192910331,0.0694940148927,0.0568085994757,0.0981740845309,0.0281285298375
A[C>G]G,0.0763356069624,0.0051170759779,0.431071662847,0.435561992668,0.10103242098,0.282890778743,0.231251985798,0.399639354097,0.114503410444
A[C>G]T,0.0335443480381,0.635745345135,0.189426906568,0.191400103511,0.0443969312269,0.124311407435,0.101619642586,0.175614527964,0.0503165220571
C[C>G]A,0.0349864850333,0.0490762891399,0.197570739012,0.199628767543,0.0463056419558,0.129655797476,0.105988469366,0.183164539292,0.0524797275499
C[C>G]C,0.0321039825283,0.220136488591,0.181293077807,0.183181547367,0.0424905651109,0.118973582311,0.097256182365,0.168073790883,0.0481559737924
C[C>G]G,0.0581847474305,0.0221527719708,0.328572691372,0.331995323574,0.0770092245404,0.215625828713,0.176265558392,0.30461426596,0.0872771211458
C[C>G]T,0.027716785047,0.115273795321,0.15651831556,0.15814871468,0.0366839802093,0.102715144586,0.0839655547013,0.145105521717,0.0415751775705
G[C>G]A,0.132907240403,0.20284678393,0.750535004626,0.758353077591,0.175906641709,0.492538596786,0.40263075769,0.695808493872,0.199360860604
G[C>G]C,0.118917511524,0.308886851187,0.671534182726,0.678529330463,0.157390824076,0.440694307414,0.360250108442,0.622568148569,0.178376267287
G[C>G]G,0.0289919966542,0.00350474427882,0.163719510518,0.165424922086,0.0383717602776,0.107440928777,0.0878286957465,0.151781629543,0.0434879949813
G[C>G]T,0.0208407157264,0.0760085693602,0.117688747632,0.118914672086,0.0275833002261,0.0772332406332,0.0631351094065,0.10910727645,0.0312610735896
T[C>G]A,0.186694345767,0.63280646906,1.05427395257,1.06525597291,0.247095457633,0.691867281372,0.56557404747,0.977399810192,0.28004151865
T[C>G]C,0.0298553621965,0.24761434502,0.168594986522,0.170351184298,0.039514449966,0.110640459905,0.0904441854777,0.156301602088,0.0447830432948
T[C>G]G,0.043975469309,0.0249641348235,0.24833206198,0.250918854292,0.0582028270266,0.162967915674,0.133219804083,0.230224515794,0.0659632039634
T[C>G]T,0.3368066221,1.42556626173,1.90196680715,1.92177896139,0.445773470426,1.24816571719,1.02032594342,1.76328172746,0.505209933149
A[C>T]A,1.20552355874,2.63591841161,6.80766244934,6.87857559985,1.59554588656,4.46752848238,3.65202725147,6.31127039574,1.80828533811
A[C>T]C,1.04591022741,2.33288826969,5.90631657832,5.96784070934,1.38429294804,3.87602025452,3.16849274774,5.47564766115,1.56886534112
A[C>T]G,0.529262501169,4.87963815546,2.98877647719,3.0199095655,0.700494486842,1.96138456316,1.60335404766,2.77084485906,0.793893751754
A[C>T]T,0.489835008185,2.44629570335,2.76612710504,2.79494092905,0.648311040245,1.81527091268,1.48391193656,2.56443033697,0.734752512277
C[C>T]A,1.30931282527,3.59806236662,7.39376654269,7.47078494418,1.73291403344,4.85215929364,3.96644767655,6.85463773229,1.9639692379
C[C>T]C,1.25879664616,6.21379411479,7.10849870771,7.18254556925,1.66605438462,4.66495227693,3.81341336924,6.59017067694,1.88819496923
C[C>T]G,0.450144363695,4.67485493834,2.54199170087,2.56847078109,0.595779304891,1.66818205369,1.36367263119,2.35663813935,0.675216545543
C[C>T]T,0.80750202845,8.42496606572,4.56001145478,4.6075115741,1.06875268471,2.9925075172,2.44625614501,4.22751061953,1.21125304268
G[C>T]A,0.980923919557,4.89633890114,5.53933507515,5.59703648218,1.29828165824,3.63518864307,2.97162246219,5.13542522592,1.47138587934
G[C>T]C,1.09428862118,7.84648358191,6.1795122137,6.24388213259,1.44832317509,4.05530489024,3.31505082297,5.72892278145,1.64143293176
G[C>T]G,0.534701406608,2.15843328086,3.01949029614,3.05094332006,0.707693038157,1.98154050684,1.61983073178,2.79931912871,0.802052109912
G[C>T]T,0.55852545643,8.35809141302,3.1540261069,3.18688054551,0.739224868805,2.06982963265,1.6920035886,2.92404503661,0.837788184646
T[C>T]A,3.16623354752,2.58657013452,17.8799070919,18.0661561241,4.19060322466,11.733689029,9.59182515866,16.5761638664,4.74935032128
T[C>T]C,1.98194650329,3.5639549809,11.1921684892,11.3087535776,2.62316448965,7.34486057102,6.00413205409,10.3760728702,2.97291975494
T[C>T]G,0.611330222898,2.56583701755,3.45221772931,3.48817833065,0.809113530306,2.26551788486,1.85197096937,3.20049351988,0.916995334347
T[C>T]T,1.84604889325,2.70105901438,10.4247466913,10.5333378027,2.44330000578,6.84124001618,5.59244223545,9.66460891174,2.76907333988
A[T>A]A,0.49132136757,0.845151491671,2.77452066393,2.80342192084,0.650278280607,1.8207791857,1.48841473117,2.57221186551,0.736982051355
A[T>A]C,0.151600804874,2.21151858792,0.856098662818,0.865016357222,0.200648124098,0.561814747474,0.459261261824,0.793674801987,0.227401207311
A[T>A]G,0.407144586574,0.817789953251,2.29916943006,2.32311911163,0.538867835171,1.50882993848,1.2334086005,2.13152165912,0.610716879861
A[T>A]T,0.269863883092,0.762544907925,1.52393722216,1.53981156823,0.357172786445,1.00008380205,0.817528822307,1.41281679971,0.404795824637
C[T>A]A,0.773999347256,0.718091522901,4.37081984333,4.41634921669,1.02441090078,2.86835052218,2.34476272845,4.05211422975,1.16099902088
C[T>A]C,0.421705546634,0.955434197224,2.38139602805,2.40620223668,0.558139694075,1.56279114341,1.27751974422,2.20775256767,0.632558319952
C[T>A]G,1.13075269209,1.37768922451,6.38542696712,6.45194183136,1.49658444542,4.19043644717,3.4255155084,5.91982291743,1.69612903814
C[T>A]T,0.365961178351,0.590010281072,2.06660430128,2.08813142941,0.484360383111,1.35620907271,1.10864709912,1.91591440431,0.548941767526
G[T>A]A,0.442775025656,0.450803161577,2.50037661547,2.52642220521,0.58602576925,1.6408721539,1.34134787184,2.31805748726,0.664162538483
G[T>A]C,0.122305649899,0.994755384527,0.690667199432,0.697861649426,0.161875124867,0.453250349627,0.370514174695,0.640306049474,0.183458474849
G[T>A]G,0.365733755412,0.57078883557,2.06532003056,2.08683378088,0.484059382163,1.35536627006,1.1079581414,1.91472377833,0.548600633118
G[T>A]T,0.197280689536,0.698224208739,1.11405565856,1.125660405,0.261106794974,0.731099025927,0.597644441829,1.03282243345,0.295921034304
T[T>A]A,0.383107735426,0.660607915151,2.1634319177,2.18596766684,0.507054355711,1.41975219599,1.16059108085,2.0056816737,0.574661603139
T[T>A]C,0.255248130928,0.7457034191,1.44140120995,1.45641580588,0.337828408581,0.945919544027,0.773251690752,1.33629903839,0.382872196392
T[T>A]G,0.374569515605,0.7016610922,2.11521608812,2.13724958904,0.495753770654,1.38811055783,1.13472529727,1.9609815817,0.561854273407
T[T>A]T,0.185850999572,0.815347818302,1.049511527,1.06044393874,0.24597926414,0.688741939591,0.563019204586,0.972984644819,0.278776499358
A[T>C]A,0.247019850553,3.10097968137,1.39493562665,1.4094662061,0.326938037496,0.91542650499,0.748324841381,1.29322157054,0.370529775829
A[T>C]C,0.231401610935,1.82038946441,1.30673850881,1.32035036828,0.306266838002,0.857547146406,0.701010762538,1.21145549254,0.347102416402
A[T>C]G,0.311654333587,3.67124839543,1.75993035438,1.77826296223,0.412483676807,1.15495429506,0.944129304691,1.63160209937,0.467481500381
A[T>C]T,0.139946169307,2.43884909903,0.790284250203,0.798516377809,0.185222871141,0.518624039196,0.423954571724,0.732659356959,0.20991925396
C[T>C]A,0.132937266203,2.15863147136,0.750704562088,0.758524401277,0.175946381739,0.49264986887,0.402721718204,0.695965687769,0.199405899305
C[T>C]C,0.1887707915,1.54907102486,1.06599976376,1.07710392797,0.249843694632,0.69956234497,0.571864456602,0.988270614322,0.28315618725
C[T>C]G,0.198472932637,3.41771146213,1.12078832548,1.13246320387,0.262684763784,0.735517338595,0.601256237106,1.03906417675,0.297709398955
C[T>C]T,0.102609912689,1.89929181071,0.579444212833,0.58548009005,0.135807237383,0.380260264672,0.310847676676,0.537193072314,0.153914869034
G[T>C]A,0.140651966228,8.87419675266,0.794269926935,0.802543572007,0.186157014125,0.521239639551,0.42609272122,0.736354411429,0.210977949342
G[T>C]C,0.196044674995,4.23497862474,1.10707581174,1.11860785144,0.259470893376,0.726518501452,0.593900044838,1.0263515338,0.294067012492
G[T>C]G,0.238065099606,6.38372134396,1.3443676213,1.35837145069,0.315086161243,0.882241251481,0.721197213512,1.24634081558,0.357097649409
G[T>C]T,0.236817190061,6.73897404952,1.3373206027,1.35125102564,0.313434516258,0.877616645521,0.717416781656,1.23980764209,0.355225785092
T[T>C]A,0.139165713348,2.8700867058,0.785876969494,0.794063187926,0.184189914725,0.515731761231,0.42159024926,0.728573440469,0.208748570022
T[T>C]C,0.28654515416,2.33005998527,1.61813734114,1.63499293845,0.37925093933,1.06190263012,0.868063261133,1.50014816002,0.429817731241
T[T>C]G,0.198895359048,2.49831878808,1.12317379227,1.13487351928,0.263243857564,0.73708280118,0.602535940647,1.04127570325,0.298343038573
T[T>C]T,0.131939844472,2.0750101226,0.745072062903,0.752833230225,0.174626264743,0.48895354128,0.399700117078,0.69074389165,0.197909766709
A[T>G]A,0.121132510561,0.108079881303,0.68404241258,0.691167854378,0.160322440449,0.448902833256,0.366960252582,0.634164319996,0.181698765842
A[T>G]C,0.0864035953147,0.206749097764,0.487926185307,0.493008749737,0.114357699681,0.320201559108,0.261752068159,0.452348234295,0.129605392972
A[T>G]G,0.142533058746,0.198732242066,0.804892567034,0.813276864607,0.188646695399,0.528210747116,0.431791325023,0.746202484021,0.213799588118
A[T>G]T,0.368432324964,0.267458297839,2.08055901156,2.10223150127,0.487631018335,1.36536685134,1.11613321974,1.92885158364,0.552648487446
C[T>G]A,0.100748125584,0.0146294491487,0.568930591531,0.57485695186,0.13334310739,0.373360700693,0.305207556915,0.527446069232,0.151122188376
C[T>G]C,0.197072575344,0.33039167693,1.11288042547,1.12447292991,0.26083134972,0.730327779217,0.597013978249,1.03173289445,0.295608863016
C[T>G]G,0.214096105912,0.535690465119,1.20901330398,1.22160719256,0.283362493119,0.793414980734,0.648585262029,1.12085608389,0.321144158869
C[T>G]T,0.482654100472,0.440715181736,2.72557609678,2.75396751446,0.638806897684,1.78865931351,1.46215801025,2.52683617306,0.723981150708
G[T>G]A,0.0618128404993,0.00348982747498,0.349060746349,0.35269679579,0.0818111124255,0.229071114791,0.187256546218,0.323608400261,0.0927192607489
G[T>G]C,0.0357855925396,0.110839884366,0.202083346106,0.204188380961,0.0473632842436,0.132617195882,0.108409295046,0.187348102119,0.0536783888094
G[T>G]G,0.101644256631,0.400882140134,0.57399109627,0.57997017019,0.134529163188,0.376681656927,0.307922306853,0.532137578834,0.152466384947
G[T>G]T,0.187744564298,0.31495457838,1.06020459839,1.07124839629,0.248485452747,0.695759267693,0.568755591844,0.98289801309,0.281616846447
T[T>G]A,0.179443468504,0.240178195227,1.01332782214,1.02388332029,0.237498708314,0.66499638328,0.543608154586,0.93943933511,0.269165202756
T[T>G]C,0.153564255777,0.266013454062,0.867186385567,0.876219577083,0.203246809117,0.569091065528,0.465209363091,0.803954044953,0.230346383666
T[T>G]G,0.198156380845,0.134280470438,1.11900073889,1.13065699658,0.262265798177,0.734344234895,0.600297271382,1.03740693501,0.297234571267
T[T>G]T,0.609050596692,0.275333186259,3.43934454603,3.47517105172,0.806096377975,2.25706985833,1.84506504292,3.18855900621,0.913575895039
