,1,3,2,5,4,7,6,9,8
A[C>A]A,0.910700459318,2.74836388616,2.86220144357,2.86220144357,0.601448178738,2.06533854167,1.67503834482,2.53695127953,1.65877583661
A[C>A]C,0.750928010788,2.26619346113,2.36005946248,2.36005946248,0.504263555291,1.70299745304,1.3811711627,2.09187088719,1.36776173393
A[C>A]G,0.247202703348,0.746022444032,0.776922781951,0.776922781951,0.188590305204,0.560620416521,0.454676400801,0.688636102183,0.450262066812
A[C>A]T,0.751622166603,2.26828832421,2.36224109504,2.36224109504,0.480306719668,1.70457169926,1.38244791357,2.09380460697,1.36902608917
C[C>A]A,1.19236816701,3.59839678974,3.74744281062,3.74744281062,0.997736337994,2.70412066448,2.19310573576,3.32159703668,2.17181344706
C[C>A]C,0.913995484523,2.75830780151,2.87255723707,2.87255723707,0.812551711669,2.07281118811,1.6810988376,2.54613027831,1.66477748967
C[C>A]G,0.308866785887,0.932115835981,0.970724184217,0.970724184217,0.39847563348,0.700465746566,0.5680942669,0.860414617829,0.56257878858
C[C>A]T,1.11197287634,3.35577528753,3.49477189708,3.49477189708,1.31142164798,2.52179563028,2.04523582613,3.09763872695,2.02537916762
G[C>A]A,0.987945640682,2.98147880849,3.10497201357,3.10497201357,0.936038059656,2.24051957798,1.8171143034,2.75213428476,1.79947241696
G[C>A]C,1.38448279453,4.17817129064,4.35123163996,4.35123163996,1.36442616492,3.13980919474,2.54645942566,3.85677349905,2.52173651861
G[C>A]G,0.456952985397,1.37901883093,1.4361379541,1.4361379541,0.376416221884,1.03630409188,0.84046709814,1.27294045932,0.832307223401
G[C>A]T,0.990015971282,2.98772677048,3.11147876689,3.11147876689,1.08587039461,2.24521479202,1.82092223289,2.75790163429,1.80324337626
T[C>A]A,0.875641951506,2.64256231794,2.75201756188,2.75201756188,0.818020564704,1.98583085431,1.61055573223,2.43928829348,1.59491926881
T[C>A]C,0.945551558729,2.85353952545,2.97173347029,2.97173347029,0.897050817452,2.1443758564,1.73913947409,2.63403648503,1.72225462483
T[C>A]G,0.192013999705,0.579470820538,0.603472570501,0.603472570501,0.201087500681,0.435460320759,0.3531686066,0.534896142035,0.349739785177
T[C>A]T,1.26310779265,3.81187887423,3.96976734832,3.96976734832,1.19273154223,2.86454802975,2.32321611862,3.51865742237,2.30066062232
A[C>G]A,0.286033594302,0.86320852566,0.898962724948,0.898962724948,0.282402944526,0.648683329934,0.526097503805,0.79680786984,0.520989761049
A[C>G]C,0.168655098061,0.508976992363,0.530058879621,0.530058879621,0.200994179584,0.382485668817,0.310204912505,0.469824916027,0.307193214326
A[C>G]G,0.0290797874317,0.0877586442136,0.0913936176426,0.0913936176426,0.0518725003924,0.0659488036398,0.0534860375977,0.0810079792741,0.0529667556792
A[C>G]T,0.223925661766,0.67577565783,0.70376636555,0.70376636555,0.261555866552,0.507831411505,0.411863270748,0.62379291492,0.407864598217
C[C>G]A,0.222601186045,0.671778579314,0.699603727569,0.699603727569,0.23742757546,0.50482768978,0.409427181475,0.620103303982,0.405452160296
C[C>G]C,0.24666106656,0.744387861584,0.775220494904,0.775220494904,0.186155733232,0.559392061664,0.453680175995,0.687127256847,0.449275514092
C[C>G]G,0.0361299046983,0.109034890965,0.113551129052,0.113551129052,0.0707333775523,0.0819374624409,0.0664532175702,0.10064759166,0.0658080407006
C[C>G]T,0.22272626898,0.672156061743,0.699996845365,0.699996845365,0.167266142869,0.505111360008,0.409657244731,0.620451749301,0.405679989927
G[C>G]A,0.138294811568,0.417353984909,0.434640836355,0.434640836355,0.194357839005,0.313632876234,0.254363671276,0.385249832224,0.25189412107
G[C>G]C,0.182771710857,0.551578913123,0.57442537698,0.57442537698,0.382832381476,0.41450012998,0.336169396755,0.50914976596,0.332905616204
G[C>G]G,0.0603964685382,0.182267913981,0.189817472549,0.189817472549,0.0544787652216,0.136970562578,0.111086361776,0.168247305213,0.110007853409
G[C>G]T,0.143757754154,0.433840365215,0.451810084484,0.451810084484,0.187325358597,0.326022049599,0.264411583533,0.400468029429,0.26184448078
T[C>G]A,0.32810791432,0.99018281286,1.03119630215,1.03119630215,0.347673749256,0.74410187712,0.603484199554,0.914014904178,0.597625129655
T[C>G]C,0.15196488424,0.458608311367,0.477603921897,0.477603921897,0.218404156284,0.344634648187,0.279506840656,0.423330748954,0.276793182009
T[C>G]G,0.0314696020796,0.0949707634188,0.0989044636787,0.0989044636787,0.0558464411617,0.0713685618591,0.0578815895393,0.0876653200789,0.0573196323593
T[C>G]T,0.513828851987,1.55066207118,1.61489067767,1.61489067767,0.538738649463,1.16529043219,0.945078067048,1.43138037339,0.935902551834
A[C>T]A,0.980476570468,2.95893822159,3.0814977929,3.0814977929,2.55302129457,2.22358079374,1.80337654925,2.73132758916,1.78586803907
A[C>T]C,0.733443754304,2.21342847281,2.3051089421,2.3051089421,4.29960753745,1.66334565708,1.34901261952,2.04316474413,1.33591540962
A[C>T]G,1.56273492731,4.71611076279,4.9114526287,4.9114526287,4.85663634927,3.5440595673,2.87431602703,4.35333301181,2.84641004618
A[C>T]T,0.729400838823,2.20122753145,2.2924026363,2.2924026363,2.56134040941,1.65417690233,1.34157654283,2.03190233672,1.32855152786
C[C>T]A,1.06695776415,3.21992610966,3.35329583018,3.35329583018,2.72452026162,2.41970778655,1.96244017334,2.97223948584,1.94338735613
C[C>T]C,1.20481324268,3.63595425023,3.78655590556,3.78655590556,5.63538434654,2.73234431822,2.21599578564,3.35626546175,2.19448126345
C[C>T]G,1.24676329424,3.76255351298,3.91839892476,3.91839892476,4.15413745139,2.8274810423,2.29315391619,3.47312631967,2.27089028594
C[C>T]T,1.40708920628,4.24639421181,4.4222803626,4.4222803626,3.52164351408,3.1910773071,2.58803907584,3.91974850321,2.56291248287
G[C>T]A,1.23020567194,3.71258497424,3.86636068323,3.86636068323,3.34640041654,2.78993072029,2.26269971803,3.42700151468,2.2407317596
G[C>T]C,1.61987511458,4.88855168506,5.09103607438,5.09103607438,6.82816736351,3.67364534913,2.97941315717,4.51250924775,2.95048681583
G[C>T]G,1.93358189815,5.83527394263,6.0769716799,6.0769716799,4.66366774493,4.38508751902,3.55640956267,5.38640671628,3.52188131449
G[C>T]T,1.41202557894,4.26129147931,4.43779467667,4.43779467667,3.79817332263,3.2022722951,2.59711847555,3.93349982705,2.57190373307
T[C>T]A,3.10787009456,9.37910796393,9.76759172575,9.76759172575,4.29627190445,7.04820539301,5.71626106677,8.65763812055,5.66076338651
T[C>T]C,2.169675517,6.54777075665,6.81898019627,6.81898019627,6.90129996852,4.9205141189,3.99065318305,6.04409608306,3.95190897739
T[C>T]G,1.32169705035,3.98869288409,4.15390501539,4.15390501539,2.88914037973,2.99742009633,2.43097850332,3.68187035455,2.40737677028
T[C>T]T,1.96830101224,5.94005126907,6.1860888956,6.1860888956,4.83362685862,4.46382550989,3.62026793322,5.48312424837,3.58511970086
A[T>A]A,0.418224503797,1.2621418061,1.31441986908,1.31441986908,1.91709546418,0.948473428254,0.769234355198,1.16505397486,0.761766060487
A[T>A]C,0.286046081076,0.863246208961,0.899001969096,0.899001969096,1.34529971053,0.648711648154,0.52612047055,0.796842654426,0.521012504817
A[T>A]G,0.408379534145,1.23243109412,1.28347853588,1.28347853588,0.384460116682,0.926146443507,0.751126643159,1.13762870226,0.743834151478
A[T>A]T,0.507587565604,1.53182676048,1.59527520618,1.59527520618,0.767010507548,1.15113608628,0.933598558164,1.41399393275,0.924534494492
C[T>A]A,0.548019227046,1.65384373876,1.72234614214,1.72234614214,3.13630388735,1.24282931848,1.00796393546,1.52662498963,0.998177877833
C[T>A]C,0.424616129211,1.28143081851,1.33450783466,1.33450783466,0.624064518528,0.962968721603,0.780990380513,1.18285921709,0.773407949634
C[T>A]G,0.639126309332,1.92879189781,2.00868268647,2.00868268647,0.786078036839,1.44944716581,1.17553589038,1.78042329028,1.16412292057
C[T>A]T,0.511731905402,1.54433378594,1.60830027412,1.60830027412,0.836148545154,1.16053485689,0.941221183149,1.42553887933,0.93208311341
G[T>A]A,0.301181685249,0.908923300125,0.946571010782,0.946571010782,1.24831356297,0.683037036189,0.553959171082,0.839006123193,0.548580926703
G[T>A]C,0.207801095572,0.627114020566,0.653089157513,0.653089157513,0.734002624464,0.471263198887,0.382205586499,0.578874480523,0.378494852649
G[T>A]G,0.236665046699,0.714221301646,0.743804432483,0.743804432483,0.520992878848,0.536722516621,0.435294639465,0.659281201519,0.431068477916
G[T>A]T,0.320755094204,0.967993052151,1.00808743893,1.00808743893,0.488659706681,0.727426731498,0.589960262554,0.89353204814,0.584232493014
T[T>A]A,0.401067347219,1.21036395857,1.26049737697,1.26049737697,1.04006642294,0.909563448158,0.737677442207,1.11725903868,0.730515525292
T[T>A]C,0.332114422343,1.00227388171,1.04378818451,1.04378818451,0.419809356135,0.753188064956,0.610853312524,0.925175890812,0.604922697839
T[T>A]G,0.385618656406,1.16374201665,1.21194434871,1.21194434871,0.311683189971,0.87452802435,0.70926288589,1.07422339999,0.702376838454
T[T>A]T,0.488270437539,1.47353042757,1.53456423227,1.53456423227,0.416273605721,1.10732759942,0.898068840474,1.36018193315,0.889349725518
A[T>C]A,0.617610620694,1.86386062317,1.94106195075,1.94106195075,1.85754532285,1.40065265765,1.13596239163,1.72048672908,1.12493363055
A[T>C]C,0.308189867485,0.930072992946,0.968596726381,0.968596726381,1.22817171821,0.698930592332,0.566849220553,0.858528916565,0.561345830062
A[T>C]G,0.580961423266,1.75325858093,1.82587875883,1.82587875883,1.77650141224,1.31753751348,1.06855404636,1.61839253624,1.05817973523
A[T>C]T,0.610904958773,1.84362389344,1.91998701329,1.91998701329,1.34235157275,1.38544517436,1.12362876346,1.70180667087,1.11271974634
C[T>C]A,0.283588901493,0.855830792007,0.891279404694,0.891279404694,1.32736134073,0.643139115887,0.521601015247,0.78999765416,0.51653692772
C[T>C]C,0.357900544696,1.08009271524,1.12483028333,1.12483028333,1.33433695175,0.811667306721,0.658281358994,0.997008660224,0.651890277839
C[T>C]G,0.455823181865,1.37560924527,1.43258714301,1.43258714301,1.89020712824,1.03374185887,0.838389066645,1.26979314948,0.830249366969
C[T>C]T,0.432663523234,1.30571670405,1.35979964445,1.35979964445,2.56943055408,0.98121906162,0.795791837377,1.20527695758,0.788065703033
G[T>C]A,0.40893206277,1.23409854657,1.28521505442,1.28521505442,5.88322797388,0.927399499496,0.752142901166,1.13916788914,0.744840542902
G[T>C]C,0.410615765264,1.23917972017,1.29050669083,1.29050669083,3.34282576988,0.931217896224,0.755239711111,1.14385820324,0.747907286731
G[T>C]G,0.339117961278,1.02340956171,1.06579930687,1.06579930687,3.87906407442,0.769071090755,0.623734821636,0.944685749274,0.617679143756
G[T>C]T,0.450037343388,1.3581484113,1.41440307922,1.41440307922,4.4191321346,1.02062040376,0.827747256589,1.25367545658,0.819710875457
T[T>C]A,0.291080092313,0.878438135731,0.91482314727,0.91482314727,1.99416087634,0.660128066496,0.535379455504,0.810865971444,0.530181596713
T[T>C]C,0.308482313382,0.930955552885,0.969515842058,0.969515842058,1.81435206213,0.699593817849,0.567387112113,0.859343587279,0.561878499374
T[T>C]G,0.244283018088,0.737211251016,0.767746628277,0.767746628277,1.46283523829,0.55399898745,0.449306265412,0.680502693245,0.44494406866
T[T>C]T,0.341231018599,1.02978646684,1.07244034417,1.07244034417,1.70422290358,0.773863202893,0.62762133778,0.950572123239,0.621527926733
A[T>G]A,0.183241486657,0.552996629377,0.575901815209,0.575901815209,0.401022941854,0.415565514384,0.337033448673,0.510458427117,0.333761279269
A[T>G]C,0.0704083533598,0.212482352104,0.221283396274,0.221283396274,0.315525897644,0.159676087084,0.129501078501,0.196137555788,0.128243786477
A[T>G]G,0.158381363271,0.477972328442,0.497769998851,0.497769998851,0.287019975936,0.359186305989,0.291308578873,0.441205226254,0.288480340243
A[T>G]T,0.206600738253,0.623491513657,0.649316605938,0.649316605938,0.79299245348,0.468540959967,0.37999778643,0.575530627991,0.376308487532
C[T>G]A,0.116638467696,0.351998232867,0.366578041329,0.366578041329,0.235511690304,0.264519382096,0.214531467369,0.324921445724,0.212448637589
C[T>G]C,0.147425438739,0.444908913338,0.46333709318,0.46333709318,0.490565802567,0.334339834283,0.271157503395,0.410685150773,0.268524906275
C[T>G]G,0.221622269977,0.668824350466,0.696527134213,0.696527134213,0.534341944759,0.502607647984,0.407626675136,0.617376323507,0.403669134601
C[T>G]T,0.558272382313,1.68478629662,1.75457034441,1.75457034441,4.10756538682,1.26608200989,1.02682241747,1.55518735073,1.01685326778
G[T>G]A,0.046205552381,0.139441756293,0.14521745034,0.14521745034,0.124622392412,0.104787592007,0.0849852124151,0.128715467347,0.0841601132655
G[T>G]C,0.0489971513305,0.147866403122,0.153991047039,0.153991047039,0.194337742615,0.111118539624,0.0901197604828,0.136492064421,0.0892448113519
G[T>G]G,0.185555795535,0.559980882955,0.583175357397,0.583175357397,0.338887347306,0.420814036304,0.341290123931,0.51690543042,0.337976627582
G[T>G]T,0.287035653053,0.866232595822,0.902112052453,0.902112052453,1.25238700763,0.650955856032,0.527940576152,0.79959931922,0.52281493949
T[T>G]A,0.233447967591,0.704512616479,0.733693612428,0.733693612428,0.563243953639,0.529426640786,0.429377511819,0.650319338289,0.425208798112
T[T>G]C,0.115979807352,0.350010490045,0.364507965964,0.364507965964,0.337808970115,0.263025634531,0.213320002808,0.323086606195,0.21124893482
T[T>G]G,0.175843509033,0.530670589761,0.55265102839,0.55265102839,0.349932734774,0.398787957986,0.323426454115,0.489849775164,0.320286391453
T[T>G]T,0.421030976142,1.27061133871,1.32324021073,1.32324021073,1.40470444953,0.954838106608,0.77439625969,1.17287200497,0.766877849402
