,1,3,2,5,4,7,6,9,8
A[C>A]A,1.074217649,0.218336920528,5.95581035788,1.62361063729,0.576409470194,2.18136943749,1.68360728397,1.10041807946,0.358072549666
A[C>A]C,0.85383979513,0.173544673807,4.75034626798,1.08377881099,0.45815793885,1.51181441783,1.16683663121,0.874665155987,0.284613265043
A[C>A]G,0.234400623082,0.0476424030655,1.59624252182,0.611823083606,0.125775944093,0.434431383873,0.335299390238,0.24011771145,0.0781335410275
A[C>A]T,0.764881143151,0.155463646982,2.84921350887,1.17110417943,0.410424028032,1.28564631919,0.992277360452,0.783536780789,0.25496038105
C[C>A]A,1.34300210757,0.272967908043,4.7550398657,2.42820373866,0.720635277233,2.13083767879,1.64460626215,1.37575825653,0.44766736919
C[C>A]C,1.13271580031,0.23022678868,3.04892388464,1.45374011194,0.607798722115,1.54690184212,1.19391752916,1.16034301495,0.377571933435
C[C>A]G,0.175781197402,0.0357278856508,1.37868473657,0.66491077054,0.0943216181181,0.672726525774,0.51921845949,0.18006854368,0.0585937324673
C[C>A]T,1.59924497885,0.32504979245,5.256438884,1.38695948326,0.858131452068,3.30929959664,2.5541574068,1.63825095395,0.533081659618
G[C>A]A,1.1024191839,0.224068939816,6.71194390115,2.00080846776,0.591542001115,2.47074431304,1.90695030872,1.12930745667,0.367473061299
G[C>A]C,0.837992117106,0.170323601038,6.5043902697,3.27409996515,0.44965430674,2.0353040678,1.57087226709,0.85843094923,0.279330705702
G[C>A]G,0.235256847777,0.047816432475,1.55706050148,1.28955379633,0.126235381734,0.550498189022,0.424881152601,0.240994819674,0.0784189492591
G[C>A]T,1.0583122302,0.215104111828,5.83469626091,1.88004988249,0.567874855227,2.35361078324,1.81654523539,1.08412472361,0.352770743399
T[C>A]A,0.875304690188,0.177907457355,3.30557060631,1.96605133635,0.469675687418,1.89890054706,1.46559438196,0.896653585071,0.291768230063
T[C>A]C,1.14292988651,0.232302822462,3.43020155208,2.4131514831,0.613279451301,1.66390651777,1.2842231513,1.17080622521,0.380976628838
T[C>A]G,0.151202014661,0.0307321168009,1.17438464486,0.532709660612,0.0811327883544,0.507802937846,0.391928441962,0.154889868677,0.0504006715535
T[C>A]T,1.78086623825,0.361964682571,9.37110158358,2.16023507625,0.955586761987,4.63956973476,3.58087596978,1.82430200016,0.593622079416
A[C>G]A,0.479440006427,0.0974471557779,1.25297284741,0.660370155828,0.257260491254,0.930183009012,0.717926483466,0.49113366512,0.159813335476
A[C>G]C,0.168263343329,0.0341998665303,0.557722959209,0.40010545772,0.0902876476399,0.545601548183,0.421101866047,0.172367327313,0.0560877811097
A[C>G]G,0.0593354517588,0.0120600511705,0.310776814521,0.0252975492189,0.0318385350901,0.216055256351,0.166754056915,0.0607826578992,0.0197784839196
A[C>G]T,0.331757172606,0.0674303196354,0.81119287222,0.552534035107,0.178016043837,0.863659747993,0.666583026975,0.339848810962,0.110585724202
C[C>G]A,0.416225705645,0.0845987206595,0.609112045203,0.624739008387,0.223340622541,0.527651539574,0.407247832557,0.426377552124,0.138741901882
C[C>G]C,0.343959248693,0.0699104164009,0.418430624044,0.676442951468,0.184563499298,0.532814705341,0.41123282627,0.352348498661,0.114653082898
C[C>G]G,0.136801149299,0.0278051116461,0.359937664687,0.16093535896,0.0734054947457,0.237931610238,0.183638491123,0.140137762696,0.0456003830996
C[C>G]T,0.241019701747,0.0489877442575,0.556103986237,0.723247030777,0.12932764484,0.664612142065,0.512955680117,0.246898231058,0.0803399005823
G[C>G]A,0.308261029916,0.0626546808772,0.580571943309,0.325228614414,0.165408357516,0.481604101975,0.37170786394,0.315779591621,0.102753676639
G[C>G]C,0.259260735931,0.0526952715308,0.617375664759,0.447087133762,0.139115516841,0.478723883406,0.369484876454,0.265584168515,0.0864202453105
G[C>G]G,0.0744053810814,0.0151230449352,0.139498017532,0.149878763544,0.039924838629,0.0935105551379,0.0721725761131,0.0762201464736,0.0248017936938
G[C>G]T,0.189845345335,0.0385864523038,0.781365330829,0.342116008933,0.101868234082,0.517196870765,0.399178792873,0.194475719611,0.0632817817782
T[C>G]A,0.476145106055,0.0967774605803,0.968205976478,2.13294741944,0.255492495932,0.465814865337,0.359521540361,0.487758401325,0.158715035352
T[C>G]C,0.325141390006,0.0660856483752,0.630515424042,0.914145894032,0.174466111711,0.589148777994,0.454712144089,0.333071667811,0.108380463335
T[C>G]G,0.113524548076,0.0230740951374,0.173198542205,0.1078496641,0.0609156111626,0.122551749193,0.0945869205178,0.116293439492,0.0378415160253
T[C>G]T,0.921716818223,0.187340816712,1.45462521422,2.86741317781,0.49457975612,1.00760960327,0.777685264269,0.944197716229,0.307238939408
A[C>T]A,1.89928429122,0.386033392525,3.7937802411,1.29008932983,1.01912815627,3.18943689689,2.46164592713,1.94560829832,0.633094763741
A[C>T]C,1.79806881531,0.365461141323,3.37576025101,1.10781765714,0.964817413094,3.17536467509,2.45078481634,1.84192415227,0.59935627177
A[C>T]G,1.85201137718,0.376425076662,4.76459001856,0.904370206163,0.993762202388,3.29801904032,2.54545093716,1.89718238638,0.617337125726
A[C>T]T,1.07324246842,0.218138713094,1.95535253599,0.997571308015,0.575886202567,2.48103936457,1.91489615386,1.09941911399,0.357747489474
C[C>T]A,2.87106093686,0.583548970907,3.97254336703,1.69386047248,1.54056928319,3.19331305608,2.46463759362,2.94108681337,0.957020312287
C[C>T]C,3.26298114931,0.663207550672,3.45907974532,1.46907080071,1.75086793377,4.2120899568,3.25094191296,3.34256605539,1.0876603831
C[C>T]G,1.45692414372,0.29612279344,3.63818871393,0.709527605052,0.781764174681,2.71392119441,2.09463716347,1.49245887894,0.485641381241
C[C>T]T,3.31338937404,0.673453124805,2.2020752042,1.88437732464,1.77791624948,3.57795578497,2.76150949847,3.39420374902,1.10446312468
G[C>T]A,1.52266973123,0.309485717729,4.07333136628,1.90679338413,0.817042294805,3.543314109,2.73477263446,1.55980801735,0.507556577076
G[C>T]C,2.20364494133,0.447895313279,3.79244058406,2.34406509849,1.18244362706,4.22689905716,3.26237175553,2.25739237893,0.734548313778
G[C>T]G,1.4010153118,0.284759209715,4.60920475661,1.64436826498,0.751764313649,2.59673170952,2.00418890332,1.43518641697,0.467005103933
G[C>T]T,1.94000190754,0.3943093308,2.59089030204,2.00191012714,1.04097663331,3.58931703618,2.7702782494,1.98731902723,0.646667302513
T[C>T]A,3.04386391262,0.618671526956,4.77812317835,2.92098248975,1.63329283116,4.53305550177,3.49866699801,3.11810449586,1.01462130421
T[C>T]C,5.1228176892,1.04122310756,4.39705925381,1.77622577088,2.74882900396,4.82130218461,3.72113927,5.2477644621,1.7076058964
T[C>T]G,2.1950954838,0.446157618659,5.98181700419,0.666706324429,1.17785611326,3.24067413849,2.50119144917,2.24863439804,0.731698494601
T[C>T]T,2.50167527705,0.508470584766,3.96769970695,1.92239177757,1.34236234378,4.08956680819,3.15637706672,2.56269174722,0.833891759016
A[T>A]A,1.56277924427,0.317638057779,0.537128833626,1.42943116703,0.838564472538,0.65316213,0.504118422483,1.60089581121,0.520926414758
A[T>A]C,0.816790920167,0.166014414668,0.640654004891,0.445473520671,0.438278054724,0.614673482201,0.474412419149,0.836712649927,0.272263640056
A[T>A]G,1.32174939836,0.268648251699,0.777363420413,0.647830685838,0.709231384486,0.822200083499,0.634583957063,1.35398718856,0.440583132787
A[T>A]T,1.16671074347,0.237136329974,1.06997275895,0.680025240549,0.626039911132,1.07149339975,0.826991550143,1.19516710307,0.388903581157
C[T>A]A,2.17876851837,0.44283912975,0.556347236318,2.39185847679,1.16909530254,0.474155041775,0.365958589289,2.23190921394,0.726256172791
C[T>A]C,1.91277023469,0.388774437945,0.718774691756,0.73065311693,1.02636451618,0.896956269327,0.69228168438,1.95942316724,0.63759007823
C[T>A]G,5.25968050716,1.06904075349,1.11213629538,0.889814108722,2.82226758921,0.917295729756,0.70797992565,5.38796539758,1.75322683572
C[T>A]T,2.51344228234,0.510862252508,0.751002337801,0.701892487609,1.34867634662,0.847845338701,0.654377274836,2.57474575264,0.837814094113
G[T>A]A,2.02713401823,0.412019109396,0.508948750093,0.928883349445,1.08773044881,0.468315350642,0.361451445127,2.07657631136,0.67571133941
G[T>A]C,0.549968192025,0.111782152851,0.35098178517,0.364295743233,0.295104883526,0.397763432001,0.306998622014,0.563382050367,0.183322730675
G[T>A]G,2.16059672198,0.439145675198,0.513192418673,0.329563596511,1.15934458252,0.505193885842,0.389914744106,2.213294203,0.720198907325
G[T>A]T,1.10455078791,0.224502192666,0.499597137556,0.240000140466,0.592685788637,0.506169471303,0.390667712751,1.13149105103,0.368183595972
T[T>A]A,1.49360140317,0.30357752097,0.613974123752,0.96686145171,0.80144465536,0.737144992126,0.56893741003,1.53003070569,0.49786713439
T[T>A]C,0.890175563668,0.180929992615,0.63573494341,0.626540992974,0.477655180505,0.711297460604,0.548987972949,0.911887162782,0.296725187889
T[T>A]G,1.41764457444,0.288139141146,0.545025054066,0.725634165566,0.760687332626,0.615026597717,0.47468495797,1.45222127138,0.47254819148
T[T>A]T,1.430117099,0.290674207114,0.426567257386,0.577179327003,0.767379906782,0.990341745563,0.764357723085,1.46499800386,0.476705699668
A[T>C]A,2.26566050468,0.460500102577,1.49188276998,3.51327680372,1.2157202708,2.33986957885,1.80593960784,2.32092051699,0.755220168227
A[T>C]C,0.995370749566,0.20231112796,1.31659249156,0.965360593451,0.534101377816,1.38886477301,1.07194261004,1.01964808492,0.331790249855
A[T>C]G,1.79478452959,0.364793603575,2.25085045766,1.93709668741,0.963055113439,2.68759498447,2.07431827661,1.83855976202,0.598261509863
A[T>C]T,1.56536894707,0.318164420137,1.25997808479,2.60907480423,0.839954069162,1.87327880072,1.44581920861,1.60354867749,0.521789649025
C[T>C]A,1.25272513004,0.25461892887,0.480759710262,0.956700808785,0.672193972216,1.30170075539,1.00466836825,1.2832794015,0.417575043346
C[T>C]C,1.62837787697,0.330971113204,0.873896179031,1.21401969835,0.87376373886,1.6985977518,1.31099826481,1.66809441055,0.542792625655
C[T>C]G,1.82071369048,0.370063758229,1.40177750841,1.23821383826,0.976968321724,2.60685929149,2.01200549343,1.86512134147,0.606904563495
C[T>C]T,1.00760025152,0.204796799089,1.16281856696,1.73250185727,0.540663549594,1.37844376911,1.06389955334,1.03217586741,0.335866750506
G[T>C]A,1.73577301061,0.3527993924,1.36898353491,1.01661214775,0.931390395937,1.13254295195,0.87411033204,1.7781089377,0.578591003536
G[T>C]C,0.803050922114,0.163221732137,1.41963131097,0.950348381991,0.430905372842,0.993718738224,0.766964126817,0.82263752997,0.267683640705
G[T>C]G,1.25791682549,0.255674151522,1.32444886327,0.897609592733,0.674979760017,1.50785028294,1.16377706401,1.28859772367,0.419305608495
G[T>C]T,1.36043235406,0.276510641069,1.88176802856,1.00505491518,0.729988092423,1.33520869184,1.0305301984,1.39361363099,0.453477451354
T[T>C]A,1.27572352631,0.259293399657,1.32386902169,1.34280846874,0.684534575094,1.33659814837,1.03160259773,1.30683873427,0.425241175437
T[T>C]C,1.3763473439,0.279745395102,1.27128916821,1.10963680484,0.73852784307,1.61956426781,1.24999926711,1.40991679132,0.458782447968
T[T>C]G,0.899459613006,0.182816994513,0.852139732863,0.909583521883,0.482636865515,1.40271628882,1.08263337727,0.921397652347,0.299819871002
T[T>C]T,1.35010346396,0.274411273163,0.919166510932,1.20254487692,0.724445761151,1.45890570226,1.12600104537,1.38303281674,0.450034487988
A[T>G]A,0.423455439887,0.0860681788389,0.348189209515,0.602429140667,0.227219992135,0.487197290168,0.376024754157,0.433783621348,0.141151813296
A[T>G]C,0.362599983679,0.0736991836746,0.259869396519,0.293758863182,0.194565844901,0.449238085825,0.346727381677,0.37144388572,0.120866661226
A[T>G]G,0.544340947506,0.110638403965,0.696396376802,0.369027128791,0.292085386467,0.585711191014,0.45205897293,0.557617555982,0.181446982502
A[T>G]T,1.71908405741,0.349407328743,0.97405964357,0.637500834125,0.922435347881,1.78982405827,1.38140783021,1.76101293686,0.573028019138
C[T>G]A,0.228872075875,0.0465187146087,0.397908118405,0.261514029367,0.122809406567,0.423305868022,0.326712582702,0.234454321628,0.0762906919582
C[T>G]C,0.896676761755,0.182251374341,0.539345427923,0.518399678089,0.481143628259,0.93652860007,0.722824087303,0.918546926676,0.298892253918
C[T>G]G,1.0150247504,0.206305843578,0.893379928178,0.500650961701,0.544647427045,1.10040025273,0.84930220848,1.03978145163,0.338341583468
C[T>G]T,2.77487090185,0.563998150782,2.32072116379,1.94360302417,1.48895511806,2.82236466099,2.17833514103,2.84255067994,0.924956967283
G[T>G]A,0.21544410408,0.0437894520488,0.21788227281,0.0924499474997,0.115604153409,0.180583981257,0.139376898285,0.220698838326,0.07181470136
G[T>G]C,0.0673130229808,0.0136815087359,0.260263924061,0.18577361147,0.0361191830629,0.135850859328,0.104851334381,0.0689548040291,0.0224376743269
G[T>G]G,0.518183715829,0.105321893461,0.772279300862,0.259067283628,0.278049798737,0.68495322291,0.528655172045,0.530822343044,0.172727905276
G[T>G]T,0.85511191412,0.173803234577,1.2592713173,0.621061996027,0.458840539284,0.993420015018,0.766733568638,0.875968302269,0.285037304707
T[T>G]A,0.395405706185,0.0803670134523,0.675119957016,0.863502652035,0.212168915514,0.791891865925,0.6111917086,0.405049747799,0.131801902062
T[T>G]C,0.704883121596,0.143268927154,0.533751379583,0.420459188461,0.378229967685,0.886929758516,0.68454310221,0.722075392854,0.234961040532
T[T>G]G,0.758497110408,0.154166079351,0.656909367545,0.396713766011,0.406998449487,0.720705545073,0.556249246197,0.776997039931,0.252832370136
T[T>G]T,4.65913199003,0.946978046754,2.28380872287,1.46644987353,2.50002204343,4.76971078491,3.68132040446,4.77276935564,1.55304399668
