,1,3,2,5,4,7,6,9,8
A[C>A]A,0.232961719125,1.64182544907,0.556774478439,1.49761105152,1.07606127406,0.467701042423,0.643418081394,0.492461685846,0.442940399001
A[C>A]C,0.155578714883,1.09645951442,0.314601123632,1.00014888139,0.718625492557,0.639385705734,0.429693593488,0.673235537214,0.605535874254
A[C>A]G,0.0172425919263,0.12151921929,0.0595533276458,0.110845233812,0.0796443531833,0.218620905092,0.0476223967488,0.230194953009,0.207046857176
A[C>A]T,0.16040912518,1.13050240603,0.338681099322,1.03120151902,0.740937387737,1.86720191009,0.443034726688,1.96605377592,1.76835004426
C[C>A]A,0.299921957126,2.11373569784,0.78188157911,1.92806972438,1.38535380196,0.888900859051,0.828355881585,0.935960316295,0.841841401807
C[C>A]C,0.168468351956,1.18730076616,0.435562630996,1.083010834,0.778163339985,1.14123832087,0.465293543496,1.20165682021,1.08081982153
C[C>A]G,0.0477873717627,0.33678719147,0.164398416038,0.30720453276,0.220732145761,0.222293833279,0.13198416963,0.234062330335,0.210525336223
C[C>A]T,0.245354885266,1.72916776282,0.707744689158,1.57728140528,1.13330589861,7.25202932271,0.677646825971,7.63596028686,6.86809835857
G[C>A]A,0.288499776859,2.03323652263,0.891777745831,1.85464142267,1.3325942074,0.857695953566,0.796808907515,0.903103386402,0.81228852073
G[C>A]C,0.120163350878,0.846865520471,0.3462353297,0.772478684213,0.555040239768,1.50177284441,0.331879730995,1.58127846558,1.42226722323
G[C>A]G,0.0232669742407,0.16397677084,0.109904733359,0.149573405833,0.107471261969,0.296100680186,0.0642611669506,0.311776598549,0.280424761823
G[C>A]T,0.216177677358,1.52353791662,0.601351150789,1.38971364016,0.998534985891,4.50810680724,0.597062156512,4.74677128527,4.26944232921
T[C>A]A,0.282591277568,1.99159567048,0.734677960406,1.81665821294,1.30530256781,0.769566621768,0.780490195187,0.810308384097,0.728824859439
T[C>A]C,0.202584523448,1.42773854621,0.511744075532,1.30232907931,0.93574756069,1.65009781618,0.55951916,1.73745593587,1.5627396965
T[C>A]G,0.0387964792573,0.273422806195,0.13435225619,0.249405938083,0.179202785141,0.179485176086,0.107152180806,0.188987332467,0.169983019705
T[C>A]T,0.767746513322,5.41078495103,1.06007374216,4.93551329993,3.54625770439,3.54423014367,2.12044275108,3.73186585716,3.35659443019
A[C>G]A,0.121370200775,0.855370938797,0.114211686646,0.780237004984,0.560614736914,0.144417912998,0.335212935474,0.152063567216,0.136772258781
A[C>G]C,0.0616595165377,0.434552783218,0.0802983717942,0.396382606314,0.284808243055,0.117010934339,0.170297712342,0.123205630863,0.110816237815
A[C>G]G,0.0251646825699,0.177351096207,0.0447950659629,0.161772959378,0.116236867108,0.101677360795,0.0695024566216,0.107060279896,0.0962944416937
A[C>G]T,0.117366282242,0.82715284628,0.129202290718,0.754497528702,0.542120446549,0.143099032645,0.324154493813,0.150674863786,0.135523201505
C[C>G]A,0.0884400766001,0.62329196842,0.0810736897133,0.568543349572,0.408508925248,0.222592761536,0.244263068705,0.234377084206,0.210808438867
C[C>G]C,0.0774805070401,0.546053097235,0.0958260545912,0.498088973829,0.357886151566,0.124676197253,0.213993781349,0.131276701814,0.118075692693
C[C>G]G,0.0293706866191,0.206993410458,0.0546910122358,0.188811556837,0.135664600098,0.121198832869,0.0811190392336,0.127615241668,0.11478242407
C[C>G]T,0.123677887091,0.871634632833,0.13268388391,0.795072131301,0.571274049897,0.0985696355084,0.3415865453,0.103788027976,0.0933512430403
G[C>G]A,0.0584445402189,0.411894854876,0.0814150833824,0.375714901407,0.269958114345,0.229848724561,0.161418253938,0.24201718645,0.217680262673
G[C>G]C,0.0530109075883,0.373600682051,0.0862774649546,0.340784405925,0.244859906479,0.29735885748,0.146411078101,0.313101385229,0.281616329731
G[C>G]G,0.00928109387329,0.0654096139641,0.0171298355021,0.0596641748997,0.0428698145576,0.0698580218496,0.0256334973643,0.0735563877122,0.066159655987
G[C>G]T,0.0890275638585,0.627432354813,0.0794064332045,0.572320053376,0.41122255687,0.205366444017,0.245885652562,0.21623878517,0.194494102863
T[C>G]A,0.109438458804,0.77128056681,0.408405202487,0.703532949455,0.505501452572,0.7299126718,0.302258600507,0.768555107366,0.691270236234
T[C>G]C,0.106549062935,0.75091720545,0.116261011579,0.684958261728,0.492155195464,0.203382804754,0.294278364298,0.214150129712,0.192615479796
T[C>G]G,0.0180420533977,0.127153519184,0.0362771648513,0.115984628985,0.0833371037894,0.0861240483224,0.0498304331937,0.090683556763,0.0815645398818
T[C>G]T,0.207876916319,1.46503731501,0.73295498979,1.33635160491,0.96019337538,1.22372289891,0.574136245073,1.28850822885,1.15893756897
A[C>T]A,0.212791872478,1.49967605366,0.794461794327,1.36794775164,0.982895791923,3.66682411491,0.587710885892,3.86095009747,3.47269813236
A[C>T]C,0.332331341213,2.34214469046,0.815249463875,2.13641576494,1.53505429037,4.70426453433,0.917867513827,4.9533138332,4.45521523545
A[C>T]G,0.171380061959,1.20782138904,1.1072529105,1.10172896973,0.791612667143,3.82071423653,0.473335409219,4.02298734317,3.61844112989
A[C>T]T,0.221160741844,1.55865665681,0.53901725723,1.42174762614,1.02155199804,3.00078095312,0.610824906046,3.15964582711,2.84191607913
C[C>T]A,0.410771693583,2.89496241192,1.03351455709,2.64067517303,1.89737401322,3.81681724128,1.13451229656,4.01888403641,3.61475044615
C[C>T]C,0.702919616903,4.95390968103,1.43796972562,4.5187689658,3.24681918284,5.97415398119,1.94139703716,6.29043272137,5.65787524101
C[C>T]G,0.22353506137,1.57538995632,0.862707200156,1.43701110881,1.032519093,3.18306264414,0.617382550451,3.3515777253,3.01454756298
C[C>T]T,0.613631029645,4.32463773273,1.30029009018,3.94477090486,2.83439094645,4.58651055636,1.69479046283,4.82932582111,4.34369529161
G[C>T]A,0.246685311706,1.73854410155,0.852835083525,1.58583414668,1.13945120169,5.18439069528,0.681321337092,5.45885843797,4.90992295259
G[C>T]C,0.536094786971,3.77819183199,1.31227101595,3.44632363053,2.47624734934,7.50768490421,1.48064274497,7.90515057561,7.11021923281
G[C>T]G,0.141208337918,0.995182571993,0.695667626051,0.907767886615,0.652248037049,5.95546566875,0.390003980916,6.27075502768,5.64017630981
G[C>T]T,0.379757383444,2.67638536904,0.921656037831,2.441297465,1.75411743781,5.16191750586,1.0488537257,5.43519549147,4.88863952026
T[C>T]A,0.618557087624,4.35935471278,4.48246448488,3.97643842044,2.85714464284,10.9884563426,1.70839576582,11.570198149,10.4067145363
T[C>T]C,0.812958947869,5.72942496593,1.76108374049,5.22616466487,3.75509609254,9.45607788103,2.24531518935,9.95669376885,8.95546199322
T[C>T]G,0.556957266816,3.92522264232,1.05700625985,3.58043957239,2.5726121372,2.95933571254,1.5382629274,3.11600642674,2.80266499835
T[C>T]T,0.531622474622,3.74667267829,2.612568431,3.41757305114,2.45558952564,8.16660348683,1.46829064419,8.5989530832,7.73425389047
A[T>A]A,0.423397872734,2.9839469126,0.284214790594,2.72184346757,1.95569493596,4.46152623041,1.16938460088,4.69772467791,4.22532778292
A[T>A]C,0.149140288619,1.05108393884,0.15383470468,0.958758998264,0.688886095049,0.722344967078,0.411911273328,0.760586759453,0.684103174704
A[T>A]G,0.428142432715,3.0173847639,0.328972716541,2.75234421031,1.97761028445,0.303986031731,1.18248862369,0.320079409881,0.28789265358
A[T>A]T,0.182546841256,1.28652059552,0.305635675719,1.17351540807,0.843192552467,0.439358183875,0.504176990135,0.462618323021,0.416098044728
C[T>A]A,0.699327722321,4.92859537636,0.321905598228,4.49567821492,3.23022805072,9.70037902254,1.93147656641,10.2139285002,9.18682954487
C[T>A]C,0.387901497315,2.73378198108,0.352676085899,2.49365248274,1.7917354876,0.624914605312,1.07134699258,0.657998319711,0.591830890913
C[T>A]G,1.28107699598,9.02854263833,0.712841563845,8.23549497416,5.9173556481,0.606970528106,3.53821265556,0.639104261946,0.574836794265
C[T>A]T,0.479959858207,3.38257423879,0.368541481906,3.08545623133,2.21695744029,0.442695847618,1.32560341791,0.466132686609,0.419259008626
G[T>A]A,0.408605950697,2.8796990811,0.208163759766,2.62675254019,1.88737034369,3.29003332403,1.12853072097,3.46421155883,3.11585508923
G[T>A]C,0.106902834704,0.753410454102,0.122517786891,0.68723250881,0.493789284108,0.501504331678,0.295255448229,0.528054561003,0.474954102354
G[T>A]G,0.358432993287,2.52609919079,0.220258928416,2.3042120997,1.65561906423,0.296944916857,0.989957790984,0.312665530102,0.281224303612
G[T>A]T,0.146167740544,1.03013455241,0.185026240296,0.939649760642,0.675155753943,0.282329581478,0.403701378646,0.297276441673,0.267382721282
T[T>A]A,0.332121287597,2.34066431259,0.295022496799,2.13506542027,1.53408404271,1.75834819469,0.917287365744,1.85143721676,1.66525917262
T[T>A]C,0.202204177106,1.42505801008,0.22886100444,1.29988399568,0.933990722824,0.385493566106,0.558468679627,0.405902049017,0.365085083194
T[T>A]G,0.428393748518,3.01915594193,0.286745597403,2.7539598119,1.97877112411,0.148895175013,1.183182734,0.156777860749,0.141012489277
T[T>A]T,0.255359535624,1.79967672726,0.303040795653,1.64159701473,1.17951785503,0.301505910111,0.705278717438,0.317467987705,0.285543832517
A[T>C]A,0.236708527222,1.66823152519,0.462479918498,1.521697675,1.09336795908,1.01185966369,0.653766408519,1.06542870471,0.958290622673
A[T>C]C,0.097909487583,0.690028769633,0.268245448619,0.629418134462,0.452248585503,0.889781820924,0.270416679991,0.936887917326,0.842675724522
A[T>C]G,0.161236576489,1.13633396764,0.472979411589,1.03652084886,0.744759424734,1.14711959246,0.445320068398,1.20784945323,1.08638973168
A[T>C]T,0.170079306454,1.19865415977,0.362659174657,1.09336697006,0.785604415527,0.695728773967,0.469742846397,0.732561473766,0.658896074169
C[T>C]A,0.104703484045,0.737910268505,0.228472660976,0.673093826001,0.483630378682,0.770414592761,0.289181051171,0.811201247672,0.72962793785
C[T>C]C,0.118523525409,0.835308655266,0.333141116928,0.76193694906,0.547465807843,0.898927826427,0.327350689226,0.946518123121,0.851337529734
C[T>C]G,0.124670181437,0.878627945368,0.465009451801,0.801451166383,0.575857504735,0.941066435045,0.34432716778,0.990887599253,0.891245270836
C[T>C]T,0.130428693045,0.919211741461,0.268440314609,0.838470169576,0.602456344066,0.835749345948,0.360231628411,0.879994899557,0.791503792339
G[T>C]A,0.230649653136,1.62553088877,0.225032577865,1.48274777016,1.06538173115,3.30096819069,0.637032375328,3.47572533019,3.12621105118
G[T>C]C,0.123920185161,0.873342257328,0.185346194274,0.796629761751,0.572393236221,2.14216181835,0.342255749493,2.2555703852,2.02875325149
G[T>C]G,0.166414818002,1.17282824116,0.294399468612,1.0698095443,0.768677968867,2.35028067273,0.459621878292,2.47470729658,2.22585404888
G[T>C]T,0.207536564452,1.46263864471,0.266918848748,1.33416362862,0.958621273898,2.72204618929,0.57319622563,2.86615451696,2.57793786163
T[T>C]A,0.137181903462,0.966805795828,0.242073484291,0.881883665113,0.633649744563,1.06437487513,0.378883352419,1.12072413322,1.00802561703
T[T>C]C,0.129388536641,0.911881115378,0.307243979433,0.831783449838,0.597651812106,1.32554295546,0.357358815486,1.39571875898,1.25536715193
T[T>C]G,0.0901546628038,0.635375718808,0.263046795625,0.579565689453,0.41642868057,0.947111944897,0.248998592506,0.997253165509,0.896970724285
T[T>C]T,0.13329740123,0.939429303906,0.256974211966,0.856911865049,0.615707043776,0.883752282629,0.368154727206,0.93053916818,0.836965397078
A[T>G]A,0.0439375837543,0.309655352173,0.114602578571,0.282455895563,0.202949791627,0.137247297435,0.121351421798,0.144513330829,0.129981264041
A[T>G]C,0.0195496860685,0.137778739911,0.0711028709105,0.125676553297,0.0903009308877,0.27451828479,0.0539943710463,0.28905160575,0.259984963831
A[T>G]G,0.0677693934053,0.477612867809,0.117651192364,0.435660386177,0.313030055253,0.214237006304,0.187172610358,0.225578965461,0.202895047147
A[T>G]T,0.0599050654003,0.422188079964,0.25848531394,0.385103991859,0.276704349706,0.7224728763,0.165452085391,0.760721440339,0.68422431226
C[T>G]A,0.0288085954058,0.203032005717,0.080853499371,0.185198113323,0.133068274017,0.10347240854,0.079566596835,0.10895035958,0.0979944574993
C[T>G]C,0.0463633135275,0.326750971527,0.169543286688,0.298049872677,0.21415435296,0.343183543352,0.128051056409,0.361352083882,0.325015002822
C[T>G]G,0.107835282732,0.759981992585,0.219830012926,0.69322681756,0.498096305951,0.280728880304,0.297830780878,0.295590997497,0.265866763112
C[T>G]T,0.114024207575,0.803599177195,0.399297632295,0.733012762982,0.526683244513,0.934182367923,0.314924001874,0.983639081519,0.884725654327
G[T>G]A,0.028221756151,0.198896186207,0.0388379206883,0.181425575256,0.130357635554,0.0526720418715,0.0779458027026,0.0554605617352,0.0498835220077
G[T>G]C,0.0223872691518,0.157776944498,0.030888920057,0.143918158833,0.103407862272,0.144647799006,0.0618315052763,0.15230562366,0.136989974353
G[T>G]G,0.114630852836,0.807874581894,0.145970439964,0.736912625376,0.529485367863,0.317642896799,0.31659949831,0.334459285453,0.300826508145
G[T>G]T,0.0572095316843,0.403190985203,0.169053607475,0.367775560827,0.264253551113,0.474050538545,0.158007277985,0.499147331762,0.448953745328
T[T>G]A,0.062864053744,0.443041902577,0.148609969679,0.404126059783,0.29037205777,0.202117963977,0.173624529388,0.212818326776,0.191417601178
T[T>G]C,0.0515580979643,0.363361833272,0.131468849253,0.331444915484,0.238149309644,0.285585813845,0.142398556282,0.300705062813,0.270466564876
T[T>G]G,0.0855711341766,0.603072755149,0.135523316683,0.550100148278,0.395257143577,0.28904335271,0.236339322964,0.304345647853,0.273741057566
T[T>G]T,0.180764150009,1.27395686673,0.561319045366,1.16205525006,0.834958216709,0.773773990081,0.499253366692,0.814738495439,0.732809484724
