,1,3,2,5,4,7,6,9,8
A[C>A]A,1.87876992142,1.39762152691,2.3563380464,2.15371186114,3.91792264101,0.437963134313,2.5203011141,0.796849591598,1.53325973092
A[C>A]C,1.45208102817,1.08020661852,1.31347802295,1.66458069083,3.02812019289,0.342869303087,1.94791357437,0.623831648673,1.11914210418
A[C>A]G,0.439329096542,0.326817986452,0.252724107491,0.503621159451,0.916161896448,0.117545352014,0.589343909996,0.213867237693,0.406040480143
A[C>A]T,1.02928447137,0.7656872287,1.37110213395,1.17991146718,2.14643469029,0.352208983532,1.38074746159,0.64082467837,1.01910294994
C[C>A]A,1.61331736364,1.20015072173,3.31817588376,1.84941258759,3.36435694125,0.688705107333,2.16420621951,1.2530606814,1.87032297437
C[C>A]C,0.919196814293,0.683792752096,1.8428649884,1.05371342126,1.91686164932,0.564596239491,1.23306889722,1.0272514913,1.96089781019
C[C>A]G,0.384143441703,0.285765243218,0.597073303847,0.440359555123,0.801079616235,0.188179912603,0.515314373017,0.342382896541,0.382668735584
C[C>A]T,1.64821443922,1.22611074137,2.30011845573,1.88941655228,3.43713011106,0.515847023367,2.21101936969,0.938555000849,2.70909449914
G[C>A]A,2.26539945456,1.68523617961,3.87485138367,2.59692132596,4.72418666744,0.477433401213,3.03895048783,0.868663549429,1.71013436769
G[C>A]C,2.00422953284,1.49095123785,1.51597825955,2.2975314157,4.17955183068,0.768456005809,2.68860059284,1.39816301057,1.69412349446
G[C>A]G,0.50595227693,0.376379132838,0.412358800907,0.579994073554,1.05509560189,0.261135597896,0.678716469053,0.475121712838,0.488573853481
G[C>A]T,1.93568838135,1.43996330808,2.51043714349,2.21895985179,4.03661845379,0.639586949563,2.59665514572,1.16369292212,1.38670078942
T[C>A]A,1.15486699996,0.859108378021,2.6141060284,1.32387192679,2.40832020724,0.423388419424,1.54921182922,0.770331707564,3.15462242273
T[C>A]C,1.17866419833,0.876811171925,2.04125036279,1.35115164198,2.45794607212,0.60410514392,1.58113490019,1.09913574797,1.8914210946
T[C>A]G,0.382085612371,0.284234418959,0.556254586619,0.438000580035,0.796788289212,0.150592647394,0.512553870253,0.273994955676,0.36376896333
T[C>A]T,2.69465203214,2.00455821903,3.93909525778,3.08899135391,5.61933533531,0.563095055623,3.61477711628,1.02452017065,5.37047619669
A[C>G]A,0.366353029432,0.272530912138,0.499336384605,0.419965667885,0.763980097961,0.216972931799,0.491449185823,0.394770195357,0.595075521628
A[C>G]C,0.185810867029,0.13822515718,0.323537464169,0.213002701228,0.387483637341,0.112690023441,0.249258480161,0.205033237093,0.327214923111
A[C>G]G,0.0138355193651,0.0102922766009,0.12886511925,0.0158602295161,0.0288521196516,0.00694764753792,0.0185598430507,0.0126408587148,0.132234921908
A[C>G]T,0.218784209133,0.162754106794,0.557470964017,0.250801410469,0.456245119045,0.214232940585,0.293491012251,0.389784933565,0.51466617962
C[C>G]A,0.234755594468,0.174635259299,0.425982125814,0.269110071707,0.489551300658,0.136438166416,0.314916041359,0.248241663897,0.509572219751
C[C>G]C,0.146231394486,0.10878189102,0.397707493305,0.167631110752,0.304945956794,0.170139543342,0.196164065774,0.309559446915,0.383754423946
C[C>G]G,0.0570127747482,0.0424119421908,0.210234994644,0.0653561076382,0.118892493682,0.0453348546072,0.0764805514915,0.0824842493548,0.197145473416
C[C>G]T,0.110063555951,0.08187654772,0.424060037549,0.126170417798,0.229522781313,0.148139354565,0.147646233593,0.269531325666,0.609349671953
G[C>G]A,0.103808355354,0.0772232887388,0.324969333148,0.118999821991,0.216478399579,0.102227730818,0.139255110841,0.185997676905,0.396935926533
G[C>G]C,0.102887106236,0.0765379692733,0.268170446878,0.117943755929,0.214557258127,0.0911900451342,0.138019288854,0.165915221008,0.530985085639
G[C>G]G,0.0195248231884,0.0145245635914,0.0606527155341,0.0223821143867,0.0407163995758,0.0327920959557,0.0261918359845,0.0596633968083,0.132107127667
G[C>G]T,0.232482780807,0.172944507674,0.373903333646,0.266504651169,0.484811652659,0.0830434340627,0.311867144985,0.151092914753,0.512336791255
T[C>G]A,0.152190040781,0.113214542532,0.855904774128,0.174461754066,0.317371914311,0.105833165864,0.204157371779,0.192557565668,5.50143846503
T[C>G]C,0.128589977093,0.0956583975935,0.643480211214,0.147408022521,0.268157147352,0.15097919261,0.172498749759,0.274698253222,1.64397026308
T[C>G]G,0.0241021738366,0.0179296659028,0.0912025227144,0.0276293212273,0.0502618503178,0.0179894327799,0.032332184415,0.0327307735301,0.261401395363
T[C>G]T,0.277360290323,0.206328996459,1.22409480351,0.317949601101,0.578397678599,0.321676256096,0.37206868214,0.585272077063,6.67951212091
A[C>T]A,0.952672868451,0.708695670433,2.59825777495,1.09208841018,1.98667146957,1.0902486108,1.27797579914,1.98364677799,2.74795028208
A[C>T]C,0.846437820385,0.629667159067,2.09691471102,0.970306769709,1.76513252788,2.61108566824,1.13546536881,4.75072531304,2.32048871263
A[C>T]G,2.18391499261,1.62461968962,2.06549391334,2.5035123086,4.55426175288,1.09078401429,2.92964206325,1.98462091489,2.59694577185
A[C>T]T,0.711578967207,0.529345329264,1.96937806576,0.815712474603,1.48390248039,1.75503425014,0.954557151131,3.19318731622,1.61408109312
C[C>T]A,1.20919192879,0.899520825073,3.40867218877,1.38614684519,2.52160755881,1.71271295397,1.62208673374,3.11618606904,3.7340105253
C[C>T]C,0.910037586645,0.676979180309,3.70651144063,1.04321381884,1.89776130874,4.25257988525,1.22078212843,7.73733284677,3.57985724376
C[C>T]G,1.53563439037,1.14236216844,1.90986583704,1.76036137432,3.20235952137,0.979635889718,2.05999735293,1.78239307713,2.48388714054
C[C>T]T,0.965625109452,0.718330874105,4.34304211145,1.10693610108,2.01368163069,3.60362202683,1.29535075658,6.5565900766,3.24185109414
G[C>T]A,0.914745438659,0.680481362905,2.56367262177,1.0486106248,1.90757890257,1.67197783797,1.22709753966,3.04207078852,2.82154531117
G[C>T]C,0.969186323328,0.720980069793,3.57378111731,1.11101846821,2.0211080645,3.97953107964,1.30012799471,7.24053571434,3.77476107833
G[C>T]G,1.73467157892,1.29042641847,1.84037081724,1.98852595633,3.617424878,1.90126156359,2.32699845953,3.45923978931,2.84376082784
G[C>T]T,0.863815069454,0.642594137033,3.22492482645,0.990227030837,1.80137044971,3.09083255505,1.15877631268,5.623598121,2.794467532
T[C>T]A,1.09738213451,0.816345246407,3.24211647526,1.257974642,2.28844323173,1.37269391833,1.47209798532,2.49754032363,5.60221365621
T[C>T]C,1.12246352748,0.835003355805,3.29689182433,1.28672648272,2.34074711217,3.8108880914,1.50574375637,6.9336991663,5.30801019577
T[C>T]G,1.86673554074,1.38866912177,1.10983504671,2.13991635158,3.89282655448,0.564550719159,2.5041574327,1.02716866958,3.76200410999
T[C>T]T,1.42182813024,1.05770141396,2.59349933275,1.62990053954,2.96503183257,2.51539311616,1.90733041861,4.57661803079,3.52427110134
A[T>A]A,1.42646077859,1.06114765237,6.49858408672,1.63521113643,2.97469259926,1.0990535931,1.91354494689,1.99966695412,3.65154184055
A[T>A]C,0.275910743433,0.205250674992,0.865056414897,0.316287925398,0.575374843012,0.376241172395,0.370124168019,0.684549910885,0.897528993119
A[T>A]G,0.467344404628,0.347658642467,1.65820384683,0.53573626872,0.97458406331,0.76432093113,0.626925420842,1.39063947192,1.51479632192
A[T>A]T,0.481645575268,0.358297318187,1.11923278075,0.5521302936,1.00440723623,0.316903857094,0.646109918042,0.576588962213,1.61434968782
C[T>A]A,2.92679276906,2.17724827942,13.7242260444,3.35510390599,6.10343370133,2.15880348172,3.92618542191,3.92782300146,6.37379550175
C[T>A]C,0.629718887052,0.468449415977,1.74613107943,0.721872870523,1.31319426446,0.752045242639,0.844744848484,1.36830453869,1.51474665804
C[T>A]G,1.32299770576,0.984181220142,3.94688397056,1.51660712612,2.75893424007,2.04030404762,1.77475301993,3.71221986442,3.60258866924
C[T>A]T,1.32288385999,0.98409652999,1.9108919242,1.51647661998,2.75869682997,0.875889791998,1.77460029998,1.593632816,1.62111794159
G[T>A]A,1.26603317423,0.941805166195,5.11362633262,1.45130632168,2.64014235114,0.963861402668,1.69833718494,1.7536922743,2.59324081933
G[T>A]C,0.179412834393,0.133465645097,0.50487903242,0.205668371134,0.374141398552,0.213792620795,0.240675753454,0.388983796169,0.599978736035
G[T>A]G,0.516849402107,0.384485530836,1.15661303984,0.592485899976,1.07782009464,0.548292625672,0.693334563802,0.997587971709,1.12854929382
G[T>A]T,0.323455744203,0.240619517029,0.78219435553,0.37079073116,0.674523564131,0.252083783962,0.433904047102,0.458652440264,0.620766089133
T[T>A]A,0.821667813741,0.611240690709,3.15941028466,0.941911884044,1.71347800182,0.686051117007,1.10223731112,1.24823189344,2.60725310724
T[T>A]C,0.281073616981,0.209091349217,1.18565593486,0.322206341417,0.586141323216,0.415554348826,0.377049973999,0.756078051335,0.931278614186
T[T>A]G,0.431009512134,0.320629027319,1.44164562489,0.494084074886,0.898812519207,0.764891712652,0.578183491887,1.39167797719,1.74517003813
T[T>A]T,0.436036387042,0.324368531824,1.38439811053,0.499846590024,0.90929539249,0.426609278516,0.584926860666,0.776191881745,1.29930886289
A[T>C]A,0.711489616624,0.529278861147,2.76899267714,0.815610048325,1.48371615174,0.961937226096,0.954437290593,1.75019134193,3.78000294111
A[T>C]C,0.506267266348,0.376613454235,1.53934355515,0.580355158984,1.05575247007,0.361135953925,0.679139015833,0.657066805059,1.84267706869
A[T>C]G,0.738994715777,0.549739971493,2.71004157457,0.847140283939,1.54107434632,0.62635916644,0.991334374823,1.13962570561,3.35560942105
A[T>C]T,0.584266323435,0.434637143043,1.91694506869,0.66976871223,1.21840904033,0.687920642,0.783771897291,1.25163339031,2.74802004156
C[T>C]A,0.368713659004,0.274286990234,1.68893188672,0.422671755443,0.768902874264,0.376754612493,0.494615884029,0.685484086618,2.18638298556
C[T>C]C,1.19864272162,0.891673244131,2.05513507902,1.37405385161,2.4996086024,0.594075085185,1.60793535827,1.08088661332,1.90942188825
C[T>C]G,1.03054310306,0.766623527883,2.33170115122,1.18135428887,2.14905939784,0.550031361356,1.38243586995,1.00075150469,3.04505814288
C[T>C]T,2.63803636347,1.96244168502,1.8433045458,3.02409046544,5.50127095309,1.04349044494,3.53882926807,1.89857289289,2.93935431978
G[T>C]A,0.438119787081,0.325918378195,2.62641106074,0.502234877874,0.913640043792,0.749150424737,0.587721665597,1.36303757834,3.28567406827
G[T>C]C,0.567850319549,0.422425237713,1.38113456072,0.650950366312,1.18417566638,0.728971820993,0.761750428663,1.32632372986,1.88040164359
G[T>C]G,0.433470120068,0.322459479563,1.96157484357,0.496904771785,0.903943786971,0.599342114149,0.581484307409,1.09046967991,2.26059794355
G[T>C]T,0.724794373189,0.539176302006,2.14614168274,0.830861842436,1.51146143677,0.709008867188,0.972285134765,1.29000224447,2.59945437521
T[T>C]A,0.49915356286,0.371321552859,1.86890514421,0.572200425718,1.04091779572,0.436427388972,0.669596242861,0.794055388269,2.19465795298
T[T>C]C,0.536287187892,0.398945347091,1.81321515073,0.614768239779,1.11835498939,0.40696652073,0.719409642294,0.740452975216,2.22944804633
T[T>C]G,0.327023917582,0.243273889908,1.40808219545,0.374881076252,0.681964511054,0.344978972377,0.438690621146,0.627670074742,1.70404196968
T[T>C]T,0.543769457691,0.404511425843,1.5474025322,0.62334547589,1.13395825933,0.331249390562,0.729446833488,0.602689863384,2.62150725907
A[T>G]A,0.171423273283,0.127522191101,0.276054212855,0.196509605958,0.357480240626,0.0686676062574,0.229958049526,0.124936894718,1.79150641606
A[T>G]C,0.202521905727,0.150656539626,0.212619783065,0.232159257784,0.42233226682,0.0893589280042,0.271675727194,0.162583605119,0.423458824144
A[T>G]G,0.23610021789,0.175635527942,0.356951801874,0.270651469288,0.492355332429,0.10151680605,0.316719804486,0.184704188785,0.516570353436
A[T>G]T,0.850324515659,0.632558481161,0.696883569089,0.974762249657,1.77323770948,0.300856794818,1.14067922832,0.547392223905,1.47800339003
C[T>G]A,0.11176251507,0.0831404075522,0.170562007082,0.12811800508,0.233065732646,0.0138564099958,0.149925325094,0.0252109681868,1.15921382569
C[T>G]C,0.527173547493,0.392165687769,0.549430029078,0.604320895906,1.09934971489,0.227860918728,0.707184027124,0.414580282685,0.795489652918
C[T>G]G,0.51891954908,0.386025518218,0.715194926596,0.594858995287,1.08213710845,0.213299650027,0.69611159023,0.388086863244,1.23435797249
C[T>G]T,6.28171306367,4.67298166931,1.78726730715,7.20098814615,13.0996699254,1.95679259345,8.42668825614,3.56027541308,4.36044708173
G[T>G]A,0.0571684228713,0.0425277292092,0.0782909046036,0.0655345335354,0.119217076963,0.00241633043444,0.0766893477542,0.00439637898488,0.399064403497
G[T>G]C,0.224442057577,0.166962994051,0.0892873859247,0.257287236734,0.468043802996,0.0969596664685,0.301080808944,0.176412726491,0.212602454047
G[T>G]G,0.336998377501,0.25069391497,0.699976922771,0.386315213233,0.702764909178,0.194325484432,0.452070994208,0.353564423063,0.502743376787
G[T>G]T,1.7013607931,1.26564644365,0.779889748225,1.95034042135,3.54795970268,0.61639294774,2.28231325903,1.12149272436,1.5722049779
T[T>G]A,0.217238284921,0.161604090002,0.337792793883,0.249029253446,0.453021301482,0.104838854618,0.29141721148,0.190748471596,2.71587547015
T[T>G]C,0.299885556213,0.223085596695,0.437062850004,0.343771247366,0.625371098931,0.138440271907,0.402285502237,0.251884383608,0.737343672158
T[T>G]G,0.254955373221,0.189661923981,0.454988580392,0.292265915643,0.531675229522,0.127079418885,0.34201330554,0.231213942694,0.794797424016
T[T>G]T,1.88570787855,1.40278269014,1.38384401089,2.16166512907,3.9323908199,0.529671045493,2.52960812976,0.963707041105,3.66984280879
