,1,3,2,5,4,7,6,9,8
A[C>A]A,0.560845788729,0.149844294699,0.625064772171,0.184094419201,0.738901051758,0.119875435759,0.222625809266,2.57018862173,0.612220975483
A[C>A]C,0.492501427834,0.131584350948,0.548894721098,0.161660774022,0.626806920653,0.105267480758,0.19549674998,1.22888848471,0.537616062445
A[C>A]G,0.117495982153,0.0313920563005,0.130949720568,0.0385673834549,0.24279629469,0.0251136450404,0.0466396265036,0.395700916151,0.128258972885
A[C>A]T,0.542419223441,0.144921166568,0.604528294827,0.178046004641,0.507842730331,0.115936933255,0.215311447473,1.41951028833,0.59210648055
C[C>A]A,0.665893403055,0.177910451198,0.742140739283,0.218575697186,0.942192035138,0.142328360958,0.264324098923,4.30682398498,0.726891272038
C[C>A]C,0.602804439655,0.161054621282,0.671827848776,0.197867106146,1.07617124939,0.128843697026,0.239281151619,1.76625140053,0.658023166952
C[C>A]G,0.104944007403,0.0280384752604,0.116960496801,0.0344472696057,0.249835701327,0.0224307802084,0.0416571632441,0.976992046639,0.114557198921
C[C>A]T,1.49372758038,0.399087521474,1.66476508958,0.490307526383,1.37612505592,0.319270017179,0.592930031905,2.48113037985,1.63055758774
G[C>A]A,0.55195045028,0.147467677556,0.615150883518,0.181174575283,0.735602912185,0.117974142044,0.219094835225,5.12635711961,0.60251079687
G[C>A]C,0.630022935652,0.168326738533,0.702162966452,0.206801421626,0.874022006895,0.134661390826,0.250085440106,2.49514784584,0.687734960292
G[C>A]G,0.171359690384,0.0457831233849,0.190981028977,0.0562478373015,0.341565171861,0.0366264987079,0.0680206404576,0.912359741274,0.187056761258
G[C>A]T,0.791617837819,0.211500949036,0.882261101692,0.259844023101,0.809295325064,0.169200759229,0.314229981425,4.04592506408,0.864132448917
T[C>A]A,0.941625556743,0.251579347221,1.04944527698,0.309083198015,0.709725596915,0.201263477777,0.373775030157,3.38235404154,1.02788133293
T[C>A]C,0.760249463871,0.203120085767,0.847300929199,0.249547533942,0.904126611305,0.162496068614,0.301778413139,2.87068996379,0.829890636133
T[C>A]G,0.11885386233,0.0317548487141,0.132463083208,0.0390130998488,0.200073121514,0.0254038789713,0.0471786323753,0.800622872389,0.129741239032
T[C>A]T,1.15600004414,0.308854973625,1.28836646141,0.379450396168,0.921341806256,0.2470839789,0.458870246529,5.14283807493,1.26189317795
A[C>G]A,0.16690973989,0.0445942053142,0.186021542168,0.0547871665289,0.192015947269,0.0356753642514,0.0662542478955,0.688512835736,0.182199181712
A[C>G]C,0.124503752657,0.033264361397,0.138759907542,0.040867644002,0.129476121297,0.0266114891176,0.0494213369327,0.408099124614,0.135908676565
A[C>G]G,0.0243313479523,0.00650074181932,0.0271173801606,0.00798662566373,0.0452794262867,0.00520059345545,0.0096582449887,0.190283824431,0.0265601737189
A[C>G]T,0.183533943877,0.0490357865321,0.204549280963,0.0602439663109,0.161545757304,0.0392286292257,0.072853168562,0.68241397647,0.200346213546
C[C>G]A,0.181241864302,0.0484233988592,0.201994749527,0.0594916043128,0.154308261329,0.0387387190874,0.071943335448,0.465583610322,0.197844172482
C[C>G]C,0.157026517174,0.0419536496267,0.175006652729,0.0515430552557,0.154493678471,0.0335629197014,0.0623311365882,0.544028687832,0.171410625618
C[C>G]G,0.0304470347524,0.00813470394148,0.0339333364416,0.00999406484239,0.0731885316044,0.00650776315318,0.0120858458559,0.306156461036,0.0332360761038
C[C>G]T,0.191711489519,0.0512206269706,0.213663186792,0.0629281988496,0.152423439942,0.0409765015765,0.0760992172135,0.718452986367,0.209272847337
G[C>G]A,0.102630226523,0.027420289529,0.114381779178,0.0336877842784,0.124156694384,0.0219362316232,0.0407387158716,0.356874262639,0.112031468647
G[C>G]C,0.126994136317,0.0339297310771,0.141535449636,0.0416850981805,0.166654046163,0.0271437848617,0.0504098861718,0.335084848144,0.138627186972
G[C>G]G,0.0341445354293,0.00912258580173,0.0380542150587,0.0112077482707,0.0666642247677,0.00729806864139,0.0135535560483,0.123482489185,0.0372722791328
G[C>G]T,0.138841257746,0.0370949925276,0.154739111687,0.0455738479625,0.104515042961,0.0296759940221,0.0551125603267,0.420660905746,0.151559540898
T[C>G]A,1.49588038266,0.399662697658,1.66716439595,0.491014171409,0.18627858989,0.319730158127,0.593784579378,1.97894853853,1.63290759329
T[C>G]C,0.303403236444,0.081061933401,0.338144065044,0.0995903753213,0.166467685664,0.0648495467208,0.120434872482,0.919979673285,0.331195899324
T[C>G]G,0.0621771148435,0.0166122062559,0.0692966318103,0.0204092819715,0.039206781357,0.0132897650047,0.0246809921516,0.183218201165,0.067872728417
T[C>G]T,2.32939850985,0.622358380494,2.59612353006,0.764611724608,0.348054824504,0.497886704396,0.924646736735,3.15761959133,2.54277852602
A[C>T]A,1.51630601835,0.405119928566,1.68992884488,0.497718769382,1.34110186761,0.324095942853,0.601892465299,2.54614634079,1.65520427957
A[C>T]C,3.39085451791,0.905953497151,3.7791203024,1.11302858221,2.02410145174,0.72476279772,1.34598805291,7.00858394168,3.7014671455
A[C>T]G,1.46411989694,0.391177071703,1.63176721339,0.480588973806,3.12160955192,0.312941657362,0.581177363673,2.15752313764,1.5982377501
A[C>T]T,1.85217480814,0.49485586477,2.06425589304,0.607965776717,1.10113997801,0.395884691816,0.735214427658,4.41217424831,2.02183967606
C[C>T]A,2.88164223937,0.7699044151,3.21160127442,0.945882567123,1.98793340159,0.61592353208,1.14385798815,3.35187423053,3.14560946741
C[C>T]C,6.78710240813,1.81334797164,7.56425153883,2.22782750801,4.0512835955,1.45067837731,2.69411698643,9.62243879896,7.40882171269
C[C>T]G,1.24938903207,0.333806229943,1.3924488449,0.410104796787,2.17505012512,0.267044983954,0.495940684486,2.27140504721,1.36383688234
C[C>T]T,5.99846535502,1.60264341546,6.68531253308,1.96896191043,3.70426394247,1.28211473237,2.38107021726,6.34773756325,6.54794309747
G[C>T]A,2.70482079628,0.722662044807,3.0145331012,0.887841940763,2.22344793673,0.578129635846,1.07366932371,3.88735747571,2.95259064021
G[C>T]C,6.56596760358,1.75426615363,7.31779595514,2.15524127446,4.66032146184,1.4034129229,2.60633828539,9.89787978706,7.16743028483
G[C>T]G,1.72090796479,0.459784570746,1.91795849511,0.564878186916,2.99287940119,0.367827656596,0.683108505108,5.87411637743,1.87854838905
G[C>T]T,4.57891737447,1.22337487104,5.10322089063,1.50300341299,3.31618967037,0.978699896832,1.81758552269,6.17921510074,4.99836018739
T[C>T]A,10.0705600216,2.69060763936,11.2236775813,3.30560367121,2.11598099378,2.15248611149,3.99747420705,13.087702742,10.9930540694
T[C>T]C,3.8411147374,1.02625202908,4.28093703557,1.26082392144,2.05950408721,0.82100162326,1.52471730034,12.0205844473,4.19297257594
T[C>T]G,1.52382367833,0.407128463675,1.69830730562,0.500186398229,1.62141028056,0.32570277094,0.604876574603,2.45351890988,1.66341058016
T[C>T]T,6.20935078193,1.65898685014,6.92034514628,2.03818384445,1.67383814213,1.32718948011,2.46478046306,11.3742498026,6.77814627341
A[T>A]A,1.16618270713,0.31157553244,1.29971507818,0.382792796998,0.179261297687,0.249260425952,0.462912219625,0.737403646226,1.27300860397
A[T>A]C,0.534214775812,0.142729138576,0.59538440663,0.175352941679,0.27058313597,0.114183310861,0.21205472017,0.565962486812,0.583150480467
A[T>A]G,0.242323243638,0.0647428513536,0.270070179932,0.0795412173772,0.215839454419,0.0517942810828,0.0961893791539,0.470153599369,0.264520792673
A[T>A]T,0.459970216955,0.122892806057,0.512638562408,0.150982590298,0.333978222431,0.0983142448454,0.18258359757,0.521098079376,0.502104893318
C[T>A]A,2.40494788118,0.642543327034,2.68032359277,0.789410373213,0.157292663077,0.514034661627,0.954635800164,1.13983888876,2.62524845045
C[T>A]C,0.829529450704,0.221630005913,0.924513738953,0.272288292979,0.300100683316,0.177304004731,0.329278865928,0.554380744516,0.905516881303
C[T>A]G,0.553236052585,0.147811159088,0.616583692195,0.181596566879,0.421515320943,0.11824892727,0.219605150645,0.591608504159,0.603914164273
C[T>A]T,0.629148953548,0.168093231864,0.701188910061,0.206514542004,0.242793951361,0.134474585491,0.249738515912,0.468333790742,0.686780918758
G[T>A]A,0.856097343735,0.228728297945,0.95412375714,0.28100905176,0.10637319637,0.182982638356,0.339824899803,0.494130248625,0.934518474459
G[T>A]C,0.32099258922,0.0857613787993,0.357747465849,0.105363979668,0.170852275175,0.0686091030395,0.127416905645,0.373644310404,0.350396490523
G[T>A]G,0.203289285558,0.054313931256,0.226566684668,0.0667285441145,0.19023165225,0.0434511450048,0.0806949835803,0.299930720269,0.221911204846
G[T>A]T,0.266580316047,0.0712237485621,0.297104779716,0.0875034625191,0.178796376649,0.0569789988497,0.105818140721,0.432430591636,0.290999886982
T[T>A]A,0.48169507282,0.12869715686,0.536850997188,0.158113649857,0.189487560015,0.102957725488,0.191207204478,0.493298254805,0.525819812315
T[T>A]C,0.524295985483,0.140079080091,0.584329876951,0.17209715554,0.194860393562,0.112063264073,0.208117490421,0.431891992297,0.572323098657
T[T>A]G,0.198056506225,0.0529158604419,0.220734732129,0.0650109142571,0.166995939563,0.0423326883535,0.0786178497993,0.358448331742,0.216199086948
T[T>A]T,0.707808921508,0.189109253838,0.788855744581,0.232334226144,0.235266398991,0.15128740307,0.280962319988,0.438971172436,0.772646379966
A[T>C]A,1.76869478853,0.472552042737,1.97121709256,0.580563938219,0.707868022463,0.378041634189,0.702077320637,0.963333043198,1.93071263175
A[T>C]C,1.02736634861,0.274487192378,1.14500371678,0.337227122064,0.405174138152,0.219589753902,0.407809542961,0.619904190164,1.12147624314
A[T>C]G,1.64774014025,0.440235915334,1.83641267539,0.54086126741,0.796981371456,0.352188732267,0.654064788496,0.83683340433,1.79867816836
A[T>C]T,1.33300096912,0.356145297094,1.48563466788,0.43754993643,0.474557157129,0.284916237675,0.529130155682,0.949845398846,1.45510792813
C[T>C]A,1.62049433474,0.432956501648,1.80604712116,0.531917987739,0.371439256127,0.346365201318,0.643249659591,0.406423365231,1.76893656388
C[T>C]C,1.87526539496,0.501025105523,2.08999044018,0.615545129642,0.444062871054,0.400820084418,0.744380156776,0.63332922479,2.04704543113
C[T>C]G,2.3250698962,0.621201880664,2.59129927363,0.763190881959,0.883547513305,0.496961504531,0.922928508415,0.696514980415,2.53805339814
C[T>C]T,0.810272314917,0.216484969634,0.903051587617,0.265967248408,0.372522216419,0.173187975707,0.321634812028,0.535849455534,0.884495733077
G[T>C]A,2.73710669707,0.731288048834,3.05051586085,0.898439602853,0.782998936696,0.585030439067,1.08648510113,1.39457642095,2.98783402809
G[T>C]C,1.36489447346,0.364666462376,1.5211801002,0.448018796633,0.702411811539,0.2917331699,0.541790172672,1.92967441807,1.48992297485
G[T>C]G,1.45420169196,0.388527169608,1.62071333608,0.477333379804,0.675248393672,0.310821735686,0.577240366274,1.25670864192,1.58741100725
G[T>C]T,1.61442197219,0.431334114708,1.79927944992,0.529924769498,0.628544902819,0.345067291766,0.640839256137,1.28695381635,1.76230795438
T[T>C]A,1.06872720144,0.285537801911,1.19110054511,0.350803585205,0.428108774811,0.228430241529,0.42422759141,0.604488414337,1.16662587638
T[T>C]C,1.82928392981,0.488739981246,2.03874392177,0.600451976959,0.429447031225,0.390991984997,0.726127972137,0.886931784042,1.99685192338
T[T>C]G,0.965646185518,0.257997072467,1.07621635943,0.316967831888,0.469310541667,0.206397657973,0.383309936236,0.466335277827,1.05410232465
T[T>C]T,1.16388037887,0.310960406568,1.29714912454,0.382037070927,0.345618167309,0.248768325255,0.46199831833,0.532028951719,1.27049537541
A[T>G]A,0.211353088137,0.0564683823268,0.23555382342,0.0693754411444,0.0596455006147,0.0451747058615,0.0838958823141,0.0764313685258,0.230713676364
A[T>G]C,0.473420259342,0.126486328832,0.527628685984,0.155397489708,0.0863943551493,0.101189063066,0.187922545693,0.115351848883,0.516787000656
A[T>G]G,0.27254479191,0.0728173108156,0.303752210831,0.0894612675734,0.0977149897374,0.0582538486525,0.108185718926,0.2961871299,0.297510727046
A[T>G]T,2.41347032301,0.644820315307,2.68982188671,0.792207815948,0.293542659834,0.515856252245,0.95801875417,0.249331858039,2.63455157397
C[T>G]A,0.27866560967,0.0744526438051,0.310573885587,0.0914703909605,0.0386300003018,0.059562115044,0.11061535651,0.0487504071668,0.304192230404
C[T>G]C,1.04802461041,0.2800065753,1.16802742839,0.344008078225,0.207202045013,0.22400526024,0.416009769017,0.252195960697,1.1440268648
C[T>G]G,0.704398361825,0.188198035602,0.785054662797,0.231214729454,0.228585869199,0.150558428482,0.279608510037,0.438315691277,0.768923402603
C[T>G]T,3.44477514603,0.920359771839,3.83921504824,1.13072771969,0.414528831481,0.736287817471,1.36739166102,0.450425049278,3.7603270678
G[T>G]A,0.00998296791676,0.0026672051686,0.0111260558462,0.00327685206428,0.00789333836657,0.00213376413488,0.00396270482192,0.112361594679,0.0108974382603
G[T>G]C,0.0789930644117,0.0211050172092,0.0880380717871,0.0259290211428,0.0428239872412,0.0168840137674,0.031356025568,0.140302825084,0.086229070312
G[T>G]G,0.231884439721,0.0619538579408,0.258436093125,0.0761147397559,0.127927174595,0.0495630863527,0.0920457317978,0.785988757753,0.253125762444
G[T>G]T,1.12175167236,0.299704645287,1.25019652034,0.368208564209,0.270995989744,0.239763716229,0.445275472997,0.73272387781,1.22450755074
T[T>G]A,0.273917831976,0.0731841535815,0.305282469225,0.0899119601144,0.0743613843945,0.0585473228652,0.108730742464,0.135323562529,0.299009541776
T[T>G]C,0.903313667654,0.24134334632,1.00674653036,0.296507539764,0.120517359899,0.193074677056,0.358567257389,0.235426433174,0.98605995782
T[T>G]G,0.456462142936,0.121955534372,0.508728800524,0.149831085086,0.126842141886,0.0975644274977,0.181191079639,0.281418685901,0.498275469006
T[T>G]T,6.38160198493,1.70500816391,7.11231976947,2.09472431566,0.639116212795,1.36400653113,2.53315498638,0.384519984864,6.96617621256
