,1,3,2,5,4,7,6,9,8
A[C>A]A,1.68071200288,0.705298786922,0.675286072585,1.0504450018,1.00542593029,1.38058485951,2.44603621848,2.89622693353,1.96583278908
A[C>A]C,1.02301563896,0.429301205634,0.411033069224,0.639384774349,0.611982569734,0.840334274859,1.48885311741,1.76287516356,1.19656293485
A[C>A]G,0.952239338609,0.399600436738,0.382596162834,0.595149586631,0.569643175775,0.782196599572,1.38584832315,1.64091243171,1.11377994069
A[C>A]T,1.29354123619,0.542825340189,0.519726389542,0.808463272622,0.773814846652,1.06255172973,1.88256447768,2.22904873737,1.51298126733
C[C>A]A,3.51692638367,1.475853036,1.41305077915,2.19807898979,2.10387560452,2.88890381516,5.11838393338,6.06041778615,4.11354782376
C[C>A]C,1.69308579158,0.710491358965,0.680257684115,1.05817861973,1.01282810746,1.39074904308,2.46404450024,2.91754962298,1.98030570265
C[C>A]G,1.14056989156,0.478632008067,0.458264688575,0.712856182228,0.68230520299,0.936896696642,1.65993653862,1.965446331,1.33405942674
C[C>A]T,1.18827706686,0.498651983414,0.477432750077,0.742673166787,0.710844316782,0.976084733492,1.72936751695,2.047656017,1.38985978356
G[C>A]A,3.42824694749,1.43863934403,1.37742064854,2.14265434218,2.05082629894,2.81605999258,4.9893236825,5.90760411487,4.00982455465
G[C>A]C,5.14555347926,2.15929476362,2.06740988006,3.21597092454,3.0781435992,4.22670464368,7.48861801,8.86689126337,6.01845987307
G[C>A]G,2.19505577746,0.921139478041,0.881942053444,1.37190986091,1.31311372402,1.80308153148,3.1945901047,3.78255147366,2.56743131114
G[C>A]T,2.81993786776,1.18336678379,1.13301075044,1.76246116735,1.68692711732,2.31637753424,4.10401671826,4.85935721856,3.29832018462
T[C>A]A,2.49452478013,1.04680950595,1.00226442059,1.55907798758,1.49226035954,2.04907392653,3.63042445679,4.29860073718,2.91770309104
T[C>A]C,3.39070095185,1.42288343515,1.36233520387,2.11918809491,2.02836574798,2.78521863902,4.93468084957,5.84290431882,3.96590914904
T[C>A]G,0.758855445538,0.318448267324,0.304897277225,0.474284653461,0.453958168313,0.623345544549,1.10440569306,1.30767054454,0.887589851477
T[C>A]T,2.60966957377,1.09512919614,1.04852795375,1.63104348361,1.56114162002,2.14365714989,3.79800125469,4.49701989052,3.05238137647
A[C>G]A,0.595516108748,0.249904081349,0.239269865122,0.372197567967,0.356246243626,0.489173946471,0.866688622552,1.02620186597,0.69654116291
A[C>G]C,0.427595661679,0.179437465169,0.171801828353,0.267247288549,0.255793833326,0.351239293522,0.622304400479,0.736838952715,0.500134211428
A[C>G]G,0.0320763022201,0.0134605911102,0.0128877999992,0.0200476888876,0.019188502221,0.0263483911094,0.0466824755525,0.0552743422186,0.0375178177753
A[C>G]T,0.249831585942,0.104840040529,0.100378762209,0.156144741214,0.149452823733,0.205218802738,0.363594183112,0.430513357918,0.292213729986
C[C>G]A,0.659996203724,0.276962692634,0.265177046139,0.412497627327,0.394819157585,0.542139738773,0.960530189348,1.13731488677,0.771959845427
C[C>G]C,0.779085231817,0.326937552637,0.313025316355,0.486928269886,0.466059915462,0.639962868992,1.13384725702,1.34253080126,0.9112514765
C[C>G]G,0.0837864421586,0.0351603819773,0.0336641955101,0.0523665263491,0.0501222466484,0.0688245774874,0.12193919707,0.144381994077,0.0980002135962
C[C>G]T,0.557276513617,0.233857108393,0.223905742078,0.348297821011,0.333370771539,0.457762850471,0.811036354639,0.960306849358,0.651814493606
G[C>G]A,0.264873021584,0.111152071558,0.106422196172,0.16554563849,0.158450825412,0.21757426773,0.385484843913,0.456432974695,0.309806837746
G[C>G]C,0.453284942672,0.190217788443,0.182123414467,0.28330308917,0.271161528206,0.37234120291,0.659691479068,0.781107088712,0.530181495447
G[C>G]G,0.263678610462,0.110650845462,0.105942298846,0.164799131539,0.157736311616,0.216593144308,0.383746549155,0.454374748386,0.308409803308
G[C>G]T,0.184826053221,0.0775609330482,0.0742604678121,0.115516283263,0.110565585409,0.15182140086,0.268987916742,0.318494895283,0.216180472964
T[C>G]A,2.61690148544,1.09816401621,1.05143363254,1.6355634284,1.5654678529,2.14959764875,3.80852626898,4.50948202401,3.06084013029
T[C>G]C,0.683649608914,0.286888675169,0.274680646439,0.427281005571,0.408968962476,0.561569321608,0.994954341545,1.1780747725,0.799625881855
T[C>G]G,0.170015346275,0.0713457256689,0.0683097373426,0.106259591422,0.101705608932,0.139655463011,0.247433048596,0.292972873491,0.198857235375
T[C>G]T,3.44251166087,1.44462542912,1.3831520066,2.15156978805,2.05935965427,2.82777743572,5.01008393502,5.93218527275,4.02650917477
A[C>T]A,0.852585059405,0.357781230286,0.342556497082,0.532865662128,0.510028562323,0.700337727369,1.2408157561,1.46918675415,0.99722002484
A[C>T]C,0.960402978966,0.403026250102,0.385876196906,0.600251861854,0.57452678206,0.788902447008,1.39772933546,1.6549801334,1.12332848433
A[C>T]G,0.49075091815,0.205940117438,0.197176708185,0.306719323844,0.293574209965,0.403116825623,0.714217854094,0.845668992884,0.574003306051
A[C>T]T,0.5773997966,0.242301700359,0.231990989706,0.360874872875,0.345408806895,0.474292690065,0.840322918267,0.99498357807,0.675351547809
C[C>T]A,1.96963456133,0.826543074845,0.791371029107,1.23102160083,1.17826353223,1.61791410395,2.86652172765,3.39410241372,2.30376899584
C[C>T]C,1.9685144286,0.826073019143,0.790920975776,1.23032151787,1.17759345282,1.61699399492,2.86489153448,3.39217218499,2.30245884059
C[C>T]G,0.773121041029,0.324434722575,0.310628989699,0.483200650643,0.46249205133,0.635063712274,1.12516722936,1.33225322249,0.904275503347
C[C>T]T,1.96987883939,0.826645584386,0.79146917654,1.23117427462,1.17840966285,1.61811476093,2.86687723947,3.39452335716,2.30405471393
G[C>T]A,1.65955560467,0.696420655531,0.666785734019,1.03722225292,0.992769870651,1.36320638955,2.41524610323,2.8597699259,1.94108735903
G[C>T]C,1.86355123373,0.782025964155,0.748748263553,1.16471952108,1.11480297018,1.53077422771,2.71213259909,3.21129810813,2.17968938945
G[C>T]G,0.854778212058,0.358701571132,0.343437674488,0.534236382536,0.511340537571,0.702139245619,1.24400757648,1.47296602614,0.999785230175
G[C>T]T,1.61853520935,0.679206739637,0.650304325184,1.01158450584,0.968230884163,1.32951106482,2.35554677789,2.78908299468,1.89310814665
T[C>T]A,13.8713803971,5.82102570236,5.57332248099,8.6696127482,8.29805791613,11.3943481833,20.1878125422,23.9033608629,16.2245610002
T[C>T]C,5.54421586462,2.32659058605,2.22758673132,3.46513491539,3.3166291333,4.55417731737,8.06881416012,9.553871981,6.48475248451
T[C>T]G,2.53238396789,1.06269684367,1.01747570138,1.58273997993,1.5149082665,2.08017254505,3.68552309612,4.36384023038,2.96198481958
T[C>T]T,7.3298458036,3.07591743544,2.9450273318,4.58115362725,4.38481847179,6.02094476724,10.6675434463,12.6308950008,8.57330178814
A[T>A]A,0.111937139501,0.0469736210406,0.0449747435495,0.0699607121882,0.0669623959515,0.0919483645901,0.162908515524,0.19289167789,0.130926475666
A[T>A]C,0.065629090129,0.0275407788934,0.0263688308554,0.0410181813306,0.0392602592736,0.0539096097488,0.0955137650985,0.113092985669,0.0767625964902
A[T>A]G,0.373312471831,0.156657912286,0.149991618146,0.233320294894,0.223320853685,0.306649530432,0.543302972397,0.643297384494,0.436642266159
A[T>A]T,0.125107623671,0.0525005206477,0.0502664559393,0.0781922647944,0.0748411677318,0.102766976587,0.182076273736,0.215587244362,0.146331238401
C[T>A]A,0.162636488055,0.0682492405231,0.0653450175222,0.101647805034,0.097291470533,0.133594258045,0.23669417458,0.280257519595,0.190226606564
C[T>A]C,0.395927682519,0.166148223914,0.159078086727,0.247454801575,0.236849595793,0.325226310641,0.576216180809,0.682268238627,0.463093985804
C[T>A]G,0.477132215244,0.20022512604,0.191704907911,0.298207634528,0.285427307334,0.39193003395,0.694397777543,0.822201049483,0.558074287473
C[T>A]T,0.558553024863,0.234392787219,0.224418626061,0.349095640539,0.334134398802,0.45881141328,0.812894134398,0.962506551772,0.653307555866
G[T>A]A,0.127425256399,0.0534730986674,0.0511976476603,0.0796407852494,0.0762276087387,0.104670746328,0.185449257081,0.219581022188,0.149042040967
G[T>A]C,0.290947693345,0.122094121314,0.11689862679,0.181842308341,0.174049066554,0.238992748105,0.423432803707,0.501365221567,0.340304891323
G[T>A]G,0.0836574150175,0.0351062366591,0.0336123542481,0.0522858843859,0.0500450607694,0.0687185909072,0.121751416499,0.144159652664,0.0978492979222
G[T>A]T,0.099646719266,0.0418160339777,0.0400366282765,0.0622791995412,0.0596100909895,0.0818526622542,0.145021564646,0.171712650164,0.116551073427
T[T>A]A,0.0643266460089,0.0269942175216,0.0258455274143,0.0402041537556,0.0384811185946,0.0528397449359,0.0936182437451,0.110848595355,0.0752392020283
T[T>A]C,0.495165024641,0.207792465697,0.198950233115,0.3094781404,0.296214791526,0.406742698812,0.720641955504,0.853275444247,0.579166234178
T[T>A]G,0.560882048593,0.235370145392,0.225354394524,0.350551280371,0.335527654069,0.460724539916,0.816283695721,0.966519958737,0.656031681837
T[T>A]T,0.215859684573,0.090583974776,0.0867293375515,0.134912302858,0.129130347021,0.177313312327,0.314152933798,0.371972492165,0.252478738205
A[T>C]A,0.330082222113,0.138516646779,0.132622321385,0.20630138882,0.197459900728,0.271138968164,0.480387519682,0.568802400605,0.386078313364
A[T>C]C,0.196081510835,0.0822842054397,0.078782749889,0.122550944272,0.117298760946,0.161066955329,0.285368627376,0.337890460635,0.229345338566
A[T>C]G,0.263701649044,0.110660513438,0.10595155542,0.164813530653,0.157750093625,0.216612068858,0.38378007852,0.4544144488,0.308436750222
A[T>C]T,0.459137508808,0.192673776018,0.184474891932,0.286960943005,0.274662616876,0.37714866795,0.668209052998,0.791192314286,0.537026907624
C[T>C]A,0.307451968887,0.129020022658,0.123529808928,0.192157480554,0.183922159959,0.252549831586,0.447452419005,0.529805624957,0.359608999323
C[T>C]C,0.893893702,0.375116107089,0.359153719554,0.55868356375,0.534739982446,0.734269826643,1.30093458416,1.5403703972,1.04553638359
C[T>C]G,0.544307660208,0.228414821694,0.218695042048,0.34019228763,0.32561261816,0.447109863742,0.792162041196,0.937958735894,0.63664556685
C[T>C]T,1.16058204041,0.487029963385,0.466305284092,0.725363775255,0.694276756315,0.953335247478,1.68906136238,1.99993155177,1.35746649369
G[T>C]A,0.0910193859067,0.0381956351573,0.0365702889804,0.0568871161917,0.0544490969263,0.0747659241376,0.132465713418,0.156845906071,0.106460174587
G[T>C]C,0.480967954048,0.201834766431,0.193246052966,0.30060497128,0.287721901082,0.395080819396,0.699980147409,0.828810849386,0.562560731966
G[T>C]G,0.166925112718,0.0700489312301,0.0670681256458,0.104328195449,0.0998569870726,0.137117056876,0.242935655117,0.287647738881,0.195242765769
G[T>C]T,0.406236379985,0.170474195172,0.163219974101,0.253897737491,0.243016405884,0.333694169273,0.5912190173,0.700032333367,0.475151480161
T[T>C]A,0.179647130779,0.0753876352376,0.0721796507594,0.112279456737,0.10746748002,0.147567285997,0.261450734973,0.309570502146,0.210122983322
T[T>C]C,0.479042370288,0.20102670896,0.192472380919,0.29940148143,0.286569989369,0.39349908988,0.69717773533,0.825492655943,0.560308486676
T[T>C]G,0.21861719526,0.0917411444394,0.0878372659526,0.136635747037,0.130779929307,0.179578410392,0.318166096673,0.376724273975,0.255704040884
T[T>C]T,0.236122137452,0.0990869683949,0.0948705016547,0.147576335907,0.141251635797,0.19395747005,0.343642039327,0.40688904043,0.276178571484
A[T>G]A,0.0547531275966,0.0229767589021,0.0219990244808,0.0342207047479,0.0327541031158,0.0449757833829,0.0796853553414,0.094351371662,0.0640416045996
A[T>G]C,0.246096296466,0.103272552981,0.0988779762585,0.153810185291,0.147218320207,0.20215052924,0.358158002892,0.424076653731,0.28784477533
A[T>G]G,0.154573708828,0.0648657528117,0.0621055080112,0.0966085680174,0.0924682008166,0.126971260823,0.22495995124,0.266363623248,0.180796034432
A[T>G]T,0.910327888108,0.382012595903,0.365756740758,0.568954930068,0.54457114735,0.74776933666,1.3248521943,1.56869002147,1.06475851198
C[T>G]A,0.0720254382277,0.0302249606849,0.0289387921451,0.0450158988923,0.0430866460827,0.0591637528299,0.104822735992,0.124115264089,0.0842440393556
C[T>G]C,0.535009345128,0.224512850187,0.214959111882,0.334380840705,0.320050233246,0.439471962069,0.778629671927,0.921935746514,0.625769859033
C[T>G]G,0.3124055143,0.131098742608,0.12552007271,0.195253446437,0.18688544159,0.256618815317,0.454661596704,0.538341645177,0.365402878333
C[T>G]T,3.45996449602,1.45194938672,1.39016430644,2.16247781001,2.06980018959,2.84211369316,5.03548404332,5.96226024761,4.04692275874
G[T>G]A,0.017785960947,0.00746375146881,0.00714614502333,0.0111162255918,0.0106398159236,0.0146098964921,0.0258849253067,0.0306490219889,0.020803222179
G[T>G]C,0.143066718431,0.0600369264844,0.0574821636553,0.0894166990193,0.0855845547756,0.11751909014,0.208213170573,0.24653461301,0.167336965308
G[T>G]G,0.291769172464,0.122438849159,0.117228685365,0.18235573279,0.174540487099,0.239667534524,0.424628349212,0.502780806122,0.341265728507
G[T>G]T,0.8940231078,0.375170411309,0.359205712955,0.558764442375,0.534817394844,0.734376124264,1.30112291582,1.54059339112,1.04568774216
T[T>G]A,0.0798810189124,0.0335214990079,0.0320950522416,0.0499256368203,0.0477859666708,0.0656165512495,0.116255411453,0.137652112947,0.0934322631922
T[T>G]C,0.317698096638,0.133319736982,0.127646556685,0.198561310398,0.190051539953,0.260966293667,0.462364194214,0.54746189867,0.37159330946
T[T>G]G,0.219007522825,0.0919049426142,0.0879940939923,0.136879701766,0.131013428833,0.179899036606,0.318734162683,0.377396892011,0.256160584733
T[T>G]T,2.03729956534,0.854938210457,0.818557861076,1.27331222834,1.21874170427,1.67349607153,2.96499847456,3.51070371528,2.38291288447
