,1,3,2,5,4,7,6,9,8
A[C>A]A,0.309945438295,0.887951796195,0.552502514395,0.728790625179,0.351829956983,2.45373225552,0.956539692829,2.39828067912,1.92694227976
A[C>A]C,0.261457532411,0.749040498259,0.484700798832,0.614778522156,0.296789631385,1.61915788933,0.631197143298,1.58256675059,1.27154207128
A[C>A]G,0.0504923841781,0.144653857375,0.1351467009,0.11872533577,0.0573156793373,0.390977448152,0.152414937415,0.382141799606,0.307038786967
A[C>A]T,0.234926074121,0.673031455591,0.410840413893,0.552393741853,0.266672840895,1.61880113229,0.631058068521,1.58221805586,1.27126190615
C[C>A]A,0.335031356735,0.959819562538,0.71192939023,0.787776433404,0.380305864402,3.01049684283,1.173583515,2.94246301587,2.36417548674
C[C>A]C,0.251640354069,0.720915608953,0.914912981131,0.591694886594,0.285645807321,1.90978618091,0.744492917983,1.86662717118,1.4997755884
C[C>A]G,0.0592782145332,0.169824074068,0.173699744573,0.139383909848,0.0672887840648,0.615861938343,0.240081772574,0.601944154426,0.483642991128
C[C>A]T,0.457532326439,1.31076828656,1.12035288688,1.07581925406,0.519361019201,3.39981600555,1.32535200216,3.32298400543,2.66991200436
G[C>A]A,0.302795545021,0.867468318168,0.450357809203,0.711978713968,0.343713861916,3.18031509737,1.23978385152,3.10844356974,2.49753558494
G[C>A]C,0.288993218323,0.827926517359,0.512291192789,0.679524594436,0.328046355935,1.73337667374,0.6757231101,1.69420431953,1.36123930875
G[C>A]G,0.0596612992671,0.170921560063,0.175010231563,0.140284676655,0.0677236370059,0.518764235086,0.202230125542,0.507040749547,0.407391122469
G[C>A]T,0.290987324999,0.833639363511,0.535358294826,0.684213439863,0.330309936485,2.47871959162,0.966280518769,2.42270332967,1.94656510303
T[C>A]A,0.310719375223,0.890169020909,0.669843846783,0.730610422822,0.352708479983,3.41415388592,1.33094134536,3.3369978659,2.68117169573
T[C>A]C,0.246989437573,0.707591361696,0.702982477385,0.580758947807,0.280366388597,2.23319427852,0.870567261116,2.1827266112,1.75375143906
T[C>A]G,0.0451705193852,0.129407433914,0.138161772614,0.106211761798,0.0512746436264,0.562826750554,0.219407038351,0.550107501953,0.441993888853
T[C>A]T,0.853867249245,2.44621428162,0.750413530125,2.00774191039,0.969254715359,12.1462183184,4.73496646312,11.871727509,9.53855562861
A[C>G]A,0.099162126819,0.284086093049,0.2274660668,0.233165000899,0.112562414227,0.839573094154,0.327291206196,0.820599690896,0.659325763205
A[C>G]C,0.0553691111439,0.158625021115,0.117781912338,0.130192234311,0.0628514234606,0.443157205782,0.172756198864,0.433142353674,0.348016110756
A[C>G]G,0.0137179858331,0.03930017563,0.047231367178,0.0322558045265,0.0155717677025,0.132738946973,0.0517456911927,0.129739196759,0.104241319939
A[C>G]T,0.0881015444653,0.252399019279,0.226410469235,0.207157685635,0.100007158582,0.710875997515,0.277121151574,0.694811003221,0.558258551721
C[C>G]A,0.084578314424,0.242305441323,0.164853425438,0.198873333916,0.0960078163732,0.575424851342,0.224318162388,0.5624208999,0.451887312636
C[C>G]C,0.0714546863396,0.204708020324,0.174842050134,0.168015073285,0.0811107250342,0.563068677929,0.219501349023,0.550343962044,0.442183877018
C[C>G]G,0.01707622833,0.0489210865669,0.0834856637955,0.0401522125597,0.0193838267529,0.23602876233,0.0920112124338,0.230694779001,0.1853559207
C[C>G]T,0.0734540865755,0.210436031811,0.187663510098,0.172716365732,0.0833803144911,0.667717406097,0.260296615936,0.652627747202,0.524365646596
G[C>G]A,0.0580962586877,0.166437930294,0.13032781515,0.136604716374,0.0659471044563,0.37621034631,0.146658270595,0.36770841758,0.295442023373
G[C>G]C,0.0609720416482,0.174676659857,0.160172517337,0.143366692524,0.0692115067358,0.381846437845,0.148855391024,0.373217139815,0.299868106556
G[C>G]G,0.0112732083082,0.0322962183965,0.046890644665,0.0265072735896,0.0127966148363,0.102000419897,0.039762875553,0.0996953256619,0.0801020246648
G[C>G]T,0.0615654613164,0.176376727015,0.145010641278,0.144762030663,0.069885118251,0.488707613926,0.190513137632,0.477663374064,0.38378733523
T[C>G]A,0.0926857403102,0.265532120889,0.455055097148,0.217936740729,0.105210840352,0.430432381375,0.167795674095,0.42070509592,0.338023169554
T[C>G]C,0.0714767891118,0.20477134178,0.210243028487,0.168067044668,0.0811358146675,0.597199996332,0.232806778231,0.583703951217,0.468987567741
T[C>G]G,0.0116398731646,0.0333466636608,0.0551104098584,0.0273694314952,0.0132128289977,0.131979329632,0.0514495691785,0.128996745911,0.103644784287
T[C>G]T,0.153376520262,0.439403003992,0.912671701313,0.360642088183,0.174103077054,0.810434091065,0.315931933805,0.792119196352,0.636442591288
A[C>T]A,0.51534415581,1.47639136529,1.75250026362,1.21175517718,0.584985257947,1.86269791803,0.726136476519,1.82060304982,1.46279667009
A[C>T]C,0.81799389785,2.34344197762,4.87226338614,1.92339105711,0.928533613775,1.22451342344,0.477352690494,1.1968408037,0.961623535923
A[C>T]G,0.6745497151,1.93249377839,1.80735330733,1.58610338415,0.765705082005,2.27332135594,0.886210020113,2.22194686202,1.78526366371
A[C>T]T,0.491293492073,1.40748946378,2.20170755128,1.1552036165,0.557684504515,1.32300662084,0.515748343718,1.29310816613,1.03897130111
C[C>T]A,0.785344712047,2.24990647235,6.4322578428,1.84662134995,0.891472375837,1.90526804019,0.742731608889,1.86221113533,1.49622744399
C[C>T]C,1.53753581455,4.40483233357,12.9142038789,3.61528691529,1.74531092462,1.49902252319,0.584364712429,1.46514630797,1.17719847866
C[C>T]G,0.525456419874,1.50536163532,2.68591183825,1.23553266295,0.596464044182,2.01096617318,0.783935965814,1.96552060994,1.57923332244
C[C>T]T,1.36091734275,3.89884427924,11.2361449099,3.19999483296,1.54482509177,1.78985961686,0.697741884539,1.74941081196,1.4055959703
G[C>T]A,0.691335635466,1.98058317187,3.66238939576,1.62557298069,0.784759369988,1.61734142029,0.630489028248,1.58079133169,1.27011557864
G[C>T]C,1.54223501507,4.41829490803,9.78028243947,3.62633638678,1.75064515224,1.88870746217,0.736275790337,1.84602480766,1.4832222443
G[C>T]G,0.759982221947,2.17724636558,2.68789766244,1.78698522458,0.862682522211,2.00814069985,0.782834510112,1.96275898912,1.57701444791
G[C>T]T,1.08038102361,3.09514563522,6.99990759722,2.54035537985,1.22637845924,1.96305533058,0.765258857683,1.91869249825,1.54160842345
T[C>T]A,0.627228845034,1.79692588037,9.57501783855,1.47483539238,0.711989499768,1.24283615485,0.484495450194,1.21474946208,0.97601257358
T[C>T]C,0.9988144398,2.8614683951,14.1952049916,2.34856368277,1.1337893641,1.79834123065,0.701048276356,1.75770075086,1.41225667266
T[C>T]G,0.765793179683,2.19389397423,4.82650315839,1.8006488279,0.869278744506,6.89958648857,2.6896693091,6.74366363007,5.41831933283
T[C>T]T,0.608674891401,1.7437713105,6.86220173058,1.43120852843,0.690928255104,2.23472842386,0.871165317774,2.18422608659,1.75495621986
A[T>A]A,0.447361120427,1.28162915582,0.692469899519,1.05190317506,0.50781532589,3.19875120925,1.24697081039,3.12646304633,2.5120136615
A[T>A]C,0.2278022795,0.652622746676,0.269263847464,0.535643197743,0.258586371324,1.18265074109,0.461033339746,1.15592417067,0.928748322098
A[T>A]G,0.227168545163,0.650807183441,0.229087247876,0.534153065654,0.257866997212,3.86215957989,1.50558763284,3.7748791374,3.03299537629
A[T>A]T,0.271870858565,0.778873270483,0.372184456573,0.639263910679,0.308610163776,1.86951310998,0.728793246264,1.82726422614,1.46814871349
C[T>A]A,0.776668433079,2.22505010558,1.38092271582,1.82622036967,0.881623626739,4.7556818084,1.85390985751,4.64820877319,3.73468797383
C[T>A]C,0.357992341887,1.02559968216,0.318336646413,0.841765776869,0.406369685385,3.27182692234,1.27545795277,3.19788733087,2.56940080342
C[T>A]G,0.656216432557,1.87997140138,0.380384245474,1.54299539547,0.744894328848,11.5022619477,4.48393262368,11.2423238246,9.03284977813
C[T>A]T,0.399197674648,1.14364739224,0.331634339447,0.938653991741,0.453143306358,4.18861812197,1.63285113229,4.09396008532,3.28936677375
G[T>A]A,0.399515083769,1.14455672647,0.50488761808,0.939400332106,0.453503608603,3.40507453479,1.32740193729,3.32812369785,2.67404158382
G[T>A]C,0.133804470533,0.383331726393,0.141018926301,0.314621322605,0.15188615574,0.86028741136,0.335366279005,0.84084588794,0.675592938865
G[T>A]G,0.25461568468,0.729439529083,0.195680819899,0.598690934248,0.289023209637,3.33161173413,1.29876389635,3.25632107347,2.61635045787
G[T>A]T,0.192895531715,0.552619631399,0.234627749062,0.453565169167,0.21896249546,1.26896535415,0.494681409246,1.24028817101,0.996532114278
T[T>A]A,0.287132005739,0.822594394821,0.373762298537,0.675148229712,0.325933628137,2.97850213969,1.16111100361,2.91119135688,2.33904970292
T[T>A]C,0.215086983177,0.616195140993,0.216590666459,0.505745068551,0.244152791714,1.68610333369,0.657294519914,1.64799930355,1.32411504736
T[T>A]G,0.207932840377,0.595699488648,0.193095257246,0.488923165211,0.236031872861,3.87925004191,1.51225001634,3.7915833743,3.04641669958
T[T>A]T,0.313479537743,0.898076513534,0.427228111473,0.737100534693,0.355841637438,2.19912345869,0.857285416098,2.14942575341,1.72699525852
A[T>C]A,0.637542073208,1.82647188541,0.499478968528,1.49908541538,0.723696407426,3.2741408024,1.27635997382,3.20014891986,2.57121791827
A[T>C]C,0.348184598148,0.997501821722,0.237316917723,0.818704325376,0.395236570871,1.30239641376,0.50771385621,1.27296372644,1.02278588425
A[T>C]G,0.588609760874,1.68628742305,0.559419365233,1.38402835665,0.668151620452,2.61042554078,1.0176235159,2.5514328732,2.04999519869
A[T>C]T,0.483246880917,1.38443701019,0.422362576154,1.13628320648,0.548550513473,2.19047112655,0.853912473061,2.1409689542,1.72020048921
C[T>C]A,0.459384482715,1.316074464,0.283441499018,1.08017432422,0.521463466866,1.31023284608,0.510768736607,1.28062306425,1.02893991867
C[T>C]C,0.498906912817,1.42930088537,0.271642394004,1.17310544365,0.5663267659,1.24139692317,0.48393439378,1.21334275542,0.974882329498
C[T>C]G,0.66502715586,1.90521293301,0.511895147161,1.56371250162,0.754895690436,2.0995638363,0.818474037878,2.05211606598,1.64881001833
C[T>C]T,0.290286107318,0.831630469615,0.403649014176,0.682564630722,0.329513959659,1.59270936579,0.620886701917,1.55671593379,1.25077176183
G[T>C]A,0.845049998273,2.42095404911,0.518308938697,1.9870094554,0.959245943985,1.75325821979,0.683473543307,1.7136365651,1.37685250029
G[T>C]C,0.441215904526,1.2640239427,0.432690412736,1.03745361335,0.500839675408,1.03697110439,0.404242972898,1.01353672915,0.814344539605
G[T>C]G,0.474144459494,1.35835980288,0.416202555763,1.11488021557,0.538218035102,1.5263220019,0.595006882095,1.49182884931,1.19863705234
G[T>C]T,0.555929021561,1.59266152123,0.742297882751,1.3071844561,0.631054565016,1.68683050238,0.657577992453,1.64871003905,1.32468610074
T[T>C]A,0.370047662066,1.06013654538,0.327562665262,0.870112070264,0.420054102886,1.55861693202,0.607596431126,1.5233939505,1.22399860763
T[T>C]C,0.521663582767,1.49449566955,0.29458227586,1.22661437029,0.592158661519,1.42527424431,0.555615383377,1.39306465687,1.11928316361
T[T>C]G,0.294512235139,0.843737754721,0.331728391451,0.692501742083,0.334311185833,1.18340969807,0.461329204334,1.15666597608,0.929344339166
T[T>C]T,0.389887840942,1.11697597675,0.288159463761,0.916763301675,0.442575387015,1.74153518542,0.678903546858,1.70217845807,1.36764627556
A[T>G]A,0.0814829348172,0.233437597044,0.0436198734975,0.191595008894,0.0924941422249,0.741085853404,0.288897875056,0.724338150503,0.581982675837
A[T>G]C,0.110800655587,0.317428905195,0.0360384796407,0.260531271245,0.125773717153,0.274580532081,0.107039868438,0.268375322317,0.215631039318
A[T>G]G,0.11526592828,0.330221308046,0.122238980367,0.271030696226,0.130842405075,0.579435731046,0.225881725662,0.566341138254,0.455037099522
A[T>G]T,0.534615690106,1.53160170679,0.100458054493,1.25706932539,0.606861053634,0.800437762618,0.312035060004,0.782348773632,0.628592367254
C[T>G]A,0.0763434044415,0.218713537049,0.0213768820114,0.1795101672,0.0866600807174,0.47673323474,0.185845159305,0.465959602316,0.374383726717
C[T>G]C,0.251809935997,0.721401438262,0.130963351558,0.59209363329,0.285838305726,0.484229401518,0.188767393812,0.473286364195,0.380270546954
C[T>G]G,0.234308136104,0.671261146677,0.181771017447,0.550940752462,0.26597139774,1.17765661357,0.459086476477,1.15104290479,0.924826380149
C[T>G]T,0.804067321387,2.30354421803,0.234123660153,1.89064478272,0.91272506752,1.86088262602,0.725428820314,1.81882878137,1.46137110179
G[T>G]A,0.0247452402364,0.0708917693258,0.0211276965453,0.0581847540693,0.0280891916196,0.259334607908,0.101096542066,0.253473938803,0.203658251408
G[T>G]C,0.0288763695361,0.0827268965089,0.040542134023,0.0678984905309,0.0327785816356,0.125381274059,0.0488774458195,0.122547798939,0.0984632604189
G[T>G]G,0.109961085054,0.315023649073,0.233170847677,0.258557145938,0.124820691142,0.734178813618,0.286205300224,0.717587202011,0.57655850335
G[T>G]T,0.295624724497,0.846924886397,0.207478265046,0.695117595439,0.335574011591,0.653215281822,0.254643245456,0.638453354549,0.51297697273
T[T>G]A,0.0929774071313,0.266367706917,0.076270958197,0.218622551903,0.105541921608,1.07446880399,0.418860720198,1.05018702311,0.843791885617
T[T>G]C,0.222392120201,0.637123371387,0.109179689711,0.522922012364,0.252445109417,0.60641471691,0.236398957439,0.592710429522,0.476223986726
T[T>G]G,0.161714054102,0.463288911752,0.16150574271,0.380246559646,0.183567304657,0.735185887509,0.286597888351,0.718571517169,0.577349369286
T[T>G]T,1.45626806376,4.1720112097,0.202752354369,3.42419787966,1.65306104535,3.12785570184,1.21933357868,3.05716969728,2.4563386585
