,1,3,2,5,4,7,6,9,8
A[C>A]A,7,4,3,5,3,1,8,6,5
A[C>A]C,6,3,2,4,2,1,6,5,4
A[C>A]G,2,1,1,1,1,0,2,2,1
A[C>A]T,3,2,1,2,1,0,3,3,2
C[C>A]A,6,3,2,4,3,1,7,5,4
C[C>A]C,4,2,1,3,2,1,4,3,2
C[C>A]G,2,1,1,1,1,0,2,2,1
C[C>A]T,5,2,2,3,2,1,5,4,3
G[C>A]A,9,4,3,5,3,2,9,8,6
G[C>A]C,9,4,3,6,4,2,9,7,6
G[C>A]G,2,1,1,2,1,0,3,2,2
G[C>A]T,7,3,2,4,3,1,7,6,4
T[C>A]A,4,2,1,3,1,1,4,3,2
T[C>A]C,5,2,2,3,2,1,5,4,3
T[C>A]G,2,1,1,1,1,0,2,1,1
T[C>A]T,5,2,2,3,2,1,5,4,3
A[C>G]A,1,1,0,1,0,0,1,1,1
A[C>G]C,0,0,0,0,0,0,1,0,0
A[C>G]G,0,0,0,0,0,0,0,0,0
A[C>G]T,1,0,0,1,0,0,1,1,0
C[C>G]A,1,0,0,0,0,0,1,1,0
C[C>G]C,1,0,0,0,0,0,0,1,0
C[C>G]G,0,0,0,0,0,0,0,0,0
C[C>G]T,0,0,0,0,0,0,0,0,0
G[C>G]A,0,0,0,0,0,0,0,0,0
G[C>G]C,1,0,0,0,0,0,0,0,0
G[C>G]G,0,0,0,0,0,0,0,0,0
G[C>G]T,1,0,0,0,0,0,1,1,0
T[C>G]A,2,1,1,1,1,0,2,1,1
T[C>G]C,1,0,0,0,0,0,1,1,0
T[C>G]G,0,0,0,0,0,0,0,0,0
T[C>G]T,2,1,1,1,1,0,2,2,1
A[C>T]A,2,1,1,1,1,0,2,2,1
A[C>T]C,2,1,1,2,1,0,2,2,1
A[C>T]G,4,2,1,3,2,1,4,3,2
A[C>T]T,1,1,0,1,0,0,1,1,1
C[C>T]A,3,2,1,2,1,1,3,3,2
C[C>T]C,3,2,1,2,2,1,3,3,2
C[C>T]G,3,1,1,2,1,0,3,2,2
C[C>T]T,3,1,1,2,1,0,3,2,2
G[C>T]A,2,1,1,2,1,0,2,2,2
G[C>T]C,2,1,1,2,1,0,3,2,1
G[C>T]G,2,1,1,2,1,1,2,2,2
G[C>T]T,2,1,1,1,1,0,2,2,1
T[C>T]A,6,3,2,4,2,1,6,5,4
T[C>T]C,4,2,2,3,2,1,4,4,3
T[C>T]G,3,1,1,2,1,1,3,3,2
T[C>T]T,4,2,1,3,2,1,4,3,3
A[T>A]A,1,0,0,0,0,0,1,1,0
A[T>A]C,1,0,0,0,0,0,1,1,1
A[T>A]G,1,0,0,1,0,0,1,1,1
A[T>A]T,1,0,0,1,0,0,1,1,1
C[T>A]A,1,0,0,1,0,0,1,1,1
C[T>A]C,1,1,0,0,0,0,1,1,0
C[T>A]G,2,1,1,2,1,1,2,2,1
C[T>A]T,1,1,0,1,0,0,1,1,1
G[T>A]A,1,0,0,1,1,0,1,1,1
G[T>A]C,0,0,0,0,0,0,0,0,0
G[T>A]G,1,1,0,1,0,0,1,1,1
G[T>A]T,0,0,0,0,0,0,0,0,0
T[T>A]A,1,0,0,0,0,0,1,1,1
T[T>A]C,1,0,0,0,0,0,1,1,0
T[T>A]G,1,0,0,0,0,0,1,1,1
T[T>A]T,1,0,0,0,0,0,0,0,0
A[T>C]A,3,1,1,1,1,0,3,2,2
A[T>C]C,1,1,0,1,0,0,1,1,1
A[T>C]G,3,1,1,2,1,0,2,2,2
A[T>C]T,2,1,1,1,1,0,2,1,1
C[T>C]A,1,1,0,1,0,0,1,0,0
C[T>C]C,1,0,0,1,0,0,1,1,0
C[T>C]G,2,1,1,1,0,0,1,1,1
C[T>C]T,1,1,0,1,0,0,1,1,1
G[T>C]A,2,1,1,1,1,0,2,2,1
G[T>C]C,1,1,0,1,1,0,2,1,1
G[T>C]G,2,1,1,1,1,0,2,1,1
G[T>C]T,2,1,1,1,1,1,2,2,1
T[T>C]A,2,1,1,1,1,0,2,2,1
T[T>C]C,1,0,0,1,1,0,1,1,1
T[T>C]G,1,0,0,0,0,0,1,1,0
T[T>C]T,1,1,0,1,1,0,1,1,1
A[T>G]A,0,0,0,0,0,0,0,0,0
A[T>G]C,0,0,0,0,0,0,0,0,0
A[T>G]G,1,0,0,0,0,0,1,0,0
A[T>G]T,0,0,0,0,0,0,0,0,0
C[T>G]A,0,0,0,0,0,0,0,0,0
C[T>G]C,0,0,0,0,0,0,0,0,0
C[T>G]G,1,0,0,0,0,0,1,1,1
C[T>G]T,1,0,0,0,0,0,1,0,0
G[T>G]A,0,0,0,0,0,0,0,0,0
G[T>G]C,0,0,0,0,0,0,0,0,0
G[T>G]G,1,0,0,0,0,0,0,1,0
G[T>G]T,1,0,0,1,0,0,1,1,0
T[T>G]A,0,0,0,0,0,0,0,0,0
T[T>G]C,0,0,0,0,0,0,0,0,0
T[T>G]G,0,0,0,0,0,0,0,0,0
T[T>G]T,1,0,0,1,1,0,1,1,0
