,1,3,2,5,4,7,6,9,8
A[C>A]A,2.68841999577,0.483311459913,2.96028269197,1.04214033544,0.755174156114,0.891105504214,0.407794044301,2.15418470567,1.14786471729
A[C>A]C,1.90548095504,0.34255837394,2.09817004038,0.738641493809,0.535247459282,0.631592001952,0.289033628012,1.76786475996,0.813576138108
A[C>A]G,1.28886082938,0.231705317641,1.41919507055,0.499614591164,0.362039558815,0.427206679401,0.19550136176,0.819309990142,0.550300129398
A[C>A]T,2.15375888738,0.387192608967,2.37155472993,0.834884063086,0.604988451511,0.713886372784,0.326693763816,1.49055116092,0.919582446297
C[C>A]A,4.6124745556,0.829208908871,5.07890456684,1.78798170975,1.29563892011,1.52885392573,0.69964501686,2.72552449982,1.96937115857
C[C>A]C,2.66118734504,0.478415702479,2.93029617769,1.03158385847,0.747524535124,0.882078951447,0.403663248967,3.00998184296,1.13623729339
C[C>A]G,1.39877825144,0.251465753068,1.54022773754,0.542223030054,0.392915239169,0.46363998222,0.212174229152,0.493160619845,0.597231163538
C[C>A]T,2.6634556993,0.478823496504,2.93279391608,1.03246316434,0.748161713287,0.882830821679,0.404007325175,2.60305005543,1.1372058042
G[C>A]A,4.17966919723,0.751401203997,4.60233237448,1.62020884612,1.17406438125,1.38539596987,0.633994765872,2.41409961913,1.78457785949
G[C>A]C,7.07967064754,1.27274977933,7.79559239842,2.74436671169,1.98867153021,2.34663240565,1.07388262631,2.28510551772,3.02278072592
G[C>A]G,2.67262519678,0.480471945489,2.94289066612,1.03601763246,0.750737414826,0.885870149495,0.405398204006,1.05379530744,1.14112087054
G[C>A]T,4.01614270531,0.722003182977,4.42226949573,1.55681936329,1.1281299734,1.33119336861,0.609190185637,1.8973431701,1.71475755957
T[C>A]A,3.15314053455,0.566856725312,3.47199744254,1.22228481396,0.885713633301,1.04514208729,0.478285361982,2.91932969832,1.34628472262
T[C>A]C,4.33818712358,0.779898808733,4.77688020349,1.68165680633,1.21859188865,1.4379384286,0.658039619868,3.10408108183,1.85225967074
T[C>A]G,0.880415819112,0.158277001189,0.969446632281,0.341284783813,0.247307814357,0.291823220942,0.133546219753,0.642886423038,0.375907877823
T[C>A]T,3.7502197583,0.674196810481,4.1294554642,1.4537368726,1.05343251638,1.24305036932,0.568853558844,3.87590466182,1.60121742489
A[C>G]A,1.04995613274,0.188756158694,1.156131472,0.407005467184,0.29493149796,0.348019167592,0.159263008898,0.69222916389,0.448295876899
A[C>G]C,0.669891719296,0.120429972008,0.737633578551,0.259677127143,0.188171831263,0.22204276089,0.101612788882,0.403936830476,0.28602118352
A[C>G]G,0.063980114463,0.0115020430495,0.0704500136784,0.0248012803256,0.0179719422649,0.0212068918726,0.00970484882304,0.168210929879,0.0273173522426
A[C>G]T,0.547650337506,0.0984539932595,0.603030708714,0.212291422966,0.153834364468,0.181524550072,0.0830705568127,0.521219574306,0.233828233991
C[C>G]A,0.989794488533,0.177940582208,1.08988606602,0.383684380386,0.2780321597,0.328077948446,0.150137366238,0.756032337788,0.422608882744
C[C>G]C,1.07575053453,0.193393354521,1.18453429644,0.417004420687,0.30217711644,0.356568997399,0.163175642877,0.590213118751,0.459309216988
C[C>G]G,0.101600496784,0.0182652578488,0.111874704324,0.0393844622364,0.0285394653887,0.0336765691587,0.0154113113099,0.324859437576,0.0433799873908
C[C>G]T,0.838109241125,0.150671324247,0.922861861014,0.324885042908,0.235423944136,0.277800254081,0.127128929834,0.694096161717,0.357844395087
G[C>G]A,0.476239005784,0.0856160010398,0.524398006369,0.184609502242,0.133775001625,0.157854501917,0.0722385008773,0.447892223543,0.20333800247
G[C>G]C,0.750805609768,0.134976289397,0.826729772554,0.291042624011,0.210900452182,0.248862533575,0.113886244178,0.507172823614,0.320568687317
G[C>G]G,0.324010553553,0.0582490882792,0.35677566571,0.125599596602,0.0910142004363,0.107396756515,0.0491476682356,0.279183761468,0.138341584663
G[C>G]T,0.484297936868,0.0870647976393,0.53327188554,0.18773346991,0.136038746311,0.160525720647,0.0734609230081,0.518462648228,0.206778894393
T[C>G]A,1.38245768001,0.248531717754,1.52225677124,0.535896516407,0.388330808991,0.458230354609,0.209698636855,4.01637541528,0.590262829666
T[C>G]C,0.686862037551,0.123480815739,0.756319996404,0.266255508938,0.192938774593,0.22766775402,0.10418693828,1.49466449478,0.293266937381
T[C>G]G,0.137534910825,0.0247253772269,0.151442935515,0.0533140946455,0.0386334019171,0.0455874142621,0.0208620370352,0.282245002784,0.0587227709139
T[C>G]T,1.67699883506,0.301482936639,1.84658298692,0.650072582129,0.471067088499,0.555859164429,0.254376227789,4.92167250606,0.716021974518
A[C>T]A,2.34396540083,0.421387038351,2.5809956099,0.908615801445,0.658417247424,0.77693235196,0.355545313609,1.519629947,1.00079421608
A[C>T]C,1.8811467106,0.338183678309,2.07137502964,0.729208556354,0.528411997358,0.623526156883,0.285342478573,0.899100505843,0.803186235985
A[C>T]G,1.50497060908,0.270556513993,1.65715864821,0.583387483297,0.422744553114,0.498838572674,0.228282058681,1.49459387416,0.642571720733
A[C>T]T,1.50829719721,0.271154552307,1.66082163288,0.584677003412,0.42367898798,0.499941205816,0.228786653509,0.828295477585,0.643992061729
C[C>T]A,2.66785559117,0.4796144883,2.93763874084,1.0341687404,0.749397637969,0.884289212804,0.404674724503,2.130695186,1.13908440971
C[C>T]C,2.0300004634,0.364943903532,2.23528140914,0.786910291991,0.570224849269,0.672865322138,0.307921418605,1.35153133831,0.866741770889
C[C>T]G,1.27296668121,0.22884794269,1.40169364898,0.493453376425,0.357574910453,0.421938394334,0.193090451645,1.36682006687,0.543513863888
C[C>T]T,2.29551212466,0.412676337018,2.52764256423,0.889833351694,0.64480677659,0.760871996376,0.348195659359,1.72463710308,0.980106300417
G[C>T]A,3.15136206655,0.566537000729,3.47003912946,1.22159540782,0.885214063639,1.04455259509,0.478015594365,1.53448397807,1.34552537673
G[C>T]C,2.93379489993,0.527423802234,3.23047078868,1.13725757357,0.82409969099,0.972437635368,0.445013833135,2.34364408211,1.25263153031
G[C>T]G,2.07171425085,0.372443011388,2.28121344475,0.803080243306,0.581942205294,0.686691802247,0.314248790859,2.52608125481,0.884552152047
G[C>T]T,2.60616114566,0.468523352029,2.86970553118,1.01025347781,0.732067737545,0.863839930303,0.395316578274,1.62839416495,1.11274296107
T[C>T]A,9.72835423952,1.74891761609,10.7121203986,3.7711036097,2.73268377515,3.22456685467,1.47564923858,4.28056536581,4.15367933822
T[C>T]C,4.29204338409,0.771603305005,4.72607024316,1.66376962642,1.20563016407,1.4226435936,0.651040288598,1.70655122059,1.83255784939
T[C>T]G,1.62121095073,0.291453654064,1.78515363114,0.628446941576,0.455396334475,0.537367674681,0.245914020617,1.67345222778,0.692202428403
T[C>T]T,5.60896306099,1.00835290984,6.17616157277,2.17426096184,1.57555142163,1.85915067752,0.850797767678,2.48612143119,2.39483816087
A[T>A]A,2.77446891693,0.498780928887,3.05503318943,1.07549637791,0.779345201385,0.919627337635,0.420846408748,4.56264437448,1.18460470611
A[T>A]C,0.478925733786,0.086099008321,0.527356425966,0.185650986692,0.134529700502,0.158745046592,0.0726460382709,0.743898945129,0.204485144762
A[T>A]G,0.877876481378,0.157820491034,0.966650507585,0.340300433793,0.246594517241,0.290981530345,0.13316103931,2.10442137211,0.374823666207
A[T>A]T,1.01963756435,0.183305629546,1.12274698097,0.395252763708,0.286415046165,0.337969754475,0.154664124929,0.860875185377,0.435350870171
C[T>A]A,5.14279284406,0.924547028146,5.66285054739,1.99355452944,1.44460473148,1.70463358314,0.780086554998,9.38975157429,2.19579919185
C[T>A]C,0.823255618836,0.148001010128,0.906506187033,0.319127178088,0.231251578325,0.272876862423,0.124875852295,1.94769396385,0.351502399054
C[T>A]G,0.887857499802,0.159614831425,0.977640842479,0.34416948026,0.249398174102,0.29428984544,0.134675014015,6.25170112651,0.379085224635
C[T>A]T,0.874781768082,0.157264138082,0.963242845753,0.33910079774,0.245725215753,0.289955754589,0.132691616507,2.34368218196,0.373502327945
G[T>A]A,1.89848345121,0.341300395722,2.0904649238,0.735928978276,0.533281868316,0.629272604613,0.287972208891,3.90337348812,0.81058843984
G[T>A]C,0.574441229127,0.103270333326,0.632530791623,0.222676656234,0.161359895822,0.19040467707,0.0871343437439,0.57845212415,0.24526704165
G[T>A]G,0.295231597065,0.0530753432926,0.325086477667,0.114443708975,0.0829302238947,0.0978576641957,0.0447823209031,1.80988243802,0.12605394032
G[T>A]T,0.365845955011,0.0657700593277,0.402841613382,0.141816690425,0.1027657177,0.121263546886,0.0554934875578,0.629808441761,0.156203890903
T[T>A]A,1.73585008223,0.312062936131,1.9113854838,0.672885706033,0.487598337705,0.575366038492,0.263303102361,2.40784242466,0.741149473312
T[T>A]C,1.0815458909,0.194435216342,1.19091570009,0.419250935237,0.303805025534,0.35848993013,0.164054713788,0.982047252487,0.461783638812
T[T>A]G,1.24248827447,0.223368678556,1.36813315616,0.481638713137,0.349013560244,0.411836001088,0.188467322532,1.94845234879,0.530500611571
T[T>A]T,0.919570878869,0.165316113055,1.01256119246,0.356462868775,0.258306426649,0.304801583445,0.13948547039,1.04474005839,0.392625768506
A[T>C]A,2.80082683416,0.50351943086,3.08405651402,1.08571377279,0.786749110719,0.928363950649,0.424844519788,1.83161999719,1.19585864829
A[T>C]C,1.62408325743,0.291970023808,1.78831639582,0.629560363836,0.4562031622,0.538319731396,0.246349707588,0.713859125784,0.693428806544
A[T>C]G,2.6027766057,0.467914895406,2.86597873436,1.00894149322,0.731117024072,0.862718088405,0.394803192999,1.44204475456,1.11129787659
A[T>C]T,2.19583038461,0.394756024199,2.41788064822,0.85119267718,0.616806287812,0.727831419618,0.333075395418,1.01771466643,0.937545557474
C[T>C]A,1.72463401794,0.310046565022,1.89903521076,0.668537905829,0.484447757847,0.57164835426,0.261601789238,0.940121939672,0.736360591928
C[T>C]C,2.16707037571,0.389585685521,2.38621232381,0.840044134404,0.608727633626,0.718298607679,0.328712922158,1.00165856805,0.925266003112
C[T>C]G,2.07337212275,0.372741055775,2.28303896662,0.803722901516,0.582407899649,0.687241321586,0.314500265811,1.47616231161,0.885260007467
C[T>C]T,2.47758415859,0.445408388062,2.72812637688,0.960411836759,0.695950606347,0.821221715489,0.375813327427,1.50797056376,1.05784492165
G[T>C]A,2.37201239594,0.426429194777,2.61187881801,0.919487951237,0.666295616838,0.786228827869,0.359799633093,1.46127793002,1.01276933759
G[T>C]C,1.8036752623,0.324256226931,1.98606938995,0.699177489319,0.506650354579,0.597847418404,0.273591191473,1.00569813948,0.770108538961
G[T>C]G,1.8394652729,0.330690386139,2.0254786151,0.713051145113,0.516703728343,0.609710399444,0.279020013305,0.945747838459,0.785389667081
G[T>C]T,2.23657667394,0.402081199809,2.46274734883,0.866987587087,0.628251874701,0.741337212147,0.339256012338,1.00657449686,0.954942849545
T[T>C]A,2.30713946086,0.414766644648,2.54044569847,0.894340577523,0.648072882263,0.76472600107,0.349959356422,0.895090079178,0.98507078104
T[T>C]C,1.92331181787,0.345763922314,2.11780402418,0.74555345749,0.540256128616,0.637502231767,0.291738309453,0.828337510611,0.821189315496
T[T>C]G,1.5054639886,0.270645211433,1.65770192003,0.583578737152,0.422883142864,0.499002108579,0.228356897146,0.682155226995,0.642782377153
T[T>C]T,2.31145433681,0.415542352686,2.5451969102,0.896013197979,0.649284926072,0.766156212764,0.350613860079,0.739540901116,0.986913087629
A[T>G]A,1.15093239642,0.206909194861,1.26731881852,0.446147951419,0.323295616971,0.381488828025,0.174579633164,0.129622876185,0.491409337795
A[T>G]C,0.345219321595,0.0620619005115,0.380129140633,0.133820972978,0.0969717195492,0.114426629068,0.0523647285565,0.127267116593,0.147397013715
A[T>G]G,0.39882030904,0.0716980330858,0.439150452651,0.154598883841,0.112028176697,0.132193248502,0.0604952154162,0.23053238016,0.170282828579
A[T>G]T,1.00103885866,0.179962042006,1.10226750729,0.388043153076,0.281190690635,0.331805014949,0.151842972943,0.3544467027,0.427409849765
C[T>G]A,0.764903376663,0.1375107194,0.842253156325,0.296507488706,0.214860499063,0.253535388894,0.116024669494,0.0707378985719,0.326587958575
C[T>G]C,0.63052049493,0.113351999089,0.694280994417,0.244415248035,0.177112498576,0.208992748319,0.0956407492309,0.319652200832,0.269210997835
C[T>G]G,0.723082477542,0.129992355513,0.796203177518,0.280296016575,0.203113055489,0.239673405477,0.109681049964,0.544918680379,0.308731844344
C[T>G]T,2.95650512899,0.531506540043,3.25547755776,1.14606097697,0.830478968817,0.979965183204,0.448458643161,2.02227357266,1.2623280326
G[T>G]A,0.265122801275,0.0476625260719,0.291932972191,0.102772321843,0.0744726969874,0.0878777824451,0.0402152563732,0.0255478457644,0.113198499421
G[T>G]C,0.159032984014,0.0285901993733,0.175114971161,0.0616476173986,0.0446721865207,0.0527131800945,0.0241229807212,0.0978468268132,0.0679017235115
G[T>G]G,0.544839777631,0.0979487240685,0.599935934919,0.211201936273,0.153044881357,0.180592960001,0.0826442359328,0.396482889907,0.232628219663
G[T>G]T,1.0870116748,0.195417829178,1.19693420372,0.421369694165,0.305340358091,0.360301622547,0.164883793369,0.710975935586,0.464117344298
T[T>G]A,1.7180412082,0.3088613408,1.8917757124,0.665982266099,0.482595844999,0.569463097099,0.2606017563,0.160056875613,0.733545684399
T[T>G]C,0.446415257083,0.0802544282397,0.491558372968,0.173048610892,0.125397544125,0.147969102067,0.0677146738272,0.210183096479,0.190604267069
T[T>G]G,0.557338890406,0.100195755579,0.613699002919,0.216047097967,0.156555868092,0.184735924348,0.0845401687695,0.376102349552,0.237964919499
T[T>G]T,2.07609837814,0.373231169103,2.28604091076,0.804779708379,0.583173701724,0.688144968034,0.314913798931,0.849274633815,0.88642402662
