,1,3,2,5,4,7,6,9,8
A[C>A]A,0.447422451096,0.618495741221,1.30936864365,0.756670321706,1.43061960908,0.427683225312,0.322407354466,0.150508996589,0.287335357125
A[C>A]C,0.332787917579,0.460030356653,0.973894052914,0.562803095905,0.755272324715,0.318106097686,0.239803058255,0.118758787377,0.226721321356
A[C>A]G,0.145954567211,0.201760725262,0.427131748161,0.246834929842,0.14003531988,0.139515395128,0.10517314402,0.0371700470025,0.0709609988229
A[C>A]T,0.361586426754,0.499840060513,1.058172043,0.611506457011,0.813605598532,0.345634084397,0.260554925161,0.165332880146,0.31563549846
C[C>A]A,0.800223284171,1.10619101047,2.34182990515,1.35331878941,1.78167170843,0.764919315752,0.576631484182,0.273953316397,0.523001785848
C[C>A]C,0.821935358491,1.13620476027,2.40536965206,1.39003773863,0.999040925584,0.78567350444,0.592276949501,0.262377770627,0.500903016651
C[C>A]G,0.247234959393,0.341765973279,0.723525837048,0.418117946033,0.309043390447,0.236327534714,0.178154603092,0.0654119428551,0.124877345451
C[C>A]T,1.11545537055,1.54195301224,3.26434733442,1.88643187667,1.33771859631,1.06624410421,0.803784017018,0.819920151498,1.56530210741
G[C>A]A,0.473233545574,0.654175783588,1.38490405249,0.800321437368,1.81932686676,0.452355595034,0.341006525487,0.237959736549,0.454286769776
G[C>A]C,0.631957548001,0.873588375178,1.84940517724,1.06875173559,0.778179855784,0.604077067942,0.455381174295,0.207102749181,0.39537797571
G[C>A]G,0.224573633597,0.310440022914,0.657208133616,0.379793645055,0.225118451841,0.214665973292,0.161825118328,0.0555152522888,0.10598366346
G[C>A]T,0.508780942268,0.703314831959,1.4889324634,0.860438358247,1.31028025828,0.486334724227,0.36662156134,0.439330159833,0.838721214228
T[C>A]A,0.656856073501,0.908006925134,1.9222699798,1.11085953607,1.86786755789,0.627877129082,0.473322758846,0.262451202476,0.501043204727
T[C>A]C,0.722461626743,0.998696954615,2.11426270179,1.22181010405,1.20312526796,0.690588319681,0.520597348682,0.243100487334,0.464100930364
T[C>A]G,0.13282969318,0.183617517043,0.388722190336,0.224638451702,0.346787540647,0.126969559658,0.0957155142034,0.0558413416935,0.106606197779
T[C>A]T,1.23053969914,1.70104017234,3.60113823718,2.0810597853,5.45103360256,1.176251183,0.88671243026,0.625703868801,1.19452556771
A[C>G]A,0.194183243227,0.268429777402,0.568271550031,0.328398131928,0.368162555859,0.185616335437,0.13992616056,0.0469136766087,0.0895624735257
A[C>G]C,0.102885978171,0.14222473453,0.301092789059,0.173998345436,0.173867989228,0.0983468908986,0.0741384254466,0.0404287602795,0.0771821787155
A[C>G]G,0.00712440260195,0.00984843889093,0.0208493546733,0.0120486220474,0.0250856560956,0.00681009072245,0.00513376069846,0.019048772025,0.0363658375023
A[C>G]T,0.153433403214,0.212099116207,0.449018341757,0.259482961317,0.445172588361,0.146664282484,0.110562305257,0.059808608171,0.114180070145
C[C>G]A,0.130599291863,0.180534315223,0.382194986482,0.220866449474,0.169653002925,0.124837558399,0.0941083132543,0.0468035184526,0.0893521715912
C[C>G]C,0.12984631634,0.179493437293,0.379991425759,0.219593034986,0.269033706068,0.124117802384,0.0935657279508,0.038646299153,0.0737792983831
C[C>G]G,0.0270720296058,0.0374230997492,0.0792254984052,0.0457835794804,0.135429729481,0.0258776753585,0.0195077860395,0.0217616271858,0.0415449246274
C[C>G]T,0.136687257599,0.188950032563,0.40001123915,0.231162273881,0.340050137377,0.130656937411,0.0984952297405,0.0597536247198,0.114075101738
G[C>G]A,0.0721711890585,0.0997660554632,0.211206862098,0.12205421679,0.159043013681,0.0689871660118,0.0520057097627,0.0493908310592,0.0942915865676
G[C>G]C,0.114909726043,0.158845797765,0.336279933567,0.194332624926,0.145469460246,0.109840179306,0.0828025967075,0.0578427291266,0.110427028333
G[C>G]G,0.0277850175762,0.038408700767,0.0813120367302,0.0469893679597,0.00745234105256,0.0265592079772,0.0200215567828,0.0156480943876,0.02987363474
G[C>G]T,0.0851184292345,0.117663711001,0.249096579672,0.143950284735,0.171323000587,0.0813632044154,0.0613353387131,0.049913781871,0.0952899472083
T[C>G]A,0.891539110926,1.23242171216,2.60906298639,1.50774996701,0.4406725845,0.852206503091,0.642432594638,0.192945520098,0.368350538369
T[C>G]C,0.322156146268,0.445333496311,0.942780486871,0.544822894423,0.311188883188,0.307943375109,0.232141928928,0.0754638037806,0.144067261763
T[C>G]G,0.0409611826667,0.0566228113333,0.119871696333,0.0692725883333,0.0322067357831,0.0391540716667,0.0295161463333,0.013369964005,0.0255244767368
T[C>G]T,1.03215066616,1.4267965091,3.02055856714,1.74554892071,1.1739611347,0.986614607359,0.743755627086,0.348938715794,0.666155730153
A[C>T]A,1.04972870608,1.45109556429,3.07200018397,1.77527648822,1.17762305718,1.00341714552,0.756422155852,0.421186018816,0.804082399559
A[C>T]C,1.76019220646,2.43320687364,5.15115072186,2.97679564329,0.990335366081,1.68253666794,1.26837379584,0.411076488171,0.784782386507
A[C>T]G,1.14501969547,1.58282134374,3.35086646174,1.93643036734,1.61329022945,1.09450412067,0.825087721735,0.809192118161,1.54482131649
A[C>T]T,1.2327377428,1.70407864447,3.60757074733,2.08477706504,1.10840895058,1.17835225415,0.888296314668,0.335842835177,0.64115450352
C[C>T]A,1.16608720022,1.61194407089,3.41251989475,1.97205923566,2.11742006198,1.11464217668,0.840268717802,0.380298577799,0.726024557617
C[C>T]C,2.39837450586,3.31540005222,7.01877245098,4.05607453197,2.47489990972,2.2925638659,1.72824045275,0.317953248544,0.607001656311
C[C>T]G,1.21936470163,1.68559238167,3.56843493566,2.06216089247,1.24957128523,1.16556920009,0.87865985853,0.590209086586,1.12676280166
C[C>T]T,1.93957166235,2.68117259208,5.67609942365,3.28015795839,3.53014724151,1.85400232431,1.3976325214,0.316355245392,0.603950923022
G[C>T]A,1.47335047115,2.03669035718,4.31171681998,2.49169564974,1.42973389565,1.40834971507,1.06167901598,0.674922145322,1.28848773198
G[C>T]C,2.40030644069,3.31807066801,7.02442620143,4.05934177469,2.08912635421,2.29441056831,1.72963258226,1.14868505261,2.19294419135
G[C>T]G,1.63736600178,2.26341770834,4.79170344638,2.76907485595,1.29743756254,1.56512926641,1.17986667775,1.52887237542,2.91875635308
G[C>T]T,1.75233853536,2.42235032829,5.12816718435,2.9635136995,2.68842995857,1.67502948233,1.26271453283,0.809113323968,1.54467089121
T[C>T]A,1.29871366887,1.79528065991,3.80064735448,2.19635399882,3.86063203759,1.24141747759,0.935837790802,1.77457910464,3.38783283613
T[C>T]C,2.51849389445,3.48144744233,7.37029830876,4.25921761561,2.72809211655,2.4073838697,1.814797071,0.72493583599,1.38396841416
T[C>T]G,0.973491966095,1.34570948254,2.84889560666,1.64634670737,3.36865628928,0.93054379112,0.701486857921,0.640099643328,1.22200840999
T[C>T]T,1.76609202622,2.44136250683,5.16841637084,2.98677327963,3.20804987312,1.68817620153,1.27262513654,1.07698305852,2.05605856627
A[T>A]A,0.233194371525,0.322356925344,0.682436469611,0.394372834197,0.764936295332,0.222906384546,0.168037120658,0.366673469799,0.700012987798
A[T>A]C,0.25799635801,0.356642024308,0.755018753589,0.436317370164,0.465326603441,0.246614165745,0.185909140331,0.233497766377,0.445768463083
A[T>A]G,0.211290997029,0.292078731187,0.618336888365,0.357330362623,0.842023288989,0.201969335396,0.152253806683,0.0921149776624,0.175855866446
A[T>A]T,0.318986921283,0.440952508832,0.933505843165,0.539463175699,0.724308311922,0.304913968873,0.229858222689,0.144104125303,0.275107875578
C[T>A]A,0.112341735972,0.155295929137,0.328764786153,0.18998970054,0.875405914327,0.107385482914,0.0809521332737,0.688650747575,1.31469688173
C[T>A]C,0.408736597743,0.565018238057,1.19615563163,0.691245716771,0.893398242963,0.390704100784,0.294530783668,0.170721007783,0.32592192395
C[T>A]G,0.249692315278,0.345162906414,0.730717216771,0.422273768486,1.90998152399,0.23867647784,0.179925344833,0.243674137719,0.4651960811
C[T>A]T,0.269631978681,0.372726558765,0.789070055257,0.455995258063,0.902301720987,0.25773645021,0.194293631696,0.147147347864,0.280917664105
G[T>A]A,0.0830197410252,0.114762583182,0.242954830353,0.140401032616,0.605390221014,0.0793571053917,0.0598230486799,0.264550092059,0.505050175749
G[T>A]C,0.185561664399,0.256511712551,0.543040753168,0.313817520675,0.236671664766,0.177375120381,0.133713552287,0.117498374912,0.224315079378
G[T>A]G,0.113972664869,0.157550448496,0.333537651603,0.192747889117,0.62173186943,0.108944459066,0.08212736145,0.0917293544389,0.175119676656
G[T>A]T,0.145454197561,0.201069037805,0.425667431098,0.245988716463,0.399441579285,0.13903710061,0.104812583537,0.0864051777817,0.164955339401
T[T>A]A,0.25661682532,0.354735023237,0.750981591747,0.433984336939,0.920539212635,0.245295494792,0.184915065304,0.159566464488,0.30462688675
T[T>A]C,0.462708328838,0.639626219276,1.35410231528,0.782521438476,0.553195610501,0.442294726095,0.333422178133,0.121360674753,0.231688560892
T[T>A]G,0.217322397746,0.300416255707,0.635987605168,0.367530525599,0.893583229853,0.207734644904,0.156599963082,0.0691592133919,0.132031225566
T[T>A]T,0.417008630848,0.576453107348,1.22036349322,0.705235184522,0.803277272251,0.398611191251,0.300491513405,0.0758345053992,0.144774964853
A[T>C]A,1.53096972608,2.11634050369,4.48033787484,2.58913997792,2.78722203232,1.46342694404,1.1031987732,0.835541154301,1.59512402185
A[T>C]C,1.04221387191,1.44070741117,3.05000824279,1.76256757749,0.833583835245,0.996233848148,0.751007054758,0.450372448013,0.859801946206
A[T>C]G,1.68400891179,2.32789467217,4.92820255067,2.84795624787,1.68309335592,1.60971440097,1.21347700996,0.808267029847,1.5430552388
A[T>C]T,0.876471411128,1.21159283303,2.5649678061,1.48226782764,2.1342248457,0.837803554755,0.63157498743,0.583484381632,1.11392472857
C[T>C]A,1.07797997837,1.49014879363,3.15467670141,1.82305437519,0.798415530193,1.03042203815,0.776779690297,0.569916556331,1.08802251663
C[T>C]C,1.34636967853,1.86115808502,3.9401112651,2.27694872104,0.92951457165,1.28697101624,0.970178150703,0.430022400764,0.820951856005
C[T>C]G,1.60747900352,2.22210332839,4.704240025,2.71853066772,1.0143285845,1.53656081219,1.15833045842,0.816846528121,1.55943428096
C[T>C]T,1.08498079553,1.49982639382,3.17516438691,1.83489399244,1.26319905425,1.03711399572,0.781824396777,0.465148772659,0.888011293259
G[T>C]A,1.801690902,2.49057271747,5.27259543379,3.04697726073,0.797558960786,1.72220453867,1.29827726762,1.40968783378,2.69122222812
G[T>C]C,0.954791037748,1.31985819924,2.79416788988,1.61472013737,0.604717003384,0.91266790373,0.688011188965,0.781726976352,1.49238786395
G[T>C]G,1.36591195746,1.88817241178,3.99730116961,2.30999816334,0.843606884766,1.3056511358,0.98426008699,0.715528072556,1.36600813852
G[T>C]T,1.30301626065,1.80122836032,3.8132387628,2.20363044081,1.00976648194,1.24553024916,0.938938187825,0.832166473337,1.5886814491
T[T>C]A,1.56034860155,2.15695247862,4.56631428983,2.63882484086,1.102337351,1.49150969266,1.12436884524,0.444996723459,0.849539199331
T[T>C]C,1.18488983239,1.63793594477,3.46754524478,2.00385780477,0.915922802475,1.13261528096,0.853817673339,0.605160604725,1.15530660902
T[T>C]G,1.11482143978,1.54107669616,3.26249215464,1.88535978786,0.833437089125,1.06563814096,0.803327213958,0.338344104491,0.645929654028
T[T>C]T,1.26789406028,1.75267708333,3.71045467641,2.14423260195,1.11941156081,1.21195755762,0.913629543437,0.383713281204,0.732543536844
A[T>G]A,0.17706937209,0.2447723673,0.518188309497,0.29945555574,0.613094018783,0.169257488027,0.127594106359,0.0366315013616,0.0699328662358
A[T>G]C,0.136434675671,0.188600875192,0.399272065566,0.230735113267,0.229964810804,0.130415498803,0.0983132221745,0.0451833027523,0.0862590325271
A[T>G]G,0.110632485262,0.152933141392,0.323762714224,0.187099055959,0.32276381926,0.105751640324,0.0797204673215,0.0505034830785,0.0964157404225
A[T>G]T,0.535001122357,0.739560375023,1.56566504925,0.904781309868,0.623816043578,0.511398131665,0.38551551464,0.19317281155,0.368784458413
C[T>G]A,0.152266233423,0.210485675614,0.445602653695,0.25750907123,0.306674110162,0.145548605478,0.109721256437,0.0300973202017,0.057458520385
C[T>G]C,0.335109692157,0.463239868569,0.980688657929,0.566729626441,0.388245367893,0.320325441032,0.241476101701,0.138880785764,0.26513604555
C[T>G]G,0.314017054698,0.434082399141,0.918961674777,0.531058254268,0.538423113926,0.300163361108,0.226276995297,0.149207995616,0.284851627993
C[T>G]T,0.933347049713,1.29021503931,2.7314126896,1.57845456937,1.41938352579,0.89216997399,0.672558903469,0.622381435609,1.18818274071
G[T>G]A,0.0252541437292,0.0349101398609,0.0739055088545,0.0427092136597,0.119059951519,0.0241399903294,0.0181978388637,0.0101731626396,0.019421492312
G[T>G]C,0.0365098075107,0.0504694397942,0.106844877862,0.0617445274078,0.117978498165,0.0348990807087,0.0263085377651,0.0623813853321,0.119091735634
G[T>G]G,0.10517783171,0.145392885011,0.307799831033,0.177874274215,0.315511602399,0.100537633252,0.0757899081439,0.0650633114597,0.124211776423
G[T>G]T,0.317602031011,0.439038101692,0.929453002519,0.537121081857,0.481402547101,0.303590176702,0.228860287052,0.315839369959,0.602966069922
T[T>G]A,0.286911453511,0.396612891618,0.839637930129,0.485217899321,0.935980950601,0.274253595268,0.206745017971,0.056794531407,0.108425923595
T[T>G]C,0.254920316727,0.352389849593,0.746016809244,0.431115241523,0.447640279637,0.243673832165,0.183692581171,0.0987438630952,0.188511011364
T[T>G]G,0.137449276777,0.190003412015,0.402241265861,0.232450982784,0.341773480144,0.131385338095,0.099044331795,0.0672177105825,0.128324720203
T[T>G]T,1.34123834555,1.85406477179,3.92509457007,2.26827073145,1.84808179135,1.2820660656,0.96648057253,0.396696074913,0.757328870288
