,1,3,2,5,4,7,6,9,8
A[C>A]A,0.837368067682,0.766803342877,0.660926310323,0.597448003346,0.15524239457,2.16577866571,0.447985518308,0.390458143919,0.221102804388
A[C>A]C,0.694263391964,0.635758049945,0.466535778444,0.495345229098,0.128711752443,1.78641001363,0.212510668858,0.323729559174,0.183316738328
A[C>A]G,0.152164797992,0.139341921757,0.116043584669,0.108567018792,0.0282103277177,0.611980251424,0.0657216484074,0.0709532485021,0.0401783455373
A[C>A]T,1.08047250542,0.989421451596,0.771078248973,0.770898922409,0.200312318421,1.11555448956,0.242665674433,0.503815831181,0.285293301994
C[C>A]A,0.881274097319,0.807009426196,0.946611091536,0.628774215503,0.163382276469,2.40147564867,0.67531739483,0.41093118021,0.232695969517
C[C>A]C,0.884876168845,0.810307952369,0.672564262782,0.631344232828,0.164050076247,2.48096328897,0.427937598617,0.412610797832,0.233647078291
C[C>A]G,0.248793591556,0.227827839459,0.207884215434,0.177510034425,0.0461246546144,0.857638518956,0.129585692154,0.116010494939,0.0656926899053
C[C>A]T,3.14164608976,2.87690063276,2.03788573457,2.24151153595,0.582440005405,4.83978834895,0.468185513023,1.46492486208,0.829535765274
G[C>A]A,0.949345641518,0.869344604312,0.748736181543,0.677342115016,0.176002281855,2.38169600023,0.756061871801,0.442672405877,0.250669916581
G[C>A]C,0.961390307951,0.880374270765,0.703099372084,0.685935781516,0.178235281811,2.39023582877,0.232154382228,0.448288739101,0.253850249852
G[C>A]G,0.150034101146,0.137390778016,0.183707733953,0.107046802503,0.0278153108866,0.774435679394,0.110195017604,0.0699597213209,0.0396157458082
G[C>A]T,2.12352728653,1.94457835789,1.40644392783,1.51510092916,0.393687643009,2.20699365554,0.514399463484,0.990184071811,0.560706643073
T[C>A]A,0.810202919358,0.741927392445,1.15909494921,0.578066127856,0.150206159207,1.5181607804,0.555769112523,0.377791248914,0.213929984325
T[C>A]C,0.995183010852,0.911319273983,1.06003812691,0.710046305496,0.184500221113,1.67774441511,0.440427669933,0.464046010678,0.262773042191
T[C>A]G,0.197730728277,0.181068026456,0.1894164679,0.141077542085,0.0366579440064,0.49424350991,0.125524363255,0.0922002834099,0.0522097990394
T[C>A]T,1.98381841778,1.81664270842,4.25316171224,1.41542100595,0.3677865606,4.0767607702,1.06985001837,0.925038925147,0.523817222673
A[C>G]A,0.607199978108,0.556031440627,0.292524181694,0.433226950672,0.112570782458,0.455857057911,0.0914435684126,0.283132574061,0.160328084107
A[C>G]C,0.319095144294,0.292205104044,0.129321495298,0.227669007446,0.0591580885489,0.277793483652,0.0473401139089,0.148791556047,0.0842554594484
A[C>G]G,0.225050660933,0.206085717596,0.0216388182752,0.160569853587,0.0417228753415,0.0636455059138,0.0212044239119,0.104939353132,0.0594234891227
A[C>G]T,0.566890150354,0.51911850847,0.304679853299,0.404466567949,0.105097612144,0.304718007329,0.104766311541,0.264336418424,0.149684477902
C[C>G]A,0.423386772879,0.387708112243,0.208640261738,0.302079326717,0.078493053399,0.278374118837,0.0403550590437,0.197421922185,0.111793136659
C[C>G]C,0.365940453324,0.335102774673,0.206272106322,0.261092345911,0.0678428930319,0.236537752561,0.0728341077655,0.170635155201,0.0966247264394
C[C>G]G,0.191230133662,0.175115234758,0.100136439539,0.136439477388,0.035452777589,0.137454419861,0.0468756382611,0.0891691072694,0.0504933498995
C[C>G]T,0.453444284765,0.415232687734,0.238148092224,0.323524854861,0.0840655134677,0.238434658313,0.0731219209841,0.21143750357,0.119729670696
G[C>G]A,0.496530563944,0.45468810069,0.158354651795,0.354266188881,0.0920534191581,0.18934135006,0.0455030486492,0.23152829667,0.131106384861
G[C>G]C,0.436704115023,0.399903206453,0.167717238244,0.311581025887,0.0809619988525,0.266216237579,0.0337400943404,0.203631694084,0.115309513517
G[C>G]G,0.0837265616271,0.0766709525012,0.0192095534214,0.0597374905991,0.0155223400769,0.0820395028008,0.0194488928458,0.0390410371632,0.0221075752611
G[C>G]T,0.358090116456,0.327913983047,0.115068522225,0.255491262865,0.0663874935003,0.309338484315,0.0321401352235,0.166974604864,0.0945518846823
T[C>G]A,0.49379044867,0.452178894007,1.72594244876,0.352311162815,0.0915454202591,0.190298632611,0.245510123461,0.23025060247,0.130382871278
T[C>G]C,0.417797818504,0.382590137169,0.57602935245,0.298091701966,0.0774568989361,0.240404791468,0.123976393457,0.194815836718,0.110317401515
T[C>G]G,0.130331068147,0.119348112966,0.0890999966793,0.0929890205317,0.024162501398,0.0619721871989,0.0232040055329,0.060772352001,0.0344132595669
T[C>G]T,1.01952906475,0.933613694121,2.33737620189,0.727416804622,0.189013815374,0.346106354512,0.414097113487,0.475398384123,0.269201494624
A[C>T]A,4.78136842263,4.37844411735,1.81227614168,3.41142578468,0.886433471611,1.80059544258,0.280714393213,2.2295144892,1.26249615654
A[C>T]C,7.65955471735,7.01408662319,3.611207954,5.46496319721,1.42002980715,1.31917126566,0.234730043152,3.57159012101,2.02246669503
A[C>T]G,3.97493491752,3.63996849189,1.87794625504,2.83604907037,0.736926136395,2.59196641775,0.410499973957,1.85348088851,1.04956146699
A[C>T]T,4.07262745035,3.7294285079,2.41019835566,2.90575104603,0.755037673379,1.04385362359,0.292813128228,1.8990341482,1.07535668633
C[C>T]A,6.55818917535,6.00553278417,2.00026162736,4.67915744533,1.2158440606,1.46387130805,0.511010817151,3.0580320312,1.73165669237
C[C>T]C,13.3401939412,12.2160202945,4.80543021083,9.51800354231,2.4731820228,1.4173911323,0.71071394839,6.2204275119,3.52241075975
C[C>T]G,3.40238359817,3.11566587922,1.51466470001,2.42754335375,0.630778981682,2.63735431763,0.345090008088,1.5865047115,0.898382186032
C[C>T]T,11.074814027,10.1415431821,3.62827398091,7.90169315412,2.05319585894,1.13410301614,1.06805063149,5.16409867553,2.92424864759
G[C>T]A,6.49057131546,5.94361305854,2.19065693221,4.63091324193,1.20330816523,2.66299274317,0.423152291446,3.02650235496,1.71380253835
G[C>T]C,12.7665211214,11.6906906898,4.22687873723,9.10869765402,2.36682694947,2.72238253286,0.683721199035,5.95292838806,3.37093535228
G[C>T]G,4.95964935511,4.54170137575,2.10152628589,3.53862622527,0.919485554599,1.54992178092,0.444285908093,2.31264548581,1.30957033534
G[C>T]T,8.70246577371,7.96911191638,3.09813376092,6.20906265877,1.61337848614,2.28496964313,0.885933549245,4.05789134392,2.29784208632
T[C>T]A,5.9775371715,5.47381212896,2.48217398086,4.26487202685,1.10819509359,1.97719441361,0.793239150801,2.78727856873,1.57833846663
T[C>T]C,7.64995643299,7.00529718301,5.27458965162,5.45811498309,1.41825034994,1.1515722965,0.476465779309,3.5671145165,2.01993231657
T[C>T]G,2.02773053051,1.85685436221,2.75831575557,1.44675155828,0.375927570262,2.92403808613,0.393382569107,0.945514797933,0.53541199401
T[C>T]T,5.41670901421,4.96024477144,3.90726900713,3.86473058879,1.00422133409,1.73608735005,0.580930394715,2.52576880999,1.43025462735
A[T>A]A,0.725171030346,0.664061112059,0.481358749386,0.517397308168,0.134441820233,2.3582975561,0.0677307673443,0.338141547858,0.191477743968
A[T>A]C,0.554183712578,0.507482837923,0.542119640031,0.39540073875,0.102741924242,0.747389550447,0.0774694492443,0.258411506427,0.146329407254
A[T>A]G,0.623397354773,0.57086386982,0.350196277019,0.444783505933,0.115573666896,2.00869854322,0.116243033899,0.290685283405,0.164604919519
A[T>A]T,0.915770811115,0.838599113549,0.4977741632,0.653387039391,0.169777734645,0.934958432839,0.0823801290233,0.427016726531,0.241804652373
C[T>A]A,0.679807347802,0.622520211751,0.420810342797,0.485031085229,0.126031699312,4.47222010393,0.0909877407221,0.31698881948,0.179499692959
C[T>A]C,0.973200804128,0.891189500409,0.73240189222,0.694362371484,0.180424868181,1.84144545708,0.11947014604,0.453795880576,0.256968751652
C[T>A]G,1.34334005168,1.23013723834,0.982145784431,0.958450486311,0.249046189356,5.93338003882,0.211553200615,0.626388900503,0.354702148477
C[T>A]T,1.31164842117,1.20111625085,0.699541293644,0.935839042072,0.243170774712,1.9767943269,0.0974317815535,0.611611342456,0.34633413368
G[T>A]A,0.671017848816,0.614471400882,0.43642829132,0.478759925841,0.124402185455,2.2440652259,0.0682641852485,0.312890345235,0.177178870193
G[T>A]C,0.425333644332,0.389490921495,0.327289273245,0.303468386686,0.0788539902413,0.552268325861,0.0340187495653,0.198329733031,0.112307198222
G[T>A]G,0.824491515733,0.755011893621,0.524674821541,0.588260800551,0.152855168647,1.52204424933,0.07804966689,0.384453909022,0.217702815952
G[T>A]T,0.731571156605,0.669921901835,0.377580084957,0.521963690387,0.135628360494,0.465794804419,0.0838397906771,0.341125876394,0.193167664946
T[T>A]A,0.751655306986,0.688313567633,0.473472517885,0.536293393186,0.139351826576,1.54672468767,0.100347686406,0.350490957752,0.198470783305
T[T>A]C,0.59615566734,0.545917830205,0.472162039775,0.42534702108,0.110523241698,0.926676921739,0.0826778558093,0.277982698816,0.157411889691
T[T>A]G,0.468259904096,0.428799799818,0.31933562041,0.334095549551,0.086812229411,1.94869484926,0.108640654693,0.218345910337,0.12364166007
T[T>A]T,0.76152290186,0.697349623613,0.597419301894,0.543333755822,0.141181212143,0.944081627212,0.121223809577,0.355092139631,0.201076271839
A[T>C]A,1.33004289538,1.21796062892,2.12328880246,0.948963189403,0.246580986223,1.91844745639,0.258290255232,0.620188541106,0.35119110159
A[T>C]C,1.01176431376,0.926503276086,0.948473426788,0.721876785662,0.187574282889,1.16391612704,0.0933879293105,0.471777741811,0.267151251387
A[T>C]G,1.49038734585,1.36479290659,1.49179681073,1.06336625237,0.276307766365,2.78076795223,0.226084125462,0.694955897221,0.393529243005
A[T>C]T,1.09424984859,1.0020377827,1.50881552969,0.780728824559,0.202866544964,1.02075433338,0.238972366789,0.51024009794,0.288931139797
C[T>C]A,0.721783070649,0.660958654583,0.912195853217,0.514980056025,0.133813715345,1.15230616196,0.103073591721,0.336561768898,0.19058317034
C[T>C]C,1.38187907753,1.26542859347,1.24182260296,0.985947431723,0.256191064936,1.26740429858,0.118086686086,0.644359345142,0.364878183394
C[T>C]G,1.37475763395,1.25890727154,1.23546380184,0.980866401753,0.254870797306,3.25841861422,0.147099627391,0.641038672012,0.362997802224
C[T>C]T,2.00229004165,1.83355773477,1.03309822933,1.42860019826,0.371211075138,0.907676819714,0.115791114645,0.933652098074,0.52869456156
G[T>C]A,0.879886696383,0.80573894107,1.98934563956,0.627784328318,0.163125061689,1.70915280505,0.0919344338673,0.410284246066,0.232329633315
G[T>C]C,1.05393096131,0.965116554455,1.2106213298,0.751961978011,0.195391695074,0.923521312531,0.097606660933,0.491439717913,0.278285141469
G[T>C]G,1.06065210649,0.971271310997,1.55041845214,0.75675740182,0.196637750079,1.82498085698,0.136487264717,0.494573735048,0.28005982587
G[T>C]T,1.17975285865,1.08033548293,1.67343551536,0.841733781175,0.218718226604,1.29815859671,0.149131632362,0.550109479035,0.311507777285
T[T>C]A,0.743041537323,0.680425677437,1.30319024984,0.530147613708,0.137754891751,1.11645514955,0.0949303541998,0.346474424707,0.196196360979
T[T>C]C,1.14817630988,1.05141987927,1.27597692397,0.819204445811,0.212864147337,1.1756202856,0.0968684633353,0.535385582695,0.303170149237
T[T>C]G,0.840984633191,0.77011514163,1.00150815338,0.600028361883,0.155912881434,1.29237145392,0.10509258645,0.392144519971,0.222057740224
T[T>C]T,0.892287374082,0.817094617839,1.17826958681,0.636632002856,0.165424063734,0.834851924368,0.0941432490698,0.416066584544,0.235603969561
A[T>G]A,0.334179068735,0.306017911257,0.229156952985,0.238431133311,0.0619545464508,0.133668819282,0.0409935332745,0.155825071376,0.08823829343
A[T>G]C,0.333611755653,0.305498405457,0.314836744342,0.238026364988,0.06184937043,0.21633237648,0.0177304291742,0.155560537748,0.088088497279
A[T>G]G,0.548066703867,0.501881307473,0.306027852157,0.391036356129,0.101607872065,0.255192364875,0.0351583318205,0.255559193376,0.144714242032
A[T>G]T,1.34326634815,1.23006974578,1.12770582953,0.958397900087,0.249032525219,0.850147969969,0.0498831725868,0.626354533128,0.354682687434
C[T>G]A,0.234943400038,0.215144798911,0.128047629127,0.167628156207,0.0435569224789,0.166222961902,0.0173434311278,0.109552259568,0.0620356168639
C[T>G]C,0.810584285618,0.742276621099,0.564171500031,0.578338226255,0.15027686194,0.622382872978,0.0409617663736,0.377969077002,0.214030682157
C[T>G]G,0.880029015925,0.805869267392,0.518591273011,0.627885870913,0.163151446773,0.909764179434,0.0751871060567,0.410350608549,0.23236721207
C[T>G]T,4.70845989664,4.31167956827,1.78446396417,3.35940678018,0.87291672241,1.36557622509,0.100796519458,2.19551781697,1.24324502889
G[T>G]A,0.214888310951,0.196779745421,0.0628064439645,0.15331918815,0.0398388441651,0.0185236531009,0.0113172627221,0.100200729264,0.0567401719927
G[T>G]C,0.262129167391,0.240039630813,0.106504891187,0.187024743026,0.0485969804714,0.116423061742,0.00795756464105,0.122228769064,0.0692138812774
G[T>G]G,0.610566512465,0.559114278269,0.245122392417,0.435628916197,0.113194915232,0.35179147288,0.0948716988268,0.284702362554,0.161217000482
G[T>G]T,1.41912932759,1.29953977751,0.502507037641,1.01252485733,0.263097010172,0.598379251178,0.067893653394,0.661728843765,0.374713923578
T[T>G]A,0.471594332763,0.431853237305,0.323245959822,0.336474608207,0.0874304100066,0.212666961709,0.0709838254156,0.219900728198,0.1245220991
T[T>G]C,0.593220726623,0.543230215953,0.54309743941,0.423252990343,0.109979123475,0.383248956685,0.0507469440717,0.276614159043,0.156636933434
T[T>G]G,0.702683892047,0.643468957324,0.35659211024,0.501353113989,0.130272856391,0.31692617579,0.0342878580226,0.327655972134,0.185540128799
T[T>G]T,2.4342176477,2.22908694705,3.00150072918,1.7367732655,0.451287541428,2.53855606752,0.131991570073,1.13505654359,0.642742862034
