,1,3,2,5,4,7,6,9,8
A[C>A]A,4.05819535493,2.20782648844,2.92579397092,1.03031902794,3.71159242617,3.65868389512,0.462592216625,0.483619135562,1.14210624054
A[C>A]C,3.05278885758,1.66084367899,2.56383007963,0.775060383531,2.91082472811,2.75225523948,0.347986294646,0.363803853494,0.704104120541
A[C>A]G,0.996733608998,0.542264398678,0.492815788846,0.253056719383,0.884028226995,0.898609574951,0.11361730258,0.118781725425,0.223863671398
A[C>A]T,3.04219119682,1.65507811226,2.5397022895,0.772369785722,1.71473120635,2.74270087175,0.34677827114,0.362540919829,1.15950081636
C[C>A]A,5.55576793374,3.02256804685,2.79070206392,1.4105317552,2.86515472369,5.00882704907,0.633299971721,0.662086334072,1.96751269333
C[C>A]C,3.53154534592,1.92130705348,2.61887398074,0.89660995829,1.55215078184,3.18388026005,0.40255957311,0.420857735524,1.82953604921
C[C>A]G,1.31166237715,0.713598702595,0.302769660987,0.333012727878,0.756113348948,1.18253499287,0.149515918639,0.156312096759,0.734370057261
C[C>A]T,4.85660921219,2.64219672166,3.11048491164,1.23302513677,3.05884368967,4.37849742446,0.553603122633,0.578766900934,4.88371434305
G[C>A]A,5.07462081225,2.76080406884,2.16065236064,1.28837523213,4.03759833216,4.57504674265,0.578454185853,0.604747557937,2.21454166754
G[C>A]C,5.41887775933,2.94809411777,1.93050627959,1.37577725496,3.78976637515,4.88541310945,0.61769591039,0.645772997226,1.46327447885
G[C>A]G,1.84187540307,1.00205656644,0.503949035727,0.46762639767,0.877194558083,1.66055088152,0.209954709158,0.219498105029,0.659427820844
G[C>A]T,4.60084247995,2.50304901759,2.09134223718,1.16808954154,3.58807831338,4.14790980058,0.52444836559,0.548286927662,2.39427029389
T[C>A]A,4.25150752295,2.31299632078,2.81521061579,1.07939828303,2.15632790443,3.83296533157,0.484627800544,0.506656336932,1.19855783571
T[C>A]C,4.2539267297,2.31431246953,2.50788600052,1.08001248578,2.20736317213,3.83514637807,0.484903565044,0.506944636182,1.29027034731
T[C>A]G,0.862771075884,0.469383227813,0.389138789793,0.219045506313,0.713816274768,0.777835063233,0.0983469620179,0.102817278473,0.495083700922
T[C>A]T,8.61809455738,4.68860066593,5.51799673907,2.1880136441,3.10232701629,7.76968110354,0.982373472862,1.02702681254,2.63796959835
A[C>G]A,1.41657963174,0.770678037995,0.888716881099,0.359649751064,0.745826326242,1.27712360582,0.161475398437,0.168815189275,0.351575837944
A[C>G]C,0.772539268121,0.420293384211,0.52049702616,0.196136912632,0.339153568856,0.696486179549,0.0880614709775,0.0920642651128,0.329319740277
A[C>G]G,0.145416094961,0.0791123832689,0.146591148104,0.0369191121922,0.052888265202,0.131100520846,0.016575927923,0.0173293791922,0.026033113665
A[C>G]T,1.04655612432,0.569369912196,0.869774093712,0.265705959025,0.508678780373,0.943527283067,0.119296553032,0.124719123624,0.278361603485
C[C>G]A,1.17148324606,0.637335444747,0.725283497176,0.297423207549,0.353949049,1.05615587987,0.133536950328,0.139606811706,0.317808716678
C[C>G]C,1.12244497419,0.610656592176,0.649722692036,0.284973076349,0.25947026274,1.01194520989,0.127947095503,0.133762872572,0.240177647813
C[C>G]G,0.208152058793,0.113243348048,0.189022220965,0.0528468957557,0.159295681905,0.187660405337,0.0237271776862,0.0248056857629,0.0476507764629
C[C>G]T,1.15928965839,0.630701627621,0.857400187865,0.294327426223,0.259954542648,1.0451626972,0.132147007692,0.13815368986,0.239911431464
G[C>G]A,0.636844813738,0.346469976386,0.446385686261,0.16168598898,0.162362700437,0.574150246582,0.072593709338,0.0758934233988,0.22910805334
G[C>G]C,0.683955527089,0.372100157225,0.501327878378,0.173646740038,0.203032675396,0.616623117687,0.0779638424661,0.0815076534873,0.172537524159
G[C>G]G,0.235916480107,0.1283483441,0.13268619284,0.0598958939131,0.0230671404129,0.212691541651,0.0268920340018,0.0281143991837,0.0405781584151
G[C>G]T,0.797712915639,0.433988891928,0.602504751317,0.202528149566,0.390788736061,0.719181592338,0.0909310059278,0.09506423347,0.304935400804
T[C>G]A,2.91581198765,1.58632258395,1.02788488815,0.740283872511,2.42158342573,2.62876313912,0.332372350923,0.347480185056,0.542560497262
T[C>G]C,1.22320333752,0.665473318338,0.650575830641,0.310554215224,0.732675562994,1.1027843561,0.139432504795,0.145770345922,0.192950384006
T[C>G]G,0.220229804035,0.119814142092,0.105744316736,0.0559132663094,0.133129292702,0.198549149752,0.0251039154858,0.0262450025534,0.0378066659685
T[C>G]T,3.99918516199,2.17572249746,1.81875251408,1.01533716548,3.19156989291,3.60548299579,0.455865666134,0.476586832776,1.13211651675
A[C>T]A,2.45857275151,1.33756548657,2.66903826109,0.624197227068,1.34751887864,2.21653709204,0.280251816235,0.292990535154,2.49455138929
A[C>T]C,1.43796352675,0.782311763259,2.64627917238,0.365078822854,2.21380865412,1.29640235054,0.163912940873,0.171363529095,1.55513257729
A[C>T]G,2.66062033649,1.44748774783,6.29482328761,0.67549428232,3.10486241648,2.39869398212,0.303283147164,0.317068744763,3.06809461042
A[C>T]T,1.80894871598,0.984143083825,2.45444119446,0.459266772451,1.20262800655,1.63086568177,0.206201408039,0.215574199314,1.61877344504
C[C>T]A,1.71782636953,0.934568750262,3.01296271237,0.436132083456,5.59097238784,1.54871392901,0.195814404817,0.204715059581,2.84805424173
C[C>T]C,1.07234870321,0.583402144233,4.87917560893,0.272254333975,6.80369446194,0.966780696157,0.122236639744,0.127792850641,1.22196915951
C[C>T]G,2.0818810273,1.13262957444,3.93249700742,0.528560468071,3.10803206318,1.87692900907,0.237312863216,0.248099811544,3.50191891245
C[C>T]T,2.01445830204,1.09594881717,5.20184289537,0.511442781347,5.68814201109,1.81614375417,0.229627371217,0.240064979,1.80371806667
G[C>T]A,2.89318643996,1.57401334817,2.47970190084,0.734539562477,1.85649435108,2.60836497696,0.329793272949,0.344783876265,2.92466110181
G[C>T]C,3.23043075716,1.75748823576,4.58143964977,0.820161176689,2.93041469087,2.91240907641,0.36823563035,0.384973613548,2.87344794801
G[C>T]G,3.45888647926,1.88177761825,4.30691692494,0.878162888517,2.66692867249,3.11837433882,0.394277215253,0.412198906855,2.86314184318
G[C>T]T,2.99348440471,1.62857959842,3.51200506123,0.760003812595,2.66122947512,2.69878904881,0.341226201573,0.356736483463,2.56581761696
T[C>T]A,9.03778891496,4.91693179312,7.66028361549,2.29456817012,11.3532733523,8.14805840002,1.03021428046,1.0770422023,6.86893757819
T[C>T]C,2.86459481984,1.55845832167,4.54205333664,0.727280550114,17.1994413367,2.58258807592,0.326534124541,0.341376584748,3.22484420708
T[C>T]G,4.42098643342,2.4051998731,5.13936426095,1.12242660745,7.05560006831,3.98575978971,0.503946640079,0.526853305537,3.25044574218
T[C>T]T,5.52972364805,3.00839887588,5.59623306245,1.40391947541,7.66572288428,4.9853467086,0.630331193042,0.658982610907,5.08099669372
A[T>A]A,1.96530664623,1.06920827904,0.988948345281,0.498963863551,1.00914371679,1.7718308624,0.224024591798,0.234207527789,0.17785320479
A[T>A]C,1.01853115521,0.554123167344,1.01817698668,0.258590811427,0.565850739615,0.918261248741,0.116101996967,0.121379360466,0.386694782299
A[T>A]G,1.58022054501,0.859705477853,1.02937033219,0.401195889665,0.54544772853,1.42465479187,0.180128766788,0.188316438006,0.263443228696
A[T>A]T,1.77390766448,0.96507929933,1.60097408476,0.450370339688,0.889268219923,1.59927426746,0.202207091288,0.21139832271,0.612693573338
C[T>A]A,2.84378373482,1.54713622879,0.839908910295,0.721996906767,1.86401389065,2.56382575056,0.324161876508,0.338896507258,0.0961736459886
C[T>A]C,1.81550503481,0.987709993033,1.31066335367,0.460931330082,0.773042095055,1.63677655988,0.206948760445,0.216355522283,1.30900611689
C[T>A]G,3.8648462354,2.10263655294,1.50768735863,0.981230391372,0.836759706009,3.48436914487,0.440552420616,0.460577530644,0.652083390191
C[T>A]T,2.60442205324,1.41691355228,1.77838314554,0.661226324399,0.79455082768,2.34802817235,0.29687712524,0.310371540024,3.3556750102
G[T>A]A,1.89067076262,1.02860326464,0.575143404232,0.48001485683,0.906551500156,1.70454255282,0.215516874495,0.225313096063,0.0832622888303
G[T>A]C,0.841484393442,0.457802390215,0.656147231811,0.213641115434,0.223631391309,0.758643960927,0.0959205008069,0.100280523571,0.490997994179
G[T>A]G,1.60731987059,0.87444863426,0.777993636746,0.408076029321,0.382221308898,1.4490863082,0.183217809083,0.191545891314,0.438060100546
G[T>A]T,1.36662872906,0.743502676431,1.1194278043,0.346967915668,0.313713946292,1.23209014951,0.155781513157,0.162862491028,0.56987186952
T[T>A]A,1.71176049066,0.93126866072,1.0516979061,0.434592041669,0.639766253111,1.54324520919,0.195122957484,0.203992182824,0.19780376067
T[T>A]C,1.21846333832,0.662894562299,0.898603881992,0.309350795739,0.576687371378,1.09851098895,0.138892194005,0.145205475551,0.429646010122
T[T>A]G,1.57648461487,0.857672977003,0.65949034388,0.400247389268,0.432805009723,1.42128664761,0.179702909467,0.187871223534,0.130365557125
T[T>A]T,1.88342017384,1.0246586438,1.72909057952,0.478174033773,0.9390739432,1.69800575258,0.21469038251,0.224449036261,0.606286425048
A[T>C]A,2.23347218645,1.21510144859,2.08434534996,0.567047342675,1.54284376491,2.01359668623,0.254592684466,0.266165079215,1.1290901991
A[T>C]C,1.2627321476,0.686978629521,1.01013931674,0.32059002711,0.887685225277,1.13842172892,0.143938379519,0.150481033133,1.57791408776
A[T>C]G,2.33677475864,1.27130232983,1.51427900512,0.593274420588,1.63518205197,2.10672957515,0.266368107203,0.278475748439,2.42706650683
A[T>C]T,2.12591238242,1.15658445676,2.02862701621,0.539739413154,1.24162685045,1.9166256712,0.242331981416,0.25334707148,0.883431398369
C[T>C]A,1.00467078872,0.546582553448,0.892401003534,0.255071858276,0.931707950188,0.905765374286,0.114522058818,0.119727606946,1.34181572994
C[T>C]C,1.55769434862,0.847450293291,1.1839882339,0.395476803536,1.52507629764,1.40434620031,0.177561013832,0.185631969007,4.69246584743
C[T>C]G,2.11100514038,1.14847429917,1.17077512863,0.535954672946,1.72203089637,1.90318598148,0.240632710302,0.251570560771,5.3181902899
C[T>C]T,1.32270040005,0.719603844584,1.41760768086,0.335815127473,1.00822977436,1.19248637103,0.150774138865,0.157627508814,10.5972817263
G[T>C]A,1.29287236948,0.703376159559,2.0241532803,0.328242207794,1.29794440793,1.1655947787,0.147374052479,0.154072873046,0.544680775508
G[T>C]C,1.38403810269,0.75297409732,1.22219368409,0.351387912083,1.06235077754,1.24778564699,0.157766001343,0.164937183222,1.44227766753
G[T>C]G,1.41624150606,0.77049408361,1.24712570876,0.359563905685,1.11333461522,1.27681876712,0.161436855613,0.168774894505,1.58954957134
G[T>C]T,1.42297960296,0.774159887621,1.78957522655,0.361274614223,1.72632557168,1.28289352806,0.162204928835,0.169577880146,1.24071007945
T[T>C]A,1.19702802614,0.651232863962,1.02206253224,0.303908669849,1.41402124977,1.07918588885,0.136448790544,0.142651008297,0.541977141071
T[T>C]C,1.24642291858,0.678105732904,1.07453140548,0.316449342022,1.35256840787,1.12371807167,0.142079296418,0.148537446255,1.69329808109
T[T>C]G,0.903353702199,0.491461858709,0.759195568045,0.229348867398,0.917968239978,0.814422508718,0.102972960872,0.107653550003,1.42834549853
T[T>C]T,1.3978022099,0.760462342171,1.18958054597,0.354882426347,1.19453282565,1.26019473845,0.159334966931,0.166577465428,1.04691877672
A[T>G]A,0.459557208179,0.250018170253,0.282015593461,0.116675146118,0.238580778932,0.414315824991,0.0523847594816,0.0547658849125,0.0261164568154
A[T>G]C,0.193538162793,0.105292782867,0.178127168266,0.0491366320045,0.435178587263,0.174485183036,0.0220613449816,0.0230641333899,0.695516198279
A[T>G]G,0.684104851381,0.372181395829,0.537612099062,0.173684651387,0.471567067489,0.616757741659,0.077980863888,0.0815254486102,0.440955615738
A[T>G]T,0.540601702539,0.294109734542,0.512434914083,0.137251209453,2.0248834465,0.487381845812,0.0616229919992,0.0644240370901,3.1696954791
C[T>G]A,0.264190060945,0.143730344037,0.162005309005,0.0670741605508,0.300002630714,0.238181712976,0.0301149292269,0.0314837896463,0.0266901605053
C[T>G]C,0.524513452125,0.285357059446,0.346302738952,0.133166627742,0.888641441451,0.472877412797,0.0597890981697,0.0625067844502,2.28855708877
C[T>G]G,1.07371552267,0.584145750674,0.638695152136,0.272601350315,0.740591134022,0.96801295826,0.122392442998,0.127955735862,1.88837135904
C[T>G]T,1.11749916019,0.607965864352,1.14225997868,0.283717403364,3.04298200129,1.0074862895,0.127383323959,0.133173475048,26.1520386283
G[T>G]A,0.251557362084,0.136857632222,0.0938879552225,0.0638668950368,0.0479461631579,0.226792647682,0.0286749324655,0.0299783384867,0.0172261237208
G[T>G]C,0.215993630692,0.1175094882,0.141561799794,0.0548377611601,0.0243288782155,0.194730009017,0.0246210356229,0.0257401736057,1.02280948308
G[T>G]G,1.00884352386,0.548852694328,0.564080980166,0.256131257353,0.550756310786,0.909527322029,0.114997707383,0.1202248759,0.692690500382
G[T>G]T,0.832515109453,0.452922727941,0.569944192129,0.211363939706,1.18262155402,0.750557663445,0.094898095378,0.099211645168,6.573981759
T[T>G]A,0.490786173455,0.267008021828,0.229416152632,0.12460374352,0.336538748439,0.442470436171,0.0559445379067,0.0584874714479,0.0251143321825
T[T>G]C,0.390006855964,0.212179895732,0.355248650653,0.0990172846747,0.837757362881,0.351612398641,0.044456740058,0.0464775009698,1.02105667849
T[T>G]G,0.739348955562,0.402236478415,0.558586693597,0.187710356593,0.514585581291,0.666563307087,0.0842781192869,0.0881089428908,0.516425455468
T[T>G]T,1.66973929213,0.908407386909,1.21195006825,0.423923447224,5.78498106574,1.50536081259,0.190332976305,0.198984475228,5.90178340862
