,1,3,2,5,4,7,6,9,8
A[C>A]A,2.17672362324,2.50653023282,1.30273610785,0.393029603421,2.78686585096,0.694268645673,1.22023548735,1.31922643833,1.44550973117
A[C>A]C,1.05780973623,1.21808393869,0.633083099715,0.383362877958,1.35431701078,0.589240433547,0.582178971774,0.641096809838,0.689658166563
A[C>A]G,0.254482907028,0.293040923244,0.152304164054,0.0847048600639,0.325815237028,0.332839774131,0.220166467077,0.154232064865,0.260812584076
A[C>A]T,1.20705391199,1.38994086836,0.722403477633,0.355527632405,1.54539478126,0.459369221942,0.670629863625,0.731547825451,0.794438453832
C[C>A]A,3.12054543912,3.59335535414,1.86759916432,0.608332858101,3.9952437819,0.909245041137,1.88936693915,1.89123966007,2.2381731433
C[C>A]C,1.61272281617,1.85707475802,0.965190170285,0.764297423735,2.06477390858,1.16988988181,0.976139056454,0.977407767377,1.1563493438
C[C>A]G,0.551626552068,0.635206332684,0.330140133434,0.267355953873,0.706249146208,0.201659109794,0.43125712051,0.334319122465,0.510873819682
C[C>A]T,2.16991495888,2.49868995265,1.29866122539,1.96548637683,2.77814869735,1.02420922602,0.932230862078,1.31509997508,1.10433502123
G[C>A]A,3.66418484115,4.21936436253,2.19295910947,0.427326542465,4.69126695571,0.748833165672,2.0742495632,2.22071808554,2.4571879441
G[C>A]C,1.10623796191,1.27384977432,0.662066659023,0.579611062162,1.41631981487,0.7968207721,1.24287854211,0.670447249644,1.47233304219
G[C>A]G,0.400605726669,0.461303564043,0.239756457628,0.127983561627,0.512896725811,0.409930830014,0.48493474831,0.242791349497,0.574461163382
G[C>A]T,2.48381995333,2.8601563099,1.48652860843,1.00167584228,3.18004221298,0.547876431925,1.47487250077,1.50534542626,1.74715665475
T[C>A]A,2.56644934869,2.95530531061,1.53598104959,0.31191821301,3.28583287825,0.656394036417,1.29772617336,1.55542384769,1.53730638998
T[C>A]C,2.03364133848,2.341768814,1.21710352833,0.388663242227,2.6036771682,1.00498619337,1.20081821418,1.23250990211,1.42250773065
T[C>A]G,0.50633763883,0.583055462895,0.303035405057,0.111214134417,0.648265613351,0.204548630174,0.336417002269,0.306871296261,0.398524756534
T[C>A]T,5.50309427534,6.33689643827,3.29351854357,0.936763061686,7.04562827676,0.752319613699,1.98451596157,3.33520865172,2.35088813909
A[C>G]A,0.603160305465,0.694548230536,0.360982304028,0.141693616111,0.772227966846,0.210339498739,0.298969677092,0.365551700282,0.354164079017
A[C>G]C,0.300906639897,0.346498555033,0.180088064787,0.0789628945833,0.385251682898,0.121305181389,0.160629572807,0.182367660544,0.190284263171
A[C>G]G,0.113285452733,0.130449915268,0.0677996270144,0.0200250643553,0.145039708423,0.0851923531007,0.0290476888548,0.0686578501411,0.0344103391049
A[C>G]T,0.57745106073,0.66494364569,0.345595710589,0.132480972258,0.739312342905,0.140154858957,0.2990281482,0.349970339837,0.354233344791
C[C>G]A,0.375916388653,0.432873417237,0.224980262906,0.0723491861512,0.481286891534,0.212840075321,0.136801837568,0.227828114335,0.162057561427
C[C>G]C,0.427329974761,0.492076940634,0.255750515198,0.0467749466486,0.547111861626,0.200993402227,0.260576250074,0.258987863491,0.308682634703
C[C>G]G,0.230768344166,0.265733244797,0.138111357493,0.0207449141292,0.295453410334,0.137311955387,0.0806483368726,0.139859602525,0.0955372606029
C[C>G]T,0.441998738043,0.508968243807,0.264529547768,0.0830679890286,0.565892323706,0.209892041666,0.203692536802,0.267878023056,0.241297312827
G[C>G]A,0.286391244015,0.329783856745,0.171400820282,0.0621477486354,0.366667577565,0.182344124547,0.112433971221,0.173570450918,0.133191012061
G[C>G]C,0.247628666271,0.285148161161,0.148202004814,0.114720021658,0.317039731817,0.224022747162,0.107127492097,0.150077979558,0.126904875253
G[C>G]G,0.0698266468018,0.0804064417717,0.0417901901314,0.0106118728222,0.0893992674962,0.120177465134,0.0487286649914,0.0423191798799,0.0577247262206
G[C>G]T,0.27621199711,0.318062299702,0.16530869524,0.117991215399,0.353635056906,0.130065097581,0.071668131025,0.167401210369,0.0848991705988
T[C>G]A,0.460231444567,0.529963481623,0.27544154637,0.0675861610989,0.58923571312,0.0879864921465,0.169751692323,0.278928148223,0.201090466291
T[C>G]C,0.536122565687,0.617353257458,0.320861232495,0.0920698050781,0.686399345463,0.222179049446,0.203837099943,0.324922767083,0.241468564547
T[C>G]G,0.113870504446,0.131123611181,0.0681497716004,0.00890826329973,0.145788751905,0.0716694617486,0.0304088393669,0.0690124269372,0.0360227789424
T[C>G]T,1.00822397414,1.16098518235,0.603406772405,0.128659781893,1.29083220932,0.149287410819,0.476378818796,0.611044832815,0.564325677651
A[C>T]A,2.07102398401,2.38481549673,1.23947647528,1.13020605065,2.65153828255,0.713066311524,0.945580435749,1.25516605091,1.12014913158
A[C>T]C,3.29689700831,3.79642685805,1.97314290649,1.11373752871,4.22102723034,0.600981420695,1.46289019507,1.99811939898,1.73296223108
A[C>T]G,2.88742236219,3.32491059889,1.72807853495,3.10663667077,3.69677560008,0.406277546329,1.27062316563,1.74995294678,1.50519975006
A[C>T]T,2.38441921721,2.74569485618,1.42703877394,0.717389739107,3.05277914931,0.347505044109,1.16642827484,1.44510255589,1.38176887943
C[C>T]A,2.84445368435,3.27543151532,1.7023624323,0.730110020566,3.64176267164,1.10954175812,2.00457504842,1.72391132385,2.37465044197
C[C>T]C,5.57932820257,6.42468096053,3.33914339396,1.3384533942,7.1432308048,1.02581295428,3.93111970167,3.38141103186,4.65686487737
C[C>T]G,2.23331161081,2.57169215791,1.33660316102,2.61975197365,2.85931562294,0.520536031276,1.05815348278,1.35352218837,1.25350489499
C[C>T]T,5.35104718813,6.1618119136,3.20252066562,1.20043588628,6.85096193025,0.886504669009,4.70471409056,3.24305890189,5.57327669189
G[C>T]A,2.30825198894,2.65798713878,1.38145384187,2.43620401729,2.95526201615,0.613812189477,1.79154073436,1.39894059936,2.12228671609
G[C>T]C,4.49631908401,5.17757955128,2.69097884573,4.20091893391,5.75665094847,0.748565873072,3.47440291642,2.7250418691,4.11583114714
G[C>T]G,2.32126940162,2.67297688671,1.38924456612,5.44878553604,2.97192824904,0.291093698657,1.12493640171,1.40682994037,1.33261696817
G[C>T]T,3.94313196523,4.54057620238,2.35990473677,2.7498106002,5.04840380397,0.508907754943,3.66288871384,2.38977694862,4.33911432254
T[C>T]A,2.50720105873,2.88708000702,1.50052184575,0.55032150941,3.20997711307,0.957885861048,1.46863633898,1.51951579317,1.73976920156
T[C>T]C,4.38605310508,5.05060660585,2.62498632804,0.763029857787,5.6154770815,1.5139403979,1.61951686584,2.65821400308,1.91850459492
T[C>T]G,2.45017425063,2.82141277345,1.46639216515,1.48269863907,3.13696551785,0.495293438843,0.52154557653,1.48495409129,0.617830913736
T[C>T]T,3.43857048417,3.95956601208,2.05793233522,0.577367940573,4.4024122108,0.700208971894,1.3108244894,2.08398211162,1.55282285667
A[T>A]A,0.770915226336,0.887720563659,0.461381082428,0.124238248231,0.987005100384,0.602422018495,0.202639728352,0.467221349294,0.24005013974
A[T>A]C,0.512823045507,0.590523506948,0.30691682269,0.3222138418,0.656568899172,0.322134428978,0.231642278456,0.310801845762,0.274407006787
A[T>A]G,0.60369729377,0.695166580705,0.361303683393,0.0720427161452,0.7729154746,0.810202390012,0.338405071771,0.36587714774,0.400879854252
A[T>A]T,0.831148299786,0.957079860359,0.497429664266,0.299128901436,1.06412168685,0.299895542455,0.240968658745,0.503726242294,0.285455180359
C[T>A]A,0.775481643087,0.892978861737,0.464114013666,0.0784600363453,0.992851497589,0.912488481299,0.264369754855,0.469988874598,0.313176478828
C[T>A]C,0.886818517356,1.02118495938,0.530747445993,0.200527971804,1.1353964351,0.727859198013,0.296311043819,0.537465768094,0.35101462114
C[T>A]G,1.78782555698,2.05870821713,1.06998650759,0.176625140724,2.28895847826,2.46029902928,0.439164823522,1.0835306406,0.520241406326
C[T>A]T,1.20330708878,1.38562634466,0.720161060712,0.19349787247,1.54059771216,0.765959690102,0.239269194562,0.729277023506,0.283441968943
G[T>A]A,0.890448655678,1.02536511866,0.532920028777,0.0623195829775,1.14004411219,0.62366601427,0.17921149572,0.539665851926,0.21229669493
G[T>A]C,0.31862665016,0.366903415336,0.190693222444,0.182849992432,0.407938665736,0.252744653803,0.105716753713,0.193107060703,0.12523369286
G[T>A]G,0.98203932137,1.13083315794,0.587735654457,0.124067192987,1.25730791903,0.718116680866,0.137843057415,0.595175346285,0.163291006476
G[T>A]T,0.729013703553,0.839470325303,0.436303655914,0.163279274253,0.933358453791,0.244696068664,0.210842701185,0.441826487002,0.249767507557
T[T>A]A,0.953455369689,1.09791830449,0.570628592465,0.0906697154073,1.22071179907,0.500001123328,0.309239376991,0.577851739205,0.366329723512
T[T>A]C,0.525851549205,0.605526026357,0.314714184752,0.111724774132,0.673249331937,0.384041492662,0.278373584592,0.318697908609,0.329765630978
T[T>A]G,0.615873088775,0.709187193135,0.368590712221,0.0483000512694,0.788504181841,0.761227120908,0.387655931242,0.373256417439,0.459223180087
T[T>A]T,0.977584930194,1.12570385901,0.585069768828,0.101997242516,1.25160494851,0.330158412929,0.353192604041,0.592475715269,0.418397392479
A[T>C]A,1.90173440759,2.1898759845,1.13815922879,0.56719507151,2.43479632487,0.706413858714,0.820784555777,1.15256630763,0.972314012228
A[T>C]C,0.898736099036,1.03490823525,0.53787993806,0.387550764666,1.15065455104,0.315696363182,0.267224312771,0.54468854487,0.316558032052
A[T>C]G,1.61079212162,1.85485153398,0.964034678846,0.78510582537,2.06230203449,0.657572770701,0.626593895889,0.976237649465,0.742272768976
A[T>C]T,1.55704869388,1.79296516265,0.931870051639,0.333976405934,1.9934941611,0.381362940761,0.805432018787,0.943665875078,0.954127160717
C[T>C]A,0.928007925617,1.06861518707,0.555398682756,0.322265136394,1.18813135931,0.400843730618,0.321148764213,0.562429045829,0.380437766836
C[T>C]C,1.22469044865,1.41024960753,0.7329586776,0.369613446887,1.56797489259,0.247473015645,0.366940251889,0.742236635544,0.434683067622
C[T>C]G,1.26219132921,1.45343243969,0.75540238642,0.924381686879,1.61598738361,0.595552988432,0.289264163379,0.764964441944,0.342666778157
C[T>C]T,1.08579198256,1.25030591931,0.649830050169,0.475826879609,1.39014276555,0.3312476005,0.384162667883,0.658055747007,0.45508500657
G[T>C]A,1.18924346923,1.36943187366,0.711744197494,1.13584107749,1.52259201742,0.912383021122,0.386579788728,0.720753617716,0.457948365109
G[T>C]C,0.728860401913,0.839293796142,0.436211907205,1.06482619578,0.933162181237,0.402528691268,0.315279681958,0.441733576917,0.373485161704
G[T>C]G,1.12494888913,1.29539569052,0.673264865466,0.846490431202,1.44027547169,0.578626951517,0.415580637026,0.681787205535,0.492303216169
G[T>C]T,1.24719782595,1.43616719352,0.746429001894,0.737785907924,1.59679115595,0.616476412561,0.574435561175,0.755877470272,0.680485203238
T[T>C]A,1.15427544143,1.32916565983,0.690816362673,0.491931428429,1.47782234546,0.373485900895,0.349281311421,0.699560873592,0.413764015068
T[T>C]C,1.08012800808,1.24378376688,0.646440247261,0.429556541669,1.38289116186,0.373106981149,0.293883524903,0.654623035201,0.348138944885
T[T>C]G,0.852734846713,0.981937096215,0.510348885533,0.448907631806,1.09175900829,0.319225592149,0.290258529076,0.516808998008,0.34384471906
T[T>C]T,1.27868803874,1.47242865067,0.765275417126,0.348071725463,1.63710817081,0.271179871525,0.332929212954,0.774962447722,0.394393067653
A[T>G]A,0.483591636528,0.556863096608,0.289422267316,0.0172107440991,0.619143837676,0.0530225049123,0.19826094121,0.29308584032,0.234862961126
A[T>G]C,0.228728164812,0.26338394736,0.136890341062,0.0813102926858,0.292841362525,0.0290752988159,0.0625460402707,0.138623130189,0.0740930015514
A[T>G]G,0.408307443706,0.470172207904,0.244365818582,0.0849863264964,0.522757257473,0.0963591948378,0.103817185593,0.247459056792,0.122983435241
A[T>G]T,0.8294986991,0.955180320176,0.496442403249,0.207599230304,1.06200969809,0.0760921382358,0.161031633059,0.502726484303,0.190760549931
C[T>G]A,0.25646266377,0.29532064313,0.153489018469,0.0141418389884,0.328349925585,0.0394281768714,0.0951130785898,0.155431917437,0.112672416176
C[T>G]C,0.484475271852,0.557880616072,0.289951109669,0.172795384573,0.620275158659,0.104222708975,0.12107050385,0.29362137688,0.143421981484
C[T>G]G,0.754548293907,0.868873792984,0.451585721354,0.187245454922,0.966050467199,0.22066341275,0.171944070649,0.457301996307,0.203687591384
C[T>G]T,1.58852991422,1.82921626485,0.950711085023,0.796142728844,2.0337996629,0.157131313308,0.371699771335,0.962745402555,0.440321267581
G[T>G]A,0.209454985969,0.241190589904,0.125355635542,0.0148777266045,0.268165853248,0.0235975160811,0.0453100321913,0.126942415739,0.0536749612112
G[T>G]C,0.0568173199709,0.065426004815,0.0340043051341,0.0919712825422,0.0727433869324,0.025607435524,0.0208076343097,0.0344347393763,0.0246490437207
G[T>G]G,0.652674086082,0.751564099125,0.390615551519,0.136568690527,0.835620610211,0.0941222226851,0.268542059627,0.395560052171,0.31811905525
G[T>G]T,0.577556743492,0.66506534099,0.34565896012,0.460186340045,0.739447648864,0.0850691399105,0.199814263763,0.350034389995,0.236703050919
T[T>G]A,0.639949265304,0.736911275198,0.382999939083,0.0417357100833,0.819328983609,0.0731567037459,0.315204236995,0.387848039578,0.37339578844
T[T>G]C,0.481882431568,0.5548949212,0.288399334045,0.0975286641973,0.616955537386,0.0596124959187,0.13757200531,0.292049958526,0.162969913983
T[T>G]G,0.495825255163,0.570950293824,0.296743902711,0.0862771781993,0.634806576686,0.144805159773,0.103781538219,0.300500154644,0.122941206814
T[T>G]T,2.37826838235,2.73861207664,1.42335759247,0.416247697331,3.04490421679,0.0708193968936,0.342137404602,1.44137477718,0.405301233144
