,1,3,2,5,4,7,6,9,8
A[C>A]A,0.308320712883,1.48877791,1.09792253856,1.39120321667,0.376000869369,0.330880765045,0.759521756126,1.0753624864,0.947522190811
A[C>A]C,0.23522297566,1.18876366858,0.837623279181,1.06137196335,0.286857287391,0.252434412904,0.579451720529,0.820411841937,0.722880364225
A[C>A]G,0.0253505515955,0.544409515662,0.0902726959255,0.114386635248,0.0309153068238,0.0272054700049,0.0624489197841,0.088417777516,0.077906573196
A[C>A]T,0.223730357774,1.43907522438,0.796698347195,1.00951502898,0.272841899724,0.240100871757,0.551140637443,0.780327833211,0.687561587305
C[C>A]A,0.409349659526,2.25661841486,1.45768415343,1.84706553689,0.499206901861,0.439302073638,1.00839794176,1.42773173932,1.25800139269
C[C>A]C,0.422896343588,1.94960036507,1.50592356497,1.90819081863,0.515727248278,0.453839978485,1.04176904152,1.47497993008,1.29963266566
C[C>A]G,0.123438031541,0.537152774283,0.439559819633,0.556976483782,0.150534184806,0.132470082629,0.304079053308,0.430527768545,0.379346145711
C[C>A]T,0.707711230937,4.35476932215,2.52014243212,3.19333116398,0.863062476753,0.759494979542,1.74338620304,2.46835868351,2.17491744142
G[C>A]A,0.310627431639,1.87864664067,1.10613670779,1.40161158179,0.378813941023,0.3333562681,0.765204160867,1.08340787133,0.954611131378
G[C>A]C,0.189916949358,2.55395715312,0.676289624542,0.856942332468,0.231606035802,0.203813311506,0.46784419232,0.662393262394,0.583647210221
G[C>A]G,0.0369306754113,0.914753230432,0.131509234391,0.166638413441,0.0450374090382,0.0396329199536,0.0909755662571,0.128806989849,0.113494270776
G[C>A]T,0.304737459549,2.72309652414,1.08516266083,1.37503487845,0.371631048231,0.327035322443,0.750694717426,1.06286479794,0.936510241541
T[C>A]A,0.493828725887,2.19023038042,1.75851204828,2.22825156803,0.602230153521,0.529962535099,1.21650491011,1.72237823907,1.51761998687
T[C>A]C,0.333541560679,2.57440901606,1.18773336242,1.50500460307,0.406758000828,0.357947040729,0.821651161673,1.16332788237,1.02503016209
T[C>A]G,0.0556190941291,0.414533208253,0.19805823763,0.250964205217,0.0678281635721,0.0596887839434,0.137012890416,0.193988547816,0.170926972202
T[C>A]T,0.520035814405,3.08373442983,1.8518348513,2.346503065,0.634190017567,0.558087215459,1.28106383549,1.81378345024,1.59815884427
A[C>G]A,0.2000118131,0.767140457009,0.712237188113,0.902492327403,0.243916845244,0.214646823815,0.492712027393,0.697602177398,0.614670450015
A[C>G]C,0.0993619805611,0.434005909379,0.353825589315,0.448340643995,0.121173147026,0.106632369383,0.244769756992,0.346555200493,0.305356330505
A[C>G]G,0.0305942913702,0.0851784867273,0.108945525367,0.13804741228,0.0373101114271,0.0328328980558,0.0753664250827,0.106706918682,0.0940214807963
A[C>G]T,0.204451084229,0.594659256101,0.728045324329,0.922523184938,0.249330590524,0.219410919661,0.503647792858,0.713085488898,0.62831308812
C[C>G]A,0.134168896208,0.796446386915,0.477772166984,0.605396238987,0.163620605132,0.143986132516,0.330513622366,0.467954930677,0.412323924932
C[C>G]C,0.104020583456,0.623555319345,0.370414760601,0.469361169254,0.126854370069,0.11163184566,0.256245827539,0.362803498397,0.319673012573
C[C>G]G,0.0400102249824,0.169616603354,0.142475435303,0.180533941994,0.0487929572956,0.0429378024201,0.0985617737371,0.139547857865,0.122958252385
C[C>G]T,0.184612541419,0.639761036568,0.657400757249,0.833007808843,0.225137245633,0.198120776157,0.454777236179,0.643892522511,0.567345858996
G[C>G]A,0.0846844391702,0.434817908038,0.301559222411,0.382112713329,0.103273706305,0.0908808615485,0.208612886736,0.295362800033,0.260249739889
G[C>G]C,0.0926813773875,0.47667760152,0.330036124355,0.418196458944,0.113026069985,0.0994629415866,0.228312661369,0.323254560156,0.284825696362
G[C>G]G,0.0103245015749,0.164793098409,0.0367652982911,0.0465861656429,0.0125908555792,0.0110799529097,0.0254335282699,0.0360098469564,0.0317289560595
G[C>G]T,0.137849383178,0.4687115658,0.490878291318,0.622003314342,0.168109003876,0.147935923411,0.33958018783,0.480791751086,0.423634689768
T[C>G]A,1.46415237346,5.0196781648,5.21381089086,6.60654119732,1.78555167495,1.57128547396,3.6068143834,5.10667779036,4.49959022088
T[C>G]C,0.45095638602,1.6243369619,1.60584469168,2.03480320521,0.549946812219,0.483953194753,1.11089256068,1.57284788295,1.38586596679
T[C>G]G,0.0658471873167,0.261202804232,0.234480228006,0.297115357404,0.0803014479471,0.0706652741935,0.162208924853,0.229662141129,0.202359648827
T[C>G]T,1.8368538501,6.18742802172,6.54099175888,8.28824298214,2.24006567085,1.97125779035,4.52493265511,6.40658781863,5.64496549054
A[C>T]A,0.732587892071,2.61707421756,2.60872761567,3.305579513,0.893399868379,0.786191884174,1.80466773413,2.55512362356,2.25136766832
A[C>T]C,1.48865958707,3.29929276404,5.30108048078,6.71712252702,1.81543852082,1.59758589832,3.66718581205,5.19215416953,4.57490507246
A[C>T]G,1.02310227298,2.69463860346,3.64324224036,4.61643708539,1.24768569875,1.0979634149,2.52032511148,3.56838109843,3.14416796086
A[C>T]T,1.00504104963,2.18401392214,3.57892666452,4.53494132149,1.22565981662,1.07858063862,2.47583282957,3.50538707553,3.08866273788
C[C>T]A,0.858763939227,3.10124761723,3.05803744213,3.87491045749,1.04727309662,0.921600325024,2.11549165517,2.99520105633,2.63912820348
C[C>T]C,2.25754098365,4.9611686775,8.03904838082,10.1864654141,2.75309876055,2.42272690929,5.56125949632,7.87386245519,6.9378088766
C[C>T]G,1.0751492878,2.06008253931,3.82858039072,4.8512833718,1.31115766805,1.15381874789,2.64853848947,3.74991093064,3.3041173235
C[C>T]T,1.63613170183,4.78498678753,5.82622508455,7.38254548385,1.9952825632,1.75584865562,4.03047077767,5.70650813076,5.02811205927
G[C>T]A,1.06380514047,3.81803536236,3.78818415874,4.80009636553,1.29732334203,1.14164454099,2.62059315091,3.71034475822,3.26925482193
G[C>T]C,2.04824353792,6.21782554396,7.29374528136,9.24207450035,2.49785797307,2.1981150163,5.0456731056,7.14387380297,6.29460209213
G[C>T]G,1.35391135943,3.40566808261,4.8212453287,6.10911223157,1.65111141394,1.45297804427,3.33524505616,4.72217864387,4.16080076313
G[C>T]T,1.40249004841,4.78755270596,4.9942328553,6.32830875501,1.71035371757,1.50511127146,3.45491450949,4.89161163225,4.31009136827
T[C>T]A,1.33988409382,4.01562888777,4.771294578,6.04581847213,1.63400499247,1.43792439337,3.30069008478,4.67325427845,4.11769258102
T[C>T]C,2.54157220352,2.89996348373,9.05047662716,11.4680696988,3.09947829697,2.72754090133,6.26094615988,8.86450792934,7.81068530837
T[C>T]G,0.724489441089,1.32754297804,2.57988922924,3.26903772199,0.883523708645,0.777500863608,1.78471789146,2.52687780673,2.22647974579
T[C>T]T,1.51320249709,2.61853746758,5.38847718476,6.82786492589,1.84536889889,1.62392463102,3.72764517576,5.27775505082,4.6503296252
A[T>A]A,0.120833869583,3.87033513623,0.430286462417,0.545225996899,0.14735837754,0.129675372235,0.297663922631,0.421444959765,0.371343111401
A[T>A]C,0.127305319659,0.95250826914,0.453331138297,0.574426442362,0.155250389828,0.136620343048,0.313605787452,0.444016114907,0.391230982366
A[T>A]G,0.105019942148,0.614712090968,0.373973452528,0.473870470668,0.128073100181,0.112704328159,0.258707662365,0.366289066517,0.322744212455
A[T>A]T,0.202661812952,0.894848466438,0.721673772951,0.914449643807,0.24714855238,0.217490726095,0.499240075808,0.706844859808,0.622814351999
C[T>A]A,0.108943810943,7.93026198638,0.387946253601,0.491575732302,0.132858306028,0.116915309304,0.268373778176,0.379974755239,0.33480293119
C[T>A]C,0.208516361313,1.33650177534,0.74252167687,0.940866508362,0.254288245503,0.223773656043,0.513662255917,0.727264382139,0.640806378668
C[T>A]G,0.190387797801,2.26274753818,0.677966304366,0.859066892518,0.232180241221,0.204318612275,0.469004087267,0.664035489893,0.585094207877
C[T>A]T,0.24767872746,1.53373519163,0.88197790754,1.11757474586,0.30204722861,0.265801561177,0.610135401792,0.863855073824,0.761159016096
G[T>A]A,0.0825989071884,3.3198135842,0.29413269389,0.372702386094,0.10073037462,0.0886427296656,0.203475356732,0.288088871413,0.253840544042
G[T>A]C,0.0883148051042,0.625892826368,0.314486866956,0.398493632787,0.107700981834,0.0947768640143,0.217555983305,0.308024808046,0.271406474223
G[T>A]G,0.114953940985,1.14280878552,0.409348180094,0.518694611763,0.140187732909,0.12336520496,0.283179220476,0.40093691612,0.353273086931
G[T>A]T,0.141929137831,0.696606947736,0.50540619813,0.640411963384,0.173084314428,0.152314196697,0.349630315145,0.495021139264,0.436172472359
T[T>A]A,0.129626831039,1.81019828992,0.461597983699,0.584901554687,0.158081501267,0.139111721115,0.319324632559,0.452113093623,0.398365383193
T[T>A]C,0.119949521076,0.829435327029,0.427137318953,0.541235643879,0.146279903751,0.128726315301,0.295485405577,0.418360524728,0.368625357453
T[T>A]G,0.0945118231601,0.630876235541,0.336554297107,0.42645578743,0.115258320927,0.101427322416,0.232821808273,0.329638797851,0.290450968736
T[T>A]T,0.230204404888,1.0165603931,0.819752271065,1.03872719279,0.280737079132,0.247048629636,0.567088899846,0.802908046317,0.707457439412
A[T>C]A,0.257022023454,3.73408577138,0.915249156689,1.15973352046,0.313441492017,0.275828512975,0.633151813874,0.896442667168,0.789872559883
A[T>C]C,0.175333379989,1.90343548614,0.624357889717,0.791138421902,0.213821195109,0.188162651696,0.431918814119,0.611528618011,0.538829411674
A[T>C]G,0.348736324915,3.50970290488,1.24184154726,1.57356634413,0.425288201116,0.374253616982,0.859082166255,1.21632425519,1.07172626681
A[T>C]T,0.240788228902,2.63621490874,0.857441010237,1.08648347188,0.293644181588,0.258406879798,0.593161246808,0.839822359342,0.739983337602
C[T>C]A,0.182170301725,2.51923322025,0.648704001266,0.821987946809,0.222158904543,0.195499835998,0.448760987177,0.635374466993,0.559840439449
C[T>C]C,0.282596481539,2.63262028528,1.00631917816,1.27513046548,0.344629855536,0.303274272871,0.696152308182,0.985641386832,0.86846723595
C[T>C]G,0.406611454374,3.68159416318,1.44793347167,1.83471022096,0.495867627286,0.436363512011,1.00165260712,1.41818141404,1.24958642076
C[T>C]T,0.297027878372,1.74102120345,1.0577090303,1.34024774388,0.362229119966,0.31876162557,0.731702822332,1.0359752831,0.912817382315
G[T>C]A,0.199964614307,4.59633945425,0.712069114362,0.90227935724,0.24385928574,0.214596171452,0.492595757196,0.697437557218,0.614525400066
G[T>C]C,0.153638795907,2.2369187555,0.547104004938,0.693248225435,0.187364385253,0.164880659022,0.378476058211,0.535862141823,0.472158250837
G[T>C]G,0.215830188552,2.68480455685,0.768566037282,0.973867923954,0.263207547015,0.231622641373,0.531679244969,0.752773584462,0.663283018477
G[T>C]T,0.193749683535,2.92290864778,0.689937897465,0.874236376925,0.236280101872,0.207926489647,0.47728580578,0.675761091353,0.595425856716
T[T>C]A,0.171254325698,2.15839540183,0.609832476876,0.772732933028,0.208846738656,0.183785130018,0.421870412086,0.597301672557,0.526293781414
T[T>C]C,0.198119187176,2.66361336466,0.705497593357,0.893952429938,0.241608764848,0.212615713066,0.488049704993,0.691001067466,0.608854087417
T[T>C]G,0.191524515217,1.66432890981,0.682014127358,0.864195983296,0.233566481972,0.205538504135,0.471804293583,0.66800013844,0.588587534569
T[T>C]T,0.199439132136,2.05300824294,0.710197885169,0.899908279152,0.243218453825,0.214032239366,0.491301276726,0.695604777939,0.612910503639
A[T>G]A,0.0758460786345,0.340709207851,0.270086036113,0.342232306034,0.0924952178469,0.0813957917053,0.186840340051,0.264536323042,0.233087948974
A[T>G]C,0.0631179303087,0.475033917953,0.224761410367,0.284800417246,0.0769730857423,0.0677363154532,0.155485633199,0.220143025223,0.193972176071
A[T>G]G,0.0976313842864,0.481407452137,0.347662978191,0.440531855927,0.119062663764,0.104775144112,0.240506580803,0.340519218365,0.300037912685
A[T>G]T,0.257827348068,2.06352790215,0.918116897997,1.16336730226,0.314423595205,0.27669276378,0.635135662313,0.899251482285,0.792347459915
C[T>G]A,0.0539286071291,0.233458211372,0.192038454655,0.243336398022,0.0657665940599,0.0578746027727,0.132848520001,0.188092459011,0.165731817031
C[T>G]C,0.157697313472,1.12233555806,0.561556286999,0.711561048594,0.192313796917,0.169236141287,0.388473869773,0.550017459184,0.484630768232
C[T>G]G,0.194697278121,1.08477355958,0.693312258675,0.878512108595,0.237435705026,0.208943420423,0.479620124152,0.679066116373,0.598337976665
C[T>G]T,0.679405896533,3.29943383522,2.41934782668,3.06561197216,0.82854377626,0.729118523109,1.67365842804,2.3696352001,2.08793031617
G[T>G]A,0.0365277288705,0.136821007839,0.130074351588,0.164820240025,0.0445460108177,0.0392004895196,0.0899829418517,0.127401590939,0.112255947261
G[T>G]C,0.0477836923905,0.176496117033,0.170156563147,0.215609343713,0.0582727955982,0.0512800601264,0.117711047108,0.166660195411,0.146847444907
G[T>G]G,0.160134220123,0.58718180837,0.570234052146,0.722556846898,0.195285634297,0.171851358181,0.394476981279,0.558516914089,0.492119798428
G[T>G]T,0.226808900999,1.19706455072,0.807660964534,1.0234060167,0.276596220731,0.243404674243,0.558724365876,0.79106519129,0.697022476241
T[T>G]A,0.118255803308,0.381599919779,0.421106031292,0.533593258828,0.144214394278,0.126908666965,0.291313076441,0.412453167635,0.36342027358
T[T>G]C,0.128374193893,0.880038421586,0.457137373376,0.57924941147,0.156553894992,0.137767427593,0.316238867884,0.447744139677,0.394515815379
T[T>G]G,0.126306426735,0.723317523486,0.449774104959,0.569919242585,0.154032227726,0.135548360399,0.311145100006,0.440532171295,0.388161213869
T[T>G]T,0.642000144099,5.37693588583,2.2861468546,2.89682991849,0.782927004999,0.688975764399,1.5815125501,2.2391712343,1.9729760526
