,1,3,2,5,4,7,6,9,8
A[C>A]A,0.455082767788,0.963109376207,0.530520721671,3.49586307983,2.10992919611,2.66843986567,3.74409004408,2.9970930071,0.682624151682
A[C>A]C,0.326646446829,0.683346526107,0.448413552216,2.50923861428,1.51445170803,1.91533598368,2.68740940346,2.28281002379,0.489969670243
A[C>A]G,0.112634639518,0.272369174795,0.254016548345,0.865238821756,0.522215146858,0.660448568086,0.926675897857,1.43252919672,0.168951959278
A[C>A]T,0.239401934517,0.50358262498,0.41010951486,1.83904213334,1.10995442367,1.40376588876,1.96962500671,2.23083223731,0.359102901775
C[C>A]A,0.45342088373,1.02018888505,0.774320021302,3.48309678865,2.10222409729,2.65869518187,3.73041727069,4.63062698099,0.680131325595
C[C>A]C,0.296996903029,0.611733681169,0.826725142692,2.28147620963,1.37698564131,1.74148184049,2.44347452037,2.74489658397,0.445495354543
C[C>A]G,0.144844162661,0.292129700152,0.200836213427,1.11266652226,0.671550208702,0.84931349924,1.19167242917,1.45420640262,0.217266243992
C[C>A]T,0.555254754976,0.793833509647,0.869375477283,4.26536607231,2.57436295489,3.25581197236,4.5682323023,3.19555417612,0.832882132463
G[C>A]A,0.521482254792,1.17649699244,0.655959604063,4.00593186635,2.41778136313,3.05778231219,4.2903767326,4.42806684172,0.782223382188
G[C>A]C,0.530781264412,1.2096732866,0.885040390524,4.07736516753,2.46089495318,3.11230832314,4.36688222084,7.16497081723,0.796171896618
G[C>A]G,0.164115613087,0.410765816758,0.384718711424,1.26070630054,0.760899660678,0.96231427674,1.35022390767,2.74116092867,0.246173419631
G[C>A]T,0.476091266182,0.922011908622,0.625122330476,3.65724654476,2.20733223412,2.79162606079,3.91693268995,4.52684977523,0.714136899273
T[C>A]A,0.359890350116,0.687598581312,0.515366617283,2.76461223498,1.66858253236,2.11026614386,2.96091606232,2.93820719551,0.539835525174
T[C>A]C,0.357948940171,0.823520740305,0.850837453238,2.74969867676,1.65958144988,2.09888242191,2.94494355322,4.45214121306,0.536923410256
T[C>A]G,0.111993255713,0.235967210518,0.156718029915,0.860311827981,0.519241458308,0.656687726683,0.92139905837,1.01234997985,0.16798988357
T[C>A]T,0.477267204693,0.919807054001,0.678934321491,3.6662798906,2.21278431267,2.79852133661,3.92660745679,5.83588646206,0.71590080704
A[C>G]A,0.159648994743,0.280539974231,0.20451402472,1.22639455053,0.74019079381,0.936123650994,1.31347582039,0.942177338828,0.239473492115
A[C>G]C,0.0939764210232,0.162815166086,0.120660934745,0.721909779678,0.435708861108,0.551043559636,0.773169645691,0.591928645548,0.140964631535
A[C>G]G,0.0210239702052,0.0340118716863,0.0493419107849,0.161502316576,0.0974747709512,0.123276916203,0.172969936688,0.0443100352874,0.0315359553077
A[C>G]T,0.132580025041,0.216936724732,0.134763856499,1.0184556469,0.614689207006,0.77740105592,1.0907720242,0.433257824018,0.198870037561
C[C>G]A,0.0991966995433,0.193365815477,0.209008310495,0.762011010128,0.45991197061,0.581653374595,0.816118300788,0.887150583973,0.148795049315
C[C>G]C,0.0961590497946,0.199800494056,0.187031063023,0.738676337059,0.445828321775,0.563841701068,0.791126727856,0.958426582446,0.144238574692
C[C>G]G,0.0320677334363,0.0700133207425,0.0890318802932,0.246338497761,0.148677673205,0.188033527877,0.263829988726,0.130862628014,0.0481016001545
C[C>G]T,0.108383428726,0.203233936828,0.174830057254,0.832581793394,0.502504987729,0.635521013893,0.891700027245,0.679723364991,0.162575143089
G[C>G]A,0.0632694054997,0.107277272822,0.136344395734,0.486024069521,0.293339970953,0.370988786794,0.520534654339,0.373982120955,0.0949041082496
G[C>G]C,0.0712644957809,0.139490161224,0.176112400669,0.547440899408,0.330408116802,0.417869088897,0.586312442561,0.599279213393,0.106896743671
G[C>G]G,0.0175416794147,0.0463001218214,0.0837792455606,0.134751991868,0.0813296045592,0.102858029295,0.144320180639,0.321742351427,0.0263125191221
G[C>G]T,0.0849999888742,0.142358628197,0.130386039127,0.652954459988,0.394090857507,0.498409025671,0.699318090283,0.378720147634,0.127499983311
T[C>G]A,0.283615214516,0.106652593916,0.149200910133,2.17868051151,1.3149432673,1.66301648512,2.33337971943,1.0035254158,0.425422821774
T[C>G]C,0.140163062968,0.174893493051,0.196853796069,1.07670716553,0.649846928306,0.821865232858,1.15315974533,0.591515742857,0.210244594452
T[C>G]G,0.0221418854135,0.0296745351073,0.0511906779482,0.170089937949,0.102657832372,0.12983196447,0.182167329993,0.12721533108,0.0332128281203
T[C>G]T,0.378768246375,0.182743806835,0.219119522124,2.9096288017,1.7561073241,2.22095926284,3.11622966336,1.15693502833,0.568152369563
A[C>T]A,0.342701367002,0.469175545527,0.706544126638,2.63256959197,1.5888881561,2.00947619742,2.81949761033,1.27746021223,0.514052050502
A[C>T]C,0.273195559933,0.324396482515,1.41065544425,2.09863861948,1.26663395969,1.60191941961,2.24765437945,1.21553161047,0.409793339899
A[C>T]G,0.479579689368,0.685757437047,0.393417627217,3.68404397742,2.22350583252,2.81208090584,3.94563289889,1.61691390997,0.719369534052
A[C>T]T,0.249881536637,0.329096676712,0.833638130849,1.91954453144,1.15854166986,1.46521446483,2.05584355142,0.883760000825,0.374822304956
C[C>T]A,0.381435209093,0.575734961104,1.11019599426,2.93011592439,1.76847233307,2.23659736241,3.13817149299,2.23781035539,0.572152813639
C[C>T]C,0.3703755718,0.445531204283,2.15099670155,2.84515780156,1.71719583289,2.17174767101,3.04718084072,1.8960052822,0.555563357701
C[C>T]G,0.41141549404,0.593056023106,0.56035865545,3.1604190224,1.907471836,2.41239085142,3.38482747369,1.42639163442,0.61712324106
C[C>T]T,0.373923585282,0.4801519246,1.45668477139,2.87241299603,1.73364571358,2.19255193188,3.07637131528,2.04154504431,0.560885377923
G[C>T]A,0.502042383803,0.63210511049,0.802947117989,3.85659831194,2.32765105218,2.94379397775,4.13043961219,2.65535038543,0.753063575704
G[C>T]C,0.621297266319,0.572638994013,1.56059073991,4.77269263672,2.88056005293,3.64306124342,5.11158205471,3.22661231567,0.931945899478
G[C>T]G,0.6123581451,0.708386812581,0.38031230043,4.70402393281,2.83911503637,3.59064548718,5.0380374665,3.57358311663,0.91853721765
G[C>T]T,0.528577322048,0.537216615182,0.961882382726,4.06043488301,2.45067667495,3.09938520655,4.34874978594,2.7627608884,0.792865983072
T[C>T]A,0.573639570167,0.554888472289,1.46895971883,4.40659487992,2.6596016435,3.36361384325,4.71948919092,7.87423398427,0.860459355251
T[C>T]C,0.496382192634,0.654588892364,3.02946748927,3.81311775251,2.30140834767,2.91060467499,4.08387167576,5.61041570549,0.744573288951
T[C>T]G,0.327943821932,0.446068146229,0.666779634032,2.51920481393,1.52046681078,1.92294331951,2.69808326226,4.22415796418,0.491915732898
T[C>T]T,0.392220089166,0.438532627538,1.67042764545,3.01296341223,1.81847495886,2.29983597738,3.22690164268,4.73494416491,0.588330133749
A[T>A]A,0.0940366989466,0.367014163818,0.834366725042,0.722372823726,0.43598833148,0.55139700746,0.773665568606,1.50014549904,0.14105504842
A[T>A]C,0.10483574993,0.17533256856,0.159513267623,0.805329169921,0.486056658769,0.614718715501,0.862512306246,0.329620797461,0.157253624896
A[T>A]G,0.12968798743,0.390733738102,0.17823285234,0.996239539804,0.601280668994,0.760443199022,1.06697844204,0.612210275078,0.194531981145
A[T>A]T,0.160104295333,0.255963815063,0.146689939589,1.22989208688,0.742301732907,0.938793368088,1.31722170251,0.427695936816,0.240156442999
C[T>A]A,0.0620271907385,0.555417836596,1.74539654632,0.476481601582,0.287580611606,0.363704891148,0.510314614712,3.1589232514,0.0930407861077
C[T>A]C,0.0938701801515,0.288501482807,0.22558946645,0.721093656618,0.435216289793,0.550420601797,0.772295573065,0.534136034557,0.140805270227
C[T>A]G,0.130517051808,0.778139400194,0.515731942116,1.00260826162,0.605124512928,0.765304531056,1.07379938078,0.808869339709,0.195775577712
C[T>A]T,0.137064105603,0.35224658594,0.25116570418,1.0529015385,0.63547903507,0.803694073765,1.12766377792,0.525058593738,0.205596158405
G[T>A]A,0.0736204565566,0.332480890219,0.676008219791,0.56553896173,0.341331207672,0.431683586173,0.605695574398,1.21987694114,0.110430684835
G[T>A]C,0.0619485529272,0.120254608456,0.138248688607,0.475877520213,0.287216018117,0.363243787618,0.509667639992,0.409647527904,0.0929228293907
G[T>A]G,0.0717560599088,0.24138595862,0.231211645269,0.551217005663,0.33268718685,0.420751442193,0.590356674704,0.218753432703,0.107634089863
G[T>A]T,0.0635033894059,0.117664869318,0.122087543602,0.487821491345,0.294424805427,0.372360783335,0.522459703749,0.17021983651,0.0952550841088
T[T>A]A,0.102777685446,0.290574853505,0.385308333112,0.789519492744,0.476514723432,0.602650973752,0.845580048442,0.664848185343,0.154166528169
T[T>A]C,0.0900448879057,0.227370094656,0.12633783405,0.691708457094,0.417480843926,0.527990479084,0.740823850497,0.751687033975,0.135067331859
T[T>A]G,0.0967354588862,0.34374055205,0.160482956503,0.743104206899,0.448500763927,0.567221554378,0.795869002655,0.760030045338,0.145103188329
T[T>A]T,0.110299160597,0.225633795752,0.14233831089,0.847298097312,0.511387017313,0.646754168954,0.907461275819,0.408892315794,0.165448740895
A[T>C]A,0.458369645216,0.798764740642,0.285730407901,3.52111227462,2.12516835509,2.68771291968,3.7711320811,1.52344211004,0.687554467825
A[T>C]C,0.217056111497,0.278058443662,0.171249510258,1.66738558378,1.0063510624,1.27273810833,1.78577982641,0.841326432581,0.325584167246
A[T>C]G,0.465807550297,0.62563406896,0.33583224117,3.5782489091,2.15965318774,2.73132609038,3.83232575471,1.44225242789,0.698711325445
A[T>C]T,0.345623000812,0.584038671233,0.203313730699,2.65501305169,1.60243391286,2.02660759567,2.8435346885,1.18604934558,0.518434501218
C[T>C]A,0.192644075255,0.249712154411,0.194527148475,1.47985675991,0.893167985272,1.1295948049,1.58493534641,0.801175905716,0.288966112882
C[T>C]C,0.221868132247,0.269094975956,0.178629008953,1.70435065226,1.02866134042,1.30095404817,1.82536963348,1.18380427176,0.33280219837
C[T>C]G,0.409138805072,0.412608558345,0.324126900692,3.14292991169,1.89691627806,2.3990411752,3.36609653264,1.17724435453,0.613708207609
C[T>C]T,0.325662562851,0.357269916549,0.219596033983,2.50168059645,1.50989006413,1.90956684581,2.67931472164,0.890441795064,0.488493844276
G[T>C]A,0.253818421286,0.33905512331,0.497544238469,1.94978696351,1.17679449869,1.48829892481,2.08823337512,1.39639552385,0.380727631928
G[T>C]C,0.224357983447,0.236741006834,0.277942207088,1.72347723648,1.04020519598,1.31555363021,1.84585431836,1.51289648706,0.336536975171
G[T>C]G,0.250660744077,0.290613603086,0.379598461651,1.92553026132,1.1621543589,1.46978345391,2.06225430355,1.03483330206,0.375991116116
G[T>C]T,0.24477784984,0.348489827645,0.422913227052,1.88033893741,1.13487912198,1.43528830133,2.01385412823,1.40921313239,0.36716677476
T[T>C]A,0.243173424355,0.387566165135,0.202494748126,1.86801403254,1.12744042201,1.42588053372,2.00065408219,1.22688888775,0.364760136532
T[T>C]C,0.211388555198,0.277133268972,0.211452497142,1.62384844675,0.980074210465,1.23950561912,1.73915129504,1.09490474026,0.317082832798
T[T>C]G,0.193599929567,0.246176030539,0.188494869024,1.48719945895,0.897599673446,1.13519958701,1.59279942053,0.77999622875,0.29039989435
T[T>C]T,0.218037688734,0.292820923583,0.18314543297,1.67492588164,1.0109020114,1.2784937203,1.79385553004,0.951299406386,0.327056533101
A[T>G]A,0.0516568112007,0.0621019157616,0.0480478931105,0.396818231497,0.239499761022,0.302896756586,0.42499467397,0.075900036459,0.0774852168011
A[T>G]C,0.0345864793662,0.0518996203558,0.0326966976567,0.26568704604,0.160355495243,0.202802538102,0.284552398422,0.225279095981,0.0518797190493
A[T>G]G,0.0707244723772,0.116999611737,0.0708997587322,0.543292537807,0.327904371931,0.41470258803,0.58186952274,0.226557290856,0.106086708566
A[T>G]T,0.084121777377,0.0811734682137,0.0632106357467,0.646208198942,0.390019149657,0.493259512802,0.692092804784,0.628602265529,0.126182666066
C[T>G]A,0.0339951554374,0.0340958089514,0.0259384670459,0.261144603133,0.157613902482,0.19933522961,0.279687415189,0.106039706024,0.0509927331561
C[T>G]C,0.0802762564477,0.0939068825845,0.0717410024364,0.616667606348,0.372189916257,0.470710776443,0.66045465532,0.387882837804,0.120414384672
C[T>G]G,0.125004008687,0.155294922465,0.140962401693,0.960258066732,0.579564040276,0.732978050938,1.02844207147,0.303880446545,0.187506013031
C[T>G]T,0.394959521498,0.239888311576,0.135556090224,3.03400723332,1.83117596331,2.31589901242,3.2494396996,1.02662730819,0.592439282247
G[T>G]A,0.0180133720872,0.0195442026896,0.0268327604395,0.138375449215,0.0835165433134,0.105623863602,0.148200924899,0.013291510314,0.0270200581308
G[T>G]C,0.0244081041548,0.023444118247,0.0240903394778,0.18749861828,0.113164846536,0.14312024709,0.200812129637,0.108547172487,0.0366121562322
G[T>G]G,0.0889067771901,0.133659903055,0.124126900161,0.682965697506,0.41220414879,0.521317011705,0.731460303246,0.39352544786,0.133360165785
G[T>G]T,0.16000504853,0.114022774344,0.0703703938848,1.22912969098,0.74184158864,0.938211420927,1.316405172,0.568352039867,0.240007572795
T[T>G]A,0.0779359888428,0.0865817332672,0.0660173149858,0.598690096111,0.361339584635,0.456988298215,0.64120063548,0.15283927601,0.116903983264
T[T>G]C,0.0644758971836,0.0903697280385,0.0408881446173,0.495292119274,0.298933705124,0.378063215304,0.530460790465,0.294034668516,0.0967138457754
T[T>G]G,0.0684933297948,0.109521480796,0.109201598652,0.526153306151,0.317559983594,0.401619979251,0.56351330422,0.257838753833,0.102739994692
T[T>G]T,0.238001860605,0.267693914331,0.0910768063457,1.8282870201,1.10346317189,1.39555636446,1.95810621679,1.73161199408,0.357002790907
