,1,3,2,5,4,7,6,9,8
A[C>A]A,7.43447197185,3.69623465267,2.730173323,4.91431198139,3.06619465506,1.34408532824,7.60248263788,6.34240264265,4.78830398187
A[C>A]C,5.83839539218,2.90270505374,2.1440435056,3.85927831008,2.40792578321,1.05552911045,5.97033653098,4.98077798994,3.76032245598
A[C>A]G,2.15124993,1.0695479878,0.79000703644,1.42201266559,0.887238671694,0.388926541017,2.19986574762,1.83524711542,1.38555080237
A[C>A]T,3.19076297502,1.58636803278,1.17174911512,2.10914840722,1.31596439083,0.576861102829,3.26287061287,2.72206332897,2.05506767883
C[C>A]A,6.37039531873,3.16720219236,2.33941071027,4.21093927848,2.6273381823,1.15170988813,6.51435905474,5.43463103462,4.10296647647
C[C>A]C,3.83237188877,1.90536003509,1.40736820774,2.53326277393,1.58058275639,0.69285819458,3.91897916309,3.26942460567,2.46830731819
C[C>A]G,1.74634466779,0.868239156866,0.641313013594,1.15436342447,0.720243846036,0.315723329769,1.78581008401,1.48981946235,1.1247643623
C[C>A]T,4.86611780209,2.41931280556,1.7869924132,3.21658634375,2.00692994097,0.879750111112,4.97608656598,4.15132083681,3.13410977084
G[C>A]A,8.50700042805,4.22946913937,3.12403970522,5.62327146939,3.5085368997,1.53798877795,8.69924902529,7.25738454596,5.47908502146
G[C>A]C,8.6427227735,4.29694691564,3.17388124451,5.71298624011,3.56451278229,1.56252615114,8.83803854239,7.3731702757,5.56649941344
G[C>A]G,2.44378771415,1.21499050195,0.897436166212,1.61538509918,1.00788984821,0.441814727981,2.49901455514,2.08481324766,1.57396496843
G[C>A]T,6.56209326949,3.26250964811,2.40980826281,4.33765487306,2.706400049,1.18636714477,6.71038916259,5.59816996437,4.22643295323
T[C>A]A,3.72077106497,1.84987487976,1.36638485437,2.45949273786,1.53455529798,0.672681774457,3.80485628677,3.17421712322,2.3964288215
T[C>A]C,4.6950020629,2.33423831376,1.72415329994,3.10347593988,1.936356783,0.848813932276,4.80110380444,4.00534074293,3.02389963373
T[C>A]G,1.48297109949,0.73729636585,0.544593906594,0.980269031869,0.611620848944,0.2681077694,1.51648457067,1.26513353686,0.955133928487
T[C>A]T,5.18956457076,2.58012249846,1.9057723,3.43039014,2.14032889077,0.938226363076,5.30684286615,4.42725565076,3.34243141846
A[C>G]A,1.27921022053,0.635991522071,0.469766465166,0.845579637299,0.527583876263,0.231269644389,1.30811892608,1.09130363446,0.823898108137
A[C>G]C,0.539743742197,0.268347171262,0.198210978773,0.356779761791,0.22260617616,0.0975807895498,0.551941340891,0.460459350688,0.347631562771
A[C>G]G,0.102718035587,0.051068853851,0.0377213125035,0.0678983625064,0.0423639355809,0.0185704923094,0.105039347125,0.0876295105852,0.0661573788524
A[C>G]T,0.625986536996,0.311224944947,0.229882061609,0.413787710896,0.258175238422,0.113172707254,0.640133125403,0.534033712353,0.403177769591
C[C>G]A,0.692765694575,0.344425882049,0.254405481059,0.457929865905,0.285716924881,0.12524577529,0.708421416486,0.591003502152,0.446188074472
C[C>G]C,0.533910691037,0.265447123227,0.196068897838,0.352924016109,0.220200454495,0.0965262266281,0.545976469365,0.455483131902,0.343874682363
C[C>G]G,0.309862701446,0.154056032357,0.113791387537,0.204824497566,0.127796481387,0.0560203754027,0.316865248372,0.264346146432,0.199572587372
C[C>G]T,0.378899200217,0.188379263385,0.139143774091,0.250458793364,0.156269161671,0.0685015503217,0.387461894007,0.32324169058,0.244036773021
G[C>G]A,0.33652618467,0.167312453395,0.123583062167,0.2224495119,0.138793285203,0.0608408921437,0.344131296188,0.287092959803,0.216745678262
G[C>G]C,0.469552315805,0.233449738932,0.172434466256,0.310382039261,0.193657169795,0.0848908141569,0.480163667575,0.400578529303,0.302423525434
G[C>G]G,0.172359934089,0.0856930745753,0.0632960209931,0.113932837788,0.0710863004999,0.0311611180274,0.176255073842,0.147041525692,0.111011482973
G[C>G]T,0.624534786932,0.310503170904,0.229348933054,0.412828079497,0.257576494045,0.112910243965,0.638648567427,0.53279521371,0.402242744125
T[C>G]A,1.65164827659,0.8211584652,0.606537502704,1.09176750487,0.681188272268,0.298603078254,1.68897366138,1.40903327551,1.06377346628
T[C>G]C,0.648997159302,0.322665254342,0.238332290139,0.42899812225,0.267665495079,0.117332819761,0.663663761772,0.553664243246,0.417998170398
T[C>G]G,0.165819017493,0.0824410934428,0.0608939894748,0.109609181055,0.0683886343332,0.0299785794337,0.169566339922,0.141461421703,0.106798689233
T[C>G]T,2.19938813031,1.09348110434,0.807684906612,1.4538328319,0.907092279733,0.397629492486,2.24909181687,1.87631416767,1.41655506698
A[C>T]A,1.81050948185,0.90014030736,0.664876363391,1.1967774541,0.746707300423,0.327323748131,1.85142495037,1.54455893649,1.16609085272
A[C>T]C,2.22736022043,1.10738813219,0.817957143094,1.47232285757,0.918628791475,0.402686593523,2.27769604462,1.90017736319,1.43457098943
A[C>T]G,3.646828775,1.8131126113,1.33923090607,2.41061563093,1.50405932528,0.659313676835,3.7292429846,3.11113641257,2.34880497373
A[C>T]T,1.13903970289,0.566302225164,0.418291416314,0.752924549365,0.469773436784,0.205928081878,1.16478071312,0.971723136361,0.733618791689
C[C>T]A,3.18348988313,1.58275203229,1.16907820567,2.1043407702,1.31296475406,0.57554619356,3.25543315732,2.71585860086,2.05038331456
C[C>T]C,3.26117252512,1.6213739108,1.19760572957,2.15569031322,1.34500335782,0.589590513017,3.33487133925,2.7821302333,2.10041620262
C[C>T]G,2.72330443264,1.35395926594,1.00008354871,1.80015038768,1.1231707547,0.49234882398,2.78484803564,2.32327101315,1.75399268543
C[C>T]T,2.52550894668,1.25562026728,0.92744678833,1.66940421899,1.04159408535,0.456589188101,2.58258259519,2.15453023135,1.62659898261
G[C>T]A,2.43173148007,1.20899644207,0.893008735619,1.60741572411,1.00291750308,0.439635069843,2.4866858638,2.07452798582,1.56619993632
G[C>T]C,2.31621543468,1.15156473589,0.850587589008,1.53105766021,0.95527529227,0.41875081305,2.36855928631,1.97598039908,1.49179977149
G[C>T]G,2.39218969986,1.18933725191,0.878487742887,1.5812779372,0.986609311242,0.432486273421,2.44625048404,2.04079460271,1.54073234906
G[C>T]T,1.94732397088,0.968161070267,0.715118972357,1.28721415024,0.803133615108,0.352058571006,1.99133129225,1.66127638194,1.25420865921
T[C>T]A,5.61250730774,2.79039911345,2.06109025426,3.70996245766,2.31476290093,1.01469058671,5.73934363108,4.78807120604,3.61483521516
T[C>T]C,4.39516814581,2.18516834368,1.61404479931,2.90528063875,1.81269646691,0.794606670428,4.49449397961,3.74955022608,2.8307862634
T[C>T]G,3.04888541155,1.51583003512,1.11964718503,2.01536493306,1.2574499155,0.551210921863,3.11778677679,2.60102653754,1.96368890914
T[C>T]T,3.95186590578,1.96476948988,1.45125019139,2.6122503445,1.62986559956,0.714461632683,4.04117360986,3.37136582922,2.54526956643
A[T>A]A,0.652263688385,0.3242892914,0.239531862966,0.431157353339,0.269012707639,0.117923378691,0.667004110721,0.556450943198,0.420102036587
A[T>A]C,0.776648185933,0.386130171537,0.285209785795,0.51337761443,0.320312528662,0.140410971468,0.794199557366,0.662564271615,0.500214085855
A[T>A]G,0.933054154387,0.463891330995,0.342647005848,0.616764610527,0.38481894503,0.168687756725,0.954140123978,0.795995352048,0.600950133334
A[T>A]T,0.950613560982,0.472621431449,0.349095375502,0.628371675903,0.392060960179,0.171862338709,0.97209635332,0.810975410781,0.612259581649
C[T>A]A,0.919052340022,0.45692997696,0.337505096618,0.607509173913,0.379044185433,0.166156355258,0.939821884429,0.784050301375,0.591932015607
C[T>A]C,0.755284161411,0.375508509628,0.277364240066,0.499255632119,0.311501377305,0.136548548956,0.77235273003,0.644338465384,0.486454205654
C[T>A]G,2.34386083631,1.16530934234,0.86073985514,1.54933173925,0.966677068081,0.423748851761,2.39682944278,1.99956489425,1.5096052844
C[T>A]T,1.11404098702,0.553873485072,0.409111096928,0.73639997447,0.459463231934,0.201408540026,1.13921705452,0.950396548248,0.717517923843
G[T>A]A,1.03233059511,0.513249109431,0.37910445583,0.682388020493,0.425763465778,0.186636039793,1.05566010008,0.880688812773,0.664890891763
G[T>A]C,0.380914624736,0.189381282355,0.139883901739,0.251791023131,0.157100381953,0.0688659208562,0.389522864843,0.32496106404,0.24533484305
G[T>A]G,0.956792756121,0.475693573665,0.351364571457,0.632456228622,0.39460944179,0.172979481333,0.978415191287,0.816246927538,0.616239402247
G[T>A]T,0.473471978946,0.235398498007,0.173873890573,0.312973003032,0.195273754028,0.0855994538207,0.484171910673,0.403922422716,0.304948054236
T[T>A]A,0.701156942817,0.348597802079,0.257487012899,0.463476623218,0.289177722179,0.126762837119,0.717002297457,0.598162137658,0.451592607238
T[T>A]C,0.587710408136,0.292195005175,0.215825856095,0.388486540971,0.242389038384,0.106252729154,0.60099199928,0.501380065698,0.378525347613
T[T>A]G,0.822048737743,0.408702197296,0.301882304821,0.543388148678,0.33903705003,0.148618980835,0.840626110347,0.701295815815,0.529455119224
T[T>A]T,0.42979900743,0.213685382225,0.157835793689,0.28410442864,0.177261737528,0.0777037753545,0.439511979349,0.366664689954,0.276819699701
A[T>C]A,2.39497294,1.19072100972,0.879509836723,1.5831177061,0.987757201243,0.432989458079,2.44909662226,2.04316900531,1.54252494441
A[T>C]C,1.16033404859,0.576889244498,0.426111373777,0.767000472798,0.478555850549,0.20977790709,1.18655628698,0.989889499081,0.747333794009
A[T>C]G,2.46245534741,1.22427158515,0.904291511761,1.62772472117,1.01558892859,0.445189667329,2.51810405583,2.10073874271,1.58598818986
A[T>C]T,1.7445758117,0.867359725592,0.640663433676,1.15319418062,0.719514317821,0.315403536579,1.78400125377,1.48831043823,1.12362509906
C[T>C]A,0.633540351344,0.314980513663,0.232656061228,0.41878091021,0.261290653379,0.114538368605,0.64785764742,0.540477926853,0.408042938154
C[T>C]C,0.799376426772,0.397430087887,0.293556314916,0.528401366849,0.329686322906,0.144520031959,0.817441430767,0.681953900806,0.514852613853
C[T>C]G,1.43668060451,0.714281882469,0.527594572278,0.9496702301,0.592529288866,0.259738866352,1.46914796281,1.2256427756,0.92531971138
C[T>C]T,0.954009783472,0.474309948845,0.350342575851,0.630616636532,0.39346166211,0.172476345034,0.975569326601,0.813872753132,0.614446979185
G[T>C]A,2.2538756227,1.12057093106,0.827694437715,1.48984998789,0.929564522356,0.407480338567,2.30481066502,1.92279784761,1.45164870615
G[T>C]C,1.43568693928,0.713787856817,0.527229666967,0.949013400541,0.592119472132,0.259559220661,1.46813184186,1.22479507249,0.924679723604
G[T>C]G,1.57902010653,0.785049544487,0.579866140815,1.04375905347,0.651234281222,0.285472561632,1.61470417673,1.3470736502,1.01699600081
G[T>C]T,2.28911188689,1.13808952569,0.840634308745,1.51314175574,0.944096992898,0.413850736613,2.34084322897,1.95285816339,1.47434324918
T[T>C]A,1.8466524409,0.918109688132,0.678149201461,1.22066856263,0.761613718564,0.333858068412,1.88838469945,1.57539276032,1.18936936872
T[T>C]C,1.03722108075,0.515680537321,0.380900396885,0.685620714393,0.427780445732,0.18752019539,1.06066110517,0.884860921994,0.668040696075
T[T>C]G,0.696390529995,0.34622806011,0.255736635309,0.460325943556,0.287211913501,0.125901112767,0.712128169091,0.594095875871,0.448522714234
T[T>C]T,1.0108340075,0.50256154045,0.371210228742,0.668178411735,0.41689764151,0.182749651073,1.03367771388,0.862349916,0.651045631947
A[T>G]A,0.163177336808,0.0811277154751,0.0599238807487,0.107862985348,0.06729912761,0.0295009874455,0.166864960239,0.139207784508,0.105097267775
A[T>G]C,0.0917099878492,0.0455959261623,0.0336788090971,0.0606218563749,0.0378238932937,0.0165803367863,0.0937825299474,0.0782384642103,0.0590674498011
A[T>G]G,0.517415879266,0.257246312856,0.190011481087,0.342020665956,0.213397509528,0.0935441137657,0.529108893487,0.441411286832,0.33325090529
A[T>G]T,0.178053588332,0.088523817928,0.0653869109696,0.117696439745,0.0734345307812,0.0321904792466,0.182077398238,0.151898823945,0.114678582316
C[T>G]A,0.143721526575,0.0714547702744,0.0527790916799,0.0950023650239,0.0592749798867,0.025983552827,0.146969470678,0.122609889903,0.0925664069463
C[T>G]C,0.231245083649,0.114969307125,0.0849205109447,0.1528569197,0.0953722661379,0.0418070207728,0.236470961246,0.197276879272,0.148937511503
C[T>G]G,0.581203488297,0.288959926385,0.213436309262,0.384185356671,0.239705393478,0.105076336867,0.594338030406,0.495828964592,0.37433445009
C[T>G]T,0.559259001277,0.278049672951,0.205377599339,0.36967967881,0.230654842335,0.101108971982,0.571897622775,0.477107961542,0.360200712687
G[T>G]A,0.099794095802,0.0496151436756,0.0366475493058,0.0659655887505,0.0411580169127,0.0180418704275,0.102049329605,0.0851350760797,0.0642741633979
G[T>G]C,0.0688072285665,0.0342092435811,0.0252681912815,0.0454827443067,0.0283781225161,0.0124397249386,0.0703621941839,0.0586999520539,0.0443165200937
G[T>G]G,0.558662411646,0.277753063417,0.205158512751,0.369285322952,0.230408791244,0.10100111397,0.571287550892,0.476599006545,0.359816468518
G[T>G]T,0.735440174903,0.365642572833,0.270076900388,0.486138420698,0.303317134282,0.132960935576,0.75206029185,0.627409414747,0.473673332988
T[T>G]A,0.163669989855,0.0813726503236,0.0601047985345,0.108188637362,0.0675023122003,0.0295900546631,0.167368746688,0.139628070442,0.105414569737
T[T>G]C,0.138577535326,0.0688973056989,0.0508900553457,0.0916020996223,0.0571534467729,0.0250535657087,0.14170923104,0.118221513188,0.0892533278372
T[T>G]G,0.34815356043,0.173093295581,0.127853002418,0.230135404352,0.143588756562,0.062943016575,0.356021437502,0.297012359463,0.224234496548
T[T>G]T,0.838281335958,0.416772641606,0.307843428459,0.554118171226,0.345731850423,0.151553687857,0.85722554694,0.715143964574,0.53991001299
