,1,3,2,5,4,7,6,9,8
A[C>A]A,0.28551686535,1.38128429453,1.30411757417,0.655917123101,0.70221715532,0.15433344073,1.21923418176,1.16521747751,0.239216833131
A[C>A]C,0.22289335927,1.07832192728,1.01808047883,0.512052311836,0.548197180906,0.120482896903,0.95181488553,0.909645871614,0.186748490199
A[C>A]G,0.0952833202658,0.460965252097,0.435213003376,0.218894114124,0.234345463356,0.051504497441,0.406885529784,0.388858955679,0.0798319710335
A[C>A]T,0.226692421046,1.09670117209,1.03543295018,0.520779886186,0.557540819329,0.122536443809,0.968037906088,0.925150150755,0.189931487903
C[C>A]A,0.445006956223,2.15287149092,2.03259934059,1.02231327781,1.09447656801,0.240544300661,1.90029997522,1.81610946999,0.372843666025
C[C>A]C,0.318426218353,1.54049440771,1.45443326761,0.73151969081,0.783156374867,0.172122280191,1.35976601351,1.29952321544,0.266789534296
C[C>A]G,0.111174370394,0.53784357569,0.507796448556,0.255400580635,0.273428856915,0.060094254267,0.47474460871,0.453711619716,0.0931460941139
C[C>A]T,0.28801830879,1.39338587225,1.31554308609,0.661663682355,0.70836935405,0.155685572319,1.22991602132,1.17542607101,0.241312637094
G[C>A]A,0.375251105158,1.81540399522,1.71398477761,0.862063349686,0.922914880253,0.20283843522,1.60242363824,1.53143018591,0.314399574592
G[C>A]C,0.530623702259,2.56707142444,2.42365961302,1.21900039708,1.30504748393,0.286823622843,2.26590662046,2.16551835246,0.444576615406
G[C>A]G,0.181205719304,0.876643885283,0.827669366552,0.416283409212,0.445668120451,0.0979490374618,0.773797395948,0.739515232836,0.151821008066
G[C>A]T,0.319381979254,1.54511822396,1.45879877011,0.733715357745,0.785507030057,0.172638907705,1.36384737087,1.30342375317,0.267590306942
T[C>A]A,0.377513587992,1.82634952028,1.72431882083,0.867260945386,0.928479365061,0.204061398914,1.61208505142,1.5406635618,0.316295168317
T[C>A]C,0.432276623054,2.09128420342,1.97445268368,0.993067917827,1.06316682967,0.233663039489,1.84593801196,1.76415594814,0.362177711207
T[C>A]G,0.0868685191962,0.420255809084,0.396777830923,0.19956281437,0.213649601266,0.0469559563223,0.370952054946,0.354517470233,0.0727817322995
T[C>A]T,0.642883846436,3.11016779762,2.9364154067,1.47689532289,1.58114675745,0.347504781857,2.74528777667,2.62366110302,0.538632411879
A[C>G]A,0.107800647444,0.521522051149,0.492386741029,0.247650136021,0.265131322093,0.0582706202401,0.460337899897,0.439943182813,0.0903194613722
A[C>G]C,0.0698143321354,0.337750417628,0.318881679213,0.160384276527,0.171705519576,0.03773747683,0.298126066957,0.284917950066,0.0584930890864
A[C>G]G,0.00387849151792,0.0187635130191,0.0177152720683,0.00891004808171,0.00953899265218,0.00209648190158,0.0165622070225,0.0158284383569,0.00324954694745
A[C>G]T,0.0790774986684,0.382564115179,0.361191818242,0.181664523968,0.19448790213,0.0427445938748,0.337682291611,0.322721683755,0.0662541205059
C[C>G]A,0.116595618815,0.564070696431,0.532558367022,0.267854799981,0.286762197627,0.0630246588192,0.497894804671,0.475836174085,0.0976882211697
C[C>G]C,0.0966479036525,0.467566885238,0.441445830197,0.22202896785,0.237701600875,0.0522421100824,0.412712669651,0.394427931122,0.0809752706278
C[C>G]G,0.016043170662,0.0776142580677,0.0732782659969,0.036855932602,0.0394575278445,0.00867198414165,0.068508674719,0.0654734802694,0.0134415754196
C[C>G]T,0.0813347186111,0.393484179227,0.371501822845,0.186850029242,0.20003944307,0.0439647127627,0.347321230826,0.331933581359,0.0681453047822
G[C>G]A,0.0515709621517,0.249491952031,0.235553854152,0.11847383197,0.126836690697,0.0278761957577,0.220221946485,0.21046527797,0.0432081034244
G[C>G]C,0.0636935922966,0.30813927084,0.290924786436,0.146323117438,0.156651808081,0.034428968809,0.271988853591,0.259938714508,0.0533649016539
G[C>G]G,0.0213336294164,0.103208639609,0.0974427938207,0.0490096891997,0.0524691966727,0.0115316915764,0.0911003634537,0.0870642714019,0.0178741219434
G[C>G]T,0.0709682783759,0.343333022413,0.324152406636,0.163035234107,0.174543603573,0.0383612315545,0.303053729281,0.289627298237,0.0594599089095
T[C>G]A,0.394255565086,1.90734449055,1.80078893242,0.905722244117,0.969655578996,0.213111116263,1.68357781848,1.60898892779,0.330322230208
T[C>G]C,0.155906683872,0.754251254407,0.71211431282,0.358164003489,0.383446168441,0.0842738831739,0.665763677074,0.636267817963,0.13062451892
T[C>G]G,0.0202108793902,0.0977769570501,0.0923145572149,0.0464303985992,0.0497078385003,0.0109247996704,0.0863059173962,0.0824822375116,0.0169334394891
T[C>G]T,0.469774202273,2.27269141099,2.14572541038,1.07921100522,1.15539060559,0.253932001228,2.0060628097,1.91718660927,0.393594601904
A[C>T]A,0.41609016309,2.01297673495,1.90051993412,0.955882807099,1.0233568876,0.22491360167,1.7768174532,1.69809769261,0.348616082589
A[C>T]C,0.658776176198,3.18705231188,3.00900469669,1.5134047291,1.62023329822,0.356095230378,2.81315231998,2.68851898935,0.551947607085
A[C>T]G,0.276363996558,1.33700419956,1.26231122752,0.634890262362,0.679706045588,0.149385944085,1.18014895827,1.12786387784,0.231548213332
A[C>T]T,0.451540045848,2.1844775191,2.06243966888,1.03732172695,1.11054443709,0.244075700459,1.92819803362,1.84277153846,0.378317335711
C[C>T]A,0.818465104611,3.95960145204,3.73839466701,1.88025767276,2.01298174377,0.44241357006,3.49506720348,3.34022245395,0.685741033593
C[C>T]C,1.19380641006,5.77544182165,5.45279144055,2.74252823933,2.93611846799,0.645300762195,5.09787602134,4.87202075457,1.0002161814
C[C>T]G,0.369923414991,1.78962949415,1.6896501928,0.849824061467,0.909811642276,0.199958602698,1.57967296131,1.50968745037,0.309935834182
C[C>T]T,1.00273527694,4.85107066409,4.58006112979,2.30358104161,2.46618676219,0.542019068614,4.28195064205,4.09224396803,0.840129556352
G[C>T]A,0.487642282926,2.35913428767,2.22733907607,1.12025929861,1.19933642557,0.263590423203,2.08236434331,1.99010769518,0.408565155965
G[C>T]C,0.895492074639,4.33224544217,4.09022055714,2.05721152282,2.20242645384,0.484049770075,3.8239931836,3.65457576407,0.750277143617
G[C>T]G,0.40620797284,1.96516830104,1.85538236243,0.933180478145,0.999052041309,0.219571877211,1.73461782996,1.65776767294,0.340336409677
G[C>T]T,0.628093300358,3.03861353416,2.86885858812,1.44291704136,1.54477000899,0.339509892085,2.68212814747,2.56329968524,0.526240332732
T[C>T]A,1.48407519669,7.17971514072,6.77861373621,3.40936193833,3.65002278104,0.802202809019,6.33740219125,6.0566312081,1.24341435398
T[C>T]C,2.08751259071,10.0990473983,9.53485480622,4.79563703272,5.13415258797,1.12838518417,8.91424295493,8.51930814047,1.74899703546
T[C>T]G,0.797055586456,3.85602567502,3.64060524625,1.83107364456,1.96032590182,0.430840857544,3.4036427746,3.25284847446,0.667803329193
T[C>T]T,1.23831807481,5.9907820376,5.65610147684,2.84478476646,3.04559310292,0.66936112152,5.28795286001,5.05367646748,1.03750973836
A[T>A]A,1.07437798118,5.1976664495,4.90729402215,2.46816563244,2.64238908885,0.580744854693,4.58788435207,4.38462365293,0.900154524774
A[T>A]C,0.112691102487,0.5451812796,0.514724224874,0.258884965173,0.277159198009,0.0609141094525,0.481221464675,0.459901526366,0.0944168696514
A[T>A]G,0.112695206426,0.54520113379,0.514742969891,0.25889439314,0.27716929148,0.0609163277978,0.481238989602,0.459918274873,0.0944203080865
A[T>A]T,0.155380259041,0.751704496441,0.709709831835,0.356954649148,0.382151447911,0.0839893292113,0.663515700769,0.634119435545,0.130183460278
C[T>A]A,2.33973711745,11.3192687574,10.6869073743,5.37507175631,5.75448858617,1.26472276619,9.9913098529,9.54865688474,1.9603202876
C[T>A]C,0.224061429023,1.08397285933,1.02341571635,0.514735715323,0.551070001111,0.121114285958,0.956802859072,0.914412858986,0.187727143236
C[T>A]G,0.16547444573,0.80053853475,0.75581571158,0.380143996948,0.406977690851,0.0894456463408,0.706620606092,0.675314629873,0.138640751828
C[T>A]T,0.236559668946,1.14443731733,1.08050227167,0.543447888118,0.581808915515,0.127870091322,1.01017372144,0.965419189481,0.198198641549
G[T>A]A,0.79988787204,3.86972781338,3.65354190202,1.83758024658,1.9672917934,0.432371822724,3.41573739952,3.26440726157,0.670176325223
G[T>A]C,0.0809053199587,0.391406818179,0.369540515487,0.185863572878,0.198983354493,0.0437326053831,0.345487582526,0.330181170642,0.0677855383438
G[T>A]G,0.0689031479402,0.333342256251,0.314719783835,0.158291015538,0.169464498988,0.0372449448325,0.294235064177,0.281199333485,0.0577296644904
G[T>A]T,0.0812059100992,0.392861024534,0.370913481264,0.186554117795,0.199722643757,0.0438950865401,0.346771183667,0.331407903378,0.0680373841371
T[T>A]A,0.449028575323,2.17232743197,2.05096835756,1.0315521325,1.10436757715,0.242718148823,1.91747337571,1.83252202362,0.376213130676
T[T>A]C,0.197488708583,0.955418346929,0.902043020285,0.453690276475,0.485715472461,0.106750653288,0.843330160976,0.805967432326,0.165463512597
T[T>A]G,0.1003985976,0.485712134336,0.458577378228,0.230645426919,0.246926280584,0.0542695122163,0.428729146509,0.409734817233,0.0841177439353
T[T>A]T,0.225794776147,1.09235851163,1.03133289646,0.518717728987,0.555333098092,0.12205123035,0.964204719765,0.921486789142,0.189179407042
A[T>C]A,0.496422593784,2.40161200777,2.26744373918,1.14043028302,1.22093124417,0.268336537181,2.11985864373,2.02594085571,0.41592163263
A[T>C]C,0.335834896751,1.62471477077,1.53394858246,0.771512600645,0.825972313632,0.181532376622,1.43410577532,1.3705694435,0.281375183765
A[T>C]G,0.5110704835,2.47247612288,2.33434896517,1.17408084047,1.25695713509,0.276254315405,2.1824090917,2.08572008131,0.428194188878
A[T>C]T,0.319975111356,1.54798770088,1.46150794106,0.735077958521,0.786965814416,0.172959519652,1.36638020525,1.30584437337,0.26808725546
C[T>C]A,0.385168669703,1.86338356424,1.75928392378,0.884846943913,0.94730672819,0.208199280921,1.64477431927,1.57190457095,0.322708885427
C[T>C]C,0.584042641858,2.82550359169,2.66765422903,1.34171958265,1.43642920025,0.315698725329,2.4940199301,2.38352537623,0.48933302426
C[T>C]G,0.568580337342,2.75069946984,2.5970291084,1.30619807227,1.39840028914,0.307340722888,2.42799171081,2.3204224578,0.476378120476
C[T>C]T,0.519351278548,2.51253726649,2.37217205607,1.19310428856,1.27732341481,0.280730420837,2.21777032461,2.11951467732,0.435132152297
G[T>C]A,0.53743333089,2.6000153035,2.4547630519,1.23464413853,1.32179548949,0.290504503184,2.29498557515,2.19330899904,0.450281979935
G[T>C]C,0.338280794147,1.63654762574,1.54512038408,0.777131554121,0.831987899117,0.182854483323,1.44455041825,1.38055134908,0.28342444915
G[T>C]G,0.404608711287,1.95743133298,1.84807762723,0.929506498902,0.995118722354,0.218707411506,1.7277885509,1.65124095687,0.338996487835
G[T>C]T,0.451530643237,2.1844320308,2.06239672181,1.03730012636,1.11052131175,0.244070617966,1.92815788193,1.84273316564,0.378309457848
T[T>C]A,0.473537729058,2.29089874328,2.16291557327,1.08785694513,1.16464684714,0.255966340031,2.02213408625,1.93254586724,0.396747827049
T[T>C]C,0.443960122648,2.14780707984,2.0278178575,1.01990838987,1.09190192327,0.239978444675,1.89582971293,1.8118372573,0.371966589246
T[T>C]G,0.350058298366,1.69352528128,1.59891493037,0.804187982732,0.860954193278,0.189220701819,1.49484354437,1.42861629874,0.29329208782
T[T>C]T,0.412752009146,1.99682728749,1.88527269042,0.948214075065,1.0151468333,0.223109194133,1.76256263365,1.6844744157,0.345819250906
A[T>G]A,0.0460248238082,0.222660634099,0.21022149253,0.105732703343,0.113196188285,0.0248782831396,0.196538436803,0.187831037704,0.0385613388664
A[T>G]C,0.0868788176332,0.420305631252,0.39682486973,0.199586472941,0.213674929855,0.046961523045,0.370996032055,0.354559498989,0.0727903607197
A[T>G]G,0.063797099268,0.308640020783,0.291397561521,0.146560903724,0.156906379281,0.0344849185232,0.272430856334,0.26036113485,0.053451623711
A[T>G]T,0.362988020266,1.75607717912,1.65797230878,0.833891397907,0.892754320113,0.196209740684,1.5500569514,1.48138354216,0.30412509806
C[T>G]A,0.0462164678976,0.223587777126,0.211096839857,0.106172966792,0.113667529154,0.0249818745393,0.19735680886,0.188613152771,0.0387219055359
C[T>G]C,0.196135208466,0.948870332848,0.895860817047,0.450580884313,0.482386593794,0.106019031603,0.837550349665,0.800443688604,0.164329498985
C[T>G]G,0.147047499663,0.71139195783,0.671649390353,0.33781182355,0.361657364036,0.0794851349531,0.627932566129,0.600112768896,0.123201959177
C[T>G]T,0.895845381947,4.33395468564,4.09183431214,2.05802317474,2.20329539884,0.484240746999,3.82550190129,3.65601763984,0.750573157848
G[T>G]A,0.00242385094163,0.0117261977987,0.0110711029496,0.00556830621727,0.00596136312672,0.00131018969818,0.0103504986156,0.00989193222126,0.00203079403218
G[T>G]C,0.0262933563556,0.127202994261,0.120096681732,0.0604036564926,0.0646674440097,0.0142126250571,0.112279737951,0.107305319181,0.0220295688385
G[T>G]G,0.0999623438694,0.48360160953,0.456584759836,0.229643222403,0.245853332219,0.0540336993888,0.426866225172,0.407954430386,0.0837522340527
G[T>G]T,0.269810314199,1.30529854707,1.23237684053,0.619834505593,0.663587529517,0.145843413081,1.15216296334,1.10111776876,0.226057290275
T[T>G]A,0.0641768205988,0.310477051005,0.293131964357,0.147433236511,0.1578402885,0.0346901732966,0.274052369043,0.26191080839,0.0537697686098
T[T>G]C,0.150833275594,0.729706927872,0.688941177711,0.346508876364,0.37096832646,0.0815315003208,0.644098852535,0.615562827422,0.126373825497
T[T>G]G,0.0973038382401,0.470740190405,0.444441855745,0.223535844606,0.239314845401,0.052596669319,0.41551368762,0.397104853358,0.0815248374444
T[T>G]T,0.917044367198,4.43651193861,4.18866210964,2.10672354627,2.25543344365,0.495699657945,3.91602729777,3.74253241749,0.768334469815
