,1,3,2,5,4,7,6,9,8
A[C>A]A,0.271333253375,0.638584133888,0.659620495273,0.406999880062,0.351872890102,0.566057304454,0.828034238747,0.0935631908189,1.97529996938
A[C>A]C,0.220591140482,0.478352402603,0.536264669102,0.330886710722,0.263581936128,0.460198758591,0.673183308022,0.0760659105109,1.50192581243
A[C>A]G,0.103238753525,0.113343095816,0.250976969777,0.154858130288,0.0624543589192,0.215377399596,0.315056196104,0.0355995701812,0.510893905867
A[C>A]T,0.189636334966,0.31670895936,0.461012469486,0.284454502449,0.174513100056,0.395620629843,0.578717780845,0.0653918396435,1.14966632998
C[C>A]A,0.481953764825,0.807257710846,1.17164622138,0.722930647237,0.444815473323,1.005455268,1.47078993748,0.166190953388,2.24007359355
C[C>A]C,0.514706334345,0.454487887059,1.25126884729,0.772059501517,0.250432101033,1.07378390441,1.57074174447,0.177484942877,1.61711062211
C[C>A]G,0.175427567513,0.128815534111,0.426470465849,0.263141351269,0.0709799881838,0.36597820119,0.535356542237,0.0604922646595,0.377709621432
C[C>A]T,0.766576868092,0.728954542157,1.86357480002,1.14986530214,0.401668829352,1.59923794895,2.33938113194,0.264336851066,1.94218782086
G[C>A]A,0.334076696485,0.880768006785,0.81215196904,0.501115044727,0.485321146596,0.696953108183,1.01950991858,0.115198860857,2.53223364315
G[C>A]C,0.465524944482,0.570234883906,1.13170719262,0.698287416722,0.314211058479,0.971181349694,1.42065370988,0.160525842925,2.25585473576
G[C>A]G,0.186182683539,0.0807036985966,0.452616523777,0.279274025309,0.044469384941,0.388415598419,0.568178189422,0.0642009253584,0.538540931225
G[C>A]T,0.334173211841,0.692927569195,0.8123866012,0.501259817762,0.381817232005,0.697154459186,1.01980445683,0.115232142014,1.99578185611
T[C>A]A,0.610760232278,0.486485461306,1.48477918537,0.916140348417,0.268063417454,1.27417220872,1.86387174333,0.210606976648,2.06065497249
T[C>A]C,0.550827697979,0.643522343312,1.33908112785,0.826241546969,0.354593944274,1.14914054234,1.68097418176,0.18994058551,1.90704485072
T[C>A]G,0.106381554531,0.0593967982502,0.258617227396,0.159572331797,0.0327288480154,0.221933932729,0.324647157794,0.036683294666,0.325279404685
T[C>A]T,0.576033484853,1.28084787554,1.4003572649,0.864050227279,0.705773319172,1.20172502874,1.75789528998,0.198632236156,4.51460964158
A[C>G]A,0.135017531783,0.430363533321,0.328232275542,0.202526297675,0.237139089789,0.281674505962,0.412036260787,0.0465577695805,0.858174210914
A[C>G]C,0.0660024688974,0.127703473555,0.160454277837,0.0990037033461,0.0703672201222,0.137694805803,0.201421327497,0.0227594720336,0.339158113298
A[C>G]G,0.0151562964616,0.0374550205317,0.036845479329,0.0227344446924,0.0206384807011,0.0316191702043,0.0462528357535,0.00522630912469,0.176537760289
A[C>G]T,0.112066325605,0.236789199936,0.272437101901,0.168099488407,0.130475681597,0.233793541347,0.341995510897,0.0386435605533,0.508937929514
C[C>G]A,0.11958110882,0.365298529575,0.290705799028,0.17937166323,0.201286944868,0.249470933918,0.364928556227,0.0412348651104,0.75983547559
C[C>G]C,0.106197254721,0.241946137419,0.258169188202,0.159295882082,0.133317259394,0.221549445194,0.324084725615,0.0366197430073,0.528474671495
C[C>G]G,0.0461950863819,0.0873472344834,0.112301847928,0.0692926295729,0.048130108797,0.0963725077968,0.140974660165,0.0159293401317,0.227742772534
C[C>G]T,0.112567075821,0.0622589861507,0.273654442945,0.168850613732,0.0343059719606,0.234838209903,0.343523662421,0.0388162330419,0.337739010622
G[C>G]A,0.0712136279685,0.251182746095,0.173122785234,0.106820441953,0.138406819277,0.148566361796,0.217324347421,0.0245564234374,0.602520163631
G[C>G]C,0.106770534802,0.177213842108,0.259562851845,0.160155802202,0.0976484436107,0.222745426052,0.325834218274,0.0368174257937,0.57546286318
G[C>G]G,0.0290299804684,0.0313088749753,0.0705728835526,0.0435449707026,0.017251829068,0.06056254546,0.0885914921192,0.0100103380926,0.145391128602
G[C>G]T,0.0675505290514,0.143816348828,0.164217665453,0.101325793577,0.0792457432319,0.140924379573,0.206145580036,0.0232932858798,0.487146645777
T[C>G]A,1.74976025372,0.508226056571,4.25372751336,2.62464038058,0.280042929131,3.65036190863,5.33978560188,0.603365604732,1.17657612893
T[C>G]C,0.395716328852,0.225409862486,0.962000040829,0.593574493277,0.124205434431,0.825546134328,1.20761707253,0.136453906501,0.515831393858
T[C>G]G,0.0856221851272,0.112707857869,0.208150484533,0.128433277691,0.0621043298461,0.17862559311,0.261295289095,0.0295248914232,0.221727663981
T[C>G]T,2.34498090696,0.877589738109,5.70072944622,3.51747136043,0.483569855693,4.89211534037,7.15623483675,0.808614105847,1.93379217871
A[C>T]A,0.798431584974,2.04843874122,1.9410147152,1.19764737746,1.12873155128,1.665693479,2.43659294035,0.275321236198,3.72406124329
A[C>T]C,1.32250959848,3.67906326329,3.21506643767,1.98376439771,2.027238941,2.7590286451,4.03593446431,0.456037792578,2.67812034043
A[C>T]G,1.0748131336,1.38333316322,2.61290779031,1.6122197004,0.762244804224,2.24228257182,3.28003318358,0.370625218483,2.88831175243
A[C>T]T,0.763602835192,2.07036168381,1.85634482348,1.14540425279,1.14081154006,1.593033501,2.33030520395,0.26331132248,1.46321164776
C[C>T]A,1.68141578697,2.04206353845,4.08757975799,2.52212368046,1.12521868445,3.50778121076,5.13121714301,0.579798547233,3.94331602645
C[C>T]C,2.56794355773,4.47582698685,6.24275933863,3.8519153366,2.46627201316,5.3572615601,7.83665533998,0.885497778529,2.93196787552
C[C>T]G,1.32478615163,1.10318019276,3.2206008169,1.98717922745,0.607874800095,2.76377800599,4.04288187653,0.456822810908,2.14206023243
C[C>T]T,1.96104121876,2.9364119851,4.76735882492,2.94156182814,1.61802293057,4.091137715,5.98455682277,0.676221109917,2.73563166765
G[C>T]A,1.09639545646,1.56466331986,2.66537516139,1.64459318469,0.862161421148,2.28730776261,3.34589647919,0.378067398778,2.67565777839
G[C>T]C,1.84776751851,3.18307138865,4.49198655363,2.77165127777,1.75393729579,3.85482534035,5.63887673753,0.63716121328,2.7672703165
G[C>T]G,1.41964162741,0.957430969394,3.45119774939,2.12946244111,0.527564003544,2.96166615373,4.33235462157,0.489531595658,1.96234031012
G[C>T]T,1.27589605082,1.96935100103,3.10174729597,1.91384407623,1.08515259241,2.66178314051,3.89368277579,0.439964155456,1.88472867496
T[C>T]A,6.52098541181,2.55377813882,15.8527403977,9.78147811771,1.40718387241,13.6041247384,19.9002485843,2.24861565924,8.25586893816
T[C>T]C,5.71547899984,4.98705140273,13.8945265341,8.57321849976,2.74796709947,11.9236717066,17.4420652237,1.97085482753,5.104044877
T[C>T]G,2.20338067165,1.07892072508,5.35649439144,3.30507100748,0.594507338309,4.59670795293,6.72410998074,0.759786438501,3.37628457004
T[C>T]T,4.20370406424,3.65997865494,10.2193495355,6.30555609636,2.01672293231,8.76979640988,12.8285451616,1.4495531256,5.36978354392
A[T>A]A,0.15963745919,1.62821443073,0.388084168031,0.239456188785,0.8971793802,0.333036768311,0.487169487529,0.0550473997207,4.88842893222
A[T>A]C,0.132404889041,0.505768739004,0.321880850945,0.198607333562,0.278688897002,0.276223992655,0.404063195867,0.0456568582901,0.94984353172
A[T>A]G,0.12501755222,0.398604327191,0.303921980396,0.18752632833,0.219639119065,0.260812479631,0.381519081774,0.0431095007654,0.913950141045
A[T>A]T,0.222496881575,0.821946449749,0.540897591415,0.333745322362,0.452909268229,0.464174528803,0.678999104117,0.076723062612,1.72901971822
C[T>A]A,0.164817132541,2.74165560537,0.400676132555,0.247225698811,1.51070819072,0.343842638576,0.502976421719,0.0568334939795,9.13166010708
C[T>A]C,0.249127033012,1.00372976303,0.605636407839,0.373690549518,0.553075583712,0.519730534387,0.760266980054,0.0859058734524,1.43712500696
C[T>A]G,0.427955628035,2.8787679662,1.04037488884,0.641933442053,1.58625989974,0.892803982625,1.30600252004,0.147570906219,4.26058862604
C[T>A]T,0.272285984017,1.7775474061,0.661936616318,0.408428976026,0.97946489724,0.568044897691,0.830941709846,0.0938917186266,2.52123876223
G[T>A]A,0.180730834503,2.10422203068,0.439362890774,0.271096251754,1.15946928221,0.377041913359,0.55154065012,0.0623209774147,4.65435762927
G[T>A]C,0.102056223773,0.337537867515,0.248102199172,0.153084335659,0.185990253528,0.212910397871,0.311447441514,0.035191801301,0.632256885843
G[T>A]G,0.222045019353,1.71135262852,0.539799098771,0.333067529029,0.942990223881,0.463231850719,0.677620145266,0.0765672480527,2.47010607934
G[T>A]T,0.150622310979,0.938618118629,0.366168031864,0.225933466469,0.517197738837,0.31422930394,0.459657742127,0.0519387279239,1.47438047947
T[T>A]A,0.157331628808,1.25678189334,0.382478614862,0.235997443213,0.692512471839,0.328226329066,0.480132729294,0.054252285796,3.168190946
T[T>A]C,0.138714349596,0.335635329929,0.337219367121,0.208071524394,0.184941916491,0.289386832777,0.423317928939,0.0478325343434,0.58513228703
T[T>A]G,0.134019057634,0.517125010566,0.325804950456,0.201028586452,0.284946434393,0.279591482306,0.408989193126,0.0462134681498,1.13306897486
T[T>A]T,0.215436014304,0.868922080018,0.523732379601,0.323154021456,0.478793799194,0.449444098807,0.657451285032,0.0742882807945,1.35824718387
A[T>C]A,0.486966247419,1.23506507263,1.18383173941,0.730449371128,0.680546060428,1.01591234375,1.48608665161,0.167919395662,2.28845867118
A[T>C]C,0.207365473493,0.715633846489,0.504112616594,0.311048210239,0.394328854188,0.432607280907,0.632822220831,0.0715053356871,1.26631737218
A[T>C]G,0.481686800713,1.25076710155,1.17099722242,0.72253020107,0.689198198815,1.00489832563,1.46997523666,0.166098896798,2.27124469412
A[T>C]T,0.334588267162,0.87728695048,0.813395614998,0.501882400744,0.48340301353,0.69802035046,1.02107109117,0.115375264539,1.80802640268
C[T>C]A,0.231647109516,0.78180039969,0.563142111065,0.347470664274,0.430787975339,0.483263797439,0.706923075592,0.0798783136262,1.20818881305
C[T>C]C,0.289444038555,1.11263714774,0.703648438555,0.434166057832,0.613085775287,0.603840149398,0.883303359037,0.0998082891567,1.20254174882
C[T>C]G,0.494300978646,1.22007939202,1.20166272395,0.741451467969,0.67228864458,1.03121411062,1.50847022794,0.170448613326,1.56509967403
C[T>C]T,0.258091805669,0.716840888396,0.627430079298,0.387137708503,0.394993958912,0.53843290493,0.787624993161,0.0889971743685,1.49975435176
G[T>C]A,0.277983562634,1.11293855352,0.675787626404,0.416975343951,0.613251856019,0.579931225496,0.848329148039,0.0958564009084,2.11736225315
G[T>C]C,0.168956706147,0.481700461898,0.410739578737,0.253435059221,0.265426785127,0.352478645583,0.515609258415,0.0582609331542,1.11877465585
G[T>C]G,0.274307970025,0.918235914685,0.666852134027,0.411461955038,0.5059667285,0.572263178846,0.837112253353,0.0945889551811,1.68864209468
G[T>C]T,0.302003460915,0.932731735738,0.734180827397,0.453005191373,0.513954221733,0.630041702943,0.921631251413,0.104139124453,2.0435321637
T[T>C]A,0.271728855789,0.883815006133,0.660582218385,0.407593283684,0.48700010542,0.56688261294,0.829241508185,0.0936996054446,1.53804749898
T[T>C]C,0.25410837417,0.875354859174,0.617746219964,0.381162561254,0.482338391789,0.530122642664,0.775468659104,0.0876235772998,1.34821682419
T[T>C]G,0.264616389731,0.536086366579,0.643291568139,0.396924584597,0.295394528523,0.552044537198,0.807536223834,0.0912470309418,0.910364941731
T[T>C]T,0.244414938253,1.05974768395,0.594181142994,0.366622407379,0.583942601361,0.509900129803,0.745886966737,0.0842810131906,1.9674904039
A[T>G]A,0.0659863140433,0.341042134964,0.160415004829,0.098979471065,0.187921176409,0.137661103435,0.201372027339,0.0227539013943,1.24046357659
A[T>G]C,0.0789315173232,0.21744876618,0.191885240389,0.118397275985,0.119818707895,0.164667475795,0.240877216659,0.0272177645942,0.244902451144
A[T>G]G,0.101523209268,0.444092782954,0.246806422532,0.152284813903,0.244704186525,0.211798419336,0.309820828285,0.035008003196,0.764963480167
A[T>G]T,0.281959527419,1.05833655379,0.685453333898,0.422939291129,0.583165039842,0.58822591065,0.860462695745,0.097227423248,0.801732568293
C[T>G]A,0.0325802764749,0.141578327875,0.0792037755683,0.0488704147123,0.0780125480128,0.0679691974735,0.0994260161389,0.0112345780948,0.647750592553
C[T>G]C,0.187415439576,0.576767914035,0.455613396211,0.281123159364,0.317810891407,0.390987382564,0.571940220775,0.0646260136469,0.527321941988
C[T>G]G,0.201132735569,0.82786359299,0.48896061578,0.301699103353,0.456169734913,0.419604500066,0.613801624064,0.0693561157134,1.2593677591
C[T>G]T,0.511743981723,2.10868784632,1.24406726591,0.767615972585,1.16193003777,1.06760382394,1.56170146147,0.176463441973,2.06934668073
G[T>G]A,0.0271730649139,0.258046891397,0.066058657808,0.0407595973709,0.142189103423,0.0566886354239,0.0829246980994,0.00937002238411,0.560180038346
G[T>G]C,0.0326566196329,0.0278698240224,0.0793893684179,0.0489849294493,0.0153568418082,0.0681284650962,0.099658994397,0.0112609033217,0.0951610738231
G[T>G]G,0.10155549377,0.513601383866,0.246884907268,0.152333240654,0.283004844171,0.211865771485,0.309919351676,0.0350191357826,0.896447273491
G[T>G]T,0.158704726102,0.619134928953,0.385816661732,0.238057089154,0.34115598126,0.33109089411,0.48432304345,0.0547257676215,0.879301024575
T[T>G]A,0.0823785903964,0.26567862076,0.200265193895,0.123567885595,0.146394342051,0.171858783413,0.251396732761,0.0284064104815,1.5645185035
T[T>G]C,0.13879040302,0.418156862136,0.337404255618,0.20818560453,0.23041296485,0.289545495956,0.42355002301,0.0478587596621,0.41753142088
T[T>G]G,0.132718451358,0.633556573731,0.322643131749,0.199077677036,0.349102601852,0.276878148522,0.405020101557,0.0457649832268,1.07571015175
T[T>G]T,0.739194985314,3.04005246881,1.79700849878,1.10879247797,1.6751309522,1.54211367626,2.25581917932,0.254894822522,2.06306799038
