,1,3,2,5,4,7,6,9,8
A[C>A]A,0.543200969851,0.685906309388,0.451133008859,0.529390775702,0.557011164,0.649079124991,0.418909222512,1.53235193575,2.40969594189
A[C>A]C,0.445549527245,0.562600674233,0.37003265822,0.434221996891,0.456877057599,0.532393926623,0.343601754062,0.863675146738,1.89305662994
A[C>A]G,0.10817482994,0.136593641196,0.0898401130014,0.1054246224,0.110925037481,0.12925975442,0.0834229620727,0.154352186863,0.543236282354
A[C>A]T,0.524977391949,0.662895181359,0.435998172975,0.511630509103,0.538324274795,0.62730349377,0.404855446334,0.952405952337,1.78222831899
C[C>A]A,0.599234173203,0.756660100062,0.497669059101,0.583999406088,0.614468940319,0.716034054421,0.462121269165,1.90857624028,3.00285831062
C[C>A]C,0.503526552961,0.635808952468,0.418183069409,0.490725030428,0.516328075494,0.601671559047,0.388312850165,1.07440189296,2.55282803238
C[C>A]G,0.148467474639,0.187471641706,0.123303495887,0.144692877827,0.152242071452,0.177406050205,0.114496103324,0.410312431897,0.694894377847
C[C>A]T,0.815943372757,1.03030137746,0.677647885849,0.79519904972,0.836687695793,0.974983182701,0.629244465431,1.83993599711,3.03781243594
G[C>A]A,0.627896393342,0.792852225491,0.521473275826,0.611932925714,0.643859860969,0.750282978484,0.484225184696,2.15477224834,2.43818777124
G[C>A]C,0.615376867438,0.777043671595,0.511075703465,0.599731692842,0.631022042033,0.735323206006,0.474570296075,0.807517480358,2.75902987953
G[C>A]G,0.132365842671,0.167139919983,0.109930954083,0.129000609383,0.135731075959,0.158165964548,0.102078743077,0.26006688802,0.909684331094
G[C>A]T,0.764320806528,0.965116950616,0.634774907117,0.744888921616,0.78375269144,0.913298590851,0.589433842323,1.54434204644,2.29066491003
T[C>A]A,0.957631988509,1.20921327363,0.795321481982,0.93328541253,0.981978564488,1.14428907101,0.738512804698,1.55986343289,2.50143369263
T[C>A]C,0.702661680732,0.887259240924,0.583566480608,0.684797400713,0.72052596075,0.839621160874,0.541883160564,1.226516009,2.64798913175
T[C>A]G,0.202088589817,0.255179660023,0.167836286458,0.196950744313,0.207226435321,0.24147873868,0.155847980283,0.343118793127,0.57045439821
T[C>A]T,4.21608162815,5.32369629318,3.50149152169,4.10889311218,4.32327014412,5.03786025059,3.25138498442,2.47067128399,3.10258972939
A[C>G]A,0.31028601091,0.391801827335,0.257695161603,0.302397383514,0.318174638306,0.370765487612,0.239288364345,0.440932305038,0.885475467743
A[C>G]C,0.186888630529,0.235986491092,0.155212591456,0.182137224668,0.19164003639,0.223316075463,0.144125977781,0.282667991173,0.539564678019
A[C>G]G,0.117493640382,0.148360613703,0.0975794640464,0.114506513932,0.120480766833,0.140394943169,0.0906095023288,0.10020323916,0.107536072956
A[C>G]T,0.324816371185,0.410149485648,0.26976274895,0.316558327849,0.33307441452,0.388128036755,0.250493981168,0.513069313436,0.878723143532
C[C>G]A,0.246726719687,0.311544756215,0.204908631604,0.240454006475,0.252999432899,0.294817520982,0.190272300776,0.298306197919,0.772913906982
C[C>G]C,0.197327406627,0.249167657521,0.16388208347,0.192310608154,0.202344205101,0.235789528258,0.152176220365,0.334353085563,0.705798614003
C[C>G]G,0.138239533812,0.174556699474,0.114809104352,0.134724969393,0.14175409823,0.16518452769,0.106608454041,0.172248335984,0.223504027962
C[C>G]T,0.296451843127,0.374333259542,0.246205768021,0.288914931861,0.303988754393,0.354234829499,0.228619641733,0.46473978045,0.842655760147
G[C>G]A,0.274427965956,0.346523448538,0.227914751387,0.267450983771,0.281404948141,0.32791816271,0.211635126288,0.229933173619,0.459995041592
G[C>G]C,0.256926915278,0.324424664207,0.213379980485,0.250394875059,0.263458955497,0.30700589029,0.198138553308,0.271011353213,0.578508494723
G[C>G]G,0.0487269501598,0.0615280980831,0.040468145048,0.047488129393,0.0499657709266,0.0582245760384,0.0375775632588,0.0411992938352,0.142939117915
G[C>G]T,0.239697953381,0.302669449609,0.199071181622,0.233603937617,0.245791969145,0.286418740905,0.184851811506,0.274886660329,0.602112459706
T[C>G]A,0.310333965829,0.39186238058,0.25773498857,0.30244411924,0.318223812418,0.370822789677,0.239325346529,0.208980254713,1.91212000028
T[C>G]C,0.298278152832,0.376639362475,0.247722533708,0.290694809964,0.305861495701,0.356417114825,0.230028067015,0.405417215433,0.981820909092
T[C>G]G,0.0669274050306,0.0845100283862,0.0555837770593,0.065225860835,0.0686289492263,0.0799725771976,0.0516135072694,0.0541690199341,0.131944067644
T[C>G]T,0.671106305219,0.847413893878,0.557359473826,0.65404428051,0.688168329927,0.80191516132,0.517548082838,0.504033516724,2.8514560433
A[C>T]A,2.22301907971,2.80703256675,1.84623618485,2.16650164548,2.27953651394,2.65631940881,1.71436217164,1.4750844373,2.90684052452
A[C>T]C,3.97722326584,5.02208700517,3.30311762756,3.8761074201,4.07833911158,4.75244474986,3.06718065417,1.08573808473,2.01150103567
A[C>T]G,1.90672411384,2.4076431607,1.58355053522,1.85824807705,1.95520015063,2.27837372925,1.47043978271,2.43037467818,5.41141469634
A[C>T]T,2.33438098472,2.94765056546,1.9387231907,2.27503231562,2.39372965383,2.78938744785,1.8002429628,1.15758531692,2.06906386176
C[C>T]A,3.57635863703,4.51591048235,2.97019615618,3.4854342649,3.66728300915,4.27344549001,2.75803928788,1.26188079332,2.88748366755
C[C>T]C,6.11484401278,7.72128608393,5.07842977332,5.95938187686,6.2703061487,7.30672038815,4.71568478951,1.29629100177,2.80184715739
C[C>T]G,1.90375166817,2.40388981828,1.5810818939,1.85535120203,1.95215213431,2.27482190858,1.46814747291,2.04240379153,4.22349942879
C[C>T]T,4.18850041079,5.28886916278,3.47858508693,4.08201311222,4.29498770937,5.00490303324,3.23011472358,1.37236371739,3.52161362486
G[C>T]A,2.22693308908,2.81197483283,1.8494868028,2.17031614614,2.28355003203,2.66099631831,1.7173806026,1.63880635953,3.7723512262
G[C>T]C,4.86908294437,6.14824880264,4.04381464871,4.74529270002,4.99287318872,5.81814148437,3.75497074523,1.9859341783,5.36056584398
G[C>T]G,2.65197469748,3.34867991462,2.20248746062,2.58455161195,2.71939778301,3.16888501987,2.04516692772,2.39228947093,6.03835751519
G[C>T]T,2.88817462336,3.64693236339,2.39865350076,2.81474645497,2.96160279175,3.45112391435,2.22732110784,1.49346605142,4.07145974111
T[C>T]A,5.35593843765,6.76300701026,4.44815226178,5.21977051127,5.49210636403,6.39989253991,4.13042710022,1.06998414614,6.09092569043
T[C>T]C,9.30913078221,11.754749886,7.73131200556,9.07245796571,9.54580359871,11.1236223754,7.17907543374,1.48594205864,3.32687934013
T[C>T]G,4.86398972261,6.1418175311,4.03958468488,4.74032896695,4.98765047827,5.812055516,3.75104292168,1.16760171908,2.8526243745
T[C>T]T,5.61414062143,7.08904197113,4.66259136356,5.47140823275,5.75687301011,6.70842226798,4.32954912331,1.1316152345,4.25623619538
A[T>A]A,1.17189488517,1.47976557534,0.973268633448,1.14210094741,1.20168882293,1.40031507465,0.903749445344,0.518571100003,4.81917687479
A[T>A]C,0.399724106397,0.504736371637,0.331974257855,0.389561629116,0.409886583678,0.47763643222,0.308261810865,0.561079784201,1.32645196371
A[T>A]G,0.344852208166,0.435448974718,0.286402681358,0.336084779145,0.353619637187,0.412069163995,0.265945346975,0.551785619823,1.75590650844
A[T>A]T,0.534007295096,0.674297347198,0.443497584063,0.520430838441,0.547583751751,0.638093462785,0.411819185201,0.711669477129,1.40529064996
C[T>A]A,2.13354868558,2.69405723857,1.7719302643,2.07930592239,2.18779144877,2.54940987006,1.64536381685,0.31521279443,9.46949677493
C[T>A]C,0.595309777817,0.751704719447,0.494409815475,0.580174783466,0.610444772168,0.71134473451,0.459094828655,0.573436240631,1.86995304935
C[T>A]G,0.539956608876,0.681809616292,0.448438539575,0.52622889848,0.553684319271,0.645202388572,0.416407215319,0.666368464272,4.0314928781
C[T>A]T,0.83814094036,1.05833050944,0.696083153858,0.816832272385,0.859449608335,1.00150739484,0.646362928583,0.653218269458,2.13798693476
G[T>A]A,0.790128552436,0.997704697567,0.656208458803,0.770040538391,0.810216566481,0.944136660114,0.609336426031,0.282614717089,3.68430279228
G[T>A]C,0.258452378349,0.326350884525,0.214646890493,0.25188155517,0.265023201527,0.308828689383,0.199314969743,0.339108097948,0.809252035228
G[T>A]G,0.320291044325,0.404435301733,0.266004426643,0.312148051673,0.328434036977,0.38272065466,0.247004110454,0.352964422663,1.29272481172
G[T>A]T,0.347785002648,0.439152249107,0.28883839203,0.338943011056,0.356626994241,0.415573604859,0.268207078314,0.428336261081,0.881917520086
T[T>A]A,0.638122360495,0.805764675541,0.529966028208,0.621898910652,0.654345810339,0.762502142626,0.492111311907,0.537206664842,2.5569202391
T[T>A]C,0.359877073797,0.454421050812,0.298880959594,0.350727656667,0.369026490928,0.43002260513,0.277532319623,0.447200776039,1.177547409
T[T>A]G,0.204545618929,0.258282179834,0.169876869958,0.199345306583,0.209745931274,0.244414680245,0.157742807818,0.339335683276,1.53052585553
T[T>A]T,0.433549734611,0.547448393704,0.360066728745,0.422527283732,0.444572185491,0.518055191358,0.334347676692,0.64183835635,1.42669690402
A[T>C]A,1.13454361191,1.43260167945,0.94224808447,1.1056992828,1.16338794103,1.35568346847,0.874944649865,1.98483385575,3.77908794229
A[T>C]C,0.736135317025,0.929526798616,0.611366619224,0.717420012355,0.754850621695,0.879619319496,0.567697574994,0.749765394324,1.41863991092
A[T>C]G,0.951303650092,1.20122240562,0.790065743297,0.927117964073,0.975489336111,1.13672724291,0.733632475918,1.47815428291,2.71840794258
A[T>C]T,0.88854516301,1.12197651939,0.737944287923,0.865955031747,0.911135294273,1.06173616936,0.685233981643,1.55285354207,2.74444139137
C[T>C]A,0.520308566988,0.656999800688,0.432120674278,0.507080383081,0.533536750894,0.621724643604,0.401254911829,0.688109538121,1.48924180529
C[T>C]C,1.08045887016,1.36430823435,0.897330248096,1.05298957685,1.10792816347,1.29105678553,0.833235230375,0.742862577342,1.71830265432
C[T>C]G,1.02685018854,1.29661591604,0.852807783703,1.00074382782,1.05295654927,1.2269989541,0.79189294201,1.07379596405,2.2145390184
C[T>C]T,2.16917662656,2.73904506235,1.80151957121,2.11402806825,2.22432518486,2.59198224021,1.67283960184,0.971932477727,2.26282821534
G[T>C]A,0.97022355753,1.22511279722,0.805778886762,0.945556856915,0.994890258145,1.15933492891,0.748223251994,1.43918760833,3.48399399768
G[T>C]C,1.08585866492,1.37112661926,0.901814823404,1.05825208869,1.11346524114,1.29750908265,0.837399478875,0.821072841237,2.19710149879
G[T>C]G,0.874979998178,1.10484762482,0.726678303571,0.852734743987,0.897225252369,1.04552694698,0.674772710459,1.15623653959,2.43908813116
G[T>C]T,1.16233847453,1.46769858225,0.965331953427,1.13278749637,1.1918894527,1.38889597381,0.896379671039,1.20894842934,2.70288098567
T[T>C]A,0.598353477615,0.755548035293,0.496937633951,0.583141101065,0.613565854164,0.714981697828,0.461442088669,0.954755986982,1.9729923066
T[T>C]C,0.924299889399,1.16712443661,0.767638891196,0.900800739669,0.94779903913,1.10446003733,0.712807541825,0.858381331533,1.64969000133
T[T>C]G,0.641786293415,0.810391167108,0.533008955548,0.625469692735,0.658102894095,0.766880231962,0.494936887294,0.748802639275,1.45881523263
T[T>C]T,0.682826288855,0.862212856266,0.567093019558,0.66546629846,0.70018627925,0.815919548547,0.526586375303,0.845734189962,1.56590327779
A[T>G]A,0.157212323438,0.198513866036,0.130566166923,0.15321539996,0.161209246915,0.18785540343,0.121240012143,0.190630447059,0.32041744867
A[T>G]C,0.251580604544,0.317673814212,0.208939824113,0.245184487479,0.257976721608,0.30061750204,0.194015550962,0.161454124866,0.30567586022
A[T>G]G,0.318970239576,0.402767505906,0.264907487106,0.310860826706,0.327079652447,0.381142404918,0.245985523741,0.316199394668,0.490605995646
A[T>G]T,0.920866962042,1.16278963851,0.764787815933,0.897455090126,0.944278833958,1.10035798007,0.710160114795,0.279153626389,0.612662238638
C[T>G]A,0.116699081407,0.147357314658,0.0969195760839,0.113732155609,0.119666007206,0.139445512529,0.0899967492207,0.0774772669097,0.10225743211
C[T>G]C,0.564492097149,0.712790868434,0.468815470514,0.550140603154,0.578843591145,0.67452021778,0.435328651191,0.280291847566,0.571435828
C[T>G]G,0.564975876673,0.713401742578,0.469217253508,0.550612083198,0.579339670147,0.675098293312,0.4357017354,0.431408973036,0.707970750864
C[T>G]T,4.73261786278,5.97593272503,3.93047924197,4.61229706966,4.8529386559,5.65507727671,3.64973072469,0.658712687748,2.21823833448
G[T>G]A,0.0773299241028,0.0976454126383,0.0642231573057,0.0753639090832,0.0792959391224,0.0924027059194,0.0596357889267,0.0674746586318,0.0607700294393
G[T>G]C,0.260787544102,0.329299526027,0.21658626544,0.254157352303,0.267417735901,0.311619014562,0.201115817909,0.0828748347002,0.216897697369
G[T>G]G,0.361807324311,0.456858401037,0.300484049004,0.352608833015,0.371005815607,0.432329090914,0.279020902647,0.342355179825,0.605744301951
G[T>G]T,1.34962808187,1.70419139151,1.12087755952,1.31531550352,1.38394066022,1.61269118257,1.0408148767,0.267191872661,0.881934605144
T[T>G]A,0.291755904525,0.368403642154,0.242305751216,0.284338381528,0.299173427521,0.348623580831,0.224998197557,0.232652314636,0.379365225932
T[T>G]C,0.449708987471,0.56785287401,0.373487125188,0.438275708129,0.461142266814,0.537364129097,0.346809473389,0.290228344776,0.439263856619
T[T>G]G,0.392817684562,0.496015550845,0.326238415992,0.382830794277,0.402804574848,0.469383843417,0.302935671993,0.293971710503,0.551159801902
T[T>G]T,1.93425363885,2.44240501855,1.60641403905,1.88507769888,1.98342957882,2.31126917863,1.49167017912,0.646157045956,1.18762717647
